5eda3676-073a-11f0-9970-54a95b9ec813,"{'run_info': ['SLIM*SIG2', UUID('5eda3676-073a-11f0-9970-54a95b9ec813'), 'retinopathy'], 'ffunction': <function sigmoid_rmse at 0x000002DA1C575B20>, 'max_depth': 15, 'reconstruct': True, 'n_iter': 300, 'elitism': True, 'n_elites': 1, 'log': 1, 'verbose': False, 'n_jobs': 1, 'test_elite': True, 'log_path': '../../data/results/RQ1/retinopathy/log_config_id_14.csv', 'initializer': <function rhh at 0x000002DA1C575300>, 'selector': <function tournament_selection_min.<locals>.ts at 0x000002DA1FB23920>, 'crossover': <function geometric_crossover at 0x000002DA1C2CEB60>, 'ms': <function generate_random_uniform.<locals>.generate_num at 0x000002DA212E5620>, 'inflate_mutator': <function inflate_mutation.<locals>.inflate at 0x000002DA212E6520>, 'deflate_mutator': <function deflate_mutation at 0x000002DA1C577D80>, 'p_xo': 0, 'settings_dict': {'p_test': 0.2}, 'find_elit_func': <function get_best_min at 0x000002DA1C5740E0>, 'p_inflate': 0.7, 'copy_parent': True, 'operator': 'mul', 'pop_size': 50, 'seed': 1, 'p_m': 1, 'two_trees': True, 'p_deflate': 0.30000000000000004, 'FUNCTIONS': {'add': {'function': <built-in method add of type object at 0x00007FFB07DC49D0>, 'arity': 2}, 'subtract': {'function': <built-in method sub of type object at 0x00007FFB07DC49D0>, 'arity': 2}, 'multiply': {'function': <built-in method mul of type object at 0x00007FFB07DC49D0>, 'arity': 2}, 'divide': {'function': <function protected_div at 0x000002DA1C2CDE40>, 'arity': 2}}, 'CONSTANTS': {'constant__10.0': <function slim.<locals>.<dictcomp>.<lambda> at 0x000002DA212E7880>, 'constant__9.9': <function slim.<locals>.<dictcomp>.<lambda> at 0x000002DA212E6A20>, 'constant__9.8': <function slim.<locals>.<dictcomp>.<lambda> at 0x000002DA212E5940>, 'constant__9.7': <function slim.<locals>.<dictcomp>.<lambda> at 0x000002DA212E4400>, 'constant__9.6': <function slim.<locals>.<dictcomp>.<lambda> at 0x000002DA212E6840>, 'constant__9.5': <function slim.<locals>.<dictcomp>.<lambda> at 0x000002DA212E6660>, 'constant__9.4': <function slim.<locals>.<dictcomp>.<lambda> at 0x000002DA212E4FE0>, 'constant__9.3': <function slim.<locals>.<dictcomp>.<lambda> at 0x000002DA212E4680>, 'constant__9.2': <function slim.<locals>.<dictcomp>.<lambda> at 0x000002DA212E6C00>, 'constant__9.1': <function slim.<locals>.<dictcomp>.<lambda> at 0x000002DA212E7CE0>, 'constant__9.0': <function slim.<locals>.<dictcomp>.<lambda> at 0x000002DA212E7F60>, 'constant__8.9': <function slim.<locals>.<dictcomp>.<lambda> at 0x000002DA212E77E0>, 'constant__8.8': <function slim.<locals>.<dictcomp>.<lambda> at 0x000002DA212E6DE0>, 'constant__8.7': <function slim.<locals>.<dictcomp>.<lambda> at 0x000002DA212E5580>, 'constant__8.6': <function slim.<locals>.<dictcomp>.<lambda> at 0x000002DA212E76A0>, 'constant__8.5': <function slim.<locals>.<dictcomp>.<lambda> at 0x000002DA212E5BC0>, 'constant__8.4': <function slim.<locals>.<dictcomp>.<lambda> at 0x000002DA212E4AE0>, 'constant__8.3': <function slim.<locals>.<dictcomp>.<lambda> at 0x000002DA212E63E0>, 'constant__8.2': <function slim.<locals>.<dictcomp>.<lambda> at 0x000002DA212E4040>, 'constant__8.1': <function slim.<locals>.<dictcomp>.<lambda> at 0x000002DA212E6340>, 'constant__8.0': <function slim.<locals>.<dictcomp>.<lambda> at 0x000002DA212E6B60>, 'constant__7.9': <function slim.<locals>.<dictcomp>.<lambda> at 0x000002DA212E4360>, 'constant__7.8': <function slim.<locals>.<dictcomp>.<lambda> at 0x000002DA212E4720>, 'constant__7.7': <function slim.<locals>.<dictcomp>.<lambda> at 0x000002DA212E6FC0>, 'constant__7.6': <function slim.<locals>.<dictcomp>.<lambda> at 0x000002DA212E7240>, 'constant__7.5': <function slim.<locals>.<dictcomp>.<lambda> at 0x000002DA212E47C0>, 'constant__7.4': <function slim.<locals>.<dictcomp>.<lambda> at 0x000002DA212E6200>, 'constant__7.3': <function slim.<locals>.<dictcomp>.<lambda> at 0x000002DA212E7600>, 'constant__7.2': <function slim.<locals>.<dictcomp>.<lambda> at 0x000002DA212E7920>, 'constant__7.1': <function slim.<locals>.<dictcomp>.<lambda> at 0x000002DA212E5800>, 'constant__7.0': <function slim.<locals>.<dictcomp>.<lambda> at 0x000002DA212E5DA0>, 'constant__6.9': <function slim.<locals>.<dictcomp>.<lambda> at 0x000002DA212E5D00>, 'constant__6.8': <function slim.<locals>.<dictcomp>.<lambda> at 0x000002DA212E5440>, 'constant__6.7': <function slim.<locals>.<dictcomp>.<lambda> at 0x000002DA212E5760>, 'constant__6.6': <function slim.<locals>.<dictcomp>.<lambda> at 0x000002DA212E6980>, 'constant__6.5': <function slim.<locals>.<dictcomp>.<lambda> at 0x000002DA212E40E0>, 'constant__6.4': <function slim.<locals>.<dictcomp>.<lambda> at 0x000002DA212E4E00>, 'constant__6.3': <function slim.<locals>.<dictcomp>.<lambda> at 0x000002DA212E5B20>, 'constant__6.2': <function slim.<locals>.<dictcomp>.<lambda> at 0x000002DA212E4EA0>, 'constant__6.1': <function slim.<locals>.<dictcomp>.<lambda> at 0x000002DA212E68E0>, 'constant__6.0': <function slim.<locals>.<dictcomp>.<lambda> at 0x000002DA212E6160>, 'constant__5.9': <function slim.<locals>.<dictcomp>.<lambda> at 0x000002DA212E65C0>, 'constant__5.8': <function slim.<locals>.<dictcomp>.<lambda> at 0x000002DA212E74C0>, 'constant__5.7': <function slim.<locals>.<dictcomp>.<lambda> at 0x000002DA1FB23F60>, 'constant__5.6': <function slim.<locals>.<dictcomp>.<lambda> at 0x000002DA1FB219E0>, 'constant__5.5': <function slim.<locals>.<dictcomp>.<lambda> at 0x000002DA1FB22E80>, 'constant__5.4': <function slim.<locals>.<dictcomp>.<lambda> at 0x000002DA1FB21800>, 'constant__5.3': <function slim.<locals>.<dictcomp>.<lambda> at 0x000002DA1FB20720>, 'constant__5.2': <function slim.<locals>.<dictcomp>.<lambda> at 0x000002DA1FB20860>, 'constant__5.1': <function slim.<locals>.<dictcomp>.<lambda> at 0x000002DA1FB205E0>, 'constant__5.0': <function slim.<locals>.<dictcomp>.<lambda> at 0x000002DA1FB211C0>, 'constant__4.9': <function slim.<locals>.<dictcomp>.<lambda> at 0x000002DA1FB21DA0>, 'constant__4.8': <function slim.<locals>.<dictcomp>.<lambda> at 0x000002DA1FB207C0>, 'constant__4.7': <function slim.<locals>.<dictcomp>.<lambda> at 0x000002DA1FB20040>, 'constant__4.6': <function slim.<locals>.<dictcomp>.<lambda> at 0x000002DA1FB228E0>, 'constant__4.5': <function slim.<locals>.<dictcomp>.<lambda> at 0x000002DA1FB22520>, 'constant__4.4': <function slim.<locals>.<dictcomp>.<lambda> at 0x000002DA1FB20360>, 'constant__4.3': <function slim.<locals>.<dictcomp>.<lambda> at 0x000002DA1FB234C0>, 'constant__4.2': <function slim.<locals>.<dictcomp>.<lambda> at 0x000002DA1FB209A0>, 'constant__4.1': <function slim.<locals>.<dictcomp>.<lambda> at 0x000002DA1FB22F20>, 'constant__4.0': <function slim.<locals>.<dictcomp>.<lambda> at 0x000002DA1FB21EE0>, 'constant__3.9': <function slim.<locals>.<dictcomp>.<lambda> at 0x000002DA1FB216C0>, 'constant__3.8': <function slim.<locals>.<dictcomp>.<lambda> at 0x000002DA1FB20220>, 'constant__3.7': <function slim.<locals>.<dictcomp>.<lambda> at 0x000002DA1FB22FC0>, 'constant__3.6': <function slim.<locals>.<dictcomp>.<lambda> at 0x000002DA1FB22660>, 'constant__3.5': <function slim.<locals>.<dictcomp>.<lambda> at 0x000002DA1FB23BA0>, 'constant__3.4': <function slim.<locals>.<dictcomp>.<lambda> at 0x000002DA1FB21580>, 'constant__3.3': <function slim.<locals>.<dictcomp>.<lambda> at 0x000002DA1FB22DE0>, 'constant__3.2': <function slim.<locals>.<dictcomp>.<lambda> at 0x000002DA1FB22480>, 'constant__3.1': <function slim.<locals>.<dictcomp>.<lambda> at 0x000002DA1FB23060>, 'constant__3.0': <function slim.<locals>.<dictcomp>.<lambda> at 0x000002DA1FB222A0>, 'constant__2.9': <function slim.<locals>.<dictcomp>.<lambda> at 0x000002DA1FB21260>, 'constant__2.8': <function slim.<locals>.<dictcomp>.<lambda> at 0x000002DA1FB22020>, 'constant__2.7': <function slim.<locals>.<dictcomp>.<lambda> at 0x000002DA1FB20400>, 'constant__2.6': <function slim.<locals>.<dictcomp>.<lambda> at 0x000002DA1FB213A0>, 'constant__2.5': <function slim.<locals>.<dictcomp>.<lambda> at 0x000002DA1FB21080>, 'constant__2.4': <function slim.<locals>.<dictcomp>.<lambda> at 0x000002DA1FB23560>, 'constant__2.3': <function slim.<locals>.<dictcomp>.<lambda> at 0x000002DA1FB223E0>, 'constant__2.2': <function slim.<locals>.<dictcomp>.<lambda> at 0x000002DA1FB20540>, 'constant__2.1': <function slim.<locals>.<dictcomp>.<lambda> at 0x000002DA1FB23EC0>, 'constant__2.0': <function slim.<locals>.<dictcomp>.<lambda> at 0x000002DA1FB202C0>, 'constant__1.9': <function slim.<locals>.<dictcomp>.<lambda> at 0x000002DA1FB20CC0>, 'constant__1.8': <function slim.<locals>.<dictcomp>.<lambda> at 0x000002DA1FB20E00>, 'constant__1.7': <function slim.<locals>.<dictcomp>.<lambda> at 0x000002DA1FB21620>, 'constant__1.6': <function slim.<locals>.<dictcomp>.<lambda> at 0x000002DA1FB227A0>, 'constant__1.5': <function slim.<locals>.<dictcomp>.<lambda> at 0x000002DA1FB20EA0>, 'constant__1.4': <function slim.<locals>.<dictcomp>.<lambda> at 0x000002DA1FB21300>, 'constant__1.3': <function slim.<locals>.<dictcomp>.<lambda> at 0x000002DA1FB23880>, 'constant__1.2': <function slim.<locals>.<dictcomp>.<lambda> at 0x000002DA1FB23100>, 'constant__1.1': <function slim.<locals>.<dictcomp>.<lambda> at 0x000002DA1FB22AC0>, 'constant__1.0': <function slim.<locals>.<dictcomp>.<lambda> at 0x000002DA1FB21C60>, 'constant__0.9': <function slim.<locals>.<dictcomp>.<lambda> at 0x000002DA1FB20AE0>, 'constant__0.8': <function slim.<locals>.<dictcomp>.<lambda> at 0x000002DA1FB23380>, 'constant__0.7': <function slim.<locals>.<dictcomp>.<lambda> at 0x000002DA1FB225C0>, 'constant__0.6': <function slim.<locals>.<dictcomp>.<lambda> at 0x000002DA1FB22A20>, 'constant__0.5': <function slim.<locals>.<dictcomp>.<lambda> at 0x000002DA1FB218A0>, 'constant__0.4': <function slim.<locals>.<dictcomp>.<lambda> at 0x000002DA1FB22C00>, 'constant__0.3': <function slim.<locals>.<dictcomp>.<lambda> at 0x000002DA1FB21940>, 'constant__0.2': <function slim.<locals>.<dictcomp>.<lambda> at 0x000002DA1FB23A60>, 'constant__0.1': <function slim.<locals>.<dictcomp>.<lambda> at 0x000002DA1FB21120>, 'constant_0.0': <function slim.<locals>.<dictcomp>.<lambda> at 0x000002DA1FB20FE0>, 'constant_0.1': <function slim.<locals>.<dictcomp>.<lambda> at 0x000002DA1FB20680>, 'constant_0.2': <function slim.<locals>.<dictcomp>.<lambda> at 0x000002DA1FB236A0>, 'constant_0.3': <function slim.<locals>.<dictcomp>.<lambda> at 0x000002DA1FB21440>, 'constant_0.4': <function slim.<locals>.<dictcomp>.<lambda> at 0x000002DA1FB23C40>, 'constant_0.5': <function slim.<locals>.<dictcomp>.<lambda> at 0x000002DA1FB22980>, 'constant_0.6': <function slim.<locals>.<dictcomp>.<lambda> at 0x000002DA1FB22700>, 'constant_0.7': <function slim.<locals>.<dictcomp>.<lambda> at 0x000002DA1FB232E0>, 'constant_0.8': <function slim.<locals>.<dictcomp>.<lambda> at 0x000002DA1FB21F80>, 'constant_0.9': <function slim.<locals>.<dictcomp>.<lambda> at 0x000002DA1FB220C0>, 'constant_1.0': <function slim.<locals>.<dictcomp>.<lambda> at 0x000002DA1FB20C20>, 'constant_1.1': <function slim.<locals>.<dictcomp>.<lambda> at 0x000002DA1FB20900>, 'constant_1.2': <function slim.<locals>.<dictcomp>.<lambda> at 0x000002DA1FB214E0>, 'constant_1.3': <function slim.<locals>.<dictcomp>.<lambda> at 0x000002DA1FB22D40>, 'constant_1.4': <function slim.<locals>.<dictcomp>.<lambda> at 0x000002DA1FB20D60>, 'constant_1.5': <function slim.<locals>.<dictcomp>.<lambda> at 0x000002DA1FB20180>, 'constant_1.6': <function slim.<locals>.<dictcomp>.<lambda> at 0x000002DA1FB21BC0>, 'constant_1.7': <function slim.<locals>.<dictcomp>.<lambda> at 0x000002DA1FB21E40>, 'constant_1.8': <function slim.<locals>.<dictcomp>.<lambda> at 0x000002DA1FB23240>, 'constant_1.9': <function slim.<locals>.<dictcomp>.<lambda> at 0x000002DA1FB23420>, 'constant_2.0': <function slim.<locals>.<dictcomp>.<lambda> at 0x000002DA1FB23D80>, 'constant_2.1': <function slim.<locals>.<dictcomp>.<lambda> at 0x000002DA1FB22CA0>, 'constant_2.2': <function slim.<locals>.<dictcomp>.<lambda> at 0x000002DA1FB21760>, 'constant_2.3': <function slim.<locals>.<dictcomp>.<lambda> at 0x000002DA1FB22340>, 'constant_2.4': <function slim.<locals>.<dictcomp>.<lambda> at 0x000002DA1FB23B00>, 'constant_2.5': <function slim.<locals>.<dictcomp>.<lambda> at 0x000002DA1C576A20>, 'constant_2.6': <function slim.<locals>.<dictcomp>.<lambda> at 0x000002DA22D509A0>, 'constant_2.7': <function slim.<locals>.<dictcomp>.<lambda> at 0x000002DA22D534C0>, 'constant_2.8': <function slim.<locals>.<dictcomp>.<lambda> at 0x000002DA22D537E0>, 'constant_2.9': <function slim.<locals>.<dictcomp>.<lambda> at 0x000002DA22D53E20>, 'constant_3.0': <function slim.<locals>.<dictcomp>.<lambda> at 0x000002DA22D511C0>, 'constant_3.1': <function slim.<locals>.<dictcomp>.<lambda> at 0x000002DA22D50540>, 'constant_3.2': <function slim.<locals>.<dictcomp>.<lambda> at 0x000002DA22D514E0>, 'constant_3.3': <function slim.<locals>.<dictcomp>.<lambda> at 0x000002DA22D53EC0>, 'constant_3.4': <function slim.<locals>.<dictcomp>.<lambda> at 0x000002DA22D50EA0>, 'constant_3.5': <function slim.<locals>.<dictcomp>.<lambda> at 0x000002DA22D539C0>, 'constant_3.6': <function slim.<locals>.<dictcomp>.<lambda> at 0x000002DA22D50F40>, 'constant_3.7': <function slim.<locals>.<dictcomp>.<lambda> at 0x000002DA22D519E0>, 'constant_3.8': <function slim.<locals>.<dictcomp>.<lambda> at 0x000002DA22D51B20>, 'constant_3.9': <function slim.<locals>.<dictcomp>.<lambda> at 0x000002DA22D53420>, 'constant_4.0': <function slim.<locals>.<dictcomp>.<lambda> at 0x000002DA22D53B00>, 'constant_4.1': <function slim.<locals>.<dictcomp>.<lambda> at 0x000002DA22D52CA0>, 'constant_4.2': <function slim.<locals>.<dictcomp>.<lambda> at 0x000002DA22D51BC0>, 'constant_4.3': <function slim.<locals>.<dictcomp>.<lambda> at 0x000002DA22D52FC0>, 'constant_4.4': <function slim.<locals>.<dictcomp>.<lambda> at 0x000002DA22D53BA0>, 'constant_4.5': <function slim.<locals>.<dictcomp>.<lambda> at 0x000002DA22D52F20>, 'constant_4.6': <function slim.<locals>.<dictcomp>.<lambda> at 0x000002DA22D53740>, 'constant_4.7': <function slim.<locals>.<dictcomp>.<lambda> at 0x000002DA22D504A0>, 'constant_4.8': <function slim.<locals>.<dictcomp>.<lambda> at 0x000002DA22D51300>, 'constant_4.9': <function slim.<locals>.<dictcomp>.<lambda> at 0x000002DA22D51F80>, 'constant_5.0': <function slim.<locals>.<dictcomp>.<lambda> at 0x000002DA22D505E0>, 'constant_5.1': <function slim.<locals>.<dictcomp>.<lambda> at 0x000002DA22D531A0>, 'constant_5.2': <function slim.<locals>.<dictcomp>.<lambda> at 0x000002DA22D53C40>, 'constant_5.3': <function slim.<locals>.<dictcomp>.<lambda> at 0x000002DA22D53240>, 'constant_5.4': <function slim.<locals>.<dictcomp>.<lambda> at 0x000002DA22D53A60>, 'constant_5.5': <function slim.<locals>.<dictcomp>.<lambda> at 0x000002DA22D52200>, 'constant_5.6': <function slim.<locals>.<dictcomp>.<lambda> at 0x000002DA22D53D80>, 'constant_5.7': <function slim.<locals>.<dictcomp>.<lambda> at 0x000002DA22D51DA0>, 'constant_5.8': <function slim.<locals>.<dictcomp>.<lambda> at 0x000002DA22D52AC0>, 'constant_5.9': <function slim.<locals>.<dictcomp>.<lambda> at 0x000002DA22D50220>, 'constant_6.0': <function slim.<locals>.<dictcomp>.<lambda> at 0x000002DA22D51440>, 'constant_6.1': <function slim.<locals>.<dictcomp>.<lambda> at 0x000002DA22D53560>, 'constant_6.2': <function slim.<locals>.<dictcomp>.<lambda> at 0x000002DA22D51620>, 'constant_6.3': <function slim.<locals>.<dictcomp>.<lambda> at 0x000002DA22D532E0>, 'constant_6.4': <function slim.<locals>.<dictcomp>.<lambda> at 0x000002DA22D536A0>, 'constant_6.5': <function slim.<locals>.<dictcomp>.<lambda> at 0x000002DA22D51A80>, 'constant_6.6': <function slim.<locals>.<dictcomp>.<lambda> at 0x000002DA22D513A0>, 'constant_6.7': <function slim.<locals>.<dictcomp>.<lambda> at 0x000002DA22D527A0>, 'constant_6.8': <function slim.<locals>.<dictcomp>.<lambda> at 0x000002DA22D53F60>, 'constant_6.9': <function slim.<locals>.<dictcomp>.<lambda> at 0x000002DA22D50400>, 'constant_7.0': <function slim.<locals>.<dictcomp>.<lambda> at 0x000002DA22D53060>, 'constant_7.1': <function slim.<locals>.<dictcomp>.<lambda> at 0x000002DA22D53CE0>, 'constant_7.2': <function slim.<locals>.<dictcomp>.<lambda> at 0x000002DA22D53600>, 'constant_7.3': <function slim.<locals>.<dictcomp>.<lambda> at 0x000002DA22D50860>, 'constant_7.4': <function slim.<locals>.<dictcomp>.<lambda> at 0x000002DA22D516C0>, 'constant_7.5': <function slim.<locals>.<dictcomp>.<lambda> at 0x000002DA22D53920>, 'constant_7.6': <function slim.<locals>.<dictcomp>.<lambda> at 0x000002DA22D50720>, 'constant_7.7': <function slim.<locals>.<dictcomp>.<lambda> at 0x000002DA22D53380>, 'constant_7.8': <function slim.<locals>.<dictcomp>.<lambda> at 0x000002DA22D50D60>, 'constant_7.9': <function slim.<locals>.<dictcomp>.<lambda> at 0x000002DA22D53100>, 'constant_8.0': <function slim.<locals>.<dictcomp>.<lambda> at 0x000002DA22D51080>, 'constant_8.1': <function slim.<locals>.<dictcomp>.<lambda> at 0x000002DA22D53880>, 'constant_8.2': <function slim.<locals>.<dictcomp>.<lambda> at 0x000002DA22E0B6A0>, 'constant_8.3': <function slim.<locals>.<dictcomp>.<lambda> at 0x000002DA22E0AD40>, 'constant_8.4': <function slim.<locals>.<dictcomp>.<lambda> at 0x000002DA22E08400>, 'constant_8.5': <function slim.<locals>.<dictcomp>.<lambda> at 0x000002DA22E0BA60>, 'constant_8.6': <function slim.<locals>.<dictcomp>.<lambda> at 0x000002DA22E0A660>, 'constant_8.7': <function slim.<locals>.<dictcomp>.<lambda> at 0x000002DA22E09260>, 'constant_8.8': <function slim.<locals>.<dictcomp>.<lambda> at 0x000002DA22E08900>, 'constant_8.9': <function slim.<locals>.<dictcomp>.<lambda> at 0x000002DA22E0B420>, 'constant_9.0': <function slim.<locals>.<dictcomp>.<lambda> at 0x000002DA22E0A160>, 'constant_9.1': <function slim.<locals>.<dictcomp>.<lambda> at 0x000002DA22E08180>, 'constant_9.2': <function slim.<locals>.<dictcomp>.<lambda> at 0x000002DA22E08AE0>, 'constant_9.3': <function slim.<locals>.<dictcomp>.<lambda> at 0x000002DA22E096C0>, 'constant_9.4': <function slim.<locals>.<dictcomp>.<lambda> at 0x000002DA22E0A7A0>, 'constant_9.5': <function slim.<locals>.<dictcomp>.<lambda> at 0x000002DA22E0B740>, 'constant_9.6': <function slim.<locals>.<dictcomp>.<lambda> at 0x000002DA22E09800>, 'constant_9.7': <function slim.<locals>.<dictcomp>.<lambda> at 0x000002DA22E08EA0>, 'constant_9.8': <function slim.<locals>.<dictcomp>.<lambda> at 0x000002DA22E08360>, 'constant_9.9': <function slim.<locals>.<dictcomp>.<lambda> at 0x000002DA22E0B7E0>, 'constant_10.0': <function slim.<locals>.<dictcomp>.<lambda> at 0x000002DA22E0A840>}, 'p_c': 0.2, 'init_depth': 6, 'init_pop_size': 50, 'p_test': 0.2}"
5eda3676-073a-11f0-9970-54a95b9ec813,"{'run_info': ['SLIM*SIG2', UUID('5eda3676-073a-11f0-9970-54a95b9ec813'), 'retinopathy'], 'ffunction': <function sigmoid_rmse at 0x000002DA1C575B20>, 'max_depth': 15, 'reconstruct': True, 'n_iter': 300, 'elitism': True, 'n_elites': 1, 'log': 1, 'verbose': False, 'n_jobs': 1, 'test_elite': True, 'log_path': '../../data/results/RQ1/retinopathy/log_config_id_14.csv', 'initializer': <function rhh at 0x000002DA1C575300>, 'selector': <function tournament_selection_min.<locals>.ts at 0x000002DA212E5620>, 'crossover': <function geometric_crossover at 0x000002DA1C2CEB60>, 'ms': <function generate_random_uniform.<locals>.generate_num at 0x000002DA22E085E0>, 'inflate_mutator': <function inflate_mutation.<locals>.inflate at 0x000002DA22E09EE0>, 'deflate_mutator': <function deflate_mutation at 0x000002DA1C577D80>, 'p_xo': 0, 'settings_dict': {'p_test': 0.2}, 'find_elit_func': <function get_best_min at 0x000002DA1C5740E0>, 'p_inflate': 0.7, 'copy_parent': True, 'operator': 'mul', 'pop_size': 50, 'seed': 2, 'p_m': 1, 'two_trees': True, 'p_deflate': 0.30000000000000004, 'FUNCTIONS': {'add': {'function': <built-in method add of type object at 0x00007FFB07DC49D0>, 'arity': 2}, 'subtract': {'function': <built-in method sub of type object at 0x00007FFB07DC49D0>, 'arity': 2}, 'multiply': {'function': <built-in method mul of type object at 0x00007FFB07DC49D0>, 'arity': 2}, 'divide': {'function': <function protected_div at 0x000002DA1C2CDE40>, 'arity': 2}}, 'CONSTANTS': {'constant__10.0': <function slim.<locals>.<dictcomp>.<lambda> at 0x000002DA22E09A80>, 'constant__9.9': <function slim.<locals>.<dictcomp>.<lambda> at 0x000002DA22E09D00>, 'constant__9.8': <function slim.<locals>.<dictcomp>.<lambda> at 0x000002DA22E0AB60>, 'constant__9.7': <function slim.<locals>.<dictcomp>.<lambda> at 0x000002DA22E0B240>, 'constant__9.6': <function slim.<locals>.<dictcomp>.<lambda> at 0x000002DA22E08CC0>, 'constant__9.5': <function slim.<locals>.<dictcomp>.<lambda> at 0x000002DA22E0B060>, 'constant__9.4': <function slim.<locals>.<dictcomp>.<lambda> at 0x000002DA22E0BCE0>, 'constant__9.3': <function slim.<locals>.<dictcomp>.<lambda> at 0x000002DA22E0BE20>, 'constant__9.2': <function slim.<locals>.<dictcomp>.<lambda> at 0x000002DA22E0BEC0>, 'constant__9.1': <function slim.<locals>.<dictcomp>.<lambda> at 0x000002DA22E0A5C0>, 'constant__9.0': <function slim.<locals>.<dictcomp>.<lambda> at 0x000002DA22E09F80>, 'constant__8.9': <function slim.<locals>.<dictcomp>.<lambda> at 0x000002DA22E0B9C0>, 'constant__8.8': <function slim.<locals>.<dictcomp>.<lambda> at 0x000002DA22E0B380>, 'constant__8.7': <function slim.<locals>.<dictcomp>.<lambda> at 0x000002DA22E0B2E0>, 'constant__8.6': <function slim.<locals>.<dictcomp>.<lambda> at 0x000002DA22E08720>, 'constant__8.5': <function slim.<locals>.<dictcomp>.<lambda> at 0x000002DA22E0B4C0>, 'constant__8.4': <function slim.<locals>.<dictcomp>.<lambda> at 0x000002DA22E08FE0>, 'constant__8.3': <function slim.<locals>.<dictcomp>.<lambda> at 0x000002DA22E09120>, 'constant__8.2': <function slim.<locals>.<dictcomp>.<lambda> at 0x000002DA22E0A8E0>, 'constant__8.1': <function slim.<locals>.<dictcomp>.<lambda> at 0x000002DA22E0B100>, 'constant__8.0': <function slim.<locals>.<dictcomp>.<lambda> at 0x000002DA22E0BC40>, 'constant__7.9': <function slim.<locals>.<dictcomp>.<lambda> at 0x000002DA22E08F40>, 'constant__7.8': <function slim.<locals>.<dictcomp>.<lambda> at 0x000002DA22E09B20>, 'constant__7.7': <function slim.<locals>.<dictcomp>.<lambda> at 0x000002DA22E09940>, 'constant__7.6': <function slim.<locals>.<dictcomp>.<lambda> at 0x000002DA22E0A2A0>, 'constant__7.5': <function slim.<locals>.<dictcomp>.<lambda> at 0x000002DA22E0BD80>, 'constant__7.4': <function slim.<locals>.<dictcomp>.<lambda> at 0x000002DA22E098A0>, 'constant__7.3': <function slim.<locals>.<dictcomp>.<lambda> at 0x000002DA22E09E40>, 'constant__7.2': <function slim.<locals>.<dictcomp>.<lambda> at 0x000002DA22E0A340>, 'constant__7.1': <function slim.<locals>.<dictcomp>.<lambda> at 0x000002DA22E08540>, 'constant__7.0': <function slim.<locals>.<dictcomp>.<lambda> at 0x000002DA22E0AC00>, 'constant__6.9': <function slim.<locals>.<dictcomp>.<lambda> at 0x000002DA22E08860>, 'constant__6.8': <function slim.<locals>.<dictcomp>.<lambda> at 0x000002DA22E0A0C0>, 'constant__6.7': <function slim.<locals>.<dictcomp>.<lambda> at 0x000002DA22E082C0>, 'constant__6.6': <function slim.<locals>.<dictcomp>.<lambda> at 0x000002DA22E0BB00>, 'constant__6.5': <function slim.<locals>.<dictcomp>.<lambda> at 0x000002DA22E087C0>, 'constant__6.4': <function slim.<locals>.<dictcomp>.<lambda> at 0x000002DA22E0AAC0>, 'constant__6.3': <function slim.<locals>.<dictcomp>.<lambda> at 0x000002DA22E08C20>, 'constant__6.2': <function slim.<locals>.<dictcomp>.<lambda> at 0x000002DA22E0AA20>, 'constant__6.1': <function slim.<locals>.<dictcomp>.<lambda> at 0x000002DA22E0A3E0>, 'constant__6.0': <function slim.<locals>.<dictcomp>.<lambda> at 0x000002DA1F576FC0>, 'constant__5.9': <function slim.<locals>.<dictcomp>.<lambda> at 0x000002DA1F575D00>, 'constant__5.8': <function slim.<locals>.<dictcomp>.<lambda> at 0x000002DA1F576200>, 'constant__5.7': <function slim.<locals>.<dictcomp>.<lambda> at 0x000002DA1F577920>, 'constant__5.6': <function slim.<locals>.<dictcomp>.<lambda> at 0x000002DA1F5768E0>, 'constant__5.5': <function slim.<locals>.<dictcomp>.<lambda> at 0x000002DA1F574680>, 'constant__5.4': <function slim.<locals>.<dictcomp>.<lambda> at 0x000002DA1F575EE0>, 'constant__5.3': <function slim.<locals>.<dictcomp>.<lambda> at 0x000002DA1F577100>, 'constant__5.2': <function slim.<locals>.<dictcomp>.<lambda> at 0x000002DA1F5759E0>, 'constant__5.1': <function slim.<locals>.<dictcomp>.<lambda> at 0x000002DA1F577880>, 'constant__5.0': <function slim.<locals>.<dictcomp>.<lambda> at 0x000002DA1F574EA0>, 'constant__4.9': <function slim.<locals>.<dictcomp>.<lambda> at 0x000002DA1F574CC0>, 'constant__4.8': <function slim.<locals>.<dictcomp>.<lambda> at 0x000002DA1F575260>, 'constant__4.7': <function slim.<locals>.<dictcomp>.<lambda> at 0x000002DA1F574C20>, 'constant__4.6': <function slim.<locals>.<dictcomp>.<lambda> at 0x000002DA1F576CA0>, 'constant__4.5': <function slim.<locals>.<dictcomp>.<lambda> at 0x000002DA1F5765C0>, 'constant__4.4': <function slim.<locals>.<dictcomp>.<lambda> at 0x000002DA1F577600>, 'constant__4.3': <function slim.<locals>.<dictcomp>.<lambda> at 0x000002DA1F574FE0>, 'constant__4.2': <function slim.<locals>.<dictcomp>.<lambda> at 0x000002DA1F575080>, 'constant__4.1': <function slim.<locals>.<dictcomp>.<lambda> at 0x000002DA1F5754E0>, 'constant__4.0': <function slim.<locals>.<dictcomp>.<lambda> at 0x000002DA1F5777E0>, 'constant__3.9': <function slim.<locals>.<dictcomp>.<lambda> at 0x000002DA1F575940>, 'constant__3.8': <function slim.<locals>.<dictcomp>.<lambda> at 0x000002DA1F576340>, 'constant__3.7': <function slim.<locals>.<dictcomp>.<lambda> at 0x000002DA1F5749A0>, 'constant__3.6': <function slim.<locals>.<dictcomp>.<lambda> at 0x000002DA1F5744A0>, 'constant__3.5': <function slim.<locals>.<dictcomp>.<lambda> at 0x000002DA1F577240>, 'constant__3.4': <function slim.<locals>.<dictcomp>.<lambda> at 0x000002DA1F577CE0>, 'constant__3.3': <function slim.<locals>.<dictcomp>.<lambda> at 0x000002DA1F577BA0>, 'constant__3.2': <function slim.<locals>.<dictcomp>.<lambda> at 0x000002DA1F574900>, 'constant__3.1': <function slim.<locals>.<dictcomp>.<lambda> at 0x000002DA1F576520>, 'constant__3.0': <function slim.<locals>.<dictcomp>.<lambda> at 0x000002DA1F5760C0>, 'constant__2.9': <function slim.<locals>.<dictcomp>.<lambda> at 0x000002DA1F576700>, 'constant__2.8': <function slim.<locals>.<dictcomp>.<lambda> at 0x000002DA1F575800>, 'constant__2.7': <function slim.<locals>.<dictcomp>.<lambda> at 0x000002DA1F5776A0>, 'constant__2.6': <function slim.<locals>.<dictcomp>.<lambda> at 0x000002DA1F574E00>, 'constant__2.5': <function slim.<locals>.<dictcomp>.<lambda> at 0x000002DA1F5740E0>, 'constant__2.4': <function slim.<locals>.<dictcomp>.<lambda> at 0x000002DA1F577380>, 'constant__2.3': <function slim.<locals>.<dictcomp>.<lambda> at 0x000002DA1F5771A0>, 'constant__2.2': <function slim.<locals>.<dictcomp>.<lambda> at 0x000002DA1F575DA0>, 'constant__2.1': <function slim.<locals>.<dictcomp>.<lambda> at 0x000002DA1F577740>, 'constant__2.0': <function slim.<locals>.<dictcomp>.<lambda> at 0x000002DA1F574040>, 'constant__1.9': <function slim.<locals>.<dictcomp>.<lambda> at 0x000002DA1F574B80>, 'constant__1.8': <function slim.<locals>.<dictcomp>.<lambda> at 0x000002DA1F575300>, 'constant__1.7': <function slim.<locals>.<dictcomp>.<lambda> at 0x000002DA1F577560>, 'constant__1.6': <function slim.<locals>.<dictcomp>.<lambda> at 0x000002DA1F576980>, 'constant__1.5': <function slim.<locals>.<dictcomp>.<lambda> at 0x000002DA1F575120>, 'constant__1.4': <function slim.<locals>.<dictcomp>.<lambda> at 0x000002DA1F575F80>, 'constant__1.3': <function slim.<locals>.<dictcomp>.<lambda> at 0x000002DA1F576D40>, 'constant__1.2': <function slim.<locals>.<dictcomp>.<lambda> at 0x000002DA1F574360>, 'constant__1.1': <function slim.<locals>.<dictcomp>.<lambda> at 0x000002DA1F5774C0>, 'constant__1.0': <function slim.<locals>.<dictcomp>.<lambda> at 0x000002DA1F575760>, 'constant__0.9': <function slim.<locals>.<dictcomp>.<lambda> at 0x000002DA1F577EC0>, 'constant__0.8': <function slim.<locals>.<dictcomp>.<lambda> at 0x000002DA1F577D80>, 'constant__0.7': <function slim.<locals>.<dictcomp>.<lambda> at 0x000002DA1F5745E0>, 'constant__0.6': <function slim.<locals>.<dictcomp>.<lambda> at 0x000002DA1F5762A0>, 'constant__0.5': <function slim.<locals>.<dictcomp>.<lambda> at 0x000002DA1F576160>, 'constant__0.4': <function slim.<locals>.<dictcomp>.<lambda> at 0x000002DA1F574AE0>, 'constant__0.3': <function slim.<locals>.<dictcomp>.<lambda> at 0x000002DA1F577420>, 'constant__0.2': <function slim.<locals>.<dictcomp>.<lambda> at 0x000002DA1F576C00>, 'constant__0.1': <function slim.<locals>.<dictcomp>.<lambda> at 0x000002DA1F575620>, 'constant_0.0': <function slim.<locals>.<dictcomp>.<lambda> at 0x000002DA1F576660>, 'constant_0.1': <function slim.<locals>.<dictcomp>.<lambda> at 0x000002DA1F575440>, 'constant_0.2': <function slim.<locals>.<dictcomp>.<lambda> at 0x000002DA1F5747C0>, 'constant_0.3': <function slim.<locals>.<dictcomp>.<lambda> at 0x000002DA1F5772E0>, 'constant_0.4': <function slim.<locals>.<dictcomp>.<lambda> at 0x000002DA1F576020>, 'constant_0.5': <function slim.<locals>.<dictcomp>.<lambda> at 0x000002DA1F574A40>, 'constant_0.6': <function slim.<locals>.<dictcomp>.<lambda> at 0x000002DA1F575C60>, 'constant_0.7': <function slim.<locals>.<dictcomp>.<lambda> at 0x000002DA1F574220>, 'constant_0.8': <function slim.<locals>.<dictcomp>.<lambda> at 0x000002DA1F5763E0>, 'constant_0.9': <function slim.<locals>.<dictcomp>.<lambda> at 0x000002DA1F5767A0>, 'constant_1.0': <function slim.<locals>.<dictcomp>.<lambda> at 0x000002DA1F575B20>, 'constant_1.1': <function slim.<locals>.<dictcomp>.<lambda> at 0x000002DA1F575580>, 'constant_1.2': <function slim.<locals>.<dictcomp>.<lambda> at 0x000002DA1F577E20>, 'constant_1.3': <function slim.<locals>.<dictcomp>.<lambda> at 0x000002DA1F5742C0>, 'constant_1.4': <function slim.<locals>.<dictcomp>.<lambda> at 0x000002DA1F576AC0>, 'constant_1.5': <function slim.<locals>.<dictcomp>.<lambda> at 0x000002DA1F574860>, 'constant_1.6': <function slim.<locals>.<dictcomp>.<lambda> at 0x000002DA1F577060>, 'constant_1.7': <function slim.<locals>.<dictcomp>.<lambda> at 0x000002DA1F574720>, 'constant_1.8': <function slim.<locals>.<dictcomp>.<lambda> at 0x000002DA1F576840>, 'constant_1.9': <function slim.<locals>.<dictcomp>.<lambda> at 0x000002DA1F576A20>, 'constant_2.0': <function slim.<locals>.<dictcomp>.<lambda> at 0x000002DA1F575E40>, 'constant_2.1': <function slim.<locals>.<dictcomp>.<lambda> at 0x000002DA1F574D60>, 'constant_2.2': <function slim.<locals>.<dictcomp>.<lambda> at 0x000002DA1F577A60>, 'constant_2.3': <function slim.<locals>.<dictcomp>.<lambda> at 0x000002DA1F574400>, 'constant_2.4': <function slim.<locals>.<dictcomp>.<lambda> at 0x000002DA1F574F40>, 'constant_2.5': <function slim.<locals>.<dictcomp>.<lambda> at 0x000002DA1F576E80>, 'constant_2.6': <function slim.<locals>.<dictcomp>.<lambda> at 0x000002DA1F576B60>, 'constant_2.7': <function slim.<locals>.<dictcomp>.<lambda> at 0x000002DA1F574180>, 'constant_2.8': <function slim.<locals>.<dictcomp>.<lambda> at 0x000002DA1F577B00>, 'constant_2.9': <function slim.<locals>.<dictcomp>.<lambda> at 0x000002DA1F5751C0>, 'constant_3.0': <function slim.<locals>.<dictcomp>.<lambda> at 0x000002DA1F575BC0>, 'constant_3.1': <function slim.<locals>.<dictcomp>.<lambda> at 0x000002DA1F576F20>, 'constant_3.2': <function slim.<locals>.<dictcomp>.<lambda> at 0x000002DA1F574540>, 'constant_3.3': <function slim.<locals>.<dictcomp>.<lambda> at 0x000002DA1F5779C0>, 'constant_3.4': <function slim.<locals>.<dictcomp>.<lambda> at 0x000002DA212E71A0>, 'constant_3.5': <function slim.<locals>.<dictcomp>.<lambda> at 0x000002DA212E44A0>, 'constant_3.6': <function slim.<locals>.<dictcomp>.<lambda> at 0x000002DA212E56C0>, 'constant_3.7': <function slim.<locals>.<dictcomp>.<lambda> at 0x000002DA212E6E80>, 'constant_3.8': <function slim.<locals>.<dictcomp>.<lambda> at 0x000002DA212E7C40>, 'constant_3.9': <function slim.<locals>.<dictcomp>.<lambda> at 0x000002DA212E60C0>, 'constant_4.0': <function slim.<locals>.<dictcomp>.<lambda> at 0x000002DA212E59E0>, 'constant_4.1': <function slim.<locals>.<dictcomp>.<lambda> at 0x000002DA212E45E0>, 'constant_4.2': <function slim.<locals>.<dictcomp>.<lambda> at 0x000002DA212E6CA0>, 'constant_4.3': <function slim.<locals>.<dictcomp>.<lambda> at 0x000002DA212E5300>, 'constant_4.4': <function slim.<locals>.<dictcomp>.<lambda> at 0x000002DA212E5EE0>, 'constant_4.5': <function slim.<locals>.<dictcomp>.<lambda> at 0x000002DA212E7EC0>, 'constant_4.6': <function slim.<locals>.<dictcomp>.<lambda> at 0x000002DA212E4180>, 'constant_4.7': <function slim.<locals>.<dictcomp>.<lambda> at 0x000002DA212E4CC0>, 'constant_4.8': <function slim.<locals>.<dictcomp>.<lambda> at 0x000002DA212E72E0>, 'constant_4.9': <function slim.<locals>.<dictcomp>.<lambda> at 0x000002DA212E4860>, 'constant_5.0': <function slim.<locals>.<dictcomp>.<lambda> at 0x000002DA212E7740>, 'constant_5.1': <function slim.<locals>.<dictcomp>.<lambda> at 0x000002DA212E4220>, 'constant_5.2': <function slim.<locals>.<dictcomp>.<lambda> at 0x000002DA212E5120>, 'constant_5.3': <function slim.<locals>.<dictcomp>.<lambda> at 0x000002DA212E6AC0>, 'constant_5.4': <function slim.<locals>.<dictcomp>.<lambda> at 0x000002DA212E4900>, 'constant_5.5': <function slim.<locals>.<dictcomp>.<lambda> at 0x000002DA212E7100>, 'constant_5.6': <function slim.<locals>.<dictcomp>.<lambda> at 0x000002DA212E4A40>, 'constant_5.7': <function slim.<locals>.<dictcomp>.<lambda> at 0x000002DA212E6F20>, 'constant_5.8': <function slim.<locals>.<dictcomp>.<lambda> at 0x000002DA212E5C60>, 'constant_5.9': <function slim.<locals>.<dictcomp>.<lambda> at 0x000002DA212E53A0>, 'constant_6.0': <function slim.<locals>.<dictcomp>.<lambda> at 0x000002DA212E4F40>, 'constant_6.1': <function slim.<locals>.<dictcomp>.<lambda> at 0x000002DA212E7380>, 'constant_6.2': <function slim.<locals>.<dictcomp>.<lambda> at 0x000002DA212E79C0>, 'constant_6.3': <function slim.<locals>.<dictcomp>.<lambda> at 0x000002DA212E4540>, 'constant_6.4': <function slim.<locals>.<dictcomp>.<lambda> at 0x000002DA212E7B00>, 'constant_6.5': <function slim.<locals>.<dictcomp>.<lambda> at 0x000002DA212E6700>, 'constant_6.6': <function slim.<locals>.<dictcomp>.<lambda> at 0x000002DA212E4D60>, 'constant_6.7': <function slim.<locals>.<dictcomp>.<lambda> at 0x000002DA212E7060>, 'constant_6.8': <function slim.<locals>.<dictcomp>.<lambda> at 0x000002DA212E7BA0>, 'constant_6.9': <function slim.<locals>.<dictcomp>.<lambda> at 0x000002DA212E4C20>, 'constant_7.0': <function slim.<locals>.<dictcomp>.<lambda> at 0x000002DA212E6480>, 'constant_7.1': <function slim.<locals>.<dictcomp>.<lambda> at 0x000002DA212E7560>, 'constant_7.2': <function slim.<locals>.<dictcomp>.<lambda> at 0x000002DA212E6020>, 'constant_7.3': <function slim.<locals>.<dictcomp>.<lambda> at 0x000002DA212E6D40>, 'constant_7.4': <function slim.<locals>.<dictcomp>.<lambda> at 0x000002DA212E62A0>, 'constant_7.5': <function slim.<locals>.<dictcomp>.<lambda> at 0x000002DA212E51C0>, 'constant_7.6': <function slim.<locals>.<dictcomp>.<lambda> at 0x000002DA212E58A0>, 'constant_7.7': <function slim.<locals>.<dictcomp>.<lambda> at 0x000002DA212E7E20>, 'constant_7.8': <function slim.<locals>.<dictcomp>.<lambda> at 0x000002DA212E5080>, 'constant_7.9': <function slim.<locals>.<dictcomp>.<lambda> at 0x000002DA212E4B80>, 'constant_8.0': <function slim.<locals>.<dictcomp>.<lambda> at 0x000002DA212E67A0>, 'constant_8.1': <function slim.<locals>.<dictcomp>.<lambda> at 0x000002DA212E42C0>, 'constant_8.2': <function slim.<locals>.<dictcomp>.<lambda> at 0x000002DA212E7A60>, 'constant_8.3': <function slim.<locals>.<dictcomp>.<lambda> at 0x000002DA212E49A0>, 'constant_8.4': <function slim.<locals>.<dictcomp>.<lambda> at 0x000002DA212E7D80>, 'constant_8.5': <function slim.<locals>.<dictcomp>.<lambda> at 0x000002DA212E7420>, 'constant_8.6': <function slim.<locals>.<dictcomp>.<lambda> at 0x000002DA212E5260>, 'constant_8.7': <function slim.<locals>.<dictcomp>.<lambda> at 0x000002DA212E5A80>, 'constant_8.8': <function slim.<locals>.<dictcomp>.<lambda> at 0x000002DA212E5E40>, 'constant_8.9': <function slim.<locals>.<dictcomp>.<lambda> at 0x000002DA212E54E0>, 'constant_9.0': <function slim.<locals>.<dictcomp>.<lambda> at 0x000002DA1DD07100>, 'constant_9.1': <function slim.<locals>.<dictcomp>.<lambda> at 0x000002DA1DD07F60>, 'constant_9.2': <function slim.<locals>.<dictcomp>.<lambda> at 0x000002DA1DD071A0>, 'constant_9.3': <function slim.<locals>.<dictcomp>.<lambda> at 0x000002DA1DD07A60>, 'constant_9.4': <function slim.<locals>.<dictcomp>.<lambda> at 0x000002DA1DD07CE0>, 'constant_9.5': <function slim.<locals>.<dictcomp>.<lambda> at 0x000002DA1DD07D80>, 'constant_9.6': <function slim.<locals>.<dictcomp>.<lambda> at 0x000002DA1DD07600>, 'constant_9.7': <function slim.<locals>.<dictcomp>.<lambda> at 0x000002DA1DD05D00>, 'constant_9.8': <function slim.<locals>.<dictcomp>.<lambda> at 0x000002DA1DD07920>, 'constant_9.9': <function slim.<locals>.<dictcomp>.<lambda> at 0x000002DA1DD053A0>, 'constant_10.0': <function slim.<locals>.<dictcomp>.<lambda> at 0x000002DA1DD07880>}, 'p_c': 0.2, 'init_depth': 6, 'init_pop_size': 50, 'p_test': 0.2}"
5eda3676-073a-11f0-9970-54a95b9ec813,"{'run_info': ['SLIM*SIG2', UUID('5eda3676-073a-11f0-9970-54a95b9ec813'), 'retinopathy'], 'ffunction': <function sigmoid_rmse at 0x000002DA1C575B20>, 'max_depth': 15, 'reconstruct': True, 'n_iter': 300, 'elitism': True, 'n_elites': 1, 'log': 1, 'verbose': False, 'n_jobs': 1, 'test_elite': True, 'log_path': '../../data/results/RQ1/retinopathy/log_config_id_14.csv', 'initializer': <function rhh at 0x000002DA1C575300>, 'selector': <function tournament_selection_min.<locals>.ts at 0x000002DA22E085E0>, 'crossover': <function geometric_crossover at 0x000002DA1C2CEB60>, 'ms': <function generate_random_uniform.<locals>.generate_num at 0x000002DA1FB23240>, 'inflate_mutator': <function inflate_mutation.<locals>.inflate at 0x000002DA1FB21E40>, 'deflate_mutator': <function deflate_mutation at 0x000002DA1C577D80>, 'p_xo': 0, 'settings_dict': {'p_test': 0.2}, 'find_elit_func': <function get_best_min at 0x000002DA1C5740E0>, 'p_inflate': 0.7, 'copy_parent': True, 'operator': 'mul', 'pop_size': 50, 'seed': 3, 'p_m': 1, 'two_trees': True, 'p_deflate': 0.30000000000000004, 'FUNCTIONS': {'add': {'function': <built-in method add of type object at 0x00007FFB07DC49D0>, 'arity': 2}, 'subtract': {'function': <built-in method sub of type object at 0x00007FFB07DC49D0>, 'arity': 2}, 'multiply': {'function': <built-in method mul of type object at 0x00007FFB07DC49D0>, 'arity': 2}, 'divide': {'function': <function protected_div at 0x000002DA1C2CDE40>, 'arity': 2}}, 'CONSTANTS': {'constant__10.0': <function slim.<locals>.<dictcomp>.<lambda> at 0x000002DA1FB21BC0>, 'constant__9.9': <function slim.<locals>.<dictcomp>.<lambda> at 0x000002DA1FB20180>, 'constant__9.8': <function slim.<locals>.<dictcomp>.<lambda> at 0x000002DA1FB20D60>, 'constant__9.7': <function slim.<locals>.<dictcomp>.<lambda> at 0x000002DA1FB22D40>, 'constant__9.6': <function slim.<locals>.<dictcomp>.<lambda> at 0x000002DA1FB214E0>, 'constant__9.5': <function slim.<locals>.<dictcomp>.<lambda> at 0x000002DA1FB20900>, 'constant__9.4': <function slim.<locals>.<dictcomp>.<lambda> at 0x000002DA1FB20C20>, 'constant__9.3': <function slim.<locals>.<dictcomp>.<lambda> at 0x000002DA1FB220C0>, 'constant__9.2': <function slim.<locals>.<dictcomp>.<lambda> at 0x000002DA1FB21F80>, 'constant__9.1': <function slim.<locals>.<dictcomp>.<lambda> at 0x000002DA1FB232E0>, 'constant__9.0': <function slim.<locals>.<dictcomp>.<lambda> at 0x000002DA1FB22700>, 'constant__8.9': <function slim.<locals>.<dictcomp>.<lambda> at 0x000002DA1FB22980>, 'constant__8.8': <function slim.<locals>.<dictcomp>.<lambda> at 0x000002DA1FB23C40>, 'constant__8.7': <function slim.<locals>.<dictcomp>.<lambda> at 0x000002DA1FB21440>, 'constant__8.6': <function slim.<locals>.<dictcomp>.<lambda> at 0x000002DA1FB236A0>, 'constant__8.5': <function slim.<locals>.<dictcomp>.<lambda> at 0x000002DA1FB20680>, 'constant__8.4': <function slim.<locals>.<dictcomp>.<lambda> at 0x000002DA1FB20FE0>, 'constant__8.3': <function slim.<locals>.<dictcomp>.<lambda> at 0x000002DA1FB21120>, 'constant__8.2': <function slim.<locals>.<dictcomp>.<lambda> at 0x000002DA1FB23A60>, 'constant__8.1': <function slim.<locals>.<dictcomp>.<lambda> at 0x000002DA1FB21940>, 'constant__8.0': <function slim.<locals>.<dictcomp>.<lambda> at 0x000002DA1FB22C00>, 'constant__7.9': <function slim.<locals>.<dictcomp>.<lambda> at 0x000002DA1FB218A0>, 'constant__7.8': <function slim.<locals>.<dictcomp>.<lambda> at 0x000002DA1FB22A20>, 'constant__7.7': <function slim.<locals>.<dictcomp>.<lambda> at 0x000002DA1FB225C0>, 'constant__7.6': <function slim.<locals>.<dictcomp>.<lambda> at 0x000002DA1FB23380>, 'constant__7.5': <function slim.<locals>.<dictcomp>.<lambda> at 0x000002DA1FB20AE0>, 'constant__7.4': <function slim.<locals>.<dictcomp>.<lambda> at 0x000002DA1FB21C60>, 'constant__7.3': <function slim.<locals>.<dictcomp>.<lambda> at 0x000002DA1FB22AC0>, 'constant__7.2': <function slim.<locals>.<dictcomp>.<lambda> at 0x000002DA1FB23100>, 'constant__7.1': <function slim.<locals>.<dictcomp>.<lambda> at 0x000002DA1FB23880>, 'constant__7.0': <function slim.<locals>.<dictcomp>.<lambda> at 0x000002DA1FB21300>, 'constant__6.9': <function slim.<locals>.<dictcomp>.<lambda> at 0x000002DA1FB20EA0>, 'constant__6.8': <function slim.<locals>.<dictcomp>.<lambda> at 0x000002DA1FB227A0>, 'constant__6.7': <function slim.<locals>.<dictcomp>.<lambda> at 0x000002DA1FB21620>, 'constant__6.6': <function slim.<locals>.<dictcomp>.<lambda> at 0x000002DA1FB20E00>, 'constant__6.5': <function slim.<locals>.<dictcomp>.<lambda> at 0x000002DA1FB20CC0>, 'constant__6.4': <function slim.<locals>.<dictcomp>.<lambda> at 0x000002DA1FB202C0>, 'constant__6.3': <function slim.<locals>.<dictcomp>.<lambda> at 0x000002DA1FB23EC0>, 'constant__6.2': <function slim.<locals>.<dictcomp>.<lambda> at 0x000002DA1FB20540>, 'constant__6.1': <function slim.<locals>.<dictcomp>.<lambda> at 0x000002DA1FB223E0>, 'constant__6.0': <function slim.<locals>.<dictcomp>.<lambda> at 0x000002DA1FB23560>, 'constant__5.9': <function slim.<locals>.<dictcomp>.<lambda> at 0x000002DA1FB21080>, 'constant__5.8': <function slim.<locals>.<dictcomp>.<lambda> at 0x000002DA1FB213A0>, 'constant__5.7': <function slim.<locals>.<dictcomp>.<lambda> at 0x000002DA1FB20400>, 'constant__5.6': <function slim.<locals>.<dictcomp>.<lambda> at 0x000002DA1FB22020>, 'constant__5.5': <function slim.<locals>.<dictcomp>.<lambda> at 0x000002DA1FB21260>, 'constant__5.4': <function slim.<locals>.<dictcomp>.<lambda> at 0x000002DA1FB222A0>, 'constant__5.3': <function slim.<locals>.<dictcomp>.<lambda> at 0x000002DA1FB23060>, 'constant__5.2': <function slim.<locals>.<dictcomp>.<lambda> at 0x000002DA1FB22480>, 'constant__5.1': <function slim.<locals>.<dictcomp>.<lambda> at 0x000002DA1FB22DE0>, 'constant__5.0': <function slim.<locals>.<dictcomp>.<lambda> at 0x000002DA1FB21580>, 'constant__4.9': <function slim.<locals>.<dictcomp>.<lambda> at 0x000002DA1FB23BA0>, 'constant__4.8': <function slim.<locals>.<dictcomp>.<lambda> at 0x000002DA1FB22660>, 'constant__4.7': <function slim.<locals>.<dictcomp>.<lambda> at 0x000002DA1FB22FC0>, 'constant__4.6': <function slim.<locals>.<dictcomp>.<lambda> at 0x000002DA1FB20220>, 'constant__4.5': <function slim.<locals>.<dictcomp>.<lambda> at 0x000002DA1FB216C0>, 'constant__4.4': <function slim.<locals>.<dictcomp>.<lambda> at 0x000002DA1FB21EE0>, 'constant__4.3': <function slim.<locals>.<dictcomp>.<lambda> at 0x000002DA1FB22F20>, 'constant__4.2': <function slim.<locals>.<dictcomp>.<lambda> at 0x000002DA1FB209A0>, 'constant__4.1': <function slim.<locals>.<dictcomp>.<lambda> at 0x000002DA1FB234C0>, 'constant__4.0': <function slim.<locals>.<dictcomp>.<lambda> at 0x000002DA1FB20360>, 'constant__3.9': <function slim.<locals>.<dictcomp>.<lambda> at 0x000002DA1FB22520>, 'constant__3.8': <function slim.<locals>.<dictcomp>.<lambda> at 0x000002DA1FB228E0>, 'constant__3.7': <function slim.<locals>.<dictcomp>.<lambda> at 0x000002DA1FB20040>, 'constant__3.6': <function slim.<locals>.<dictcomp>.<lambda> at 0x000002DA1FB207C0>, 'constant__3.5': <function slim.<locals>.<dictcomp>.<lambda> at 0x000002DA1FB21DA0>, 'constant__3.4': <function slim.<locals>.<dictcomp>.<lambda> at 0x000002DA1FB211C0>, 'constant__3.3': <function slim.<locals>.<dictcomp>.<lambda> at 0x000002DA1FB205E0>, 'constant__3.2': <function slim.<locals>.<dictcomp>.<lambda> at 0x000002DA1FB20860>, 'constant__3.1': <function slim.<locals>.<dictcomp>.<lambda> at 0x000002DA1FB20720>, 'constant__3.0': <function slim.<locals>.<dictcomp>.<lambda> at 0x000002DA1FB21800>, 'constant__2.9': <function slim.<locals>.<dictcomp>.<lambda> at 0x000002DA1FB22E80>, 'constant__2.8': <function slim.<locals>.<dictcomp>.<lambda> at 0x000002DA1FB219E0>, 'constant__2.7': <function slim.<locals>.<dictcomp>.<lambda> at 0x000002DA1FB23F60>, 'constant__2.6': <function slim.<locals>.<dictcomp>.<lambda> at 0x000002DA1FB20F40>, 'constant__2.5': <function slim.<locals>.<dictcomp>.<lambda> at 0x000002DA1FB20A40>, 'constant__2.4': <function slim.<locals>.<dictcomp>.<lambda> at 0x000002DA1FB23CE0>, 'constant__2.3': <function slim.<locals>.<dictcomp>.<lambda> at 0x000002DA1FB237E0>, 'constant__2.2': <function slim.<locals>.<dictcomp>.<lambda> at 0x000002DA1FB22840>, 'constant__2.1': <function slim.<locals>.<dictcomp>.<lambda> at 0x000002DA1FB22200>, 'constant__2.0': <function slim.<locals>.<dictcomp>.<lambda> at 0x000002DA1FB22160>, 'constant__1.9': <function slim.<locals>.<dictcomp>.<lambda> at 0x000002DA1FB21D00>, 'constant__1.8': <function slim.<locals>.<dictcomp>.<lambda> at 0x000002DA1FB21B20>, 'constant__1.7': <function slim.<locals>.<dictcomp>.<lambda> at 0x000002DA1FB20B80>, 'constant__1.6': <function slim.<locals>.<dictcomp>.<lambda> at 0x000002DA1FB23E20>, 'constant__1.5': <function slim.<locals>.<dictcomp>.<lambda> at 0x000002DA1FB21A80>, 'constant__1.4': <function slim.<locals>.<dictcomp>.<lambda> at 0x000002DA1FB204A0>, 'constant__1.3': <function slim.<locals>.<dictcomp>.<lambda> at 0x000002DA1FB239C0>, 'constant__1.2': <function slim.<locals>.<dictcomp>.<lambda> at 0x000002DA1FB200E0>, 'constant__1.1': <function slim.<locals>.<dictcomp>.<lambda> at 0x000002DA1FB23740>, 'constant__1.0': <function slim.<locals>.<dictcomp>.<lambda> at 0x000002DA1FB22B60>, 'constant__0.9': <function slim.<locals>.<dictcomp>.<lambda> at 0x000002DA1FB23600>, 'constant__0.8': <function slim.<locals>.<dictcomp>.<lambda> at 0x000002DA22E0A840>, 'constant__0.7': <function slim.<locals>.<dictcomp>.<lambda> at 0x000002DA22E0B7E0>, 'constant__0.6': <function slim.<locals>.<dictcomp>.<lambda> at 0x000002DA22E08360>, 'constant__0.5': <function slim.<locals>.<dictcomp>.<lambda> at 0x000002DA22E08EA0>, 'constant__0.4': <function slim.<locals>.<dictcomp>.<lambda> at 0x000002DA22E09800>, 'constant__0.3': <function slim.<locals>.<dictcomp>.<lambda> at 0x000002DA22E0B740>, 'constant__0.2': <function slim.<locals>.<dictcomp>.<lambda> at 0x000002DA22E0A7A0>, 'constant__0.1': <function slim.<locals>.<dictcomp>.<lambda> at 0x000002DA22E096C0>, 'constant_0.0': <function slim.<locals>.<dictcomp>.<lambda> at 0x000002DA22E08AE0>, 'constant_0.1': <function slim.<locals>.<dictcomp>.<lambda> at 0x000002DA22E08180>, 'constant_0.2': <function slim.<locals>.<dictcomp>.<lambda> at 0x000002DA22E0A160>, 'constant_0.3': <function slim.<locals>.<dictcomp>.<lambda> at 0x000002DA22E0B420>, 'constant_0.4': <function slim.<locals>.<dictcomp>.<lambda> at 0x000002DA22E08900>, 'constant_0.5': <function slim.<locals>.<dictcomp>.<lambda> at 0x000002DA22E09260>, 'constant_0.6': <function slim.<locals>.<dictcomp>.<lambda> at 0x000002DA22E0A660>, 'constant_0.7': <function slim.<locals>.<dictcomp>.<lambda> at 0x000002DA22E0BA60>, 'constant_0.8': <function slim.<locals>.<dictcomp>.<lambda> at 0x000002DA22E08400>, 'constant_0.9': <function slim.<locals>.<dictcomp>.<lambda> at 0x000002DA22E0AD40>, 'constant_1.0': <function slim.<locals>.<dictcomp>.<lambda> at 0x000002DA22E0B6A0>, 'constant_1.1': <function slim.<locals>.<dictcomp>.<lambda> at 0x000002DA22E08220>, 'constant_1.2': <function slim.<locals>.<dictcomp>.<lambda> at 0x000002DA22E09580>, 'constant_1.3': <function slim.<locals>.<dictcomp>.<lambda> at 0x000002DA22E09DA0>, 'constant_1.4': <function slim.<locals>.<dictcomp>.<lambda> at 0x000002DA22E08680>, 'constant_1.5': <function slim.<locals>.<dictcomp>.<lambda> at 0x000002DA22E0ADE0>, 'constant_1.6': <function slim.<locals>.<dictcomp>.<lambda> at 0x000002DA22E0A980>, 'constant_1.7': <function slim.<locals>.<dictcomp>.<lambda> at 0x000002DA22E09760>, 'constant_1.8': <function slim.<locals>.<dictcomp>.<lambda> at 0x000002DA22E0BF60>, 'constant_1.9': <function slim.<locals>.<dictcomp>.<lambda> at 0x000002DA22E091C0>, 'constant_2.0': <function slim.<locals>.<dictcomp>.<lambda> at 0x000002DA22E08A40>, 'constant_2.1': <function slim.<locals>.<dictcomp>.<lambda> at 0x000002DA22E0A200>, 'constant_2.2': <function slim.<locals>.<dictcomp>.<lambda> at 0x000002DA22E09080>, 'constant_2.3': <function slim.<locals>.<dictcomp>.<lambda> at 0x000002DA22E0B600>, 'constant_2.4': <function slim.<locals>.<dictcomp>.<lambda> at 0x000002DA22E089A0>, 'constant_2.5': <function slim.<locals>.<dictcomp>.<lambda> at 0x000002DA22E0B1A0>, 'constant_2.6': <function slim.<locals>.<dictcomp>.<lambda> at 0x000002DA22E0A480>, 'constant_2.7': <function slim.<locals>.<dictcomp>.<lambda> at 0x000002DA22E0A520>, 'constant_2.8': <function slim.<locals>.<dictcomp>.<lambda> at 0x000002DA22E0B920>, 'constant_2.9': <function slim.<locals>.<dictcomp>.<lambda> at 0x000002DA22E084A0>, 'constant_3.0': <function slim.<locals>.<dictcomp>.<lambda> at 0x000002DA22E09620>, 'constant_3.1': <function slim.<locals>.<dictcomp>.<lambda> at 0x000002DA22E08E00>, 'constant_3.2': <function slim.<locals>.<dictcomp>.<lambda> at 0x000002DA22E099E0>, 'constant_3.3': <function slim.<locals>.<dictcomp>.<lambda> at 0x000002DA22E09300>, 'constant_3.4': <function slim.<locals>.<dictcomp>.<lambda> at 0x000002DA22E0B560>, 'constant_3.5': <function slim.<locals>.<dictcomp>.<lambda> at 0x000002DA22E0A700>, 'constant_3.6': <function slim.<locals>.<dictcomp>.<lambda> at 0x000002DA22E09C60>, 'constant_3.7': <function slim.<locals>.<dictcomp>.<lambda> at 0x000002DA22E08B80>, 'constant_3.8': <function slim.<locals>.<dictcomp>.<lambda> at 0x000002DA22E09440>, 'constant_3.9': <function slim.<locals>.<dictcomp>.<lambda> at 0x000002DA22E080E0>, 'constant_4.0': <function slim.<locals>.<dictcomp>.<lambda> at 0x000002DA22E0BBA0>, 'constant_4.1': <function slim.<locals>.<dictcomp>.<lambda> at 0x000002DA22E093A0>, 'constant_4.2': <function slim.<locals>.<dictcomp>.<lambda> at 0x000002DA22E09BC0>, 'constant_4.3': <function slim.<locals>.<dictcomp>.<lambda> at 0x000002DA22E0AF20>, 'constant_4.4': <function slim.<locals>.<dictcomp>.<lambda> at 0x000002DA22E0AFC0>, 'constant_4.5': <function slim.<locals>.<dictcomp>.<lambda> at 0x000002DA22E08D60>, 'constant_4.6': <function slim.<locals>.<dictcomp>.<lambda> at 0x000002DA22E0ACA0>, 'constant_4.7': <function slim.<locals>.<dictcomp>.<lambda> at 0x000002DA22E08040>, 'constant_4.8': <function slim.<locals>.<dictcomp>.<lambda> at 0x000002DA22E0B880>, 'constant_4.9': <function slim.<locals>.<dictcomp>.<lambda> at 0x000002DA212E74C0>, 'constant_5.0': <function slim.<locals>.<dictcomp>.<lambda> at 0x000002DA212E65C0>, 'constant_5.1': <function slim.<locals>.<dictcomp>.<lambda> at 0x000002DA212E6160>, 'constant_5.2': <function slim.<locals>.<dictcomp>.<lambda> at 0x000002DA212E68E0>, 'constant_5.3': <function slim.<locals>.<dictcomp>.<lambda> at 0x000002DA212E4EA0>, 'constant_5.4': <function slim.<locals>.<dictcomp>.<lambda> at 0x000002DA212E5B20>, 'constant_5.5': <function slim.<locals>.<dictcomp>.<lambda> at 0x000002DA212E4E00>, 'constant_5.6': <function slim.<locals>.<dictcomp>.<lambda> at 0x000002DA212E40E0>, 'constant_5.7': <function slim.<locals>.<dictcomp>.<lambda> at 0x000002DA212E6980>, 'constant_5.8': <function slim.<locals>.<dictcomp>.<lambda> at 0x000002DA212E5760>, 'constant_5.9': <function slim.<locals>.<dictcomp>.<lambda> at 0x000002DA212E5440>, 'constant_6.0': <function slim.<locals>.<dictcomp>.<lambda> at 0x000002DA212E5D00>, 'constant_6.1': <function slim.<locals>.<dictcomp>.<lambda> at 0x000002DA212E5DA0>, 'constant_6.2': <function slim.<locals>.<dictcomp>.<lambda> at 0x000002DA212E5800>, 'constant_6.3': <function slim.<locals>.<dictcomp>.<lambda> at 0x000002DA212E7920>, 'constant_6.4': <function slim.<locals>.<dictcomp>.<lambda> at 0x000002DA212E7600>, 'constant_6.5': <function slim.<locals>.<dictcomp>.<lambda> at 0x000002DA212E6200>, 'constant_6.6': <function slim.<locals>.<dictcomp>.<lambda> at 0x000002DA212E47C0>, 'constant_6.7': <function slim.<locals>.<dictcomp>.<lambda> at 0x000002DA212E7240>, 'constant_6.8': <function slim.<locals>.<dictcomp>.<lambda> at 0x000002DA212E6FC0>, 'constant_6.9': <function slim.<locals>.<dictcomp>.<lambda> at 0x000002DA212E4720>, 'constant_7.0': <function slim.<locals>.<dictcomp>.<lambda> at 0x000002DA212E4360>, 'constant_7.1': <function slim.<locals>.<dictcomp>.<lambda> at 0x000002DA212E6B60>, 'constant_7.2': <function slim.<locals>.<dictcomp>.<lambda> at 0x000002DA212E6340>, 'constant_7.3': <function slim.<locals>.<dictcomp>.<lambda> at 0x000002DA212E4040>, 'constant_7.4': <function slim.<locals>.<dictcomp>.<lambda> at 0x000002DA212E63E0>, 'constant_7.5': <function slim.<locals>.<dictcomp>.<lambda> at 0x000002DA212E4AE0>, 'constant_7.6': <function slim.<locals>.<dictcomp>.<lambda> at 0x000002DA212E5BC0>, 'constant_7.7': <function slim.<locals>.<dictcomp>.<lambda> at 0x000002DA212E76A0>, 'constant_7.8': <function slim.<locals>.<dictcomp>.<lambda> at 0x000002DA212E5580>, 'constant_7.9': <function slim.<locals>.<dictcomp>.<lambda> at 0x000002DA212E6DE0>, 'constant_8.0': <function slim.<locals>.<dictcomp>.<lambda> at 0x000002DA212E77E0>, 'constant_8.1': <function slim.<locals>.<dictcomp>.<lambda> at 0x000002DA212E7F60>, 'constant_8.2': <function slim.<locals>.<dictcomp>.<lambda> at 0x000002DA212E7CE0>, 'constant_8.3': <function slim.<locals>.<dictcomp>.<lambda> at 0x000002DA212E6C00>, 'constant_8.4': <function slim.<locals>.<dictcomp>.<lambda> at 0x000002DA212E4680>, 'constant_8.5': <function slim.<locals>.<dictcomp>.<lambda> at 0x000002DA212E4FE0>, 'constant_8.6': <function slim.<locals>.<dictcomp>.<lambda> at 0x000002DA212E6660>, 'constant_8.7': <function slim.<locals>.<dictcomp>.<lambda> at 0x000002DA212E6840>, 'constant_8.8': <function slim.<locals>.<dictcomp>.<lambda> at 0x000002DA212E4400>, 'constant_8.9': <function slim.<locals>.<dictcomp>.<lambda> at 0x000002DA212E5940>, 'constant_9.0': <function slim.<locals>.<dictcomp>.<lambda> at 0x000002DA212E6A20>, 'constant_9.1': <function slim.<locals>.<dictcomp>.<lambda> at 0x000002DA212E7880>, 'constant_9.2': <function slim.<locals>.<dictcomp>.<lambda> at 0x000002DA212E5F80>, 'constant_9.3': <function slim.<locals>.<dictcomp>.<lambda> at 0x000002DA1CCDFCE0>, 'constant_9.4': <function slim.<locals>.<dictcomp>.<lambda> at 0x000002DA22D53880>, 'constant_9.5': <function slim.<locals>.<dictcomp>.<lambda> at 0x000002DA22D51080>, 'constant_9.6': <function slim.<locals>.<dictcomp>.<lambda> at 0x000002DA22D53100>, 'constant_9.7': <function slim.<locals>.<dictcomp>.<lambda> at 0x000002DA22D50D60>, 'constant_9.8': <function slim.<locals>.<dictcomp>.<lambda> at 0x000002DA22D53380>, 'constant_9.9': <function slim.<locals>.<dictcomp>.<lambda> at 0x000002DA22D50720>, 'constant_10.0': <function slim.<locals>.<dictcomp>.<lambda> at 0x000002DA22D53920>}, 'p_c': 0.2, 'init_depth': 6, 'init_pop_size': 50, 'p_test': 0.2}"
5eda3676-073a-11f0-9970-54a95b9ec813,"{'run_info': ['SLIM*SIG2', UUID('5eda3676-073a-11f0-9970-54a95b9ec813'), 'retinopathy'], 'ffunction': <function sigmoid_rmse at 0x000002DA1C575B20>, 'max_depth': 15, 'reconstruct': True, 'n_iter': 300, 'elitism': True, 'n_elites': 1, 'log': 1, 'verbose': False, 'n_jobs': 1, 'test_elite': True, 'log_path': '../../data/results/RQ1/retinopathy/log_config_id_14.csv', 'initializer': <function rhh at 0x000002DA1C575300>, 'selector': <function tournament_selection_min.<locals>.ts at 0x000002DA1FB23240>, 'crossover': <function geometric_crossover at 0x000002DA1C2CEB60>, 'ms': <function generate_random_uniform.<locals>.generate_num at 0x000002DA22E082C0>, 'inflate_mutator': <function inflate_mutation.<locals>.inflate at 0x000002DA22E0A0C0>, 'deflate_mutator': <function deflate_mutation at 0x000002DA1C577D80>, 'p_xo': 0, 'settings_dict': {'p_test': 0.2}, 'find_elit_func': <function get_best_min at 0x000002DA1C5740E0>, 'p_inflate': 0.7, 'copy_parent': True, 'operator': 'mul', 'pop_size': 50, 'seed': 4, 'p_m': 1, 'two_trees': True, 'p_deflate': 0.30000000000000004, 'FUNCTIONS': {'add': {'function': <built-in method add of type object at 0x00007FFB07DC49D0>, 'arity': 2}, 'subtract': {'function': <built-in method sub of type object at 0x00007FFB07DC49D0>, 'arity': 2}, 'multiply': {'function': <built-in method mul of type object at 0x00007FFB07DC49D0>, 'arity': 2}, 'divide': {'function': <function protected_div at 0x000002DA1C2CDE40>, 'arity': 2}}, 'CONSTANTS': {'constant__10.0': <function slim.<locals>.<dictcomp>.<lambda> at 0x000002DA22E08860>, 'constant__9.9': <function slim.<locals>.<dictcomp>.<lambda> at 0x000002DA22E0AC00>, 'constant__9.8': <function slim.<locals>.<dictcomp>.<lambda> at 0x000002DA22E08540>, 'constant__9.7': <function slim.<locals>.<dictcomp>.<lambda> at 0x000002DA22E0A340>, 'constant__9.6': <function slim.<locals>.<dictcomp>.<lambda> at 0x000002DA22E09E40>, 'constant__9.5': <function slim.<locals>.<dictcomp>.<lambda> at 0x000002DA22E098A0>, 'constant__9.4': <function slim.<locals>.<dictcomp>.<lambda> at 0x000002DA22E0BD80>, 'constant__9.3': <function slim.<locals>.<dictcomp>.<lambda> at 0x000002DA22E0A2A0>, 'constant__9.2': <function slim.<locals>.<dictcomp>.<lambda> at 0x000002DA22E09940>, 'constant__9.1': <function slim.<locals>.<dictcomp>.<lambda> at 0x000002DA22E09B20>, 'constant__9.0': <function slim.<locals>.<dictcomp>.<lambda> at 0x000002DA22E08F40>, 'constant__8.9': <function slim.<locals>.<dictcomp>.<lambda> at 0x000002DA22E0BC40>, 'constant__8.8': <function slim.<locals>.<dictcomp>.<lambda> at 0x000002DA22E0B100>, 'constant__8.7': <function slim.<locals>.<dictcomp>.<lambda> at 0x000002DA22E0A8E0>, 'constant__8.6': <function slim.<locals>.<dictcomp>.<lambda> at 0x000002DA22E09120>, 'constant__8.5': <function slim.<locals>.<dictcomp>.<lambda> at 0x000002DA22E08FE0>, 'constant__8.4': <function slim.<locals>.<dictcomp>.<lambda> at 0x000002DA22E0B4C0>, 'constant__8.3': <function slim.<locals>.<dictcomp>.<lambda> at 0x000002DA22E08720>, 'constant__8.2': <function slim.<locals>.<dictcomp>.<lambda> at 0x000002DA22E0B2E0>, 'constant__8.1': <function slim.<locals>.<dictcomp>.<lambda> at 0x000002DA22E0B380>, 'constant__8.0': <function slim.<locals>.<dictcomp>.<lambda> at 0x000002DA22E0B9C0>, 'constant__7.9': <function slim.<locals>.<dictcomp>.<lambda> at 0x000002DA22E09F80>, 'constant__7.8': <function slim.<locals>.<dictcomp>.<lambda> at 0x000002DA22E0A5C0>, 'constant__7.7': <function slim.<locals>.<dictcomp>.<lambda> at 0x000002DA22E0BEC0>, 'constant__7.6': <function slim.<locals>.<dictcomp>.<lambda> at 0x000002DA22E0BE20>, 'constant__7.5': <function slim.<locals>.<dictcomp>.<lambda> at 0x000002DA22E0BCE0>, 'constant__7.4': <function slim.<locals>.<dictcomp>.<lambda> at 0x000002DA22E0B060>, 'constant__7.3': <function slim.<locals>.<dictcomp>.<lambda> at 0x000002DA22E08CC0>, 'constant__7.2': <function slim.<locals>.<dictcomp>.<lambda> at 0x000002DA22E0B240>, 'constant__7.1': <function slim.<locals>.<dictcomp>.<lambda> at 0x000002DA22E0AB60>, 'constant__7.0': <function slim.<locals>.<dictcomp>.<lambda> at 0x000002DA22E09D00>, 'constant__6.9': <function slim.<locals>.<dictcomp>.<lambda> at 0x000002DA22E09A80>, 'constant__6.8': <function slim.<locals>.<dictcomp>.<lambda> at 0x000002DA22E094E0>, 'constant__6.7': <function slim.<locals>.<dictcomp>.<lambda> at 0x000002DA22E0AE80>, 'constant__6.6': <function slim.<locals>.<dictcomp>.<lambda> at 0x000002DA22E0A020>, 'constant__6.5': <function slim.<locals>.<dictcomp>.<lambda> at 0x000002DA1C576A20>, 'constant__6.4': <function slim.<locals>.<dictcomp>.<lambda> at 0x000002DA1FB22CA0>, 'constant__6.3': <function slim.<locals>.<dictcomp>.<lambda> at 0x000002DA1FB231A0>, 'constant__6.2': <function slim.<locals>.<dictcomp>.<lambda> at 0x000002DA1FB21760>, 'constant__6.1': <function slim.<locals>.<dictcomp>.<lambda> at 0x000002DA1FB23D80>, 'constant__6.0': <function slim.<locals>.<dictcomp>.<lambda> at 0x000002DA1FB23420>, 'constant__5.9': <function slim.<locals>.<dictcomp>.<lambda> at 0x000002DA1FB22340>, 'constant__5.8': <function slim.<locals>.<dictcomp>.<lambda> at 0x000002DA1FB23B00>, 'constant__5.7': <function slim.<locals>.<dictcomp>.<lambda> at 0x000002DA1DD07880>, 'constant__5.6': <function slim.<locals>.<dictcomp>.<lambda> at 0x000002DA1DD053A0>, 'constant__5.5': <function slim.<locals>.<dictcomp>.<lambda> at 0x000002DA1DD07920>, 'constant__5.4': <function slim.<locals>.<dictcomp>.<lambda> at 0x000002DA1DD05D00>, 'constant__5.3': <function slim.<locals>.<dictcomp>.<lambda> at 0x000002DA1DD07600>, 'constant__5.2': <function slim.<locals>.<dictcomp>.<lambda> at 0x000002DA1DD07D80>, 'constant__5.1': <function slim.<locals>.<dictcomp>.<lambda> at 0x000002DA1DD07CE0>, 'constant__5.0': <function slim.<locals>.<dictcomp>.<lambda> at 0x000002DA1DD07A60>, 'constant__4.9': <function slim.<locals>.<dictcomp>.<lambda> at 0x000002DA1DD071A0>, 'constant__4.8': <function slim.<locals>.<dictcomp>.<lambda> at 0x000002DA1DD07F60>, 'constant__4.7': <function slim.<locals>.<dictcomp>.<lambda> at 0x000002DA1DD07100>, 'constant__4.6': <function slim.<locals>.<dictcomp>.<lambda> at 0x000002DA1DD072E0>, 'constant__4.5': <function slim.<locals>.<dictcomp>.<lambda> at 0x000002DA1DD07240>, 'constant__4.4': <function slim.<locals>.<dictcomp>.<lambda> at 0x000002DA1DD07420>, 'constant__4.3': <function slim.<locals>.<dictcomp>.<lambda> at 0x000002DA1DD05F80>, 'constant__4.2': <function slim.<locals>.<dictcomp>.<lambda> at 0x000002DA1DD076A0>, 'constant__4.1': <function slim.<locals>.<dictcomp>.<lambda> at 0x000002DA1DD07B00>, 'constant__4.0': <function slim.<locals>.<dictcomp>.<lambda> at 0x000002DA1DD07060>, 'constant__3.9': <function slim.<locals>.<dictcomp>.<lambda> at 0x000002DA1DD06FC0>, 'constant__3.8': <function slim.<locals>.<dictcomp>.<lambda> at 0x000002DA1DD074C0>, 'constant__3.7': <function slim.<locals>.<dictcomp>.<lambda> at 0x000002DA1DD07BA0>, 'constant__3.6': <function slim.<locals>.<dictcomp>.<lambda> at 0x000002DA1DD05440>, 'constant__3.5': <function slim.<locals>.<dictcomp>.<lambda> at 0x000002DA1DD077E0>, 'constant__3.4': <function slim.<locals>.<dictcomp>.<lambda> at 0x000002DA1DD07EC0>, 'constant__3.3': <function slim.<locals>.<dictcomp>.<lambda> at 0x000002DA1DD07740>, 'constant__3.2': <function slim.<locals>.<dictcomp>.<lambda> at 0x000002DA1DD05A80>, 'constant__3.1': <function slim.<locals>.<dictcomp>.<lambda> at 0x000002DA1DD060C0>, 'constant__3.0': <function slim.<locals>.<dictcomp>.<lambda> at 0x000002DA1DD079C0>, 'constant__2.9': <function slim.<locals>.<dictcomp>.<lambda> at 0x000002DA1DD07560>, 'constant__2.8': <function slim.<locals>.<dictcomp>.<lambda> at 0x000002DA1DD05B20>, 'constant__2.7': <function slim.<locals>.<dictcomp>.<lambda> at 0x000002DA1DD07E20>, 'constant__2.6': <function slim.<locals>.<dictcomp>.<lambda> at 0x000002DA1F57FF60>, 'constant__2.5': <function slim.<locals>.<dictcomp>.<lambda> at 0x000002DA1F57EAC0>, 'constant__2.4': <function slim.<locals>.<dictcomp>.<lambda> at 0x000002DA1F57FE20>, 'constant__2.3': <function slim.<locals>.<dictcomp>.<lambda> at 0x000002DA1F57E980>, 'constant__2.2': <function slim.<locals>.<dictcomp>.<lambda> at 0x000002DA1F57E8E0>, 'constant__2.1': <function slim.<locals>.<dictcomp>.<lambda> at 0x000002DA1F57C720>, 'constant__2.0': <function slim.<locals>.<dictcomp>.<lambda> at 0x000002DA1F57D9E0>, 'constant__1.9': <function slim.<locals>.<dictcomp>.<lambda> at 0x000002DA1F57CB80>, 'constant__1.8': <function slim.<locals>.<dictcomp>.<lambda> at 0x000002DA1F57DE40>, 'constant__1.7': <function slim.<locals>.<dictcomp>.<lambda> at 0x000002DA1F57DEE0>, 'constant__1.6': <function slim.<locals>.<dictcomp>.<lambda> at 0x000002DA1F57D800>, 'constant__1.5': <function slim.<locals>.<dictcomp>.<lambda> at 0x000002DA1F57EFC0>, 'constant__1.4': <function slim.<locals>.<dictcomp>.<lambda> at 0x000002DA1F57F420>, 'constant__1.3': <function slim.<locals>.<dictcomp>.<lambda> at 0x000002DA1F57EA20>, 'constant__1.2': <function slim.<locals>.<dictcomp>.<lambda> at 0x000002DA1F57ED40>, 'constant__1.1': <function slim.<locals>.<dictcomp>.<lambda> at 0x000002DA1F57D3A0>, 'constant__1.0': <function slim.<locals>.<dictcomp>.<lambda> at 0x000002DA1F57D8A0>, 'constant__0.9': <function slim.<locals>.<dictcomp>.<lambda> at 0x000002DA1F57DA80>, 'constant__0.8': <function slim.<locals>.<dictcomp>.<lambda> at 0x000002DA1F57E0C0>, 'constant__0.7': <function slim.<locals>.<dictcomp>.<lambda> at 0x000002DA1F57FBA0>, 'constant__0.6': <function slim.<locals>.<dictcomp>.<lambda> at 0x000002DA1F57F2E0>, 'constant__0.5': <function slim.<locals>.<dictcomp>.<lambda> at 0x000002DA1F57D440>, 'constant__0.4': <function slim.<locals>.<dictcomp>.<lambda> at 0x000002DA1F57E020>, 'constant__0.3': <function slim.<locals>.<dictcomp>.<lambda> at 0x000002DA1F57D120>, 'constant__0.2': <function slim.<locals>.<dictcomp>.<lambda> at 0x000002DA1F57E200>, 'constant__0.1': <function slim.<locals>.<dictcomp>.<lambda> at 0x000002DA1F57C7C0>, 'constant_0.0': <function slim.<locals>.<dictcomp>.<lambda> at 0x000002DA1F57F100>, 'constant_0.1': <function slim.<locals>.<dictcomp>.<lambda> at 0x000002DA1F57F060>, 'constant_0.2': <function slim.<locals>.<dictcomp>.<lambda> at 0x000002DA1F57D6C0>, 'constant_0.3': <function slim.<locals>.<dictcomp>.<lambda> at 0x000002DA1F57C180>, 'constant_0.4': <function slim.<locals>.<dictcomp>.<lambda> at 0x000002DA1F57E3E0>, 'constant_0.5': <function slim.<locals>.<dictcomp>.<lambda> at 0x000002DA1F57D940>, 'constant_0.6': <function slim.<locals>.<dictcomp>.<lambda> at 0x000002DA1F57DF80>, 'constant_0.7': <function slim.<locals>.<dictcomp>.<lambda> at 0x000002DA1F57E2A0>, 'constant_0.8': <function slim.<locals>.<dictcomp>.<lambda> at 0x000002DA1F57D260>, 'constant_0.9': <function slim.<locals>.<dictcomp>.<lambda> at 0x000002DA1F57DBC0>, 'constant_1.0': <function slim.<locals>.<dictcomp>.<lambda> at 0x000002DA1F57C860>, 'constant_1.1': <function slim.<locals>.<dictcomp>.<lambda> at 0x000002DA1F57EF20>, 'constant_1.2': <function slim.<locals>.<dictcomp>.<lambda> at 0x000002DA1F57DC60>, 'constant_1.3': <function slim.<locals>.<dictcomp>.<lambda> at 0x000002DA1F57EDE0>, 'constant_1.4': <function slim.<locals>.<dictcomp>.<lambda> at 0x000002DA1F57E480>, 'constant_1.5': <function slim.<locals>.<dictcomp>.<lambda> at 0x000002DA1F57F9C0>, 'constant_1.6': <function slim.<locals>.<dictcomp>.<lambda> at 0x000002DA1F57F560>, 'constant_1.7': <function slim.<locals>.<dictcomp>.<lambda> at 0x000002DA1F57DDA0>, 'constant_1.8': <function slim.<locals>.<dictcomp>.<lambda> at 0x000002DA1F57C2C0>, 'constant_1.9': <function slim.<locals>.<dictcomp>.<lambda> at 0x000002DA1F57DD00>, 'constant_2.0': <function slim.<locals>.<dictcomp>.<lambda> at 0x000002DA1F57E160>, 'constant_2.1': <function slim.<locals>.<dictcomp>.<lambda> at 0x000002DA1F57D300>, 'constant_2.2': <function slim.<locals>.<dictcomp>.<lambda> at 0x000002DA1F57FEC0>, 'constant_2.3': <function slim.<locals>.<dictcomp>.<lambda> at 0x000002DA1F57E7A0>, 'constant_2.4': <function slim.<locals>.<dictcomp>.<lambda> at 0x000002DA1F57CE00>, 'constant_2.5': <function slim.<locals>.<dictcomp>.<lambda> at 0x000002DA1F57FB00>, 'constant_2.6': <function slim.<locals>.<dictcomp>.<lambda> at 0x000002DA1F57CCC0>, 'constant_2.7': <function slim.<locals>.<dictcomp>.<lambda> at 0x000002DA1F57C900>, 'constant_2.8': <function slim.<locals>.<dictcomp>.<lambda> at 0x000002DA1F57F1A0>, 'constant_2.9': <function slim.<locals>.<dictcomp>.<lambda> at 0x000002DA1F57F4C0>, 'constant_3.0': <function slim.<locals>.<dictcomp>.<lambda> at 0x000002DA1F57C400>, 'constant_3.1': <function slim.<locals>.<dictcomp>.<lambda> at 0x000002DA1F57D080>, 'constant_3.2': <function slim.<locals>.<dictcomp>.<lambda> at 0x000002DA1F57F740>, 'constant_3.3': <function slim.<locals>.<dictcomp>.<lambda> at 0x000002DA1F57CD60>, 'constant_3.4': <function slim.<locals>.<dictcomp>.<lambda> at 0x000002DA1F57FCE0>, 'constant_3.5': <function slim.<locals>.<dictcomp>.<lambda> at 0x000002DA1F57FC40>, 'constant_3.6': <function slim.<locals>.<dictcomp>.<lambda> at 0x000002DA1F57EB60>, 'constant_3.7': <function slim.<locals>.<dictcomp>.<lambda> at 0x000002DA1F57F880>, 'constant_3.8': <function slim.<locals>.<dictcomp>.<lambda> at 0x000002DA1F57ECA0>, 'constant_3.9': <function slim.<locals>.<dictcomp>.<lambda> at 0x000002DA1F57F600>, 'constant_4.0': <function slim.<locals>.<dictcomp>.<lambda> at 0x000002DA1F57D760>, 'constant_4.1': <function slim.<locals>.<dictcomp>.<lambda> at 0x000002DA1F57C0E0>, 'constant_4.2': <function slim.<locals>.<dictcomp>.<lambda> at 0x000002DA1F57F6A0>, 'constant_4.3': <function slim.<locals>.<dictcomp>.<lambda> at 0x000002DA1F57CF40>, 'constant_4.4': <function slim.<locals>.<dictcomp>.<lambda> at 0x000002DA1F57D4E0>, 'constant_4.5': <function slim.<locals>.<dictcomp>.<lambda> at 0x000002DA1F57C5E0>, 'constant_4.6': <function slim.<locals>.<dictcomp>.<lambda> at 0x000002DA1F57E660>, 'constant_4.7': <function slim.<locals>.<dictcomp>.<lambda> at 0x000002DA1F57F7E0>, 'constant_4.8': <function slim.<locals>.<dictcomp>.<lambda> at 0x000002DA1F57FD80>, 'constant_4.9': <function slim.<locals>.<dictcomp>.<lambda> at 0x000002DA1F57F240>, 'constant_5.0': <function slim.<locals>.<dictcomp>.<lambda> at 0x000002DA1F57D580>, 'constant_5.1': <function slim.<locals>.<dictcomp>.<lambda> at 0x000002DA1F57E840>, 'constant_5.2': <function slim.<locals>.<dictcomp>.<lambda> at 0x000002DA1F57DB20>, 'constant_5.3': <function slim.<locals>.<dictcomp>.<lambda> at 0x000002DA1F57D620>, 'constant_5.4': <function slim.<locals>.<dictcomp>.<lambda> at 0x000002DA1F57C360>, 'constant_5.5': <function slim.<locals>.<dictcomp>.<lambda> at 0x000002DA1F57C540>, 'constant_5.6': <function slim.<locals>.<dictcomp>.<lambda> at 0x000002DA1F57E340>, 'constant_5.7': <function slim.<locals>.<dictcomp>.<lambda> at 0x000002DA1F57F920>, 'constant_5.8': <function slim.<locals>.<dictcomp>.<lambda> at 0x000002DA1F57CEA0>, 'constant_5.9': <function slim.<locals>.<dictcomp>.<lambda> at 0x000002DA1F57C040>, 'constant_6.0': <function slim.<locals>.<dictcomp>.<lambda> at 0x000002DA1F57FA60>, 'constant_6.1': <function slim.<locals>.<dictcomp>.<lambda> at 0x000002DA1F57EE80>, 'constant_6.2': <function slim.<locals>.<dictcomp>.<lambda> at 0x000002DA1F57E5C0>, 'constant_6.3': <function slim.<locals>.<dictcomp>.<lambda> at 0x000002DA1F57C4A0>, 'constant_6.4': <function slim.<locals>.<dictcomp>.<lambda> at 0x000002DA1F57D1C0>, 'constant_6.5': <function slim.<locals>.<dictcomp>.<lambda> at 0x000002DA1F57C680>, 'constant_6.6': <function slim.<locals>.<dictcomp>.<lambda> at 0x000002DA1F57CA40>, 'constant_6.7': <function slim.<locals>.<dictcomp>.<lambda> at 0x000002DA1F57CC20>, 'constant_6.8': <function slim.<locals>.<dictcomp>.<lambda> at 0x000002DA1F57C220>, 'constant_6.9': <function slim.<locals>.<dictcomp>.<lambda> at 0x000002DA1F57E700>, 'constant_7.0': <function slim.<locals>.<dictcomp>.<lambda> at 0x000002DA1F57CAE0>, 'constant_7.1': <function slim.<locals>.<dictcomp>.<lambda> at 0x000002DA1C58C040>, 'constant_7.2': <function slim.<locals>.<dictcomp>.<lambda> at 0x000002DA21288A40>, 'constant_7.3': <function slim.<locals>.<dictcomp>.<lambda> at 0x000002DA212896C0>, 'constant_7.4': <function slim.<locals>.<dictcomp>.<lambda> at 0x000002DA21288220>, 'constant_7.5': <function slim.<locals>.<dictcomp>.<lambda> at 0x000002DA21289E40>, 'constant_7.6': <function slim.<locals>.<dictcomp>.<lambda> at 0x000002DA21289F80>, 'constant_7.7': <function slim.<locals>.<dictcomp>.<lambda> at 0x000002DA2128B240>, 'constant_7.8': <function slim.<locals>.<dictcomp>.<lambda> at 0x000002DA2128AFC0>, 'constant_7.9': <function slim.<locals>.<dictcomp>.<lambda> at 0x000002DA2128A520>, 'constant_8.0': <function slim.<locals>.<dictcomp>.<lambda> at 0x000002DA21288B80>, 'constant_8.1': <function slim.<locals>.<dictcomp>.<lambda> at 0x000002DA2128BD80>, 'constant_8.2': <function slim.<locals>.<dictcomp>.<lambda> at 0x000002DA2128A480>, 'constant_8.3': <function slim.<locals>.<dictcomp>.<lambda> at 0x000002DA2128B920>, 'constant_8.4': <function slim.<locals>.<dictcomp>.<lambda> at 0x000002DA2128A020>, 'constant_8.5': <function slim.<locals>.<dictcomp>.<lambda> at 0x000002DA21288540>, 'constant_8.6': <function slim.<locals>.<dictcomp>.<lambda> at 0x000002DA2128B060>, 'constant_8.7': <function slim.<locals>.<dictcomp>.<lambda> at 0x000002DA2128A200>, 'constant_8.8': <function slim.<locals>.<dictcomp>.<lambda> at 0x000002DA2128A160>, 'constant_8.9': <function slim.<locals>.<dictcomp>.<lambda> at 0x000002DA2128B2E0>, 'constant_9.0': <function slim.<locals>.<dictcomp>.<lambda> at 0x000002DA212885E0>, 'constant_9.1': <function slim.<locals>.<dictcomp>.<lambda> at 0x000002DA212894E0>, 'constant_9.2': <function slim.<locals>.<dictcomp>.<lambda> at 0x000002DA21288F40>, 'constant_9.3': <function slim.<locals>.<dictcomp>.<lambda> at 0x000002DA21288360>, 'constant_9.4': <function slim.<locals>.<dictcomp>.<lambda> at 0x000002DA21288E00>, 'constant_9.5': <function slim.<locals>.<dictcomp>.<lambda> at 0x000002DA2128B100>, 'constant_9.6': <function slim.<locals>.<dictcomp>.<lambda> at 0x000002DA2128B1A0>, 'constant_9.7': <function slim.<locals>.<dictcomp>.<lambda> at 0x000002DA21289BC0>, 'constant_9.8': <function slim.<locals>.<dictcomp>.<lambda> at 0x000002DA21288C20>, 'constant_9.9': <function slim.<locals>.<dictcomp>.<lambda> at 0x000002DA2128B880>, 'constant_10.0': <function slim.<locals>.<dictcomp>.<lambda> at 0x000002DA2128B560>}, 'p_c': 0.2, 'init_depth': 6, 'init_pop_size': 50, 'p_test': 0.2}"
5eda3676-073a-11f0-9970-54a95b9ec813,"{'run_info': ['SLIM*SIG2', UUID('5eda3676-073a-11f0-9970-54a95b9ec813'), 'retinopathy'], 'ffunction': <function sigmoid_rmse at 0x000002DA1C575B20>, 'max_depth': 15, 'reconstruct': True, 'n_iter': 300, 'elitism': True, 'n_elites': 1, 'log': 1, 'verbose': False, 'n_jobs': 1, 'test_elite': True, 'log_path': '../../data/results/RQ1/retinopathy/log_config_id_14.csv', 'initializer': <function rhh at 0x000002DA1C575300>, 'selector': <function tournament_selection_min.<locals>.ts at 0x000002DA22E082C0>, 'crossover': <function geometric_crossover at 0x000002DA1C2CEB60>, 'ms': <function generate_random_uniform.<locals>.generate_num at 0x000002DA22D24B80>, 'inflate_mutator': <function inflate_mutation.<locals>.inflate at 0x000002DA22D24F40>, 'deflate_mutator': <function deflate_mutation at 0x000002DA1C577D80>, 'p_xo': 0, 'settings_dict': {'p_test': 0.2}, 'find_elit_func': <function get_best_min at 0x000002DA1C5740E0>, 'p_inflate': 0.7, 'copy_parent': True, 'operator': 'mul', 'pop_size': 50, 'seed': 5, 'p_m': 1, 'two_trees': True, 'p_deflate': 0.30000000000000004, 'FUNCTIONS': {'add': {'function': <built-in method add of type object at 0x00007FFB07DC49D0>, 'arity': 2}, 'subtract': {'function': <built-in method sub of type object at 0x00007FFB07DC49D0>, 'arity': 2}, 'multiply': {'function': <built-in method mul of type object at 0x00007FFB07DC49D0>, 'arity': 2}, 'divide': {'function': <function protected_div at 0x000002DA1C2CDE40>, 'arity': 2}}, 'CONSTANTS': {'constant__10.0': <function slim.<locals>.<dictcomp>.<lambda> at 0x000002DA22D26700>, 'constant__9.9': <function slim.<locals>.<dictcomp>.<lambda> at 0x000002DA22D262A0>, 'constant__9.8': <function slim.<locals>.<dictcomp>.<lambda> at 0x000002DA22D27420>, 'constant__9.7': <function slim.<locals>.<dictcomp>.<lambda> at 0x000002DA22D24720>, 'constant__9.6': <function slim.<locals>.<dictcomp>.<lambda> at 0x000002DA22D251C0>, 'constant__9.5': <function slim.<locals>.<dictcomp>.<lambda> at 0x000002DA22D265C0>, 'constant__9.4': <function slim.<locals>.<dictcomp>.<lambda> at 0x000002DA22D279C0>, 'constant__9.3': <function slim.<locals>.<dictcomp>.<lambda> at 0x000002DA22D244A0>, 'constant__9.2': <function slim.<locals>.<dictcomp>.<lambda> at 0x000002DA22D27D80>, 'constant__9.1': <function slim.<locals>.<dictcomp>.<lambda> at 0x000002DA22D271A0>, 'constant__9.0': <function slim.<locals>.<dictcomp>.<lambda> at 0x000002DA22D24860>, 'constant__8.9': <function slim.<locals>.<dictcomp>.<lambda> at 0x000002DA22D24680>, 'constant__8.8': <function slim.<locals>.<dictcomp>.<lambda> at 0x000002DA22D24040>, 'constant__8.7': <function slim.<locals>.<dictcomp>.<lambda> at 0x000002DA22D25300>, 'constant__8.6': <function slim.<locals>.<dictcomp>.<lambda> at 0x000002DA22D276A0>, 'constant__8.5': <function slim.<locals>.<dictcomp>.<lambda> at 0x000002DA22D27100>, 'constant__8.4': <function slim.<locals>.<dictcomp>.<lambda> at 0x000002DA22D26340>, 'constant__8.3': <function slim.<locals>.<dictcomp>.<lambda> at 0x000002DA22D267A0>, 'constant__8.2': <function slim.<locals>.<dictcomp>.<lambda> at 0x000002DA22D24A40>, 'constant__8.1': <function slim.<locals>.<dictcomp>.<lambda> at 0x000002DA22D263E0>, 'constant__8.0': <function slim.<locals>.<dictcomp>.<lambda> at 0x000002DA22D26C00>, 'constant__7.9': <function slim.<locals>.<dictcomp>.<lambda> at 0x000002DA22D26480>, 'constant__7.8': <function slim.<locals>.<dictcomp>.<lambda> at 0x000002DA22D256C0>, 'constant__7.7': <function slim.<locals>.<dictcomp>.<lambda> at 0x000002DA22D272E0>, 'constant__7.6': <function slim.<locals>.<dictcomp>.<lambda> at 0x000002DA22D27060>, 'constant__7.5': <function slim.<locals>.<dictcomp>.<lambda> at 0x000002DA22D26200>, 'constant__7.4': <function slim.<locals>.<dictcomp>.<lambda> at 0x000002DA22D254E0>, 'constant__7.3': <function slim.<locals>.<dictcomp>.<lambda> at 0x000002DA22D245E0>, 'constant__7.2': <function slim.<locals>.<dictcomp>.<lambda> at 0x000002DA22D25620>, 'constant__7.1': <function slim.<locals>.<dictcomp>.<lambda> at 0x000002DA22D25940>, 'constant__7.0': <function slim.<locals>.<dictcomp>.<lambda> at 0x000002DA22D268E0>, 'constant__6.9': <function slim.<locals>.<dictcomp>.<lambda> at 0x000002DA22D249A0>, 'constant__6.8': <function slim.<locals>.<dictcomp>.<lambda> at 0x000002DA22E0B880>, 'constant__6.7': <function slim.<locals>.<dictcomp>.<lambda> at 0x000002DA22E08040>, 'constant__6.6': <function slim.<locals>.<dictcomp>.<lambda> at 0x000002DA22E0ACA0>, 'constant__6.5': <function slim.<locals>.<dictcomp>.<lambda> at 0x000002DA22E08D60>, 'constant__6.4': <function slim.<locals>.<dictcomp>.<lambda> at 0x000002DA22E0AFC0>, 'constant__6.3': <function slim.<locals>.<dictcomp>.<lambda> at 0x000002DA22E0AF20>, 'constant__6.2': <function slim.<locals>.<dictcomp>.<lambda> at 0x000002DA22E09BC0>, 'constant__6.1': <function slim.<locals>.<dictcomp>.<lambda> at 0x000002DA22E093A0>, 'constant__6.0': <function slim.<locals>.<dictcomp>.<lambda> at 0x000002DA22E0BBA0>, 'constant__5.9': <function slim.<locals>.<dictcomp>.<lambda> at 0x000002DA22E080E0>, 'constant__5.8': <function slim.<locals>.<dictcomp>.<lambda> at 0x000002DA22E09440>, 'constant__5.7': <function slim.<locals>.<dictcomp>.<lambda> at 0x000002DA22E08B80>, 'constant__5.6': <function slim.<locals>.<dictcomp>.<lambda> at 0x000002DA22E09C60>, 'constant__5.5': <function slim.<locals>.<dictcomp>.<lambda> at 0x000002DA22E0A700>, 'constant__5.4': <function slim.<locals>.<dictcomp>.<lambda> at 0x000002DA22E0B560>, 'constant__5.3': <function slim.<locals>.<dictcomp>.<lambda> at 0x000002DA22E09300>, 'constant__5.2': <function slim.<locals>.<dictcomp>.<lambda> at 0x000002DA22E099E0>, 'constant__5.1': <function slim.<locals>.<dictcomp>.<lambda> at 0x000002DA22E08E00>, 'constant__5.0': <function slim.<locals>.<dictcomp>.<lambda> at 0x000002DA22E09620>, 'constant__4.9': <function slim.<locals>.<dictcomp>.<lambda> at 0x000002DA22E084A0>, 'constant__4.8': <function slim.<locals>.<dictcomp>.<lambda> at 0x000002DA22E0B920>, 'constant__4.7': <function slim.<locals>.<dictcomp>.<lambda> at 0x000002DA22E0A520>, 'constant__4.6': <function slim.<locals>.<dictcomp>.<lambda> at 0x000002DA22E0A480>, 'constant__4.5': <function slim.<locals>.<dictcomp>.<lambda> at 0x000002DA22E0B1A0>, 'constant__4.4': <function slim.<locals>.<dictcomp>.<lambda> at 0x000002DA22E089A0>, 'constant__4.3': <function slim.<locals>.<dictcomp>.<lambda> at 0x000002DA22E0B600>, 'constant__4.2': <function slim.<locals>.<dictcomp>.<lambda> at 0x000002DA22E09080>, 'constant__4.1': <function slim.<locals>.<dictcomp>.<lambda> at 0x000002DA22E0A200>, 'constant__4.0': <function slim.<locals>.<dictcomp>.<lambda> at 0x000002DA22E08A40>, 'constant__3.9': <function slim.<locals>.<dictcomp>.<lambda> at 0x000002DA22E091C0>, 'constant__3.8': <function slim.<locals>.<dictcomp>.<lambda> at 0x000002DA22E0BF60>, 'constant__3.7': <function slim.<locals>.<dictcomp>.<lambda> at 0x000002DA22E09760>, 'constant__3.6': <function slim.<locals>.<dictcomp>.<lambda> at 0x000002DA22E0A980>, 'constant__3.5': <function slim.<locals>.<dictcomp>.<lambda> at 0x000002DA22E0ADE0>, 'constant__3.4': <function slim.<locals>.<dictcomp>.<lambda> at 0x000002DA22E08680>, 'constant__3.3': <function slim.<locals>.<dictcomp>.<lambda> at 0x000002DA22E09DA0>, 'constant__3.2': <function slim.<locals>.<dictcomp>.<lambda> at 0x000002DA22E09580>, 'constant__3.1': <function slim.<locals>.<dictcomp>.<lambda> at 0x000002DA22E08220>, 'constant__3.0': <function slim.<locals>.<dictcomp>.<lambda> at 0x000002DA22E0B6A0>, 'constant__2.9': <function slim.<locals>.<dictcomp>.<lambda> at 0x000002DA22E0AD40>, 'constant__2.8': <function slim.<locals>.<dictcomp>.<lambda> at 0x000002DA22E08400>, 'constant__2.7': <function slim.<locals>.<dictcomp>.<lambda> at 0x000002DA22E0BA60>, 'constant__2.6': <function slim.<locals>.<dictcomp>.<lambda> at 0x000002DA22E0A660>, 'constant__2.5': <function slim.<locals>.<dictcomp>.<lambda> at 0x000002DA22E09260>, 'constant__2.4': <function slim.<locals>.<dictcomp>.<lambda> at 0x000002DA22E08900>, 'constant__2.3': <function slim.<locals>.<dictcomp>.<lambda> at 0x000002DA22E0B420>, 'constant__2.2': <function slim.<locals>.<dictcomp>.<lambda> at 0x000002DA22E0A160>, 'constant__2.1': <function slim.<locals>.<dictcomp>.<lambda> at 0x000002DA22E08180>, 'constant__2.0': <function slim.<locals>.<dictcomp>.<lambda> at 0x000002DA22E08AE0>, 'constant__1.9': <function slim.<locals>.<dictcomp>.<lambda> at 0x000002DA22E096C0>, 'constant__1.8': <function slim.<locals>.<dictcomp>.<lambda> at 0x000002DA22E0A7A0>, 'constant__1.7': <function slim.<locals>.<dictcomp>.<lambda> at 0x000002DA22E0B740>, 'constant__1.6': <function slim.<locals>.<dictcomp>.<lambda> at 0x000002DA22E09800>, 'constant__1.5': <function slim.<locals>.<dictcomp>.<lambda> at 0x000002DA22E08EA0>, 'constant__1.4': <function slim.<locals>.<dictcomp>.<lambda> at 0x000002DA22E08360>, 'constant__1.3': <function slim.<locals>.<dictcomp>.<lambda> at 0x000002DA22E0B7E0>, 'constant__1.2': <function slim.<locals>.<dictcomp>.<lambda> at 0x000002DA22E0A840>, 'constant__1.1': <function slim.<locals>.<dictcomp>.<lambda> at 0x000002DA22E0AAC0>, 'constant__1.0': <function slim.<locals>.<dictcomp>.<lambda> at 0x000002DA22E08C20>, 'constant__0.9': <function slim.<locals>.<dictcomp>.<lambda> at 0x000002DA22E0A3E0>, 'constant__0.8': <function slim.<locals>.<dictcomp>.<lambda> at 0x000002DA22E0AA20>, 'constant__0.7': <function slim.<locals>.<dictcomp>.<lambda> at 0x000002DA22E0BB00>, 'constant__0.6': <function slim.<locals>.<dictcomp>.<lambda> at 0x000002DA22E087C0>, 'constant__0.5': <function slim.<locals>.<dictcomp>.<lambda> at 0x000002DA22D53920>, 'constant__0.4': <function slim.<locals>.<dictcomp>.<lambda> at 0x000002DA22D50720>, 'constant__0.3': <function slim.<locals>.<dictcomp>.<lambda> at 0x000002DA22D53380>, 'constant__0.2': <function slim.<locals>.<dictcomp>.<lambda> at 0x000002DA22D50D60>, 'constant__0.1': <function slim.<locals>.<dictcomp>.<lambda> at 0x000002DA22D53100>, 'constant_0.0': <function slim.<locals>.<dictcomp>.<lambda> at 0x000002DA22D51080>, 'constant_0.1': <function slim.<locals>.<dictcomp>.<lambda> at 0x000002DA22D53880>, 'constant_0.2': <function slim.<locals>.<dictcomp>.<lambda> at 0x000002DA22D51760>, 'constant_0.3': <function slim.<locals>.<dictcomp>.<lambda> at 0x000002DA22D525C0>, 'constant_0.4': <function slim.<locals>.<dictcomp>.<lambda> at 0x000002DA22D50CC0>, 'constant_0.5': <function slim.<locals>.<dictcomp>.<lambda> at 0x000002DA22D50360>, 'constant_0.6': <function slim.<locals>.<dictcomp>.<lambda> at 0x000002DA22D51580>, 'constant_0.7': <function slim.<locals>.<dictcomp>.<lambda> at 0x000002DA22D523E0>, 'constant_0.8': <function slim.<locals>.<dictcomp>.<lambda> at 0x000002DA22D50400>, 'constant_0.9': <function slim.<locals>.<dictcomp>.<lambda> at 0x000002DA22D50B80>, 'constant_1.0': <function slim.<locals>.<dictcomp>.<lambda> at 0x000002DA22D516C0>, 'constant_1.1': <function slim.<locals>.<dictcomp>.<lambda> at 0x000002DA22D505E0>, 'constant_1.2': <function slim.<locals>.<dictcomp>.<lambda> at 0x000002DA22D53420>, 'constant_1.3': <function slim.<locals>.<dictcomp>.<lambda> at 0x000002DA22D50860>, 'constant_1.4': <function slim.<locals>.<dictcomp>.<lambda> at 0x000002DA22D51EE0>, 'constant_1.5': <function slim.<locals>.<dictcomp>.<lambda> at 0x000002DA22D50040>, 'constant_1.6': <function slim.<locals>.<dictcomp>.<lambda> at 0x000002DA22D53F60>, 'constant_1.7': <function slim.<locals>.<dictcomp>.<lambda> at 0x000002DA22D531A0>, 'constant_1.8': <function slim.<locals>.<dictcomp>.<lambda> at 0x000002DA22D52A20>, 'constant_1.9': <function slim.<locals>.<dictcomp>.<lambda> at 0x000002DA22D50220>, 'constant_2.0': <function slim.<locals>.<dictcomp>.<lambda> at 0x000002DA22D532E0>, 'constant_2.1': <function slim.<locals>.<dictcomp>.<lambda> at 0x000002DA22D52660>, 'constant_2.2': <function slim.<locals>.<dictcomp>.<lambda> at 0x000002DA22D52C00>, 'constant_2.3': <function slim.<locals>.<dictcomp>.<lambda> at 0x000002DA22D51440>, 'constant_2.4': <function slim.<locals>.<dictcomp>.<lambda> at 0x000002DA22D53240>, 'constant_2.5': <function slim.<locals>.<dictcomp>.<lambda> at 0x000002DA22D522A0>, 'constant_2.6': <function slim.<locals>.<dictcomp>.<lambda> at 0x000002DA22D536A0>, 'constant_2.7': <function slim.<locals>.<dictcomp>.<lambda> at 0x000002DA22D51D00>, 'constant_2.8': <function slim.<locals>.<dictcomp>.<lambda> at 0x000002DA22D53060>, 'constant_2.9': <function slim.<locals>.<dictcomp>.<lambda> at 0x000002DA22D53A60>, 'constant_3.0': <function slim.<locals>.<dictcomp>.<lambda> at 0x000002DA22D51BC0>, 'constant_3.1': <function slim.<locals>.<dictcomp>.<lambda> at 0x000002DA22D51E40>, 'constant_3.2': <function slim.<locals>.<dictcomp>.<lambda> at 0x000002DA22D52020>, 'constant_3.3': <function slim.<locals>.<dictcomp>.<lambda> at 0x000002DA22D50AE0>, 'constant_3.4': <function slim.<locals>.<dictcomp>.<lambda> at 0x000002DA22D53B00>, 'constant_3.5': <function slim.<locals>.<dictcomp>.<lambda> at 0x000002DA22D53D80>, 'constant_3.6': <function slim.<locals>.<dictcomp>.<lambda> at 0x000002DA22D500E0>, 'constant_3.7': <function slim.<locals>.<dictcomp>.<lambda> at 0x000002DA22D52CA0>, 'constant_3.8': <function slim.<locals>.<dictcomp>.<lambda> at 0x000002DA22D52520>, 'constant_3.9': <function slim.<locals>.<dictcomp>.<lambda> at 0x000002DA22D53560>, 'constant_4.0': <function slim.<locals>.<dictcomp>.<lambda> at 0x000002DA22D53EC0>, 'constant_4.1': <function slim.<locals>.<dictcomp>.<lambda> at 0x000002DA22D51940>, 'constant_4.2': <function slim.<locals>.<dictcomp>.<lambda> at 0x000002DA22D52480>, 'constant_4.3': <function slim.<locals>.<dictcomp>.<lambda> at 0x000002DA22D51620>, 'constant_4.4': <function slim.<locals>.<dictcomp>.<lambda> at 0x000002DA22D53740>, 'constant_4.5': <function slim.<locals>.<dictcomp>.<lambda> at 0x000002DA22D53BA0>, 'constant_4.6': <function slim.<locals>.<dictcomp>.<lambda> at 0x000002DA22D520C0>, 'constant_4.7': <function slim.<locals>.<dictcomp>.<lambda> at 0x000002DA22D51B20>, 'constant_4.8': <function slim.<locals>.<dictcomp>.<lambda> at 0x000002DA22D53600>, 'constant_4.9': <function slim.<locals>.<dictcomp>.<lambda> at 0x000002DA22D51300>, 'constant_5.0': <function slim.<locals>.<dictcomp>.<lambda> at 0x000002DA22D52B60>, 'constant_5.1': <function slim.<locals>.<dictcomp>.<lambda> at 0x000002DA22D51F80>, 'constant_5.2': <function slim.<locals>.<dictcomp>.<lambda> at 0x000002DA22D51DA0>, 'constant_5.3': <function slim.<locals>.<dictcomp>.<lambda> at 0x000002DA22D52340>, 'constant_5.4': <function slim.<locals>.<dictcomp>.<lambda> at 0x000002DA22D50A40>, 'constant_5.5': <function slim.<locals>.<dictcomp>.<lambda> at 0x000002DA22D514E0>, 'constant_5.6': <function slim.<locals>.<dictcomp>.<lambda> at 0x000002DA22D52FC0>, 'constant_5.7': <function slim.<locals>.<dictcomp>.<lambda> at 0x000002DA22D537E0>, 'constant_5.8': <function slim.<locals>.<dictcomp>.<lambda> at 0x000002DA22D51C60>, 'constant_5.9': <function slim.<locals>.<dictcomp>.<lambda> at 0x000002DA22D53C40>, 'constant_6.0': <function slim.<locals>.<dictcomp>.<lambda> at 0x000002DA22D52840>, 'constant_6.1': <function slim.<locals>.<dictcomp>.<lambda> at 0x000002DA22D528E0>, 'constant_6.2': <function slim.<locals>.<dictcomp>.<lambda> at 0x000002DA22D513A0>, 'constant_6.3': <function slim.<locals>.<dictcomp>.<lambda> at 0x000002DA22D518A0>, 'constant_6.4': <function slim.<locals>.<dictcomp>.<lambda> at 0x000002DA22D52700>, 'constant_6.5': <function slim.<locals>.<dictcomp>.<lambda> at 0x000002DA22D539C0>, 'constant_6.6': <function slim.<locals>.<dictcomp>.<lambda> at 0x000002DA22D52F20>, 'constant_6.7': <function slim.<locals>.<dictcomp>.<lambda> at 0x000002DA22D51A80>, 'constant_6.8': <function slim.<locals>.<dictcomp>.<lambda> at 0x000002DA22D50180>, 'constant_6.9': <function slim.<locals>.<dictcomp>.<lambda> at 0x000002DA22D511C0>, 'constant_7.0': <function slim.<locals>.<dictcomp>.<lambda> at 0x000002DA22D534C0>, 'constant_7.1': <function slim.<locals>.<dictcomp>.<lambda> at 0x000002DA22D50F40>, 'constant_7.2': <function slim.<locals>.<dictcomp>.<lambda> at 0x000002DA22D52DE0>, 'constant_7.3': <function slim.<locals>.<dictcomp>.<lambda> at 0x000002DA22D52160>, 'constant_7.4': <function slim.<locals>.<dictcomp>.<lambda> at 0x000002DA22D52AC0>, 'constant_7.5': <function slim.<locals>.<dictcomp>.<lambda> at 0x000002DA22D53CE0>, 'constant_7.6': <function slim.<locals>.<dictcomp>.<lambda> at 0x000002DA22D52980>, 'constant_7.7': <function slim.<locals>.<dictcomp>.<lambda> at 0x000002DA22D507C0>, 'constant_7.8': <function slim.<locals>.<dictcomp>.<lambda> at 0x000002DA22D509A0>, 'constant_7.9': <function slim.<locals>.<dictcomp>.<lambda> at 0x000002DA22D51800>, 'constant_8.0': <function slim.<locals>.<dictcomp>.<lambda> at 0x000002DA22D50900>, 'constant_8.1': <function slim.<locals>.<dictcomp>.<lambda> at 0x000002DA22D51120>, 'constant_8.2': <function slim.<locals>.<dictcomp>.<lambda> at 0x000002DA22D53E20>, 'constant_8.3': <function slim.<locals>.<dictcomp>.<lambda> at 0x000002DA22D50680>, 'constant_8.4': <function slim.<locals>.<dictcomp>.<lambda> at 0x000002DA22D502C0>, 'constant_8.5': <function slim.<locals>.<dictcomp>.<lambda> at 0x000002DA22D52E80>, 'constant_8.6': <function slim.<locals>.<dictcomp>.<lambda> at 0x000002DA22D504A0>, 'constant_8.7': <function slim.<locals>.<dictcomp>.<lambda> at 0x000002DA22D527A0>, 'constant_8.8': <function slim.<locals>.<dictcomp>.<lambda> at 0x000002DA22D52200>, 'constant_8.9': <function slim.<locals>.<dictcomp>.<lambda> at 0x000002DA22D50C20>, 'constant_9.0': <function slim.<locals>.<dictcomp>.<lambda> at 0x000002DA22D50EA0>, 'constant_9.1': <function slim.<locals>.<dictcomp>.<lambda> at 0x000002DA22D50E00>, 'constant_9.2': <function slim.<locals>.<dictcomp>.<lambda> at 0x000002DA22D52D40>, 'constant_9.3': <function slim.<locals>.<dictcomp>.<lambda> at 0x000002DA22D51260>, 'constant_9.4': <function slim.<locals>.<dictcomp>.<lambda> at 0x000002DA22D50540>, 'constant_9.5': <function slim.<locals>.<dictcomp>.<lambda> at 0x000002DA1FB23600>, 'constant_9.6': <function slim.<locals>.<dictcomp>.<lambda> at 0x000002DA1FB22B60>, 'constant_9.7': <function slim.<locals>.<dictcomp>.<lambda> at 0x000002DA1FB23740>, 'constant_9.8': <function slim.<locals>.<dictcomp>.<lambda> at 0x000002DA1FB200E0>, 'constant_9.9': <function slim.<locals>.<dictcomp>.<lambda> at 0x000002DA1FB239C0>, 'constant_10.0': <function slim.<locals>.<dictcomp>.<lambda> at 0x000002DA1FB204A0>}, 'p_c': 0.2, 'init_depth': 6, 'init_pop_size': 50, 'p_test': 0.2}"
5eda3676-073a-11f0-9970-54a95b9ec813,"{'run_info': ['SLIM*SIG2', UUID('5eda3676-073a-11f0-9970-54a95b9ec813'), 'retinopathy'], 'ffunction': <function sigmoid_rmse at 0x000002DA1C575B20>, 'max_depth': 15, 'reconstruct': True, 'n_iter': 300, 'elitism': True, 'n_elites': 1, 'log': 1, 'verbose': False, 'n_jobs': 1, 'test_elite': True, 'log_path': '../../data/results/RQ1/retinopathy/log_config_id_14.csv', 'initializer': <function rhh at 0x000002DA1C575300>, 'selector': <function tournament_selection_min.<locals>.ts at 0x000002DA22D24B80>, 'crossover': <function geometric_crossover at 0x000002DA1C2CEB60>, 'ms': <function generate_random_uniform.<locals>.generate_num at 0x000002DA1DD079C0>, 'inflate_mutator': <function inflate_mutation.<locals>.inflate at 0x000002DA1DD060C0>, 'deflate_mutator': <function deflate_mutation at 0x000002DA1C577D80>, 'p_xo': 0, 'settings_dict': {'p_test': 0.2}, 'find_elit_func': <function get_best_min at 0x000002DA1C5740E0>, 'p_inflate': 0.7, 'copy_parent': True, 'operator': 'mul', 'pop_size': 50, 'seed': 6, 'p_m': 1, 'two_trees': True, 'p_deflate': 0.30000000000000004, 'FUNCTIONS': {'add': {'function': <built-in method add of type object at 0x00007FFB07DC49D0>, 'arity': 2}, 'subtract': {'function': <built-in method sub of type object at 0x00007FFB07DC49D0>, 'arity': 2}, 'multiply': {'function': <built-in method mul of type object at 0x00007FFB07DC49D0>, 'arity': 2}, 'divide': {'function': <function protected_div at 0x000002DA1C2CDE40>, 'arity': 2}}, 'CONSTANTS': {'constant__10.0': <function slim.<locals>.<dictcomp>.<lambda> at 0x000002DA1DD05A80>, 'constant__9.9': <function slim.<locals>.<dictcomp>.<lambda> at 0x000002DA1DD07740>, 'constant__9.8': <function slim.<locals>.<dictcomp>.<lambda> at 0x000002DA1DD07EC0>, 'constant__9.7': <function slim.<locals>.<dictcomp>.<lambda> at 0x000002DA1DD077E0>, 'constant__9.6': <function slim.<locals>.<dictcomp>.<lambda> at 0x000002DA1DD05440>, 'constant__9.5': <function slim.<locals>.<dictcomp>.<lambda> at 0x000002DA1DD07BA0>, 'constant__9.4': <function slim.<locals>.<dictcomp>.<lambda> at 0x000002DA1DD074C0>, 'constant__9.3': <function slim.<locals>.<dictcomp>.<lambda> at 0x000002DA1DD06FC0>, 'constant__9.2': <function slim.<locals>.<dictcomp>.<lambda> at 0x000002DA1DD07060>, 'constant__9.1': <function slim.<locals>.<dictcomp>.<lambda> at 0x000002DA1DD07B00>, 'constant__9.0': <function slim.<locals>.<dictcomp>.<lambda> at 0x000002DA1DD076A0>, 'constant__8.9': <function slim.<locals>.<dictcomp>.<lambda> at 0x000002DA1DD05F80>, 'constant__8.8': <function slim.<locals>.<dictcomp>.<lambda> at 0x000002DA1DD07420>, 'constant__8.7': <function slim.<locals>.<dictcomp>.<lambda> at 0x000002DA1DD07240>, 'constant__8.6': <function slim.<locals>.<dictcomp>.<lambda> at 0x000002DA1DD072E0>, 'constant__8.5': <function slim.<locals>.<dictcomp>.<lambda> at 0x000002DA1DD07100>, 'constant__8.4': <function slim.<locals>.<dictcomp>.<lambda> at 0x000002DA1DD07F60>, 'constant__8.3': <function slim.<locals>.<dictcomp>.<lambda> at 0x000002DA1DD071A0>, 'constant__8.2': <function slim.<locals>.<dictcomp>.<lambda> at 0x000002DA1DD07A60>, 'constant__8.1': <function slim.<locals>.<dictcomp>.<lambda> at 0x000002DA1DD07CE0>, 'constant__8.0': <function slim.<locals>.<dictcomp>.<lambda> at 0x000002DA1DD07D80>, 'constant__7.9': <function slim.<locals>.<dictcomp>.<lambda> at 0x000002DA1DD07600>, 'constant__7.8': <function slim.<locals>.<dictcomp>.<lambda> at 0x000002DA1DD05D00>, 'constant__7.7': <function slim.<locals>.<dictcomp>.<lambda> at 0x000002DA1DD07920>, 'constant__7.6': <function slim.<locals>.<dictcomp>.<lambda> at 0x000002DA1DD053A0>, 'constant__7.5': <function slim.<locals>.<dictcomp>.<lambda> at 0x000002DA1DD07880>, 'constant__7.4': <function slim.<locals>.<dictcomp>.<lambda> at 0x000002DA1DD07380>, 'constant__7.3': <function slim.<locals>.<dictcomp>.<lambda> at 0x000002DA212E7100>, 'constant__7.2': <function slim.<locals>.<dictcomp>.<lambda> at 0x000002DA212E7060>, 'constant__7.1': <function slim.<locals>.<dictcomp>.<lambda> at 0x000002DA212E5EE0>, 'constant__7.0': <function slim.<locals>.<dictcomp>.<lambda> at 0x000002DA212E49A0>, 'constant__6.9': <function slim.<locals>.<dictcomp>.<lambda> at 0x000002DA212E4860>, 'constant__6.8': <function slim.<locals>.<dictcomp>.<lambda> at 0x000002DA212E56C0>, 'constant__6.7': <function slim.<locals>.<dictcomp>.<lambda> at 0x000002DA212E7A60>, 'constant__6.6': <function slim.<locals>.<dictcomp>.<lambda> at 0x000002DA212E72E0>, 'constant__6.5': <function slim.<locals>.<dictcomp>.<lambda> at 0x000002DA212E7920>, 'constant__6.4': <function slim.<locals>.<dictcomp>.<lambda> at 0x000002DA212E4720>, 'constant__6.3': <function slim.<locals>.<dictcomp>.<lambda> at 0x000002DA212E6E80>, 'constant__6.2': <function slim.<locals>.<dictcomp>.<lambda> at 0x000002DA212E6200>, 'constant__6.1': <function slim.<locals>.<dictcomp>.<lambda> at 0x000002DA212E7D80>, 'constant__6.0': <function slim.<locals>.<dictcomp>.<lambda> at 0x000002DA212E6A20>, 'constant__5.9': <function slim.<locals>.<dictcomp>.<lambda> at 0x000002DA212E5440>, 'constant__5.8': <function slim.<locals>.<dictcomp>.<lambda> at 0x000002DA212E74C0>, 'constant__5.7': <function slim.<locals>.<dictcomp>.<lambda> at 0x000002DA212E7380>, 'constant__5.6': <function slim.<locals>.<dictcomp>.<lambda> at 0x000002DA212E6FC0>, 'constant__5.5': <function slim.<locals>.<dictcomp>.<lambda> at 0x000002DA212E58A0>, 'constant__5.4': <function slim.<locals>.<dictcomp>.<lambda> at 0x000002DA212E5080>, 'constant__5.3': <function slim.<locals>.<dictcomp>.<lambda> at 0x000002DA212E53A0>, 'constant__5.2': <function slim.<locals>.<dictcomp>.<lambda> at 0x000002DA212E7240>, 'constant__5.1': <function slim.<locals>.<dictcomp>.<lambda> at 0x000002DA212E4400>, 'constant__5.0': <function slim.<locals>.<dictcomp>.<lambda> at 0x000002DA212E5260>, 'constant__4.9': <function slim.<locals>.<dictcomp>.<lambda> at 0x000002DA212E45E0>, 'constant__4.8': <function slim.<locals>.<dictcomp>.<lambda> at 0x000002DA212E4F40>, 'constant__4.7': <function slim.<locals>.<dictcomp>.<lambda> at 0x000002DA212E6840>, 'constant__4.6': <function slim.<locals>.<dictcomp>.<lambda> at 0x000002DA212E47C0>, 'constant__4.5': <function slim.<locals>.<dictcomp>.<lambda> at 0x000002DA212E5BC0>, 'constant__4.4': <function slim.<locals>.<dictcomp>.<lambda> at 0x000002DA212E5800>, 'constant__4.3': <function slim.<locals>.<dictcomp>.<lambda> at 0x000002DA212E5B20>, 'constant__4.2': <function slim.<locals>.<dictcomp>.<lambda> at 0x000002DA212E7EC0>, 'constant__4.1': <function slim.<locals>.<dictcomp>.<lambda> at 0x000002DA212E4360>, 'constant__4.0': <function slim.<locals>.<dictcomp>.<lambda> at 0x000002DA212E5C60>, 'constant__3.9': <function slim.<locals>.<dictcomp>.<lambda> at 0x000002DA212E59E0>, 'constant__3.8': <function slim.<locals>.<dictcomp>.<lambda> at 0x000002DA212E51C0>, 'constant__3.7': <function slim.<locals>.<dictcomp>.<lambda> at 0x000002DA212E6020>, 'constant__3.6': <function slim.<locals>.<dictcomp>.<lambda> at 0x000002DA212E5A80>, 'constant__3.5': <function slim.<locals>.<dictcomp>.<lambda> at 0x000002DA212E7560>, 'constant__3.4': <function slim.<locals>.<dictcomp>.<lambda> at 0x000002DA212E5940>, 'constant__3.3': <function slim.<locals>.<dictcomp>.<lambda> at 0x000002DA212E5300>, 'constant__3.2': <function slim.<locals>.<dictcomp>.<lambda> at 0x000002DA212E5D00>, 'constant__3.1': <function slim.<locals>.<dictcomp>.<lambda> at 0x000002DA212E54E0>, 'constant__3.0': <function slim.<locals>.<dictcomp>.<lambda> at 0x000002DA212E4040>, 'constant__2.9': <function slim.<locals>.<dictcomp>.<lambda> at 0x000002DA212E4D60>, 'constant__2.8': <function slim.<locals>.<dictcomp>.<lambda> at 0x000002DA212E44A0>, 'constant__2.7': <function slim.<locals>.<dictcomp>.<lambda> at 0x000002DA212E7880>, 'constant__2.6': <function slim.<locals>.<dictcomp>.<lambda> at 0x000002DA212E4B80>, 'constant__2.5': <function slim.<locals>.<dictcomp>.<lambda> at 0x000002DA212E5F80>, 'constant__2.4': <function slim.<locals>.<dictcomp>.<lambda> at 0x000002DA212E4EA0>, 'constant__2.3': <function slim.<locals>.<dictcomp>.<lambda> at 0x000002DA212E4A40>, 'constant__2.2': <function slim.<locals>.<dictcomp>.<lambda> at 0x000002DA212E5DA0>, 'constant__2.1': <function slim.<locals>.<dictcomp>.<lambda> at 0x000002DA212E7420>, 'constant__2.0': <function slim.<locals>.<dictcomp>.<lambda> at 0x000002DA212E6160>, 'constant__1.9': <function slim.<locals>.<dictcomp>.<lambda> at 0x000002DA212E5620>, 'constant__1.8': <function slim.<locals>.<dictcomp>.<lambda> at 0x000002DA212E6D40>, 'constant__1.7': <function slim.<locals>.<dictcomp>.<lambda> at 0x000002DA212E65C0>, 'constant__1.6': <function slim.<locals>.<dictcomp>.<lambda> at 0x000002DA212E4680>, 'constant__1.5': <function slim.<locals>.<dictcomp>.<lambda> at 0x000002DA212E6AC0>, 'constant__1.4': <function slim.<locals>.<dictcomp>.<lambda> at 0x000002DA212E4900>, 'constant__1.3': <function slim.<locals>.<dictcomp>.<lambda> at 0x000002DA212E7600>, 'constant__1.2': <function slim.<locals>.<dictcomp>.<lambda> at 0x000002DA212E7740>, 'constant__1.1': <function slim.<locals>.<dictcomp>.<lambda> at 0x000002DA212E68E0>, 'constant__1.0': <function slim.<locals>.<dictcomp>.<lambda> at 0x000002DA212E6660>, 'constant__0.9': <function slim.<locals>.<dictcomp>.<lambda> at 0x000002DA212E7F60>, 'constant__0.8': <function slim.<locals>.<dictcomp>.<lambda> at 0x000002DA212E7BA0>, 'constant__0.7': <function slim.<locals>.<dictcomp>.<lambda> at 0x000002DA212E6980>, 'constant__0.6': <function slim.<locals>.<dictcomp>.<lambda> at 0x000002DA212E7B00>, 'constant__0.5': <function slim.<locals>.<dictcomp>.<lambda> at 0x000002DA212E40E0>, 'constant__0.4': <function slim.<locals>.<dictcomp>.<lambda> at 0x000002DA212E6B60>, 'constant__0.3': <function slim.<locals>.<dictcomp>.<lambda> at 0x000002DA212E4180>, 'constant__0.2': <function slim.<locals>.<dictcomp>.<lambda> at 0x000002DA212E79C0>, 'constant__0.1': <function slim.<locals>.<dictcomp>.<lambda> at 0x000002DA212E6480>, 'constant_0.0': <function slim.<locals>.<dictcomp>.<lambda> at 0x000002DA212E5120>, 'constant_0.1': <function slim.<locals>.<dictcomp>.<lambda> at 0x000002DA212E6520>, 'constant_0.2': <function slim.<locals>.<dictcomp>.<lambda> at 0x000002DA212E6700>, 'constant_0.3': <function slim.<locals>.<dictcomp>.<lambda> at 0x000002DA212E4540>, 'constant_0.4': <function slim.<locals>.<dictcomp>.<lambda> at 0x000002DA212E6CA0>, 'constant_0.5': <function slim.<locals>.<dictcomp>.<lambda> at 0x000002DA212E5E40>, 'constant_0.6': <function slim.<locals>.<dictcomp>.<lambda> at 0x000002DA212E42C0>, 'constant_0.7': <function slim.<locals>.<dictcomp>.<lambda> at 0x000002DA212E6C00>, 'constant_0.8': <function slim.<locals>.<dictcomp>.<lambda> at 0x000002DA212E6F20>, 'constant_0.9': <function slim.<locals>.<dictcomp>.<lambda> at 0x000002DA212E4AE0>, 'constant_1.0': <function slim.<locals>.<dictcomp>.<lambda> at 0x000002DA212E5760>, 'constant_1.1': <function slim.<locals>.<dictcomp>.<lambda> at 0x000002DA212E7E20>, 'constant_1.2': <function slim.<locals>.<dictcomp>.<lambda> at 0x000002DA212E4220>, 'constant_1.3': <function slim.<locals>.<dictcomp>.<lambda> at 0x000002DA212E4C20>, 'constant_1.4': <function slim.<locals>.<dictcomp>.<lambda> at 0x000002DA212E60C0>, 'constant_1.5': <function slim.<locals>.<dictcomp>.<lambda> at 0x000002DA212E7CE0>, 'constant_1.6': <function slim.<locals>.<dictcomp>.<lambda> at 0x000002DA212E4E00>, 'constant_1.7': <function slim.<locals>.<dictcomp>.<lambda> at 0x000002DA212E71A0>, 'constant_1.8': <function slim.<locals>.<dictcomp>.<lambda> at 0x000002DA212E77E0>, 'constant_1.9': <function slim.<locals>.<dictcomp>.<lambda> at 0x000002DA212E63E0>, 'constant_2.0': <function slim.<locals>.<dictcomp>.<lambda> at 0x000002DA212E4FE0>, 'constant_2.1': <function slim.<locals>.<dictcomp>.<lambda> at 0x000002DA212E6340>, 'constant_2.2': <function slim.<locals>.<dictcomp>.<lambda> at 0x000002DA212E5580>, 'constant_2.3': <function slim.<locals>.<dictcomp>.<lambda> at 0x000002DA212E7C40>, 'constant_2.4': <function slim.<locals>.<dictcomp>.<lambda> at 0x000002DA212E67A0>, 'constant_2.5': <function slim.<locals>.<dictcomp>.<lambda> at 0x000002DA1FB23B00>, 'constant_2.6': <function slim.<locals>.<dictcomp>.<lambda> at 0x000002DA1FB22340>, 'constant_2.7': <function slim.<locals>.<dictcomp>.<lambda> at 0x000002DA1FB23420>, 'constant_2.8': <function slim.<locals>.<dictcomp>.<lambda> at 0x000002DA1FB23D80>, 'constant_2.9': <function slim.<locals>.<dictcomp>.<lambda> at 0x000002DA1FB21760>, 'constant_3.0': <function slim.<locals>.<dictcomp>.<lambda> at 0x000002DA1FB231A0>, 'constant_3.1': <function slim.<locals>.<dictcomp>.<lambda> at 0x000002DA1FB22CA0>, 'constant_3.2': <function slim.<locals>.<dictcomp>.<lambda> at 0x000002DA1FB23060>, 'constant_3.3': <function slim.<locals>.<dictcomp>.<lambda> at 0x000002DA1FB20E00>, 'constant_3.4': <function slim.<locals>.<dictcomp>.<lambda> at 0x000002DA1FB21440>, 'constant_3.5': <function slim.<locals>.<dictcomp>.<lambda> at 0x000002DA1FB20400>, 'constant_3.6': <function slim.<locals>.<dictcomp>.<lambda> at 0x000002DA1FB21300>, 'constant_3.7': <function slim.<locals>.<dictcomp>.<lambda> at 0x000002DA1FB22E80>, 'constant_3.8': <function slim.<locals>.<dictcomp>.<lambda> at 0x000002DA1FB236A0>, 'constant_3.9': <function slim.<locals>.<dictcomp>.<lambda> at 0x000002DA1FB22480>, 'constant_4.0': <function slim.<locals>.<dictcomp>.<lambda> at 0x000002DA1FB219E0>, 'constant_4.1': <function slim.<locals>.<dictcomp>.<lambda> at 0x000002DA1FB232E0>, 'constant_4.2': <function slim.<locals>.<dictcomp>.<lambda> at 0x000002DA1FB23F60>, 'constant_4.3': <function slim.<locals>.<dictcomp>.<lambda> at 0x000002DA1FB23CE0>, 'constant_4.4': <function slim.<locals>.<dictcomp>.<lambda> at 0x000002DA1FB225C0>, 'constant_4.5': <function slim.<locals>.<dictcomp>.<lambda> at 0x000002DA1FB20B80>, 'constant_4.6': <function slim.<locals>.<dictcomp>.<lambda> at 0x000002DA1FB228E0>, 'constant_4.7': <function slim.<locals>.<dictcomp>.<lambda> at 0x000002DA1FB20FE0>, 'constant_4.8': <function slim.<locals>.<dictcomp>.<lambda> at 0x000002DA1FB22F20>, 'constant_4.9': <function slim.<locals>.<dictcomp>.<lambda> at 0x000002DA1FB23380>, 'constant_5.0': <function slim.<locals>.<dictcomp>.<lambda> at 0x000002DA1FB23A60>, 'constant_5.1': <function slim.<locals>.<dictcomp>.<lambda> at 0x000002DA1FB20A40>, 'constant_5.2': <function slim.<locals>.<dictcomp>.<lambda> at 0x000002DA1FB21A80>, 'constant_5.3': <function slim.<locals>.<dictcomp>.<lambda> at 0x000002DA1FB21D00>, 'constant_5.4': <function slim.<locals>.<dictcomp>.<lambda> at 0x000002DA1FB22D40>, 'constant_5.5': <function slim.<locals>.<dictcomp>.<lambda> at 0x000002DA1FB22FC0>, 'constant_5.6': <function slim.<locals>.<dictcomp>.<lambda> at 0x000002DA1FB21620>, 'constant_5.7': <function slim.<locals>.<dictcomp>.<lambda> at 0x000002DA1FB23C40>, 'constant_5.8': <function slim.<locals>.<dictcomp>.<lambda> at 0x000002DA1FB22660>, 'constant_5.9': <function slim.<locals>.<dictcomp>.<lambda> at 0x000002DA1FB20220>, 'constant_6.0': <function slim.<locals>.<dictcomp>.<lambda> at 0x000002DA1FB21F80>, 'constant_6.1': <function slim.<locals>.<dictcomp>.<lambda> at 0x000002DA1FB223E0>, 'constant_6.2': <function slim.<locals>.<dictcomp>.<lambda> at 0x000002DA1FB234C0>, 'constant_6.3': <function slim.<locals>.<dictcomp>.<lambda> at 0x000002DA1FB22200>, 'constant_6.4': <function slim.<locals>.<dictcomp>.<lambda> at 0x000002DA1FB218A0>, 'constant_6.5': <function slim.<locals>.<dictcomp>.<lambda> at 0x000002DA1FB23100>, 'constant_6.6': <function slim.<locals>.<dictcomp>.<lambda> at 0x000002DA1FB202C0>, 'constant_6.7': <function slim.<locals>.<dictcomp>.<lambda> at 0x000002DA1FB21120>, 'constant_6.8': <function slim.<locals>.<dictcomp>.<lambda> at 0x000002DA1FB21260>, 'constant_6.9': <function slim.<locals>.<dictcomp>.<lambda> at 0x000002DA1FB23560>, 'constant_7.0': <function slim.<locals>.<dictcomp>.<lambda> at 0x000002DA1FB22AC0>, 'constant_7.1': <function slim.<locals>.<dictcomp>.<lambda> at 0x000002DA1FB20EA0>, 'constant_7.2': <function slim.<locals>.<dictcomp>.<lambda> at 0x000002DA1FB22840>, 'constant_7.3': <function slim.<locals>.<dictcomp>.<lambda> at 0x000002DA1FB21EE0>, 'constant_7.4': <function slim.<locals>.<dictcomp>.<lambda> at 0x000002DA1FB207C0>, 'constant_7.5': <function slim.<locals>.<dictcomp>.<lambda> at 0x000002DA1FB22020>, 'constant_7.6': <function slim.<locals>.<dictcomp>.<lambda> at 0x000002DA1FB21B20>, 'constant_7.7': <function slim.<locals>.<dictcomp>.<lambda> at 0x000002DA1FB205E0>, 'constant_7.8': <function slim.<locals>.<dictcomp>.<lambda> at 0x000002DA1FB21DA0>, 'constant_7.9': <function slim.<locals>.<dictcomp>.<lambda> at 0x000002DA1FB23880>, 'constant_8.0': <function slim.<locals>.<dictcomp>.<lambda> at 0x000002DA1FB23E20>, 'constant_8.1': <function slim.<locals>.<dictcomp>.<lambda> at 0x000002DA1FB211C0>, 'constant_8.2': <function slim.<locals>.<dictcomp>.<lambda> at 0x000002DA1FB21940>, 'constant_8.3': <function slim.<locals>.<dictcomp>.<lambda> at 0x000002DA1FB227A0>, 'constant_8.4': <function slim.<locals>.<dictcomp>.<lambda> at 0x000002DA1FB21580>, 'constant_8.5': <function slim.<locals>.<dictcomp>.<lambda> at 0x000002DA1FB22980>, 'constant_8.6': <function slim.<locals>.<dictcomp>.<lambda> at 0x000002DA1FB21080>, 'constant_8.7': <function slim.<locals>.<dictcomp>.<lambda> at 0x000002DA1FB20720>, 'constant_8.8': <function slim.<locals>.<dictcomp>.<lambda> at 0x000002DA1FB21800>, 'constant_8.9': <function slim.<locals>.<dictcomp>.<lambda> at 0x000002DA1FB216C0>, 'constant_9.0': <function slim.<locals>.<dictcomp>.<lambda> at 0x000002DA1FB22DE0>, 'constant_9.1': <function slim.<locals>.<dictcomp>.<lambda> at 0x000002DA1FB20C20>, 'constant_9.2': <function slim.<locals>.<dictcomp>.<lambda> at 0x000002DA1FB20D60>, 'constant_9.3': <function slim.<locals>.<dictcomp>.<lambda> at 0x000002DA1FB23EC0>, 'constant_9.4': <function slim.<locals>.<dictcomp>.<lambda> at 0x000002DA1FB20540>, 'constant_9.5': <function slim.<locals>.<dictcomp>.<lambda> at 0x000002DA1FB20180>, 'constant_9.6': <function slim.<locals>.<dictcomp>.<lambda> at 0x000002DA1FB22700>, 'constant_9.7': <function slim.<locals>.<dictcomp>.<lambda> at 0x000002DA1FB20F40>, 'constant_9.8': <function slim.<locals>.<dictcomp>.<lambda> at 0x000002DA1FB213A0>, 'constant_9.9': <function slim.<locals>.<dictcomp>.<lambda> at 0x000002DA1FB20680>, 'constant_10.0': <function slim.<locals>.<dictcomp>.<lambda> at 0x000002DA1FB220C0>}, 'p_c': 0.2, 'init_depth': 6, 'init_pop_size': 50, 'p_test': 0.2}"
5eda3676-073a-11f0-9970-54a95b9ec813,"{'run_info': ['SLIM*SIG2', UUID('5eda3676-073a-11f0-9970-54a95b9ec813'), 'retinopathy'], 'ffunction': <function sigmoid_rmse at 0x000002DA1C575B20>, 'max_depth': 15, 'reconstruct': True, 'n_iter': 300, 'elitism': True, 'n_elites': 1, 'log': 1, 'verbose': False, 'n_jobs': 1, 'test_elite': True, 'log_path': '../../data/results/RQ1/retinopathy/log_config_id_14.csv', 'initializer': <function rhh at 0x000002DA1C575300>, 'selector': <function tournament_selection_min.<locals>.ts at 0x000002DA1DD079C0>, 'crossover': <function geometric_crossover at 0x000002DA1C2CEB60>, 'ms': <function generate_random_uniform.<locals>.generate_num at 0x000002DA22E093A0>, 'inflate_mutator': <function inflate_mutation.<locals>.inflate at 0x000002DA22E09BC0>, 'deflate_mutator': <function deflate_mutation at 0x000002DA1C577D80>, 'p_xo': 0, 'settings_dict': {'p_test': 0.2}, 'find_elit_func': <function get_best_min at 0x000002DA1C5740E0>, 'p_inflate': 0.7, 'copy_parent': True, 'operator': 'mul', 'pop_size': 50, 'seed': 7, 'p_m': 1, 'two_trees': True, 'p_deflate': 0.30000000000000004, 'FUNCTIONS': {'add': {'function': <built-in method add of type object at 0x00007FFB07DC49D0>, 'arity': 2}, 'subtract': {'function': <built-in method sub of type object at 0x00007FFB07DC49D0>, 'arity': 2}, 'multiply': {'function': <built-in method mul of type object at 0x00007FFB07DC49D0>, 'arity': 2}, 'divide': {'function': <function protected_div at 0x000002DA1C2CDE40>, 'arity': 2}}, 'CONSTANTS': {'constant__10.0': <function slim.<locals>.<dictcomp>.<lambda> at 0x000002DA22E0AF20>, 'constant__9.9': <function slim.<locals>.<dictcomp>.<lambda> at 0x000002DA22E0AFC0>, 'constant__9.8': <function slim.<locals>.<dictcomp>.<lambda> at 0x000002DA22E08D60>, 'constant__9.7': <function slim.<locals>.<dictcomp>.<lambda> at 0x000002DA22E0ACA0>, 'constant__9.6': <function slim.<locals>.<dictcomp>.<lambda> at 0x000002DA22E08040>, 'constant__9.5': <function slim.<locals>.<dictcomp>.<lambda> at 0x000002DA22E0B880>, 'constant__9.4': <function slim.<locals>.<dictcomp>.<lambda> at 0x000002DA22E0BEC0>, 'constant__9.3': <function slim.<locals>.<dictcomp>.<lambda> at 0x000002DA22E0BCE0>, 'constant__9.2': <function slim.<locals>.<dictcomp>.<lambda> at 0x000002DA22E0AE80>, 'constant__9.1': <function slim.<locals>.<dictcomp>.<lambda> at 0x000002DA22E08540>, 'constant__9.0': <function slim.<locals>.<dictcomp>.<lambda> at 0x000002DA22E094E0>, 'constant__8.9': <function slim.<locals>.<dictcomp>.<lambda> at 0x000002DA22E0B060>, 'constant__8.8': <function slim.<locals>.<dictcomp>.<lambda> at 0x000002DA22E098A0>, 'constant__8.7': <function slim.<locals>.<dictcomp>.<lambda> at 0x000002DA22E08F40>, 'constant__8.6': <function slim.<locals>.<dictcomp>.<lambda> at 0x000002DA22E0B9C0>, 'constant__8.5': <function slim.<locals>.<dictcomp>.<lambda> at 0x000002DA22E0BE20>, 'constant__8.4': <function slim.<locals>.<dictcomp>.<lambda> at 0x000002DA22E0A5C0>, 'constant__8.3': <function slim.<locals>.<dictcomp>.<lambda> at 0x000002DA22E09A80>, 'constant__8.2': <function slim.<locals>.<dictcomp>.<lambda> at 0x000002DA22E09D00>, 'constant__8.1': <function slim.<locals>.<dictcomp>.<lambda> at 0x000002DA22E0A020>, 'constant__8.0': <function slim.<locals>.<dictcomp>.<lambda> at 0x000002DA22E0BC40>, 'constant__7.9': <function slim.<locals>.<dictcomp>.<lambda> at 0x000002DA22E09120>, 'constant__7.8': <function slim.<locals>.<dictcomp>.<lambda> at 0x000002DA22E0B100>, 'constant__7.7': <function slim.<locals>.<dictcomp>.<lambda> at 0x000002DA22E08FE0>, 'constant__7.6': <function slim.<locals>.<dictcomp>.<lambda> at 0x000002DA22E0A8E0>, 'constant__7.5': <function slim.<locals>.<dictcomp>.<lambda> at 0x000002DA22E0B240>, 'constant__7.4': <function slim.<locals>.<dictcomp>.<lambda> at 0x000002DA22E085E0>, 'constant__7.3': <function slim.<locals>.<dictcomp>.<lambda> at 0x000002DA22E08860>, 'constant__7.2': <function slim.<locals>.<dictcomp>.<lambda> at 0x000002DA22E0AB60>, 'constant__7.1': <function slim.<locals>.<dictcomp>.<lambda> at 0x000002DA22E0A340>, 'constant__7.0': <function slim.<locals>.<dictcomp>.<lambda> at 0x000002DA22E09B20>, 'constant__6.9': <function slim.<locals>.<dictcomp>.<lambda> at 0x000002DA22E09F80>, 'constant__6.8': <function slim.<locals>.<dictcomp>.<lambda> at 0x000002DA22E08720>, 'constant__6.7': <function slim.<locals>.<dictcomp>.<lambda> at 0x000002DA22E09EE0>, 'constant__6.6': <function slim.<locals>.<dictcomp>.<lambda> at 0x000002DA22E0A2A0>, 'constant__6.5': <function slim.<locals>.<dictcomp>.<lambda> at 0x000002DA22E09940>, 'constant__6.4': <function slim.<locals>.<dictcomp>.<lambda> at 0x000002DA22E0B2E0>, 'constant__6.3': <function slim.<locals>.<dictcomp>.<lambda> at 0x000002DA22E0BD80>, 'constant__6.2': <function slim.<locals>.<dictcomp>.<lambda> at 0x000002DA22E0AC00>, 'constant__6.1': <function slim.<locals>.<dictcomp>.<lambda> at 0x000002DA1DD07C40>, 'constant__6.0': <function slim.<locals>.<dictcomp>.<lambda> at 0x000002DA1DD07560>, 'constant__5.9': <function slim.<locals>.<dictcomp>.<lambda> at 0x000002DA1DD07E20>, 'constant__5.8': <function slim.<locals>.<dictcomp>.<lambda> at 0x000002DA1DD05B20>, 'constant__5.7': <function slim.<locals>.<dictcomp>.<lambda> at 0x000002DA1C58C040>, 'constant__5.6': <function slim.<locals>.<dictcomp>.<lambda> at 0x000002DA22D249A0>, 'constant__5.5': <function slim.<locals>.<dictcomp>.<lambda> at 0x000002DA22D268E0>, 'constant__5.4': <function slim.<locals>.<dictcomp>.<lambda> at 0x000002DA22D25940>, 'constant__5.3': <function slim.<locals>.<dictcomp>.<lambda> at 0x000002DA22D25620>, 'constant__5.2': <function slim.<locals>.<dictcomp>.<lambda> at 0x000002DA22D245E0>, 'constant__5.1': <function slim.<locals>.<dictcomp>.<lambda> at 0x000002DA22D254E0>, 'constant__5.0': <function slim.<locals>.<dictcomp>.<lambda> at 0x000002DA22D26200>, 'constant__4.9': <function slim.<locals>.<dictcomp>.<lambda> at 0x000002DA22D27060>, 'constant__4.8': <function slim.<locals>.<dictcomp>.<lambda> at 0x000002DA22D272E0>, 'constant__4.7': <function slim.<locals>.<dictcomp>.<lambda> at 0x000002DA22D256C0>, 'constant__4.6': <function slim.<locals>.<dictcomp>.<lambda> at 0x000002DA22D26480>, 'constant__4.5': <function slim.<locals>.<dictcomp>.<lambda> at 0x000002DA22D26C00>, 'constant__4.4': <function slim.<locals>.<dictcomp>.<lambda> at 0x000002DA22D263E0>, 'constant__4.3': <function slim.<locals>.<dictcomp>.<lambda> at 0x000002DA22D24A40>, 'constant__4.2': <function slim.<locals>.<dictcomp>.<lambda> at 0x000002DA22D267A0>, 'constant__4.1': <function slim.<locals>.<dictcomp>.<lambda> at 0x000002DA22D26340>, 'constant__4.0': <function slim.<locals>.<dictcomp>.<lambda> at 0x000002DA22D27100>, 'constant__3.9': <function slim.<locals>.<dictcomp>.<lambda> at 0x000002DA22D276A0>, 'constant__3.8': <function slim.<locals>.<dictcomp>.<lambda> at 0x000002DA22D25300>, 'constant__3.7': <function slim.<locals>.<dictcomp>.<lambda> at 0x000002DA22D24040>, 'constant__3.6': <function slim.<locals>.<dictcomp>.<lambda> at 0x000002DA22D24680>, 'constant__3.5': <function slim.<locals>.<dictcomp>.<lambda> at 0x000002DA22D24860>, 'constant__3.4': <function slim.<locals>.<dictcomp>.<lambda> at 0x000002DA22D271A0>, 'constant__3.3': <function slim.<locals>.<dictcomp>.<lambda> at 0x000002DA22D27D80>, 'constant__3.2': <function slim.<locals>.<dictcomp>.<lambda> at 0x000002DA22D244A0>, 'constant__3.1': <function slim.<locals>.<dictcomp>.<lambda> at 0x000002DA22D279C0>, 'constant__3.0': <function slim.<locals>.<dictcomp>.<lambda> at 0x000002DA22D265C0>, 'constant__2.9': <function slim.<locals>.<dictcomp>.<lambda> at 0x000002DA22D251C0>, 'constant__2.8': <function slim.<locals>.<dictcomp>.<lambda> at 0x000002DA22D24720>, 'constant__2.7': <function slim.<locals>.<dictcomp>.<lambda> at 0x000002DA22D27420>, 'constant__2.6': <function slim.<locals>.<dictcomp>.<lambda> at 0x000002DA22D262A0>, 'constant__2.5': <function slim.<locals>.<dictcomp>.<lambda> at 0x000002DA22D26700>, 'constant__2.4': <function slim.<locals>.<dictcomp>.<lambda> at 0x000002DA22D274C0>, 'constant__2.3': <function slim.<locals>.<dictcomp>.<lambda> at 0x000002DA22D25F80>, 'constant__2.2': <function slim.<locals>.<dictcomp>.<lambda> at 0x000002DA22D24CC0>, 'constant__2.1': <function slim.<locals>.<dictcomp>.<lambda> at 0x000002DA22D25EE0>, 'constant__2.0': <function slim.<locals>.<dictcomp>.<lambda> at 0x000002DA22D26840>, 'constant__1.9': <function slim.<locals>.<dictcomp>.<lambda> at 0x000002DA22D27B00>, 'constant__1.8': <function slim.<locals>.<dictcomp>.<lambda> at 0x000002DA22D26020>, 'constant__1.7': <function slim.<locals>.<dictcomp>.<lambda> at 0x000002DA22D27CE0>, 'constant__1.6': <function slim.<locals>.<dictcomp>.<lambda> at 0x000002DA22D247C0>, 'constant__1.5': <function slim.<locals>.<dictcomp>.<lambda> at 0x000002DA22D242C0>, 'constant__1.4': <function slim.<locals>.<dictcomp>.<lambda> at 0x000002DA22D24900>, 'constant__1.3': <function slim.<locals>.<dictcomp>.<lambda> at 0x000002DA22D25800>, 'constant__1.2': <function slim.<locals>.<dictcomp>.<lambda> at 0x000002DA22D25440>, 'constant__1.1': <function slim.<locals>.<dictcomp>.<lambda> at 0x000002DA22D24D60>, 'constant__1.0': <function slim.<locals>.<dictcomp>.<lambda> at 0x000002DA22D24E00>, 'constant__0.9': <function slim.<locals>.<dictcomp>.<lambda> at 0x000002DA22D26A20>, 'constant__0.8': <function slim.<locals>.<dictcomp>.<lambda> at 0x000002DA22D27240>, 'constant__0.7': <function slim.<locals>.<dictcomp>.<lambda> at 0x000002DA22D26D40>, 'constant__0.6': <function slim.<locals>.<dictcomp>.<lambda> at 0x000002DA22D260C0>, 'constant__0.5': <function slim.<locals>.<dictcomp>.<lambda> at 0x000002DA22D25260>, 'constant__0.4': <function slim.<locals>.<dictcomp>.<lambda> at 0x000002DA22D25E40>, 'constant__0.3': <function slim.<locals>.<dictcomp>.<lambda> at 0x000002DA22D24540>, 'constant__0.2': <function slim.<locals>.<dictcomp>.<lambda> at 0x000002DA22D26B60>, 'constant__0.1': <function slim.<locals>.<dictcomp>.<lambda> at 0x000002DA22D26660>, 'constant_0.0': <function slim.<locals>.<dictcomp>.<lambda> at 0x000002DA22D27BA0>, 'constant_0.1': <function slim.<locals>.<dictcomp>.<lambda> at 0x000002DA22D27920>, 'constant_0.2': <function slim.<locals>.<dictcomp>.<lambda> at 0x000002DA22D25580>, 'constant_0.3': <function slim.<locals>.<dictcomp>.<lambda> at 0x000002DA22D27740>, 'constant_0.4': <function slim.<locals>.<dictcomp>.<lambda> at 0x000002DA22D24360>, 'constant_0.5': <function slim.<locals>.<dictcomp>.<lambda> at 0x000002DA22D26160>, 'constant_0.6': <function slim.<locals>.<dictcomp>.<lambda> at 0x000002DA22D25760>, 'constant_0.7': <function slim.<locals>.<dictcomp>.<lambda> at 0x000002DA22D27C40>, 'constant_0.8': <function slim.<locals>.<dictcomp>.<lambda> at 0x000002DA22D26AC0>, 'constant_0.9': <function slim.<locals>.<dictcomp>.<lambda> at 0x000002DA22D25120>, 'constant_1.0': <function slim.<locals>.<dictcomp>.<lambda> at 0x000002DA22D25DA0>, 'constant_1.1': <function slim.<locals>.<dictcomp>.<lambda> at 0x000002DA22D25A80>, 'constant_1.2': <function slim.<locals>.<dictcomp>.<lambda> at 0x000002DA22D24180>, 'constant_1.3': <function slim.<locals>.<dictcomp>.<lambda> at 0x000002DA22D25B20>, 'constant_1.4': <function slim.<locals>.<dictcomp>.<lambda> at 0x000002DA22D24EA0>, 'constant_1.5': <function slim.<locals>.<dictcomp>.<lambda> at 0x000002DA22D26980>, 'constant_1.6': <function slim.<locals>.<dictcomp>.<lambda> at 0x000002DA22D240E0>, 'constant_1.7': <function slim.<locals>.<dictcomp>.<lambda> at 0x000002DA22D26FC0>, 'constant_1.8': <function slim.<locals>.<dictcomp>.<lambda> at 0x000002DA22D258A0>, 'constant_1.9': <function slim.<locals>.<dictcomp>.<lambda> at 0x000002DA22D24400>, 'constant_2.0': <function slim.<locals>.<dictcomp>.<lambda> at 0x000002DA22D26CA0>, 'constant_2.1': <function slim.<locals>.<dictcomp>.<lambda> at 0x000002DA22D27560>, 'constant_2.2': <function slim.<locals>.<dictcomp>.<lambda> at 0x000002DA22D24220>, 'constant_2.3': <function slim.<locals>.<dictcomp>.<lambda> at 0x000002DA22D27F60>, 'constant_2.4': <function slim.<locals>.<dictcomp>.<lambda> at 0x000002DA22D24FE0>, 'constant_2.5': <function slim.<locals>.<dictcomp>.<lambda> at 0x000002DA22D26520>, 'constant_2.6': <function slim.<locals>.<dictcomp>.<lambda> at 0x000002DA22D27E20>, 'constant_2.7': <function slim.<locals>.<dictcomp>.<lambda> at 0x000002DA22D27A60>, 'constant_2.8': <function slim.<locals>.<dictcomp>.<lambda> at 0x000002DA22D26DE0>, 'constant_2.9': <function slim.<locals>.<dictcomp>.<lambda> at 0x000002DA22D24AE0>, 'constant_3.0': <function slim.<locals>.<dictcomp>.<lambda> at 0x000002DA22D27EC0>, 'constant_3.1': <function slim.<locals>.<dictcomp>.<lambda> at 0x000002DA22D25080>, 'constant_3.2': <function slim.<locals>.<dictcomp>.<lambda> at 0x000002DA22D25D00>, 'constant_3.3': <function slim.<locals>.<dictcomp>.<lambda> at 0x000002DA22D253A0>, 'constant_3.4': <function slim.<locals>.<dictcomp>.<lambda> at 0x000002DA22D26F20>, 'constant_3.5': <function slim.<locals>.<dictcomp>.<lambda> at 0x000002DA22D27380>, 'constant_3.6': <function slim.<locals>.<dictcomp>.<lambda> at 0x000002DA22D25C60>, 'constant_3.7': <function slim.<locals>.<dictcomp>.<lambda> at 0x000002DA22D24C20>, 'constant_3.8': <function slim.<locals>.<dictcomp>.<lambda> at 0x000002DA22D277E0>, 'constant_3.9': <function slim.<locals>.<dictcomp>.<lambda> at 0x000002DA22D259E0>, 'constant_4.0': <function slim.<locals>.<dictcomp>.<lambda> at 0x000002DA22D25BC0>, 'constant_4.1': <function slim.<locals>.<dictcomp>.<lambda> at 0x000002DA1CCDFCE0>, 'constant_4.2': <function slim.<locals>.<dictcomp>.<lambda> at 0x000002DA1F6827A0>, 'constant_4.3': <function slim.<locals>.<dictcomp>.<lambda> at 0x000002DA1F6839C0>, 'constant_4.4': <function slim.<locals>.<dictcomp>.<lambda> at 0x000002DA1F681A80>, 'constant_4.5': <function slim.<locals>.<dictcomp>.<lambda> at 0x000002DA1F682980>, 'constant_4.6': <function slim.<locals>.<dictcomp>.<lambda> at 0x000002DA1F683740>, 'constant_4.7': <function slim.<locals>.<dictcomp>.<lambda> at 0x000002DA1F6804A0>, 'constant_4.8': <function slim.<locals>.<dictcomp>.<lambda> at 0x000002DA1F680D60>, 'constant_4.9': <function slim.<locals>.<dictcomp>.<lambda> at 0x000002DA1F680360>, 'constant_5.0': <function slim.<locals>.<dictcomp>.<lambda> at 0x000002DA1F683A60>, 'constant_5.1': <function slim.<locals>.<dictcomp>.<lambda> at 0x000002DA1F6802C0>, 'constant_5.2': <function slim.<locals>.<dictcomp>.<lambda> at 0x000002DA1F680C20>, 'constant_5.3': <function slim.<locals>.<dictcomp>.<lambda> at 0x000002DA1F683920>, 'constant_5.4': <function slim.<locals>.<dictcomp>.<lambda> at 0x000002DA1F680680>, 'constant_5.5': <function slim.<locals>.<dictcomp>.<lambda> at 0x000002DA1F681E40>, 'constant_5.6': <function slim.<locals>.<dictcomp>.<lambda> at 0x000002DA1F681B20>, 'constant_5.7': <function slim.<locals>.<dictcomp>.<lambda> at 0x000002DA1F6831A0>, 'constant_5.8': <function slim.<locals>.<dictcomp>.<lambda> at 0x000002DA1F683880>, 'constant_5.9': <function slim.<locals>.<dictcomp>.<lambda> at 0x000002DA1F680180>, 'constant_6.0': <function slim.<locals>.<dictcomp>.<lambda> at 0x000002DA1F680A40>, 'constant_6.1': <function slim.<locals>.<dictcomp>.<lambda> at 0x000002DA1F683060>, 'constant_6.2': <function slim.<locals>.<dictcomp>.<lambda> at 0x000002DA1F683420>, 'constant_6.3': <function slim.<locals>.<dictcomp>.<lambda> at 0x000002DA1F680220>, 'constant_6.4': <function slim.<locals>.<dictcomp>.<lambda> at 0x000002DA1F680400>, 'constant_6.5': <function slim.<locals>.<dictcomp>.<lambda> at 0x000002DA1F683C40>, 'constant_6.6': <function slim.<locals>.<dictcomp>.<lambda> at 0x000002DA1F681C60>, 'constant_6.7': <function slim.<locals>.<dictcomp>.<lambda> at 0x000002DA1F6816C0>, 'constant_6.8': <function slim.<locals>.<dictcomp>.<lambda> at 0x000002DA1F681620>, 'constant_6.9': <function slim.<locals>.<dictcomp>.<lambda> at 0x000002DA1F6807C0>, 'constant_7.0': <function slim.<locals>.<dictcomp>.<lambda> at 0x000002DA1F683F60>, 'constant_7.1': <function slim.<locals>.<dictcomp>.<lambda> at 0x000002DA1F6818A0>, 'constant_7.2': <function slim.<locals>.<dictcomp>.<lambda> at 0x000002DA1F682840>, 'constant_7.3': <function slim.<locals>.<dictcomp>.<lambda> at 0x000002DA1F6822A0>, 'constant_7.4': <function slim.<locals>.<dictcomp>.<lambda> at 0x000002DA1F6805E0>, 'constant_7.5': <function slim.<locals>.<dictcomp>.<lambda> at 0x000002DA1F683380>, 'constant_7.6': <function slim.<locals>.<dictcomp>.<lambda> at 0x000002DA1F682160>, 'constant_7.7': <function slim.<locals>.<dictcomp>.<lambda> at 0x000002DA1F6828E0>, 'constant_7.8': <function slim.<locals>.<dictcomp>.<lambda> at 0x000002DA1F6819E0>, 'constant_7.9': <function slim.<locals>.<dictcomp>.<lambda> at 0x000002DA1F683600>, 'constant_8.0': <function slim.<locals>.<dictcomp>.<lambda> at 0x000002DA1F680040>, 'constant_8.1': <function slim.<locals>.<dictcomp>.<lambda> at 0x000002DA1F683CE0>, 'constant_8.2': <function slim.<locals>.<dictcomp>.<lambda> at 0x000002DA1F681DA0>, 'constant_8.3': <function slim.<locals>.<dictcomp>.<lambda> at 0x000002DA1F680CC0>, 'constant_8.4': <function slim.<locals>.<dictcomp>.<lambda> at 0x000002DA1F680900>, 'constant_8.5': <function slim.<locals>.<dictcomp>.<lambda> at 0x000002DA1F6813A0>, 'constant_8.6': <function slim.<locals>.<dictcomp>.<lambda> at 0x000002DA1F683560>, 'constant_8.7': <function slim.<locals>.<dictcomp>.<lambda> at 0x000002DA1F680AE0>, 'constant_8.8': <function slim.<locals>.<dictcomp>.<lambda> at 0x000002DA1F682E80>, 'constant_8.9': <function slim.<locals>.<dictcomp>.<lambda> at 0x000002DA1F682F20>, 'constant_9.0': <function slim.<locals>.<dictcomp>.<lambda> at 0x000002DA1F6800E0>, 'constant_9.1': <function slim.<locals>.<dictcomp>.<lambda> at 0x000002DA1F682B60>, 'constant_9.2': <function slim.<locals>.<dictcomp>.<lambda> at 0x000002DA1F680B80>, 'constant_9.3': <function slim.<locals>.<dictcomp>.<lambda> at 0x000002DA1F683EC0>, 'constant_9.4': <function slim.<locals>.<dictcomp>.<lambda> at 0x000002DA1F6836A0>, 'constant_9.5': <function slim.<locals>.<dictcomp>.<lambda> at 0x000002DA1F6811C0>, 'constant_9.6': <function slim.<locals>.<dictcomp>.<lambda> at 0x000002DA1F683100>, 'constant_9.7': <function slim.<locals>.<dictcomp>.<lambda> at 0x000002DA1F680720>, 'constant_9.8': <function slim.<locals>.<dictcomp>.<lambda> at 0x000002DA1F680F40>, 'constant_9.9': <function slim.<locals>.<dictcomp>.<lambda> at 0x000002DA1F683BA0>, 'constant_10.0': <function slim.<locals>.<dictcomp>.<lambda> at 0x000002DA1F682340>}, 'p_c': 0.2, 'init_depth': 6, 'init_pop_size': 50, 'p_test': 0.2}"
5eda3676-073a-11f0-9970-54a95b9ec813,"{'run_info': ['SLIM*SIG2', UUID('5eda3676-073a-11f0-9970-54a95b9ec813'), 'retinopathy'], 'ffunction': <function sigmoid_rmse at 0x000002DA1C575B20>, 'max_depth': 15, 'reconstruct': True, 'n_iter': 300, 'elitism': True, 'n_elites': 1, 'log': 1, 'verbose': False, 'n_jobs': 1, 'test_elite': True, 'log_path': '../../data/results/RQ1/retinopathy/log_config_id_14.csv', 'initializer': <function rhh at 0x000002DA1C575300>, 'selector': <function tournament_selection_min.<locals>.ts at 0x000002DA22E093A0>, 'crossover': <function geometric_crossover at 0x000002DA1C2CEB60>, 'ms': <function generate_random_uniform.<locals>.generate_num at 0x000002DA212E6A20>, 'inflate_mutator': <function inflate_mutation.<locals>.inflate at 0x000002DA212E7D80>, 'deflate_mutator': <function deflate_mutation at 0x000002DA1C577D80>, 'p_xo': 0, 'settings_dict': {'p_test': 0.2}, 'find_elit_func': <function get_best_min at 0x000002DA1C5740E0>, 'p_inflate': 0.7, 'copy_parent': True, 'operator': 'mul', 'pop_size': 50, 'seed': 8, 'p_m': 1, 'two_trees': True, 'p_deflate': 0.30000000000000004, 'FUNCTIONS': {'add': {'function': <built-in method add of type object at 0x00007FFB07DC49D0>, 'arity': 2}, 'subtract': {'function': <built-in method sub of type object at 0x00007FFB07DC49D0>, 'arity': 2}, 'multiply': {'function': <built-in method mul of type object at 0x00007FFB07DC49D0>, 'arity': 2}, 'divide': {'function': <function protected_div at 0x000002DA1C2CDE40>, 'arity': 2}}, 'CONSTANTS': {'constant__10.0': <function slim.<locals>.<dictcomp>.<lambda> at 0x000002DA212E6200>, 'constant__9.9': <function slim.<locals>.<dictcomp>.<lambda> at 0x000002DA212E6E80>, 'constant__9.8': <function slim.<locals>.<dictcomp>.<lambda> at 0x000002DA212E4720>, 'constant__9.7': <function slim.<locals>.<dictcomp>.<lambda> at 0x000002DA212E7920>, 'constant__9.6': <function slim.<locals>.<dictcomp>.<lambda> at 0x000002DA212E72E0>, 'constant__9.5': <function slim.<locals>.<dictcomp>.<lambda> at 0x000002DA212E7A60>, 'constant__9.4': <function slim.<locals>.<dictcomp>.<lambda> at 0x000002DA212E56C0>, 'constant__9.3': <function slim.<locals>.<dictcomp>.<lambda> at 0x000002DA212E4860>, 'constant__9.2': <function slim.<locals>.<dictcomp>.<lambda> at 0x000002DA212E49A0>, 'constant__9.1': <function slim.<locals>.<dictcomp>.<lambda> at 0x000002DA212E5EE0>, 'constant__9.0': <function slim.<locals>.<dictcomp>.<lambda> at 0x000002DA212E7060>, 'constant__8.9': <function slim.<locals>.<dictcomp>.<lambda> at 0x000002DA212E7100>, 'constant__8.8': <function slim.<locals>.<dictcomp>.<lambda> at 0x000002DA1DD07380>, 'constant__8.7': <function slim.<locals>.<dictcomp>.<lambda> at 0x000002DA1DD07880>, 'constant__8.6': <function slim.<locals>.<dictcomp>.<lambda> at 0x000002DA1DD053A0>, 'constant__8.5': <function slim.<locals>.<dictcomp>.<lambda> at 0x000002DA1DD07920>, 'constant__8.4': <function slim.<locals>.<dictcomp>.<lambda> at 0x000002DA1DD05D00>, 'constant__8.3': <function slim.<locals>.<dictcomp>.<lambda> at 0x000002DA1DD07600>, 'constant__8.2': <function slim.<locals>.<dictcomp>.<lambda> at 0x000002DA1DD07D80>, 'constant__8.1': <function slim.<locals>.<dictcomp>.<lambda> at 0x000002DA1DD07CE0>, 'constant__8.0': <function slim.<locals>.<dictcomp>.<lambda> at 0x000002DA1DD07A60>, 'constant__7.9': <function slim.<locals>.<dictcomp>.<lambda> at 0x000002DA1DD071A0>, 'constant__7.8': <function slim.<locals>.<dictcomp>.<lambda> at 0x000002DA1DD07F60>, 'constant__7.7': <function slim.<locals>.<dictcomp>.<lambda> at 0x000002DA1DD07100>, 'constant__7.6': <function slim.<locals>.<dictcomp>.<lambda> at 0x000002DA1DD072E0>, 'constant__7.5': <function slim.<locals>.<dictcomp>.<lambda> at 0x000002DA1DD07240>, 'constant__7.4': <function slim.<locals>.<dictcomp>.<lambda> at 0x000002DA1DD07420>, 'constant__7.3': <function slim.<locals>.<dictcomp>.<lambda> at 0x000002DA1DD05F80>, 'constant__7.2': <function slim.<locals>.<dictcomp>.<lambda> at 0x000002DA1DD076A0>, 'constant__7.1': <function slim.<locals>.<dictcomp>.<lambda> at 0x000002DA1DD07B00>, 'constant__7.0': <function slim.<locals>.<dictcomp>.<lambda> at 0x000002DA1DD07060>, 'constant__6.9': <function slim.<locals>.<dictcomp>.<lambda> at 0x000002DA1DD06FC0>, 'constant__6.8': <function slim.<locals>.<dictcomp>.<lambda> at 0x000002DA1DD074C0>, 'constant__6.7': <function slim.<locals>.<dictcomp>.<lambda> at 0x000002DA1DD07BA0>, 'constant__6.6': <function slim.<locals>.<dictcomp>.<lambda> at 0x000002DA1DD05440>, 'constant__6.5': <function slim.<locals>.<dictcomp>.<lambda> at 0x000002DA1DD077E0>, 'constant__6.4': <function slim.<locals>.<dictcomp>.<lambda> at 0x000002DA1DD07EC0>, 'constant__6.3': <function slim.<locals>.<dictcomp>.<lambda> at 0x000002DA1DD07740>, 'constant__6.2': <function slim.<locals>.<dictcomp>.<lambda> at 0x000002DA1DD05A80>, 'constant__6.1': <function slim.<locals>.<dictcomp>.<lambda> at 0x000002DA22D27880>, 'constant__6.0': <function slim.<locals>.<dictcomp>.<lambda> at 0x000002DA22D27600>, 'constant__5.9': <function slim.<locals>.<dictcomp>.<lambda> at 0x000002DA22D26E80>, 'constant__5.8': <function slim.<locals>.<dictcomp>.<lambda> at 0x000002DA1FB220C0>, 'constant__5.7': <function slim.<locals>.<dictcomp>.<lambda> at 0x000002DA1FB20680>, 'constant__5.6': <function slim.<locals>.<dictcomp>.<lambda> at 0x000002DA1FB213A0>, 'constant__5.5': <function slim.<locals>.<dictcomp>.<lambda> at 0x000002DA1FB20F40>, 'constant__5.4': <function slim.<locals>.<dictcomp>.<lambda> at 0x000002DA1FB22700>, 'constant__5.3': <function slim.<locals>.<dictcomp>.<lambda> at 0x000002DA1FB20180>, 'constant__5.2': <function slim.<locals>.<dictcomp>.<lambda> at 0x000002DA1FB20540>, 'constant__5.1': <function slim.<locals>.<dictcomp>.<lambda> at 0x000002DA1FB23EC0>, 'constant__5.0': <function slim.<locals>.<dictcomp>.<lambda> at 0x000002DA1FB20D60>, 'constant__4.9': <function slim.<locals>.<dictcomp>.<lambda> at 0x000002DA1FB20C20>, 'constant__4.8': <function slim.<locals>.<dictcomp>.<lambda> at 0x000002DA1FB22DE0>, 'constant__4.7': <function slim.<locals>.<dictcomp>.<lambda> at 0x000002DA1FB216C0>, 'constant__4.6': <function slim.<locals>.<dictcomp>.<lambda> at 0x000002DA1FB21800>, 'constant__4.5': <function slim.<locals>.<dictcomp>.<lambda> at 0x000002DA1FB20720>, 'constant__4.4': <function slim.<locals>.<dictcomp>.<lambda> at 0x000002DA1FB21080>, 'constant__4.3': <function slim.<locals>.<dictcomp>.<lambda> at 0x000002DA1FB22980>, 'constant__4.2': <function slim.<locals>.<dictcomp>.<lambda> at 0x000002DA1FB21580>, 'constant__4.1': <function slim.<locals>.<dictcomp>.<lambda> at 0x000002DA1FB227A0>, 'constant__4.0': <function slim.<locals>.<dictcomp>.<lambda> at 0x000002DA1FB21940>, 'constant__3.9': <function slim.<locals>.<dictcomp>.<lambda> at 0x000002DA1FB211C0>, 'constant__3.8': <function slim.<locals>.<dictcomp>.<lambda> at 0x000002DA1FB23E20>, 'constant__3.7': <function slim.<locals>.<dictcomp>.<lambda> at 0x000002DA1FB23880>, 'constant__3.6': <function slim.<locals>.<dictcomp>.<lambda> at 0x000002DA1FB21DA0>, 'constant__3.5': <function slim.<locals>.<dictcomp>.<lambda> at 0x000002DA1FB205E0>, 'constant__3.4': <function slim.<locals>.<dictcomp>.<lambda> at 0x000002DA1FB21B20>, 'constant__3.3': <function slim.<locals>.<dictcomp>.<lambda> at 0x000002DA1FB22020>, 'constant__3.2': <function slim.<locals>.<dictcomp>.<lambda> at 0x000002DA1FB207C0>, 'constant__3.1': <function slim.<locals>.<dictcomp>.<lambda> at 0x000002DA1FB21EE0>, 'constant__3.0': <function slim.<locals>.<dictcomp>.<lambda> at 0x000002DA1FB22840>, 'constant__2.9': <function slim.<locals>.<dictcomp>.<lambda> at 0x000002DA1FB20EA0>, 'constant__2.8': <function slim.<locals>.<dictcomp>.<lambda> at 0x000002DA1FB22AC0>, 'constant__2.7': <function slim.<locals>.<dictcomp>.<lambda> at 0x000002DA1FB23560>, 'constant__2.6': <function slim.<locals>.<dictcomp>.<lambda> at 0x000002DA1FB21260>, 'constant__2.5': <function slim.<locals>.<dictcomp>.<lambda> at 0x000002DA1FB21120>, 'constant__2.4': <function slim.<locals>.<dictcomp>.<lambda> at 0x000002DA1FB202C0>, 'constant__2.3': <function slim.<locals>.<dictcomp>.<lambda> at 0x000002DA1FB23100>, 'constant__2.2': <function slim.<locals>.<dictcomp>.<lambda> at 0x000002DA1FB218A0>, 'constant__2.1': <function slim.<locals>.<dictcomp>.<lambda> at 0x000002DA1FB22200>, 'constant__2.0': <function slim.<locals>.<dictcomp>.<lambda> at 0x000002DA1FB234C0>, 'constant__1.9': <function slim.<locals>.<dictcomp>.<lambda> at 0x000002DA1FB223E0>, 'constant__1.8': <function slim.<locals>.<dictcomp>.<lambda> at 0x000002DA1FB21F80>, 'constant__1.7': <function slim.<locals>.<dictcomp>.<lambda> at 0x000002DA1FB20220>, 'constant__1.6': <function slim.<locals>.<dictcomp>.<lambda> at 0x000002DA1FB22660>, 'constant__1.5': <function slim.<locals>.<dictcomp>.<lambda> at 0x000002DA1FB23C40>, 'constant__1.4': <function slim.<locals>.<dictcomp>.<lambda> at 0x000002DA1FB21620>, 'constant__1.3': <function slim.<locals>.<dictcomp>.<lambda> at 0x000002DA1FB22FC0>, 'constant__1.2': <function slim.<locals>.<dictcomp>.<lambda> at 0x000002DA1FB22D40>, 'constant__1.1': <function slim.<locals>.<dictcomp>.<lambda> at 0x000002DA1FB21D00>, 'constant__1.0': <function slim.<locals>.<dictcomp>.<lambda> at 0x000002DA1FB21A80>, 'constant__0.9': <function slim.<locals>.<dictcomp>.<lambda> at 0x000002DA1FB20A40>, 'constant__0.8': <function slim.<locals>.<dictcomp>.<lambda> at 0x000002DA1FB23A60>, 'constant__0.7': <function slim.<locals>.<dictcomp>.<lambda> at 0x000002DA1FB23380>, 'constant__0.6': <function slim.<locals>.<dictcomp>.<lambda> at 0x000002DA1FB22F20>, 'constant__0.5': <function slim.<locals>.<dictcomp>.<lambda> at 0x000002DA1FB20FE0>, 'constant__0.4': <function slim.<locals>.<dictcomp>.<lambda> at 0x000002DA1FB228E0>, 'constant__0.3': <function slim.<locals>.<dictcomp>.<lambda> at 0x000002DA1FB20B80>, 'constant__0.2': <function slim.<locals>.<dictcomp>.<lambda> at 0x000002DA1FB225C0>, 'constant__0.1': <function slim.<locals>.<dictcomp>.<lambda> at 0x000002DA1FB23CE0>, 'constant_0.0': <function slim.<locals>.<dictcomp>.<lambda> at 0x000002DA1FB23F60>, 'constant_0.1': <function slim.<locals>.<dictcomp>.<lambda> at 0x000002DA1FB232E0>, 'constant_0.2': <function slim.<locals>.<dictcomp>.<lambda> at 0x000002DA1FB219E0>, 'constant_0.3': <function slim.<locals>.<dictcomp>.<lambda> at 0x000002DA1FB22480>, 'constant_0.4': <function slim.<locals>.<dictcomp>.<lambda> at 0x000002DA1FB236A0>, 'constant_0.5': <function slim.<locals>.<dictcomp>.<lambda> at 0x000002DA1FB22E80>, 'constant_0.6': <function slim.<locals>.<dictcomp>.<lambda> at 0x000002DA1FB21300>, 'constant_0.7': <function slim.<locals>.<dictcomp>.<lambda> at 0x000002DA1FB20400>, 'constant_0.8': <function slim.<locals>.<dictcomp>.<lambda> at 0x000002DA1FB21440>, 'constant_0.9': <function slim.<locals>.<dictcomp>.<lambda> at 0x000002DA1FB20E00>, 'constant_1.0': <function slim.<locals>.<dictcomp>.<lambda> at 0x000002DA1FB23060>, 'constant_1.1': <function slim.<locals>.<dictcomp>.<lambda> at 0x000002DA1FB22CA0>, 'constant_1.2': <function slim.<locals>.<dictcomp>.<lambda> at 0x000002DA1FB231A0>, 'constant_1.3': <function slim.<locals>.<dictcomp>.<lambda> at 0x000002DA1FB21760>, 'constant_1.4': <function slim.<locals>.<dictcomp>.<lambda> at 0x000002DA1FB23D80>, 'constant_1.5': <function slim.<locals>.<dictcomp>.<lambda> at 0x000002DA1FB23420>, 'constant_1.6': <function slim.<locals>.<dictcomp>.<lambda> at 0x000002DA1FB22340>, 'constant_1.7': <function slim.<locals>.<dictcomp>.<lambda> at 0x000002DA1FB23B00>, 'constant_1.8': <function slim.<locals>.<dictcomp>.<lambda> at 0x000002DA1FB22A20>, 'constant_1.9': <function slim.<locals>.<dictcomp>.<lambda> at 0x000002DA1FB23240>, 'constant_2.0': <function slim.<locals>.<dictcomp>.<lambda> at 0x000002DA1FB20CC0>, 'constant_2.1': <function slim.<locals>.<dictcomp>.<lambda> at 0x000002DA1FB23600>, 'constant_2.2': <function slim.<locals>.<dictcomp>.<lambda> at 0x000002DA2128B880>, 'constant_2.3': <function slim.<locals>.<dictcomp>.<lambda> at 0x000002DA2128AF20>, 'constant_2.4': <function slim.<locals>.<dictcomp>.<lambda> at 0x000002DA21288E00>, 'constant_2.5': <function slim.<locals>.<dictcomp>.<lambda> at 0x000002DA2128BD80>, 'constant_2.6': <function slim.<locals>.<dictcomp>.<lambda> at 0x000002DA21288720>, 'constant_2.7': <function slim.<locals>.<dictcomp>.<lambda> at 0x000002DA2128BCE0>, 'constant_2.8': <function slim.<locals>.<dictcomp>.<lambda> at 0x000002DA2128A5C0>, 'constant_2.9': <function slim.<locals>.<dictcomp>.<lambda> at 0x000002DA2128ADE0>, 'constant_3.0': <function slim.<locals>.<dictcomp>.<lambda> at 0x000002DA21288A40>, 'constant_3.1': <function slim.<locals>.<dictcomp>.<lambda> at 0x000002DA2128B060>, 'constant_3.2': <function slim.<locals>.<dictcomp>.<lambda> at 0x000002DA2128AAC0>, 'constant_3.3': <function slim.<locals>.<dictcomp>.<lambda> at 0x000002DA2128AD40>, 'constant_3.4': <function slim.<locals>.<dictcomp>.<lambda> at 0x000002DA2128A3E0>, 'constant_3.5': <function slim.<locals>.<dictcomp>.<lambda> at 0x000002DA2128A700>, 'constant_3.6': <function slim.<locals>.<dictcomp>.<lambda> at 0x000002DA21289BC0>, 'constant_3.7': <function slim.<locals>.<dictcomp>.<lambda> at 0x000002DA2128BF60>, 'constant_3.8': <function slim.<locals>.<dictcomp>.<lambda> at 0x000002DA2128BBA0>, 'constant_3.9': <function slim.<locals>.<dictcomp>.<lambda> at 0x000002DA21289120>, 'constant_4.0': <function slim.<locals>.<dictcomp>.<lambda> at 0x000002DA21289E40>, 'constant_4.1': <function slim.<locals>.<dictcomp>.<lambda> at 0x000002DA2128AB60>, 'constant_4.2': <function slim.<locals>.<dictcomp>.<lambda> at 0x000002DA21289DA0>, 'constant_4.3': <function slim.<locals>.<dictcomp>.<lambda> at 0x000002DA21289D00>, 'constant_4.4': <function slim.<locals>.<dictcomp>.<lambda> at 0x000002DA212899E0>, 'constant_4.5': <function slim.<locals>.<dictcomp>.<lambda> at 0x000002DA21289440>, 'constant_4.6': <function slim.<locals>.<dictcomp>.<lambda> at 0x000002DA21288040>, 'constant_4.7': <function slim.<locals>.<dictcomp>.<lambda> at 0x000002DA21288CC0>, 'constant_4.8': <function slim.<locals>.<dictcomp>.<lambda> at 0x000002DA2128BA60>, 'constant_4.9': <function slim.<locals>.<dictcomp>.<lambda> at 0x000002DA2128B380>, 'constant_5.0': <function slim.<locals>.<dictcomp>.<lambda> at 0x000002DA21289EE0>, 'constant_5.1': <function slim.<locals>.<dictcomp>.<lambda> at 0x000002DA212898A0>, 'constant_5.2': <function slim.<locals>.<dictcomp>.<lambda> at 0x000002DA2128B9C0>, 'constant_5.3': <function slim.<locals>.<dictcomp>.<lambda> at 0x000002DA21288FE0>, 'constant_5.4': <function slim.<locals>.<dictcomp>.<lambda> at 0x000002DA2128A200>, 'constant_5.5': <function slim.<locals>.<dictcomp>.<lambda> at 0x000002DA21288AE0>, 'constant_5.6': <function slim.<locals>.<dictcomp>.<lambda> at 0x000002DA21289C60>, 'constant_5.7': <function slim.<locals>.<dictcomp>.<lambda> at 0x000002DA21289940>, 'constant_5.8': <function slim.<locals>.<dictcomp>.<lambda> at 0x000002DA2128A480>, 'constant_5.9': <function slim.<locals>.<dictcomp>.<lambda> at 0x000002DA2128BB00>, 'constant_6.0': <function slim.<locals>.<dictcomp>.<lambda> at 0x000002DA2128B7E0>, 'constant_6.1': <function slim.<locals>.<dictcomp>.<lambda> at 0x000002DA2128B2E0>, 'constant_6.2': <function slim.<locals>.<dictcomp>.<lambda> at 0x000002DA21288400>, 'constant_6.3': <function slim.<locals>.<dictcomp>.<lambda> at 0x000002DA21289580>, 'constant_6.4': <function slim.<locals>.<dictcomp>.<lambda> at 0x000002DA2128BEC0>, 'constant_6.5': <function slim.<locals>.<dictcomp>.<lambda> at 0x000002DA21289F80>, 'constant_6.6': <function slim.<locals>.<dictcomp>.<lambda> at 0x000002DA2128A0C0>, 'constant_6.7': <function slim.<locals>.<dictcomp>.<lambda> at 0x000002DA21289300>, 'constant_6.8': <function slim.<locals>.<dictcomp>.<lambda> at 0x000002DA2128B600>, 'constant_6.9': <function slim.<locals>.<dictcomp>.<lambda> at 0x000002DA212880E0>, 'constant_7.0': <function slim.<locals>.<dictcomp>.<lambda> at 0x000002DA21288180>, 'constant_7.1': <function slim.<locals>.<dictcomp>.<lambda> at 0x000002DA212889A0>, 'constant_7.2': <function slim.<locals>.<dictcomp>.<lambda> at 0x000002DA21289A80>, 'constant_7.3': <function slim.<locals>.<dictcomp>.<lambda> at 0x000002DA212887C0>, 'constant_7.4': <function slim.<locals>.<dictcomp>.<lambda> at 0x000002DA2128AFC0>, 'constant_7.5': <function slim.<locals>.<dictcomp>.<lambda> at 0x000002DA21288360>, 'constant_7.6': <function slim.<locals>.<dictcomp>.<lambda> at 0x000002DA2128B560>, 'constant_7.7': <function slim.<locals>.<dictcomp>.<lambda> at 0x000002DA212896C0>, 'constant_7.8': <function slim.<locals>.<dictcomp>.<lambda> at 0x000002DA2128BC40>, 'constant_7.9': <function slim.<locals>.<dictcomp>.<lambda> at 0x000002DA21288540>, 'constant_8.0': <function slim.<locals>.<dictcomp>.<lambda> at 0x000002DA21288EA0>, 'constant_8.1': <function slim.<locals>.<dictcomp>.<lambda> at 0x000002DA2128A520>, 'constant_8.2': <function slim.<locals>.<dictcomp>.<lambda> at 0x000002DA2128B740>, 'constant_8.3': <function slim.<locals>.<dictcomp>.<lambda> at 0x000002DA2128A020>, 'constant_8.4': <function slim.<locals>.<dictcomp>.<lambda> at 0x000002DA2128B920>, 'constant_8.5': <function slim.<locals>.<dictcomp>.<lambda> at 0x000002DA21288680>, 'constant_8.6': <function slim.<locals>.<dictcomp>.<lambda> at 0x000002DA21289080>, 'constant_8.7': <function slim.<locals>.<dictcomp>.<lambda> at 0x000002DA2128AA20>, 'constant_8.8': <function slim.<locals>.<dictcomp>.<lambda> at 0x000002DA212885E0>, 'constant_8.9': <function slim.<locals>.<dictcomp>.<lambda> at 0x000002DA2128A7A0>, 'constant_9.0': <function slim.<locals>.<dictcomp>.<lambda> at 0x000002DA22E0B4C0>, 'constant_9.1': <function slim.<locals>.<dictcomp>.<lambda> at 0x000002DA22E09E40>, 'constant_9.2': <function slim.<locals>.<dictcomp>.<lambda> at 0x000002DA22E0B380>, 'constant_9.3': <function slim.<locals>.<dictcomp>.<lambda> at 0x000002DA22E08CC0>, 'constant_9.4': <function slim.<locals>.<dictcomp>.<lambda> at 0x000002DA22E0B560>, 'constant_9.5': <function slim.<locals>.<dictcomp>.<lambda> at 0x000002DA22E0A840>, 'constant_9.6': <function slim.<locals>.<dictcomp>.<lambda> at 0x000002DA22E0B420>, 'constant_9.7': <function slim.<locals>.<dictcomp>.<lambda> at 0x000002DA22E09080>, 'constant_9.8': <function slim.<locals>.<dictcomp>.<lambda> at 0x000002DA22E091C0>, 'constant_9.9': <function slim.<locals>.<dictcomp>.<lambda> at 0x000002DA22E08EA0>, 'constant_10.0': <function slim.<locals>.<dictcomp>.<lambda> at 0x000002DA22E0B740>}, 'p_c': 0.2, 'init_depth': 6, 'init_pop_size': 50, 'p_test': 0.2}"
5eda3676-073a-11f0-9970-54a95b9ec813,"{'run_info': ['SLIM*SIG2', UUID('5eda3676-073a-11f0-9970-54a95b9ec813'), 'retinopathy'], 'ffunction': <function sigmoid_rmse at 0x000002DA1C575B20>, 'max_depth': 15, 'reconstruct': True, 'n_iter': 300, 'elitism': True, 'n_elites': 1, 'log': 1, 'verbose': False, 'n_jobs': 1, 'test_elite': True, 'log_path': '../../data/results/RQ1/retinopathy/log_config_id_14.csv', 'initializer': <function rhh at 0x000002DA1C575300>, 'selector': <function tournament_selection_min.<locals>.ts at 0x000002DA1F683C40>, 'crossover': <function geometric_crossover at 0x000002DA1C2CEB60>, 'ms': <function generate_random_uniform.<locals>.generate_num at 0x000002DA22D24A40>, 'inflate_mutator': <function inflate_mutation.<locals>.inflate at 0x000002DA22D263E0>, 'deflate_mutator': <function deflate_mutation at 0x000002DA1C577D80>, 'p_xo': 0, 'settings_dict': {'p_test': 0.2}, 'find_elit_func': <function get_best_min at 0x000002DA1C5740E0>, 'p_inflate': 0.7, 'copy_parent': True, 'operator': 'mul', 'pop_size': 50, 'seed': 9, 'p_m': 1, 'two_trees': True, 'p_deflate': 0.30000000000000004, 'FUNCTIONS': {'add': {'function': <built-in method add of type object at 0x00007FFB07DC49D0>, 'arity': 2}, 'subtract': {'function': <built-in method sub of type object at 0x00007FFB07DC49D0>, 'arity': 2}, 'multiply': {'function': <built-in method mul of type object at 0x00007FFB07DC49D0>, 'arity': 2}, 'divide': {'function': <function protected_div at 0x000002DA1C2CDE40>, 'arity': 2}}, 'CONSTANTS': {'constant__10.0': <function slim.<locals>.<dictcomp>.<lambda> at 0x000002DA22D26C00>, 'constant__9.9': <function slim.<locals>.<dictcomp>.<lambda> at 0x000002DA22D26480>, 'constant__9.8': <function slim.<locals>.<dictcomp>.<lambda> at 0x000002DA22D256C0>, 'constant__9.7': <function slim.<locals>.<dictcomp>.<lambda> at 0x000002DA22D272E0>, 'constant__9.6': <function slim.<locals>.<dictcomp>.<lambda> at 0x000002DA22D27060>, 'constant__9.5': <function slim.<locals>.<dictcomp>.<lambda> at 0x000002DA22D26200>, 'constant__9.4': <function slim.<locals>.<dictcomp>.<lambda> at 0x000002DA22D254E0>, 'constant__9.3': <function slim.<locals>.<dictcomp>.<lambda> at 0x000002DA22D245E0>, 'constant__9.2': <function slim.<locals>.<dictcomp>.<lambda> at 0x000002DA22D25620>, 'constant__9.1': <function slim.<locals>.<dictcomp>.<lambda> at 0x000002DA22D25940>, 'constant__9.0': <function slim.<locals>.<dictcomp>.<lambda> at 0x000002DA22D268E0>, 'constant__8.9': <function slim.<locals>.<dictcomp>.<lambda> at 0x000002DA22D249A0>, 'constant__8.8': <function slim.<locals>.<dictcomp>.<lambda> at 0x000002DA1C58C040>, 'constant__8.7': <function slim.<locals>.<dictcomp>.<lambda> at 0x000002DA1DD05B20>, 'constant__8.6': <function slim.<locals>.<dictcomp>.<lambda> at 0x000002DA1DD07E20>, 'constant__8.5': <function slim.<locals>.<dictcomp>.<lambda> at 0x000002DA1DD07560>, 'constant__8.4': <function slim.<locals>.<dictcomp>.<lambda> at 0x000002DA1DD07C40>, 'constant__8.3': <function slim.<locals>.<dictcomp>.<lambda> at 0x000002DA22E0AC00>, 'constant__8.2': <function slim.<locals>.<dictcomp>.<lambda> at 0x000002DA22E0BD80>, 'constant__8.1': <function slim.<locals>.<dictcomp>.<lambda> at 0x000002DA22E0B2E0>, 'constant__8.0': <function slim.<locals>.<dictcomp>.<lambda> at 0x000002DA22E09940>, 'constant__7.9': <function slim.<locals>.<dictcomp>.<lambda> at 0x000002DA22E0A2A0>, 'constant__7.8': <function slim.<locals>.<dictcomp>.<lambda> at 0x000002DA22E09EE0>, 'constant__7.7': <function slim.<locals>.<dictcomp>.<lambda> at 0x000002DA22E08720>, 'constant__7.6': <function slim.<locals>.<dictcomp>.<lambda> at 0x000002DA22E09F80>, 'constant__7.5': <function slim.<locals>.<dictcomp>.<lambda> at 0x000002DA22E09B20>, 'constant__7.4': <function slim.<locals>.<dictcomp>.<lambda> at 0x000002DA22E0A340>, 'constant__7.3': <function slim.<locals>.<dictcomp>.<lambda> at 0x000002DA22E0AB60>, 'constant__7.2': <function slim.<locals>.<dictcomp>.<lambda> at 0x000002DA22E08860>, 'constant__7.1': <function slim.<locals>.<dictcomp>.<lambda> at 0x000002DA22E085E0>, 'constant__7.0': <function slim.<locals>.<dictcomp>.<lambda> at 0x000002DA22E0B240>, 'constant__6.9': <function slim.<locals>.<dictcomp>.<lambda> at 0x000002DA22E0A8E0>, 'constant__6.8': <function slim.<locals>.<dictcomp>.<lambda> at 0x000002DA22E08FE0>, 'constant__6.7': <function slim.<locals>.<dictcomp>.<lambda> at 0x000002DA22E0B100>, 'constant__6.6': <function slim.<locals>.<dictcomp>.<lambda> at 0x000002DA22E09120>, 'constant__6.5': <function slim.<locals>.<dictcomp>.<lambda> at 0x000002DA22E0BC40>, 'constant__6.4': <function slim.<locals>.<dictcomp>.<lambda> at 0x000002DA22E0A020>, 'constant__6.3': <function slim.<locals>.<dictcomp>.<lambda> at 0x000002DA22E09D00>, 'constant__6.2': <function slim.<locals>.<dictcomp>.<lambda> at 0x000002DA22E09A80>, 'constant__6.1': <function slim.<locals>.<dictcomp>.<lambda> at 0x000002DA22E0A5C0>, 'constant__6.0': <function slim.<locals>.<dictcomp>.<lambda> at 0x000002DA22E0BE20>, 'constant__5.9': <function slim.<locals>.<dictcomp>.<lambda> at 0x000002DA22E0B9C0>, 'constant__5.8': <function slim.<locals>.<dictcomp>.<lambda> at 0x000002DA22E08F40>, 'constant__5.7': <function slim.<locals>.<dictcomp>.<lambda> at 0x000002DA22E098A0>, 'constant__5.6': <function slim.<locals>.<dictcomp>.<lambda> at 0x000002DA22E0B060>, 'constant__5.5': <function slim.<locals>.<dictcomp>.<lambda> at 0x000002DA22E094E0>, 'constant__5.4': <function slim.<locals>.<dictcomp>.<lambda> at 0x000002DA22E08540>, 'constant__5.3': <function slim.<locals>.<dictcomp>.<lambda> at 0x000002DA22E0AE80>, 'constant__5.2': <function slim.<locals>.<dictcomp>.<lambda> at 0x000002DA22E0BCE0>, 'constant__5.1': <function slim.<locals>.<dictcomp>.<lambda> at 0x000002DA22E0BEC0>, 'constant__5.0': <function slim.<locals>.<dictcomp>.<lambda> at 0x000002DA22E0B880>, 'constant__4.9': <function slim.<locals>.<dictcomp>.<lambda> at 0x000002DA22E08040>, 'constant__4.8': <function slim.<locals>.<dictcomp>.<lambda> at 0x000002DA22E0ACA0>, 'constant__4.7': <function slim.<locals>.<dictcomp>.<lambda> at 0x000002DA22E08D60>, 'constant__4.6': <function slim.<locals>.<dictcomp>.<lambda> at 0x000002DA22E0AFC0>, 'constant__4.5': <function slim.<locals>.<dictcomp>.<lambda> at 0x000002DA22E0AF20>, 'constant__4.4': <function slim.<locals>.<dictcomp>.<lambda> at 0x000002DA22E099E0>, 'constant__4.3': <function slim.<locals>.<dictcomp>.<lambda> at 0x000002DA22E0BB00>, 'constant__4.2': <function slim.<locals>.<dictcomp>.<lambda> at 0x000002DA22E0AA20>, 'constant__4.1': <function slim.<locals>.<dictcomp>.<lambda> at 0x000002DA22E09580>, 'constant__4.0': <function slim.<locals>.<dictcomp>.<lambda> at 0x000002DA22E08E00>, 'constant__3.9': <function slim.<locals>.<dictcomp>.<lambda> at 0x000002DA22E0A7A0>, 'constant__3.8': <function slim.<locals>.<dictcomp>.<lambda> at 0x000002DA22E09760>, 'constant__3.7': <function slim.<locals>.<dictcomp>.<lambda> at 0x000002DA22E08180>, 'constant__3.6': <function slim.<locals>.<dictcomp>.<lambda> at 0x000002DA2128B4C0>, 'constant__3.5': <function slim.<locals>.<dictcomp>.<lambda> at 0x000002DA2128A160>, 'constant__3.4': <function slim.<locals>.<dictcomp>.<lambda> at 0x000002DA21289B20>, 'constant__3.3': <function slim.<locals>.<dictcomp>.<lambda> at 0x000002DA21288F40>, 'constant__3.2': <function slim.<locals>.<dictcomp>.<lambda> at 0x000002DA21289760>, 'constant__3.1': <function slim.<locals>.<dictcomp>.<lambda> at 0x000002DA2128A340>, 'constant__3.0': <function slim.<locals>.<dictcomp>.<lambda> at 0x000002DA212893A0>, 'constant__2.9': <function slim.<locals>.<dictcomp>.<lambda> at 0x000002DA2128B100>, 'constant__2.8': <function slim.<locals>.<dictcomp>.<lambda> at 0x000002DA2128A840>, 'constant__2.7': <function slim.<locals>.<dictcomp>.<lambda> at 0x000002DA1FB237E0>, 'constant__2.6': <function slim.<locals>.<dictcomp>.<lambda> at 0x000002DA1FB21C60>, 'constant__2.5': <function slim.<locals>.<dictcomp>.<lambda> at 0x000002DA1FB214E0>, 'constant__2.4': <function slim.<locals>.<dictcomp>.<lambda> at 0x000002DA1F575800>, 'constant__2.3': <function slim.<locals>.<dictcomp>.<lambda> at 0x000002DA1F577F60>, 'constant__2.2': <function slim.<locals>.<dictcomp>.<lambda> at 0x000002DA1F5777E0>, 'constant__2.1': <function slim.<locals>.<dictcomp>.<lambda> at 0x000002DA1F575D00>, 'constant__2.0': <function slim.<locals>.<dictcomp>.<lambda> at 0x000002DA1F574D60>, 'constant__1.9': <function slim.<locals>.<dictcomp>.<lambda> at 0x000002DA1F576C00>, 'constant__1.8': <function slim.<locals>.<dictcomp>.<lambda> at 0x000002DA1F575BC0>, 'constant__1.7': <function slim.<locals>.<dictcomp>.<lambda> at 0x000002DA1F575940>, 'constant__1.6': <function slim.<locals>.<dictcomp>.<lambda> at 0x000002DA1F577EC0>, 'constant__1.5': <function slim.<locals>.<dictcomp>.<lambda> at 0x000002DA1F577A60>, 'constant__1.4': <function slim.<locals>.<dictcomp>.<lambda> at 0x000002DA1F576F20>, 'constant__1.3': <function slim.<locals>.<dictcomp>.<lambda> at 0x000002DA1F574860>, 'constant__1.2': <function slim.<locals>.<dictcomp>.<lambda> at 0x000002DA1F5745E0>, 'constant__1.1': <function slim.<locals>.<dictcomp>.<lambda> at 0x000002DA1F5759E0>, 'constant__1.0': <function slim.<locals>.<dictcomp>.<lambda> at 0x000002DA1F575B20>, 'constant__0.9': <function slim.<locals>.<dictcomp>.<lambda> at 0x000002DA1F577920>, 'constant__0.8': <function slim.<locals>.<dictcomp>.<lambda> at 0x000002DA1F574A40>, 'constant__0.7': <function slim.<locals>.<dictcomp>.<lambda> at 0x000002DA1F577D80>, 'constant__0.6': <function slim.<locals>.<dictcomp>.<lambda> at 0x000002DA1F577240>, 'constant__0.5': <function slim.<locals>.<dictcomp>.<lambda> at 0x000002DA1F577600>, 'constant__0.4': <function slim.<locals>.<dictcomp>.<lambda> at 0x000002DA1F575E40>, 'constant__0.3': <function slim.<locals>.<dictcomp>.<lambda> at 0x000002DA1F575440>, 'constant__0.2': <function slim.<locals>.<dictcomp>.<lambda> at 0x000002DA1F577B00>, 'constant__0.1': <function slim.<locals>.<dictcomp>.<lambda> at 0x000002DA1F5762A0>, 'constant_0.0': <function slim.<locals>.<dictcomp>.<lambda> at 0x000002DA1F576D40>, 'constant_0.1': <function slim.<locals>.<dictcomp>.<lambda> at 0x000002DA1F577E20>, 'constant_0.2': <function slim.<locals>.<dictcomp>.<lambda> at 0x000002DA1F574220>, 'constant_0.3': <function slim.<locals>.<dictcomp>.<lambda> at 0x000002DA1F576160>, 'constant_0.4': <function slim.<locals>.<dictcomp>.<lambda> at 0x000002DA1F576340>, 'constant_0.5': <function slim.<locals>.<dictcomp>.<lambda> at 0x000002DA1F576CA0>, 'constant_0.6': <function slim.<locals>.<dictcomp>.<lambda> at 0x000002DA1F577100>, 'constant_0.7': <function slim.<locals>.<dictcomp>.<lambda> at 0x000002DA1F574F40>, 'constant_0.8': <function slim.<locals>.<dictcomp>.<lambda> at 0x000002DA1F576520>, 'constant_0.9': <function slim.<locals>.<dictcomp>.<lambda> at 0x000002DA1F576700>, 'constant_1.0': <function slim.<locals>.<dictcomp>.<lambda> at 0x000002DA1F576DE0>, 'constant_1.1': <function slim.<locals>.<dictcomp>.<lambda> at 0x000002DA1F5754E0>, 'constant_1.2': <function slim.<locals>.<dictcomp>.<lambda> at 0x000002DA1F574900>, 'constant_1.3': <function slim.<locals>.<dictcomp>.<lambda> at 0x000002DA1F577060>, 'constant_1.4': <function slim.<locals>.<dictcomp>.<lambda> at 0x000002DA1F575620>, 'constant_1.5': <function slim.<locals>.<dictcomp>.<lambda> at 0x000002DA1F575C60>, 'constant_1.6': <function slim.<locals>.<dictcomp>.<lambda> at 0x000002DA1F577380>, 'constant_1.7': <function slim.<locals>.<dictcomp>.<lambda> at 0x000002DA1F577BA0>, 'constant_1.8': <function slim.<locals>.<dictcomp>.<lambda> at 0x000002DA1F5747C0>, 'constant_1.9': <function slim.<locals>.<dictcomp>.<lambda> at 0x000002DA1F574E00>, 'constant_2.0': <function slim.<locals>.<dictcomp>.<lambda> at 0x000002DA1F575EE0>, 'constant_2.1': <function slim.<locals>.<dictcomp>.<lambda> at 0x000002DA1F5776A0>, 'constant_2.2': <function slim.<locals>.<dictcomp>.<lambda> at 0x000002DA1F577C40>, 'constant_2.3': <function slim.<locals>.<dictcomp>.<lambda> at 0x000002DA1F575300>, 'constant_2.4': <function slim.<locals>.<dictcomp>.<lambda> at 0x000002DA1F5763E0>, 'constant_2.5': <function slim.<locals>.<dictcomp>.<lambda> at 0x000002DA1F577740>, 'constant_2.6': <function slim.<locals>.<dictcomp>.<lambda> at 0x000002DA1F576020>, 'constant_2.7': <function slim.<locals>.<dictcomp>.<lambda> at 0x000002DA1F574720>, 'constant_2.8': <function slim.<locals>.<dictcomp>.<lambda> at 0x000002DA1F5758A0>, 'constant_2.9': <function slim.<locals>.<dictcomp>.<lambda> at 0x000002DA1F5760C0>, 'constant_3.0': <function slim.<locals>.<dictcomp>.<lambda> at 0x000002DA1F576A20>, 'constant_3.1': <function slim.<locals>.<dictcomp>.<lambda> at 0x000002DA1F575F80>, 'constant_3.2': <function slim.<locals>.<dictcomp>.<lambda> at 0x000002DA1F5774C0>, 'constant_3.3': <function slim.<locals>.<dictcomp>.<lambda> at 0x000002DA1F574040>, 'constant_3.4': <function slim.<locals>.<dictcomp>.<lambda> at 0x000002DA1F577CE0>, 'constant_3.5': <function slim.<locals>.<dictcomp>.<lambda> at 0x000002DA1F574B80>, 'constant_3.6': <function slim.<locals>.<dictcomp>.<lambda> at 0x000002DA1F575260>, 'constant_3.7': <function slim.<locals>.<dictcomp>.<lambda> at 0x000002DA1F574680>, 'constant_3.8': <function slim.<locals>.<dictcomp>.<lambda> at 0x000002DA1F5742C0>, 'constant_3.9': <function slim.<locals>.<dictcomp>.<lambda> at 0x000002DA1F5767A0>, 'constant_4.0': <function slim.<locals>.<dictcomp>.<lambda> at 0x000002DA1F5751C0>, 'constant_4.1': <function slim.<locals>.<dictcomp>.<lambda> at 0x000002DA1F577560>, 'constant_4.2': <function slim.<locals>.<dictcomp>.<lambda> at 0x000002DA1F575080>, 'constant_4.3': <function slim.<locals>.<dictcomp>.<lambda> at 0x000002DA1F575760>, 'constant_4.4': <function slim.<locals>.<dictcomp>.<lambda> at 0x000002DA1F575DA0>, 'constant_4.5': <function slim.<locals>.<dictcomp>.<lambda> at 0x000002DA1F5749A0>, 'constant_4.6': <function slim.<locals>.<dictcomp>.<lambda> at 0x000002DA1F576480>, 'constant_4.7': <function slim.<locals>.<dictcomp>.<lambda> at 0x000002DA1F574540>, 'constant_4.8': <function slim.<locals>.<dictcomp>.<lambda> at 0x000002DA1F5771A0>, 'constant_4.9': <function slim.<locals>.<dictcomp>.<lambda> at 0x000002DA1F574FE0>, 'constant_5.0': <function slim.<locals>.<dictcomp>.<lambda> at 0x000002DA1F576E80>, 'constant_5.1': <function slim.<locals>.<dictcomp>.<lambda> at 0x000002DA1F576200>, 'constant_5.2': <function slim.<locals>.<dictcomp>.<lambda> at 0x000002DA1F575580>, 'constant_5.3': <function slim.<locals>.<dictcomp>.<lambda> at 0x000002DA1F576660>, 'constant_5.4': <function slim.<locals>.<dictcomp>.<lambda> at 0x000002DA1F5740E0>, 'constant_5.5': <function slim.<locals>.<dictcomp>.<lambda> at 0x000002DA1F574AE0>, 'constant_5.6': <function slim.<locals>.<dictcomp>.<lambda> at 0x000002DA1F575A80>, 'constant_5.7': <function slim.<locals>.<dictcomp>.<lambda> at 0x000002DA1F577880>, 'constant_5.8': <function slim.<locals>.<dictcomp>.<lambda> at 0x000002DA1F574360>, 'constant_5.9': <function slim.<locals>.<dictcomp>.<lambda> at 0x000002DA1F5779C0>, 'constant_6.0': <function slim.<locals>.<dictcomp>.<lambda> at 0x000002DA1F574C20>, 'constant_6.1': <function slim.<locals>.<dictcomp>.<lambda> at 0x000002DA1F575120>, 'constant_6.2': <function slim.<locals>.<dictcomp>.<lambda> at 0x000002DA1F576FC0>, 'constant_6.3': <function slim.<locals>.<dictcomp>.<lambda> at 0x000002DA1F577420>, 'constant_6.4': <function slim.<locals>.<dictcomp>.<lambda> at 0x000002DA1F574CC0>, 'constant_6.5': <function slim.<locals>.<dictcomp>.<lambda> at 0x000002DA1F576840>, 'constant_6.6': <function slim.<locals>.<dictcomp>.<lambda> at 0x000002DA1F682340>, 'constant_6.7': <function slim.<locals>.<dictcomp>.<lambda> at 0x000002DA1F683BA0>, 'constant_6.8': <function slim.<locals>.<dictcomp>.<lambda> at 0x000002DA1F680F40>, 'constant_6.9': <function slim.<locals>.<dictcomp>.<lambda> at 0x000002DA1F680720>, 'constant_7.0': <function slim.<locals>.<dictcomp>.<lambda> at 0x000002DA1F683100>, 'constant_7.1': <function slim.<locals>.<dictcomp>.<lambda> at 0x000002DA1F6811C0>, 'constant_7.2': <function slim.<locals>.<dictcomp>.<lambda> at 0x000002DA1F6836A0>, 'constant_7.3': <function slim.<locals>.<dictcomp>.<lambda> at 0x000002DA1F683EC0>, 'constant_7.4': <function slim.<locals>.<dictcomp>.<lambda> at 0x000002DA1F680B80>, 'constant_7.5': <function slim.<locals>.<dictcomp>.<lambda> at 0x000002DA1F682B60>, 'constant_7.6': <function slim.<locals>.<dictcomp>.<lambda> at 0x000002DA1F6800E0>, 'constant_7.7': <function slim.<locals>.<dictcomp>.<lambda> at 0x000002DA1F682F20>, 'constant_7.8': <function slim.<locals>.<dictcomp>.<lambda> at 0x000002DA1F682E80>, 'constant_7.9': <function slim.<locals>.<dictcomp>.<lambda> at 0x000002DA1F680AE0>, 'constant_8.0': <function slim.<locals>.<dictcomp>.<lambda> at 0x000002DA1F683560>, 'constant_8.1': <function slim.<locals>.<dictcomp>.<lambda> at 0x000002DA1F6813A0>, 'constant_8.2': <function slim.<locals>.<dictcomp>.<lambda> at 0x000002DA1F680900>, 'constant_8.3': <function slim.<locals>.<dictcomp>.<lambda> at 0x000002DA1F680CC0>, 'constant_8.4': <function slim.<locals>.<dictcomp>.<lambda> at 0x000002DA1F681DA0>, 'constant_8.5': <function slim.<locals>.<dictcomp>.<lambda> at 0x000002DA1F683CE0>, 'constant_8.6': <function slim.<locals>.<dictcomp>.<lambda> at 0x000002DA1F680040>, 'constant_8.7': <function slim.<locals>.<dictcomp>.<lambda> at 0x000002DA1F683600>, 'constant_8.8': <function slim.<locals>.<dictcomp>.<lambda> at 0x000002DA1F6819E0>, 'constant_8.9': <function slim.<locals>.<dictcomp>.<lambda> at 0x000002DA1F6828E0>, 'constant_9.0': <function slim.<locals>.<dictcomp>.<lambda> at 0x000002DA1F682160>, 'constant_9.1': <function slim.<locals>.<dictcomp>.<lambda> at 0x000002DA1F683380>, 'constant_9.2': <function slim.<locals>.<dictcomp>.<lambda> at 0x000002DA1F6805E0>, 'constant_9.3': <function slim.<locals>.<dictcomp>.<lambda> at 0x000002DA1F6822A0>, 'constant_9.4': <function slim.<locals>.<dictcomp>.<lambda> at 0x000002DA1F682840>, 'constant_9.5': <function slim.<locals>.<dictcomp>.<lambda> at 0x000002DA1F6818A0>, 'constant_9.6': <function slim.<locals>.<dictcomp>.<lambda> at 0x000002DA1F683F60>, 'constant_9.7': <function slim.<locals>.<dictcomp>.<lambda> at 0x000002DA1F6807C0>, 'constant_9.8': <function slim.<locals>.<dictcomp>.<lambda> at 0x000002DA1F681620>, 'constant_9.9': <function slim.<locals>.<dictcomp>.<lambda> at 0x000002DA1F6816C0>, 'constant_10.0': <function slim.<locals>.<dictcomp>.<lambda> at 0x000002DA1F681C60>}, 'p_c': 0.2, 'init_depth': 6, 'init_pop_size': 50, 'p_test': 0.2}"
5eda3676-073a-11f0-9970-54a95b9ec813,"{'run_info': ['SLIM*SIG2', UUID('5eda3676-073a-11f0-9970-54a95b9ec813'), 'retinopathy'], 'ffunction': <function sigmoid_rmse at 0x000002DA1C575B20>, 'max_depth': 15, 'reconstruct': True, 'n_iter': 300, 'elitism': True, 'n_elites': 1, 'log': 1, 'verbose': False, 'n_jobs': 1, 'test_elite': True, 'log_path': '../../data/results/RQ1/retinopathy/log_config_id_14.csv', 'initializer': <function rhh at 0x000002DA1C575300>, 'selector': <function tournament_selection_min.<locals>.ts at 0x000002DA212E5800>, 'crossover': <function geometric_crossover at 0x000002DA1C2CEB60>, 'ms': <function generate_random_uniform.<locals>.generate_num at 0x000002DA1FB22AC0>, 'inflate_mutator': <function inflate_mutation.<locals>.inflate at 0x000002DA1FB20EA0>, 'deflate_mutator': <function deflate_mutation at 0x000002DA1C577D80>, 'p_xo': 0, 'settings_dict': {'p_test': 0.2}, 'find_elit_func': <function get_best_min at 0x000002DA1C5740E0>, 'p_inflate': 0.7, 'copy_parent': True, 'operator': 'mul', 'pop_size': 50, 'seed': 10, 'p_m': 1, 'two_trees': True, 'p_deflate': 0.30000000000000004, 'FUNCTIONS': {'add': {'function': <built-in method add of type object at 0x00007FFB07DC49D0>, 'arity': 2}, 'subtract': {'function': <built-in method sub of type object at 0x00007FFB07DC49D0>, 'arity': 2}, 'multiply': {'function': <built-in method mul of type object at 0x00007FFB07DC49D0>, 'arity': 2}, 'divide': {'function': <function protected_div at 0x000002DA1C2CDE40>, 'arity': 2}}, 'CONSTANTS': {'constant__10.0': <function slim.<locals>.<dictcomp>.<lambda> at 0x000002DA1FB22840>, 'constant__9.9': <function slim.<locals>.<dictcomp>.<lambda> at 0x000002DA1FB21EE0>, 'constant__9.8': <function slim.<locals>.<dictcomp>.<lambda> at 0x000002DA1FB207C0>, 'constant__9.7': <function slim.<locals>.<dictcomp>.<lambda> at 0x000002DA1FB22020>, 'constant__9.6': <function slim.<locals>.<dictcomp>.<lambda> at 0x000002DA1FB21B20>, 'constant__9.5': <function slim.<locals>.<dictcomp>.<lambda> at 0x000002DA1FB205E0>, 'constant__9.4': <function slim.<locals>.<dictcomp>.<lambda> at 0x000002DA1FB21DA0>, 'constant__9.3': <function slim.<locals>.<dictcomp>.<lambda> at 0x000002DA1FB23880>, 'constant__9.2': <function slim.<locals>.<dictcomp>.<lambda> at 0x000002DA1FB23E20>, 'constant__9.1': <function slim.<locals>.<dictcomp>.<lambda> at 0x000002DA1FB211C0>, 'constant__9.0': <function slim.<locals>.<dictcomp>.<lambda> at 0x000002DA1FB21940>, 'constant__8.9': <function slim.<locals>.<dictcomp>.<lambda> at 0x000002DA1FB227A0>, 'constant__8.8': <function slim.<locals>.<dictcomp>.<lambda> at 0x000002DA1FB21580>, 'constant__8.7': <function slim.<locals>.<dictcomp>.<lambda> at 0x000002DA1FB22980>, 'constant__8.6': <function slim.<locals>.<dictcomp>.<lambda> at 0x000002DA1FB21080>, 'constant__8.5': <function slim.<locals>.<dictcomp>.<lambda> at 0x000002DA1FB20720>, 'constant__8.4': <function slim.<locals>.<dictcomp>.<lambda> at 0x000002DA1FB21800>, 'constant__8.3': <function slim.<locals>.<dictcomp>.<lambda> at 0x000002DA1FB216C0>, 'constant__8.2': <function slim.<locals>.<dictcomp>.<lambda> at 0x000002DA1FB22DE0>, 'constant__8.1': <function slim.<locals>.<dictcomp>.<lambda> at 0x000002DA1FB20C20>, 'constant__8.0': <function slim.<locals>.<dictcomp>.<lambda> at 0x000002DA1FB20D60>, 'constant__7.9': <function slim.<locals>.<dictcomp>.<lambda> at 0x000002DA1FB23EC0>, 'constant__7.8': <function slim.<locals>.<dictcomp>.<lambda> at 0x000002DA1FB20540>, 'constant__7.7': <function slim.<locals>.<dictcomp>.<lambda> at 0x000002DA1FB20180>, 'constant__7.6': <function slim.<locals>.<dictcomp>.<lambda> at 0x000002DA1FB22700>, 'constant__7.5': <function slim.<locals>.<dictcomp>.<lambda> at 0x000002DA1FB20F40>, 'constant__7.4': <function slim.<locals>.<dictcomp>.<lambda> at 0x000002DA1FB213A0>, 'constant__7.3': <function slim.<locals>.<dictcomp>.<lambda> at 0x000002DA1FB20680>, 'constant__7.2': <function slim.<locals>.<dictcomp>.<lambda> at 0x000002DA1FB220C0>, 'constant__7.1': <function slim.<locals>.<dictcomp>.<lambda> at 0x000002DA1FB22520>, 'constant__7.0': <function slim.<locals>.<dictcomp>.<lambda> at 0x000002DA2128A7A0>, 'constant__6.9': <function slim.<locals>.<dictcomp>.<lambda> at 0x000002DA212885E0>, 'constant__6.8': <function slim.<locals>.<dictcomp>.<lambda> at 0x000002DA2128AA20>, 'constant__6.7': <function slim.<locals>.<dictcomp>.<lambda> at 0x000002DA21289080>, 'constant__6.6': <function slim.<locals>.<dictcomp>.<lambda> at 0x000002DA21288680>, 'constant__6.5': <function slim.<locals>.<dictcomp>.<lambda> at 0x000002DA2128B920>, 'constant__6.4': <function slim.<locals>.<dictcomp>.<lambda> at 0x000002DA2128A020>, 'constant__6.3': <function slim.<locals>.<dictcomp>.<lambda> at 0x000002DA2128B740>, 'constant__6.2': <function slim.<locals>.<dictcomp>.<lambda> at 0x000002DA2128A520>, 'constant__6.1': <function slim.<locals>.<dictcomp>.<lambda> at 0x000002DA21288EA0>, 'constant__6.0': <function slim.<locals>.<dictcomp>.<lambda> at 0x000002DA21288540>, 'constant__5.9': <function slim.<locals>.<dictcomp>.<lambda> at 0x000002DA2128BC40>, 'constant__5.8': <function slim.<locals>.<dictcomp>.<lambda> at 0x000002DA212896C0>, 'constant__5.7': <function slim.<locals>.<dictcomp>.<lambda> at 0x000002DA2128B560>, 'constant__5.6': <function slim.<locals>.<dictcomp>.<lambda> at 0x000002DA21288360>, 'constant__5.5': <function slim.<locals>.<dictcomp>.<lambda> at 0x000002DA2128AFC0>, 'constant__5.4': <function slim.<locals>.<dictcomp>.<lambda> at 0x000002DA212887C0>, 'constant__5.3': <function slim.<locals>.<dictcomp>.<lambda> at 0x000002DA21289A80>, 'constant__5.2': <function slim.<locals>.<dictcomp>.<lambda> at 0x000002DA212889A0>, 'constant__5.1': <function slim.<locals>.<dictcomp>.<lambda> at 0x000002DA21288180>, 'constant__5.0': <function slim.<locals>.<dictcomp>.<lambda> at 0x000002DA212880E0>, 'constant__4.9': <function slim.<locals>.<dictcomp>.<lambda> at 0x000002DA2128B600>, 'constant__4.8': <function slim.<locals>.<dictcomp>.<lambda> at 0x000002DA21289300>, 'constant__4.7': <function slim.<locals>.<dictcomp>.<lambda> at 0x000002DA2128A0C0>, 'constant__4.6': <function slim.<locals>.<dictcomp>.<lambda> at 0x000002DA21289F80>, 'constant__4.5': <function slim.<locals>.<dictcomp>.<lambda> at 0x000002DA2128BEC0>, 'constant__4.4': <function slim.<locals>.<dictcomp>.<lambda> at 0x000002DA21289580>, 'constant__4.3': <function slim.<locals>.<dictcomp>.<lambda> at 0x000002DA21288400>, 'constant__4.2': <function slim.<locals>.<dictcomp>.<lambda> at 0x000002DA2128B2E0>, 'constant__4.1': <function slim.<locals>.<dictcomp>.<lambda> at 0x000002DA2128B7E0>, 'constant__4.0': <function slim.<locals>.<dictcomp>.<lambda> at 0x000002DA2128BB00>, 'constant__3.9': <function slim.<locals>.<dictcomp>.<lambda> at 0x000002DA2128A480>, 'constant__3.8': <function slim.<locals>.<dictcomp>.<lambda> at 0x000002DA21289940>, 'constant__3.7': <function slim.<locals>.<dictcomp>.<lambda> at 0x000002DA21289C60>, 'constant__3.6': <function slim.<locals>.<dictcomp>.<lambda> at 0x000002DA21288AE0>, 'constant__3.5': <function slim.<locals>.<dictcomp>.<lambda> at 0x000002DA2128A200>, 'constant__3.4': <function slim.<locals>.<dictcomp>.<lambda> at 0x000002DA21288FE0>, 'constant__3.3': <function slim.<locals>.<dictcomp>.<lambda> at 0x000002DA2128B9C0>, 'constant__3.2': <function slim.<locals>.<dictcomp>.<lambda> at 0x000002DA212898A0>, 'constant__3.1': <function slim.<locals>.<dictcomp>.<lambda> at 0x000002DA21289EE0>, 'constant__3.0': <function slim.<locals>.<dictcomp>.<lambda> at 0x000002DA2128B380>, 'constant__2.9': <function slim.<locals>.<dictcomp>.<lambda> at 0x000002DA2128BA60>, 'constant__2.8': <function slim.<locals>.<dictcomp>.<lambda> at 0x000002DA21288CC0>, 'constant__2.7': <function slim.<locals>.<dictcomp>.<lambda> at 0x000002DA21288040>, 'constant__2.6': <function slim.<locals>.<dictcomp>.<lambda> at 0x000002DA21289440>, 'constant__2.5': <function slim.<locals>.<dictcomp>.<lambda> at 0x000002DA212899E0>, 'constant__2.4': <function slim.<locals>.<dictcomp>.<lambda> at 0x000002DA21289D00>, 'constant__2.3': <function slim.<locals>.<dictcomp>.<lambda> at 0x000002DA21289DA0>, 'constant__2.2': <function slim.<locals>.<dictcomp>.<lambda> at 0x000002DA2128AB60>, 'constant__2.1': <function slim.<locals>.<dictcomp>.<lambda> at 0x000002DA21289E40>, 'constant__2.0': <function slim.<locals>.<dictcomp>.<lambda> at 0x000002DA21289120>, 'constant__1.9': <function slim.<locals>.<dictcomp>.<lambda> at 0x000002DA2128BBA0>, 'constant__1.8': <function slim.<locals>.<dictcomp>.<lambda> at 0x000002DA2128BF60>, 'constant__1.7': <function slim.<locals>.<dictcomp>.<lambda> at 0x000002DA21289BC0>, 'constant__1.6': <function slim.<locals>.<dictcomp>.<lambda> at 0x000002DA2128A700>, 'constant__1.5': <function slim.<locals>.<dictcomp>.<lambda> at 0x000002DA2128A3E0>, 'constant__1.4': <function slim.<locals>.<dictcomp>.<lambda> at 0x000002DA2128AD40>, 'constant__1.3': <function slim.<locals>.<dictcomp>.<lambda> at 0x000002DA2128AAC0>, 'constant__1.2': <function slim.<locals>.<dictcomp>.<lambda> at 0x000002DA2128B060>, 'constant__1.1': <function slim.<locals>.<dictcomp>.<lambda> at 0x000002DA21288A40>, 'constant__1.0': <function slim.<locals>.<dictcomp>.<lambda> at 0x000002DA2128ADE0>, 'constant__0.9': <function slim.<locals>.<dictcomp>.<lambda> at 0x000002DA2128A5C0>, 'constant__0.8': <function slim.<locals>.<dictcomp>.<lambda> at 0x000002DA2128BCE0>, 'constant__0.7': <function slim.<locals>.<dictcomp>.<lambda> at 0x000002DA21288720>, 'constant__0.6': <function slim.<locals>.<dictcomp>.<lambda> at 0x000002DA2128BD80>, 'constant__0.5': <function slim.<locals>.<dictcomp>.<lambda> at 0x000002DA21288E00>, 'constant__0.4': <function slim.<locals>.<dictcomp>.<lambda> at 0x000002DA2128AF20>, 'constant__0.3': <function slim.<locals>.<dictcomp>.<lambda> at 0x000002DA2128B880>, 'constant__0.2': <function slim.<locals>.<dictcomp>.<lambda> at 0x000002DA21288D60>, 'constant__0.1': <function slim.<locals>.<dictcomp>.<lambda> at 0x000002DA21289260>, 'constant_0.0': <function slim.<locals>.<dictcomp>.<lambda> at 0x000002DA2128ACA0>, 'constant_0.1': <function slim.<locals>.<dictcomp>.<lambda> at 0x000002DA2128B6A0>, 'constant_0.2': <function slim.<locals>.<dictcomp>.<lambda> at 0x000002DA22E0B740>, 'constant_0.3': <function slim.<locals>.<dictcomp>.<lambda> at 0x000002DA22E08EA0>, 'constant_0.4': <function slim.<locals>.<dictcomp>.<lambda> at 0x000002DA22E091C0>, 'constant_0.5': <function slim.<locals>.<dictcomp>.<lambda> at 0x000002DA22E09080>, 'constant_0.6': <function slim.<locals>.<dictcomp>.<lambda> at 0x000002DA22E0B420>, 'constant_0.7': <function slim.<locals>.<dictcomp>.<lambda> at 0x000002DA22E0A840>, 'constant_0.8': <function slim.<locals>.<dictcomp>.<lambda> at 0x000002DA22E0B560>, 'constant_0.9': <function slim.<locals>.<dictcomp>.<lambda> at 0x000002DA22E08CC0>, 'constant_1.0': <function slim.<locals>.<dictcomp>.<lambda> at 0x000002DA22E0B380>, 'constant_1.1': <function slim.<locals>.<dictcomp>.<lambda> at 0x000002DA22E09E40>, 'constant_1.2': <function slim.<locals>.<dictcomp>.<lambda> at 0x000002DA22E0B4C0>, 'constant_1.3': <function slim.<locals>.<dictcomp>.<lambda> at 0x000002DA22E0AD40>, 'constant_1.4': <function slim.<locals>.<dictcomp>.<lambda> at 0x000002DA22E0B1A0>, 'constant_1.5': <function slim.<locals>.<dictcomp>.<lambda> at 0x000002DA22E0BA60>, 'constant_1.6': <function slim.<locals>.<dictcomp>.<lambda> at 0x000002DA22E09260>, 'constant_1.7': <function slim.<locals>.<dictcomp>.<lambda> at 0x000002DA22E08220>, 'constant_1.8': <function slim.<locals>.<dictcomp>.<lambda> at 0x000002DA22E0B920>, 'constant_1.9': <function slim.<locals>.<dictcomp>.<lambda> at 0x000002DA1F683B00>, 'constant_2.0': <function slim.<locals>.<dictcomp>.<lambda> at 0x000002DA1F683A60>, 'constant_2.1': <function slim.<locals>.<dictcomp>.<lambda> at 0x000002DA1F681300>, 'constant_2.2': <function slim.<locals>.<dictcomp>.<lambda> at 0x000002DA1F681940>, 'constant_2.3': <function slim.<locals>.<dictcomp>.<lambda> at 0x000002DA1F6837E0>, 'constant_2.4': <function slim.<locals>.<dictcomp>.<lambda> at 0x000002DA1F6831A0>, 'constant_2.5': <function slim.<locals>.<dictcomp>.<lambda> at 0x000002DA1F681580>, 'constant_2.6': <function slim.<locals>.<dictcomp>.<lambda> at 0x000002DA1F681F80>, 'constant_2.7': <function slim.<locals>.<dictcomp>.<lambda> at 0x000002DA1F680180>, 'constant_2.8': <function slim.<locals>.<dictcomp>.<lambda> at 0x000002DA1F682AC0>, 'constant_2.9': <function slim.<locals>.<dictcomp>.<lambda> at 0x000002DA1F681760>, 'constant_3.0': <function slim.<locals>.<dictcomp>.<lambda> at 0x000002DA1F683880>, 'constant_3.1': <function slim.<locals>.<dictcomp>.<lambda> at 0x000002DA1F680680>, 'constant_3.2': <function slim.<locals>.<dictcomp>.<lambda> at 0x000002DA1F6809A0>, 'constant_3.3': <function slim.<locals>.<dictcomp>.<lambda> at 0x000002DA1F681440>, 'constant_3.4': <function slim.<locals>.<dictcomp>.<lambda> at 0x000002DA1F683060>, 'constant_3.5': <function slim.<locals>.<dictcomp>.<lambda> at 0x000002DA1F6834C0>, 'constant_3.6': <function slim.<locals>.<dictcomp>.<lambda> at 0x000002DA1F682660>, 'constant_3.7': <function slim.<locals>.<dictcomp>.<lambda> at 0x000002DA1F682FC0>, 'constant_3.8': <function slim.<locals>.<dictcomp>.<lambda> at 0x000002DA1F6820C0>, 'constant_3.9': <function slim.<locals>.<dictcomp>.<lambda> at 0x000002DA1F6823E0>, 'constant_4.0': <function slim.<locals>.<dictcomp>.<lambda> at 0x000002DA1F681EE0>, 'constant_4.1': <function slim.<locals>.<dictcomp>.<lambda> at 0x000002DA1F682200>, 'constant_4.2': <function slim.<locals>.<dictcomp>.<lambda> at 0x000002DA1F681260>, 'constant_4.3': <function slim.<locals>.<dictcomp>.<lambda> at 0x000002DA1F680860>, 'constant_4.4': <function slim.<locals>.<dictcomp>.<lambda> at 0x000002DA1F683920>, 'constant_4.5': <function slim.<locals>.<dictcomp>.<lambda> at 0x000002DA1F681800>, 'constant_4.6': <function slim.<locals>.<dictcomp>.<lambda> at 0x000002DA1F683740>, 'constant_4.7': <function slim.<locals>.<dictcomp>.<lambda> at 0x000002DA1F681D00>, 'constant_4.8': <function slim.<locals>.<dictcomp>.<lambda> at 0x000002DA1F683240>, 'constant_4.9': <function slim.<locals>.<dictcomp>.<lambda> at 0x000002DA1F682480>, 'constant_5.0': <function slim.<locals>.<dictcomp>.<lambda> at 0x000002DA1F682520>, 'constant_5.1': <function slim.<locals>.<dictcomp>.<lambda> at 0x000002DA1F683420>, 'constant_5.2': <function slim.<locals>.<dictcomp>.<lambda> at 0x000002DA1F682C00>, 'constant_5.3': <function slim.<locals>.<dictcomp>.<lambda> at 0x000002DA1F6814E0>, 'constant_5.4': <function slim.<locals>.<dictcomp>.<lambda> at 0x000002DA1F680540>, 'constant_5.5': <function slim.<locals>.<dictcomp>.<lambda> at 0x000002DA1F682700>, 'constant_5.6': <function slim.<locals>.<dictcomp>.<lambda> at 0x000002DA212E7100>, 'constant_5.7': <function slim.<locals>.<dictcomp>.<lambda> at 0x000002DA212E7060>, 'constant_5.8': <function slim.<locals>.<dictcomp>.<lambda> at 0x000002DA212E5EE0>, 'constant_5.9': <function slim.<locals>.<dictcomp>.<lambda> at 0x000002DA212E49A0>, 'constant_6.0': <function slim.<locals>.<dictcomp>.<lambda> at 0x000002DA212E4860>, 'constant_6.1': <function slim.<locals>.<dictcomp>.<lambda> at 0x000002DA212E56C0>, 'constant_6.2': <function slim.<locals>.<dictcomp>.<lambda> at 0x000002DA212E7A60>, 'constant_6.3': <function slim.<locals>.<dictcomp>.<lambda> at 0x000002DA212E72E0>, 'constant_6.4': <function slim.<locals>.<dictcomp>.<lambda> at 0x000002DA212E7920>, 'constant_6.5': <function slim.<locals>.<dictcomp>.<lambda> at 0x000002DA212E4720>, 'constant_6.6': <function slim.<locals>.<dictcomp>.<lambda> at 0x000002DA212E6E80>, 'constant_6.7': <function slim.<locals>.<dictcomp>.<lambda> at 0x000002DA212E6200>, 'constant_6.8': <function slim.<locals>.<dictcomp>.<lambda> at 0x000002DA212E7CE0>, 'constant_6.9': <function slim.<locals>.<dictcomp>.<lambda> at 0x000002DA212E4EA0>, 'constant_7.0': <function slim.<locals>.<dictcomp>.<lambda> at 0x000002DA212E5300>, 'constant_7.1': <function slim.<locals>.<dictcomp>.<lambda> at 0x000002DA212E54E0>, 'constant_7.2': <function slim.<locals>.<dictcomp>.<lambda> at 0x000002DA212E5B20>, 'constant_7.3': <function slim.<locals>.<dictcomp>.<lambda> at 0x000002DA212E6F20>, 'constant_7.4': <function slim.<locals>.<dictcomp>.<lambda> at 0x000002DA212E68E0>, 'constant_7.5': <function slim.<locals>.<dictcomp>.<lambda> at 0x000002DA212E6700>, 'constant_7.6': <function slim.<locals>.<dictcomp>.<lambda> at 0x000002DA212E44A0>, 'constant_7.7': <function slim.<locals>.<dictcomp>.<lambda> at 0x000002DA212E65C0>, 'constant_7.8': <function slim.<locals>.<dictcomp>.<lambda> at 0x000002DA212E63E0>, 'constant_7.9': <function slim.<locals>.<dictcomp>.<lambda> at 0x000002DA212E7600>, 'constant_8.0': <function slim.<locals>.<dictcomp>.<lambda> at 0x000002DA212E4D60>, 'constant_8.1': <function slim.<locals>.<dictcomp>.<lambda> at 0x000002DA212E5120>, 'constant_8.2': <function slim.<locals>.<dictcomp>.<lambda> at 0x000002DA212E71A0>, 'constant_8.3': <function slim.<locals>.<dictcomp>.<lambda> at 0x000002DA212E4400>, 'constant_8.4': <function slim.<locals>.<dictcomp>.<lambda> at 0x000002DA212E4360>, 'constant_8.5': <function slim.<locals>.<dictcomp>.<lambda> at 0x000002DA212E6DE0>, 'constant_8.6': <function slim.<locals>.<dictcomp>.<lambda> at 0x000002DA212E7240>, 'constant_8.7': <function slim.<locals>.<dictcomp>.<lambda> at 0x000002DA212E5940>, 'constant_8.8': <function slim.<locals>.<dictcomp>.<lambda> at 0x000002DA212E5760>, 'constant_8.9': <function slim.<locals>.<dictcomp>.<lambda> at 0x000002DA212E4E00>, 'constant_9.0': <function slim.<locals>.<dictcomp>.<lambda> at 0x000002DA212E6660>, 'constant_9.1': <function slim.<locals>.<dictcomp>.<lambda> at 0x000002DA212E7880>, 'constant_9.2': <function slim.<locals>.<dictcomp>.<lambda> at 0x000002DA212E67A0>, 'constant_9.3': <function slim.<locals>.<dictcomp>.<lambda> at 0x000002DA212E4FE0>, 'constant_9.4': <function slim.<locals>.<dictcomp>.<lambda> at 0x000002DA212E5C60>, 'constant_9.5': <function slim.<locals>.<dictcomp>.<lambda> at 0x000002DA212E5F80>, 'constant_9.6': <function slim.<locals>.<dictcomp>.<lambda> at 0x000002DA212E5080>, 'constant_9.7': <function slim.<locals>.<dictcomp>.<lambda> at 0x000002DA212E5E40>, 'constant_9.8': <function slim.<locals>.<dictcomp>.<lambda> at 0x000002DA212E4040>, 'constant_9.9': <function slim.<locals>.<dictcomp>.<lambda> at 0x000002DA212E4540>, 'constant_10.0': <function slim.<locals>.<dictcomp>.<lambda> at 0x000002DA212E60C0>}, 'p_c': 0.2, 'init_depth': 6, 'init_pop_size': 50, 'p_test': 0.2}"
