SLIM+SIG1,728315b5-039c-11f0-95c3-089df4bf3532,fertility,1,0,0.3076923191547394,0.0967257022857666,2690.0,0.5,15,1
SLIM+SIG1,728315b5-039c-11f0-95c3-089df4bf3532,fertility,1,1,0.38461539149284363,0.08475518226623535,4429.0,0.2857142984867096,16,1
SLIM+SIG1,728315b5-039c-11f0-95c3-089df4bf3532,fertility,1,2,0.38461539149284363,0.09365344047546387,6109.0,0.2857142984867096,16,1
SLIM+SIG1,728315b5-039c-11f0-95c3-089df4bf3532,fertility,1,3,0.38461539149284363,0.09136819839477539,8132.0,0.2857142984867096,16,1
SLIM+SIG1,728315b5-039c-11f0-95c3-089df4bf3532,fertility,1,4,0.38461539149284363,0.08733677864074707,10235.0,0.2857142984867096,16,1
SLIM+SIG1,728315b5-039c-11f0-95c3-089df4bf3532,fertility,1,5,0.38461539149284363,0.09253978729248047,11773.0,0.2857142984867096,16,1
SLIM+SIG1,728315b5-039c-11f0-95c3-089df4bf3532,fertility,1,6,0.4000000059604645,0.09846830368041992,13582.0,0.2352941334247589,29,1
SLIM+SIG1,728315b5-039c-11f0-95c3-089df4bf3532,fertility,1,7,0.444444477558136,0.09575462341308594,15423.0,0.2666666805744171,80,1
SLIM+SIG1,728315b5-039c-11f0-95c3-089df4bf3532,fertility,1,8,0.444444477558136,0.0919344425201416,17234.0,0.2666666805744171,80,1
SLIM+SIG1,728315b5-039c-11f0-95c3-089df4bf3532,fertility,1,9,0.444444477558136,0.0977327823638916,18906.0,0.2666666805744171,80,1
SLIM+SIG1,728315b5-039c-11f0-95c3-089df4bf3532,fertility,1,10,0.444444477558136,0.09674263000488281,20920.0,0.2666666805744171,80,1
SLIM+SIG1,728315b5-039c-11f0-95c3-089df4bf3532,fertility,1,11,0.444444477558136,0.0672297477722168,21281.0,0.2666666805744171,80,1
SLIM+SIG1,728315b5-039c-11f0-95c3-089df4bf3532,fertility,1,12,0.444444477558136,0.06365346908569336,21502.0,0.2666666805744171,80,1
SLIM+SIG1,728315b5-039c-11f0-95c3-089df4bf3532,fertility,1,13,0.444444477558136,0.06239962577819824,21439.0,0.2666666805744171,80,1
SLIM+SIG1,728315b5-039c-11f0-95c3-089df4bf3532,fertility,1,14,0.444444477558136,0.0676429271697998,21765.0,0.2666666805744171,80,1
SLIM+SIG1,728315b5-039c-11f0-95c3-089df4bf3532,fertility,1,15,0.444444477558136,0.06503605842590332,22262.0,0.2666666805744171,80,1
SLIM+SIG1,728315b5-039c-11f0-95c3-089df4bf3532,fertility,1,16,0.4545454680919647,0.06080293655395508,22621.0,0.3333333432674408,106,1
SLIM+SIG1,728315b5-039c-11f0-95c3-089df4bf3532,fertility,1,17,0.4545454680919647,0.05999493598937988,22832.0,0.3333333432674408,106,1
SLIM+SIG1,728315b5-039c-11f0-95c3-089df4bf3532,fertility,1,18,0.4545454680919647,0.0637214183807373,23018.0,0.3333333432674408,106,1
SLIM+SIG1,728315b5-039c-11f0-95c3-089df4bf3532,fertility,1,19,0.4545454680919647,0.06301093101501465,23170.0,0.3333333432674408,106,1
SLIM+SIG1,728315b5-039c-11f0-95c3-089df4bf3532,fertility,1,20,0.4545454680919647,0.06370043754577637,23201.0,0.3333333432674408,106,1
SLIM+SIG1,728315b5-039c-11f0-95c3-089df4bf3532,fertility,1,21,0.4545454680919647,0.05667233467102051,23249.0,0.3333333432674408,106,1
SLIM+SIG1,728315b5-039c-11f0-95c3-089df4bf3532,fertility,1,22,0.4545454680919647,0.06099343299865723,23233.0,0.3333333432674408,106,1
SLIM+SIG1,728315b5-039c-11f0-95c3-089df4bf3532,fertility,1,23,0.4545454680919647,0.06210184097290039,23108.0,0.3333333432674408,106,1
SLIM+SIG1,728315b5-039c-11f0-95c3-089df4bf3532,fertility,1,24,0.4545454680919647,0.0655066967010498,23198.0,0.3333333432674408,106,1
SLIM+SIG1,728315b5-039c-11f0-95c3-089df4bf3532,fertility,1,25,0.4545454680919647,0.06310462951660156,23158.0,0.3333333432674408,106,1
SLIM+SIG1,728315b5-039c-11f0-95c3-089df4bf3532,fertility,1,26,0.4545454680919647,0.059638023376464844,23196.0,0.3333333432674408,106,1
SLIM+SIG1,728315b5-039c-11f0-95c3-089df4bf3532,fertility,1,27,0.4545454680919647,0.06022930145263672,23217.0,0.3333333432674408,106,1
SLIM+SIG1,728315b5-039c-11f0-95c3-089df4bf3532,fertility,1,28,0.4545454680919647,0.05781292915344238,23274.0,0.3333333432674408,106,1
SLIM+SIG1,728315b5-039c-11f0-95c3-089df4bf3532,fertility,1,29,0.4545454680919647,0.05592489242553711,23272.0,0.3333333432674408,106,1
SLIM+SIG1,728315b5-039c-11f0-95c3-089df4bf3532,fertility,1,30,0.4545454680919647,0.06135249137878418,23217.0,0.3333333432674408,106,1
SLIM+SIG1,728315b5-039c-11f0-95c3-089df4bf3532,fertility,1,31,0.4545454680919647,0.06083488464355469,23268.0,0.3333333432674408,106,1
SLIM+SIG1,728315b5-039c-11f0-95c3-089df4bf3532,fertility,1,32,0.4545454680919647,0.05713200569152832,23198.0,0.3333333432674408,106,1
SLIM+SIG1,728315b5-039c-11f0-95c3-089df4bf3532,fertility,1,33,0.4545454680919647,0.05689382553100586,23149.0,0.3333333432674408,106,1
SLIM+SIG1,728315b5-039c-11f0-95c3-089df4bf3532,fertility,1,34,0.4545454680919647,0.06233572959899902,23210.0,0.3333333432674408,106,1
SLIM+SIG1,728315b5-039c-11f0-95c3-089df4bf3532,fertility,1,35,0.4545454680919647,0.05800056457519531,23228.0,0.3333333432674408,106,1
SLIM+SIG1,728315b5-039c-11f0-95c3-089df4bf3532,fertility,1,36,0.4545454680919647,0.06241011619567871,23170.0,0.3333333432674408,106,1
SLIM+SIG1,728315b5-039c-11f0-95c3-089df4bf3532,fertility,1,37,0.4545454680919647,0.06025218963623047,23188.0,0.3333333432674408,106,1
SLIM+SIG1,728315b5-039c-11f0-95c3-089df4bf3532,fertility,1,38,0.4545454680919647,0.06181597709655762,23163.0,0.3333333432674408,106,1
SLIM+SIG1,728315b5-039c-11f0-95c3-089df4bf3532,fertility,1,39,0.4545454680919647,0.05976986885070801,23169.0,0.3333333432674408,106,1
SLIM+SIG1,728315b5-039c-11f0-95c3-089df4bf3532,fertility,1,40,0.4545454680919647,0.06299924850463867,23104.0,0.3333333432674408,106,1
SLIM+SIG1,728315b5-039c-11f0-95c3-089df4bf3532,fertility,1,41,0.4545454680919647,0.06468057632446289,23200.0,0.3333333432674408,106,1
SLIM+SIG1,728315b5-039c-11f0-95c3-089df4bf3532,fertility,1,42,0.4545454680919647,0.05707502365112305,23185.0,0.3333333432674408,106,1
SLIM+SIG1,728315b5-039c-11f0-95c3-089df4bf3532,fertility,1,43,0.4545454680919647,0.06013369560241699,23140.0,0.3333333432674408,106,1
SLIM+SIG1,728315b5-039c-11f0-95c3-089df4bf3532,fertility,1,44,0.4545454680919647,0.06081247329711914,23135.0,0.3333333432674408,106,1
SLIM+SIG1,728315b5-039c-11f0-95c3-089df4bf3532,fertility,1,45,0.4545454680919647,0.06090188026428223,23166.0,0.3333333432674408,106,1
SLIM+SIG1,728315b5-039c-11f0-95c3-089df4bf3532,fertility,1,46,0.4545454680919647,0.05952644348144531,23067.0,0.3333333432674408,106,1
SLIM+SIG1,728315b5-039c-11f0-95c3-089df4bf3532,fertility,1,47,0.4545454680919647,0.0625309944152832,23215.0,0.3333333432674408,106,1
SLIM+SIG1,728315b5-039c-11f0-95c3-089df4bf3532,fertility,1,48,0.4545454680919647,0.06760621070861816,23099.0,0.3333333432674408,106,1
SLIM+SIG1,728315b5-039c-11f0-95c3-089df4bf3532,fertility,1,49,0.4545454680919647,0.061737060546875,23141.0,0.3333333432674408,106,1
SLIM+SIG1,728315b5-039c-11f0-95c3-089df4bf3532,fertility,1,50,0.4545454680919647,0.06395530700683594,23109.0,0.3333333432674408,106,1
SLIM+SIG1,728315b5-039c-11f0-95c3-089df4bf3532,fertility,1,51,0.4545454680919647,0.06301712989807129,23082.0,0.3333333432674408,106,1
SLIM+SIG1,728315b5-039c-11f0-95c3-089df4bf3532,fertility,1,52,0.4545454680919647,0.06651949882507324,23109.0,0.3333333432674408,106,1
SLIM+SIG1,728315b5-039c-11f0-95c3-089df4bf3532,fertility,1,53,0.4545454680919647,0.06205439567565918,23188.0,0.3333333432674408,106,1
SLIM+SIG1,728315b5-039c-11f0-95c3-089df4bf3532,fertility,1,54,0.4545454680919647,0.058011531829833984,23135.0,0.3333333432674408,106,1
SLIM+SIG1,728315b5-039c-11f0-95c3-089df4bf3532,fertility,1,55,0.4545454680919647,0.05974864959716797,23107.0,0.3333333432674408,106,1
SLIM+SIG1,728315b5-039c-11f0-95c3-089df4bf3532,fertility,1,56,0.4545454680919647,0.058426856994628906,23027.0,0.3333333432674408,106,1
SLIM+SIG1,728315b5-039c-11f0-95c3-089df4bf3532,fertility,1,57,0.4545454680919647,0.05886387825012207,23092.0,0.3333333432674408,106,1
SLIM+SIG1,728315b5-039c-11f0-95c3-089df4bf3532,fertility,1,58,0.4545454680919647,0.06371569633483887,23051.0,0.3333333432674408,106,1
SLIM+SIG1,728315b5-039c-11f0-95c3-089df4bf3532,fertility,1,59,0.4545454680919647,0.06337356567382812,23001.0,0.3333333432674408,106,1
SLIM+SIG1,728315b5-039c-11f0-95c3-089df4bf3532,fertility,1,60,0.4545454680919647,0.1284945011138916,23008.0,0.3333333432674408,106,1
SLIM+SIG1,728315b5-039c-11f0-95c3-089df4bf3532,fertility,1,61,0.4545454680919647,0.05900835990905762,23079.0,0.3333333432674408,106,1
SLIM+SIG1,728315b5-039c-11f0-95c3-089df4bf3532,fertility,1,62,0.4545454680919647,0.06211709976196289,23053.0,0.3333333432674408,106,1
SLIM+SIG1,728315b5-039c-11f0-95c3-089df4bf3532,fertility,1,63,0.4545454680919647,0.062018632888793945,23036.0,0.3333333432674408,106,1
SLIM+SIG1,728315b5-039c-11f0-95c3-089df4bf3532,fertility,1,64,0.4545454680919647,0.06294846534729004,23070.0,0.3333333432674408,106,1
SLIM+SIG1,728315b5-039c-11f0-95c3-089df4bf3532,fertility,1,65,0.4545454680919647,0.05862021446228027,22990.0,0.3333333432674408,106,1
SLIM+SIG1,728315b5-039c-11f0-95c3-089df4bf3532,fertility,1,66,0.4545454680919647,0.06200003623962402,23031.0,0.3333333432674408,106,1
SLIM+SIG1,728315b5-039c-11f0-95c3-089df4bf3532,fertility,1,67,0.4545454680919647,0.061595916748046875,23054.0,0.3333333432674408,106,1
SLIM+SIG1,728315b5-039c-11f0-95c3-089df4bf3532,fertility,1,68,0.4545454680919647,0.060622215270996094,23029.0,0.3333333432674408,106,1
SLIM+SIG1,728315b5-039c-11f0-95c3-089df4bf3532,fertility,1,69,0.4545454680919647,0.060003042221069336,23043.0,0.3333333432674408,106,1
SLIM+SIG1,728315b5-039c-11f0-95c3-089df4bf3532,fertility,1,70,0.4761904776096344,0.05905270576477051,22923.0,0.1666666716337204,115,1
SLIM+SIG1,728315b5-039c-11f0-95c3-089df4bf3532,fertility,1,71,0.4761904776096344,0.05899763107299805,22948.0,0.1666666716337204,115,1
SLIM+SIG1,728315b5-039c-11f0-95c3-089df4bf3532,fertility,1,72,0.4761904776096344,0.06171751022338867,22884.0,0.1666666716337204,115,1
SLIM+SIG1,728315b5-039c-11f0-95c3-089df4bf3532,fertility,1,73,0.4761904776096344,0.061530113220214844,22911.0,0.1666666716337204,115,1
SLIM+SIG1,728315b5-039c-11f0-95c3-089df4bf3532,fertility,1,74,0.4761904776096344,0.06089425086975098,22796.0,0.1666666716337204,115,1
SLIM+SIG1,728315b5-039c-11f0-95c3-089df4bf3532,fertility,1,75,0.4761904776096344,0.06492495536804199,22810.0,0.1666666716337204,115,1
SLIM+SIG1,728315b5-039c-11f0-95c3-089df4bf3532,fertility,1,76,0.4761904776096344,0.06418871879577637,22813.0,0.1666666716337204,115,1
SLIM+SIG1,728315b5-039c-11f0-95c3-089df4bf3532,fertility,1,77,0.4761904776096344,0.062171220779418945,22730.0,0.1666666716337204,115,1
SLIM+SIG1,728315b5-039c-11f0-95c3-089df4bf3532,fertility,1,78,0.4761904776096344,0.0605006217956543,22680.0,0.1666666716337204,115,1
SLIM+SIG1,728315b5-039c-11f0-95c3-089df4bf3532,fertility,1,79,0.4761904776096344,0.06400394439697266,22612.0,0.1666666716337204,115,1
SLIM+SIG1,728315b5-039c-11f0-95c3-089df4bf3532,fertility,1,80,0.4761904776096344,0.061800479888916016,22605.0,0.1666666716337204,115,1
SLIM+SIG1,728315b5-039c-11f0-95c3-089df4bf3532,fertility,1,81,0.4761904776096344,0.06682729721069336,22642.0,0.1666666716337204,115,1
SLIM+SIG1,728315b5-039c-11f0-95c3-089df4bf3532,fertility,1,82,0.4761904776096344,0.06888365745544434,22690.0,0.1666666716337204,115,1
SLIM+SIG1,728315b5-039c-11f0-95c3-089df4bf3532,fertility,1,83,0.4761904776096344,0.06925582885742188,22552.0,0.1666666716337204,115,1
SLIM+SIG1,728315b5-039c-11f0-95c3-089df4bf3532,fertility,1,84,0.4761904776096344,0.06416988372802734,22607.0,0.1666666716337204,115,1
SLIM+SIG1,728315b5-039c-11f0-95c3-089df4bf3532,fertility,1,85,0.4761904776096344,0.059043169021606445,22580.0,0.1666666716337204,115,1
SLIM+SIG1,728315b5-039c-11f0-95c3-089df4bf3532,fertility,1,86,0.4761904776096344,0.0637357234954834,22562.0,0.1666666716337204,115,1
SLIM+SIG1,728315b5-039c-11f0-95c3-089df4bf3532,fertility,1,87,0.4761904776096344,0.057713985443115234,22422.0,0.1666666716337204,115,1
SLIM+SIG1,728315b5-039c-11f0-95c3-089df4bf3532,fertility,1,88,0.4761904776096344,0.06299233436584473,22431.0,0.1666666716337204,115,1
SLIM+SIG1,728315b5-039c-11f0-95c3-089df4bf3532,fertility,1,89,0.4761904776096344,0.0629427433013916,22489.0,0.1666666716337204,115,1
SLIM+SIG1,728315b5-039c-11f0-95c3-089df4bf3532,fertility,1,90,0.4761904776096344,0.06394290924072266,22574.0,0.1666666716337204,115,1
SLIM+SIG1,728315b5-039c-11f0-95c3-089df4bf3532,fertility,1,91,0.5,0.05995774269104004,22491.0,0.0,115,1
SLIM+SIG1,728315b5-039c-11f0-95c3-089df4bf3532,fertility,1,92,0.5,0.06362104415893555,22520.0,0.0,115,1
SLIM+SIG1,728315b5-039c-11f0-95c3-089df4bf3532,fertility,1,93,0.5,0.06409382820129395,22570.0,0.0,115,1
SLIM+SIG1,728315b5-039c-11f0-95c3-089df4bf3532,fertility,1,94,0.5,0.0626828670501709,22607.0,0.0,115,1
SLIM+SIG1,728315b5-039c-11f0-95c3-089df4bf3532,fertility,1,95,0.5,0.06261491775512695,22570.0,0.0,115,1
SLIM+SIG1,728315b5-039c-11f0-95c3-089df4bf3532,fertility,1,96,0.5,0.06100773811340332,22530.0,0.0,115,1
SLIM+SIG1,728315b5-039c-11f0-95c3-089df4bf3532,fertility,1,97,0.5,0.06403684616088867,22472.0,0.0,115,1
SLIM+SIG1,728315b5-039c-11f0-95c3-089df4bf3532,fertility,1,98,0.5,0.06372618675231934,22542.0,0.0,115,1
SLIM+SIG1,728315b5-039c-11f0-95c3-089df4bf3532,fertility,1,99,0.5,0.06637215614318848,22560.0,0.0,115,1
SLIM+SIG1,728315b5-039c-11f0-95c3-089df4bf3532,fertility,1,100,0.5,0.06078481674194336,22529.0,0.0,115,1
SLIM+SIG1,728315b5-039c-11f0-95c3-089df4bf3532,fertility,1,101,0.5,0.06811070442199707,22438.0,0.0,115,1
SLIM+SIG1,728315b5-039c-11f0-95c3-089df4bf3532,fertility,1,102,0.5,0.060463905334472656,22434.0,0.0,115,1
SLIM+SIG1,728315b5-039c-11f0-95c3-089df4bf3532,fertility,1,103,0.5,0.06512069702148438,22517.0,0.0,115,1
SLIM+SIG1,728315b5-039c-11f0-95c3-089df4bf3532,fertility,1,104,0.5263157486915588,0.06515836715698242,22344.0,0.25,115,1
SLIM+SIG1,728315b5-039c-11f0-95c3-089df4bf3532,fertility,1,105,0.5263157486915588,0.06725859642028809,22307.0,0.25,115,1
SLIM+SIG1,728315b5-039c-11f0-95c3-089df4bf3532,fertility,1,106,0.5263157486915588,0.0657503604888916,22445.0,0.25,115,1
SLIM+SIG1,728315b5-039c-11f0-95c3-089df4bf3532,fertility,1,107,0.5263157486915588,0.06463789939880371,22439.0,0.25,115,1
SLIM+SIG1,728315b5-039c-11f0-95c3-089df4bf3532,fertility,1,108,0.5263157486915588,0.06300544738769531,22389.0,0.25,115,1
SLIM+SIG1,728315b5-039c-11f0-95c3-089df4bf3532,fertility,1,109,0.5263157486915588,0.0632936954498291,22325.0,0.25,115,1
SLIM+SIG1,728315b5-039c-11f0-95c3-089df4bf3532,fertility,1,110,0.5263157486915588,0.06560063362121582,22378.0,0.25,115,1
SLIM+SIG1,728315b5-039c-11f0-95c3-089df4bf3532,fertility,1,111,0.5263157486915588,0.06310296058654785,22413.0,0.25,115,1
SLIM+SIG1,728315b5-039c-11f0-95c3-089df4bf3532,fertility,1,112,0.5263157486915588,0.06302881240844727,22452.0,0.25,115,1
SLIM+SIG1,728315b5-039c-11f0-95c3-089df4bf3532,fertility,1,113,0.5263157486915588,0.06292247772216797,22554.0,0.25,115,1
SLIM+SIG1,728315b5-039c-11f0-95c3-089df4bf3532,fertility,1,114,0.5263157486915588,0.0701761245727539,22362.0,0.25,115,1
SLIM+SIG1,728315b5-039c-11f0-95c3-089df4bf3532,fertility,1,115,0.5263157486915588,0.06694173812866211,22292.0,0.25,115,1
SLIM+SIG1,728315b5-039c-11f0-95c3-089df4bf3532,fertility,1,116,0.5263157486915588,0.0635223388671875,22382.0,0.25,115,1
SLIM+SIG1,728315b5-039c-11f0-95c3-089df4bf3532,fertility,1,117,0.5263157486915588,0.06234431266784668,22379.0,0.25,115,1
SLIM+SIG1,728315b5-039c-11f0-95c3-089df4bf3532,fertility,1,118,0.5555555820465088,0.06183362007141113,22315.0,0.0,115,1
SLIM+SIG1,728315b5-039c-11f0-95c3-089df4bf3532,fertility,1,119,0.5555555820465088,0.0599970817565918,22464.0,0.0,115,1
SLIM+SIG1,728315b5-039c-11f0-95c3-089df4bf3532,fertility,1,120,0.5555555820465088,0.06083178520202637,22326.0,0.0,115,1
SLIM+SIG1,728315b5-039c-11f0-95c3-089df4bf3532,fertility,1,121,0.5555555820465088,0.06569981575012207,22381.0,0.0,115,1
SLIM+SIG1,728315b5-039c-11f0-95c3-089df4bf3532,fertility,1,122,0.5555555820465088,0.06200385093688965,22307.0,0.0,115,1
SLIM+SIG1,728315b5-039c-11f0-95c3-089df4bf3532,fertility,1,123,0.5555555820465088,0.06072664260864258,22390.0,0.0,115,1
SLIM+SIG1,728315b5-039c-11f0-95c3-089df4bf3532,fertility,1,124,0.5555555820465088,0.05992937088012695,22304.0,0.0,115,1
SLIM+SIG1,728315b5-039c-11f0-95c3-089df4bf3532,fertility,1,125,0.5555555820465088,0.0672140121459961,22323.0,0.0,115,1
SLIM+SIG1,728315b5-039c-11f0-95c3-089df4bf3532,fertility,1,126,0.5555555820465088,0.060620784759521484,22345.0,0.0,115,1
SLIM+SIG1,728315b5-039c-11f0-95c3-089df4bf3532,fertility,1,127,0.5555555820465088,0.061997413635253906,22320.0,0.0,115,1
SLIM+SIG1,728315b5-039c-11f0-95c3-089df4bf3532,fertility,1,128,0.5555555820465088,0.06337118148803711,22202.0,0.0,115,1
SLIM+SIG1,728315b5-039c-11f0-95c3-089df4bf3532,fertility,1,129,0.5555555820465088,0.06965041160583496,22214.0,0.0,115,1
SLIM+SIG1,728315b5-039c-11f0-95c3-089df4bf3532,fertility,1,130,0.5555555820465088,0.06431913375854492,22362.0,0.0,115,1
SLIM+SIG1,728315b5-039c-11f0-95c3-089df4bf3532,fertility,1,131,0.5555555820465088,0.06377053260803223,22270.0,0.0,115,1
SLIM+SIG1,728315b5-039c-11f0-95c3-089df4bf3532,fertility,1,132,0.5555555820465088,0.06583189964294434,22261.0,0.0,115,1
SLIM+SIG1,728315b5-039c-11f0-95c3-089df4bf3532,fertility,1,133,0.5555555820465088,0.06411123275756836,22131.0,0.0,115,1
SLIM+SIG1,728315b5-039c-11f0-95c3-089df4bf3532,fertility,1,134,0.5555555820465088,0.06350827217102051,22044.0,0.0,115,1
SLIM+SIG1,728315b5-039c-11f0-95c3-089df4bf3532,fertility,1,135,0.5555555820465088,0.06156110763549805,22014.0,0.0,115,1
SLIM+SIG1,728315b5-039c-11f0-95c3-089df4bf3532,fertility,1,136,0.5555555820465088,0.06605029106140137,22040.0,0.0,115,1
SLIM+SIG1,728315b5-039c-11f0-95c3-089df4bf3532,fertility,1,137,0.5555555820465088,0.06537628173828125,21948.0,0.0,115,1
SLIM+SIG1,728315b5-039c-11f0-95c3-089df4bf3532,fertility,1,138,0.5555555820465088,0.06856250762939453,22337.0,0.0,115,1
SLIM+SIG1,728315b5-039c-11f0-95c3-089df4bf3532,fertility,1,139,0.5555555820465088,0.06320929527282715,22174.0,0.0,115,1
SLIM+SIG1,728315b5-039c-11f0-95c3-089df4bf3532,fertility,1,140,0.5555555820465088,0.06264781951904297,22200.0,0.0,115,1
SLIM+SIG1,728315b5-039c-11f0-95c3-089df4bf3532,fertility,1,141,0.5555555820465088,0.06451201438903809,22244.0,0.0,115,1
SLIM+SIG1,728315b5-039c-11f0-95c3-089df4bf3532,fertility,1,142,0.5555555820465088,0.06484580039978027,22132.0,0.0,115,1
SLIM+SIG1,728315b5-039c-11f0-95c3-089df4bf3532,fertility,1,143,0.5555555820465088,0.06487560272216797,22073.0,0.0,115,1
SLIM+SIG1,728315b5-039c-11f0-95c3-089df4bf3532,fertility,1,144,0.5555555820465088,0.06480240821838379,22145.0,0.0,115,1
SLIM+SIG1,728315b5-039c-11f0-95c3-089df4bf3532,fertility,1,145,0.5555555820465088,0.06398415565490723,22139.0,0.0,115,1
SLIM+SIG1,728315b5-039c-11f0-95c3-089df4bf3532,fertility,1,146,0.5555555820465088,0.06692290306091309,22098.0,0.0,115,1
SLIM+SIG1,728315b5-039c-11f0-95c3-089df4bf3532,fertility,1,147,0.5555555820465088,0.07409453392028809,22144.0,0.0,115,1
SLIM+SIG1,728315b5-039c-11f0-95c3-089df4bf3532,fertility,1,148,0.5882353186607361,0.0751199722290039,22134.0,0.3333333432674408,115,1
SLIM+SIG1,728315b5-039c-11f0-95c3-089df4bf3532,fertility,1,149,0.5882353186607361,0.06756854057312012,21929.0,0.3333333432674408,115,1
SLIM+SIG1,728315b5-039c-11f0-95c3-089df4bf3532,fertility,1,150,0.5882353186607361,0.07449650764465332,22166.0,0.3333333432674408,115,1
SLIM+SIG1,728315b5-039c-11f0-95c3-089df4bf3532,fertility,1,151,0.5882353186607361,0.06453347206115723,22063.0,0.3333333432674408,115,1
SLIM+SIG1,728315b5-039c-11f0-95c3-089df4bf3532,fertility,1,152,0.5882353186607361,0.06632614135742188,22087.0,0.3333333432674408,115,1
SLIM+SIG1,728315b5-039c-11f0-95c3-089df4bf3532,fertility,1,153,0.5882353186607361,0.06490874290466309,22292.0,0.3333333432674408,115,1
SLIM+SIG1,728315b5-039c-11f0-95c3-089df4bf3532,fertility,1,154,0.5882353186607361,0.0637362003326416,22140.0,0.3333333432674408,115,1
SLIM+SIG1,728315b5-039c-11f0-95c3-089df4bf3532,fertility,1,155,0.5882353186607361,0.06700491905212402,22232.0,0.3333333432674408,115,1
SLIM+SIG1,728315b5-039c-11f0-95c3-089df4bf3532,fertility,1,156,0.5882353186607361,0.0629265308380127,22139.0,0.3333333432674408,115,1
SLIM+SIG1,728315b5-039c-11f0-95c3-089df4bf3532,fertility,1,157,0.5882353186607361,0.06582069396972656,22158.0,0.3333333432674408,115,1
SLIM+SIG1,728315b5-039c-11f0-95c3-089df4bf3532,fertility,1,158,0.5882353186607361,0.0641014575958252,22244.0,0.3333333432674408,115,1
SLIM+SIG1,728315b5-039c-11f0-95c3-089df4bf3532,fertility,1,159,0.5882353186607361,0.0663309097290039,22102.0,0.3333333432674408,115,1
SLIM+SIG1,728315b5-039c-11f0-95c3-089df4bf3532,fertility,1,160,0.5882353186607361,0.06494855880737305,22244.0,0.3333333432674408,115,1
SLIM+SIG1,728315b5-039c-11f0-95c3-089df4bf3532,fertility,1,161,0.5882353186607361,0.06385564804077148,22136.0,0.3333333432674408,115,1
SLIM+SIG1,728315b5-039c-11f0-95c3-089df4bf3532,fertility,1,162,0.5882353186607361,0.06299924850463867,22100.0,0.3333333432674408,115,1
SLIM+SIG1,728315b5-039c-11f0-95c3-089df4bf3532,fertility,1,163,0.5882353186607361,0.06344771385192871,22109.0,0.3333333432674408,115,1
SLIM+SIG1,728315b5-039c-11f0-95c3-089df4bf3532,fertility,1,164,0.5882353186607361,0.06711506843566895,22240.0,0.3333333432674408,115,1
SLIM+SIG1,728315b5-039c-11f0-95c3-089df4bf3532,fertility,1,165,0.5882353186607361,0.06461071968078613,21938.0,0.3333333432674408,115,1
SLIM+SIG1,728315b5-039c-11f0-95c3-089df4bf3532,fertility,1,166,0.5882353186607361,0.06793689727783203,21938.0,0.3333333432674408,115,1
SLIM+SIG1,728315b5-039c-11f0-95c3-089df4bf3532,fertility,1,167,0.5882353186607361,0.0657341480255127,21908.0,0.3333333432674408,115,1
SLIM+SIG1,728315b5-039c-11f0-95c3-089df4bf3532,fertility,1,168,0.5882353186607361,0.0645143985748291,21874.0,0.3333333432674408,115,1
SLIM+SIG1,728315b5-039c-11f0-95c3-089df4bf3532,fertility,1,169,0.5882353186607361,0.06310391426086426,21974.0,0.3333333432674408,115,1
SLIM+SIG1,728315b5-039c-11f0-95c3-089df4bf3532,fertility,1,170,0.5882353186607361,0.06510806083679199,22034.0,0.3333333432674408,115,1
SLIM+SIG1,728315b5-039c-11f0-95c3-089df4bf3532,fertility,1,171,0.5882353186607361,0.06599640846252441,22027.0,0.3333333432674408,115,1
SLIM+SIG1,728315b5-039c-11f0-95c3-089df4bf3532,fertility,1,172,0.5882353186607361,0.06754255294799805,22094.0,0.3333333432674408,115,1
SLIM+SIG1,728315b5-039c-11f0-95c3-089df4bf3532,fertility,1,173,0.5882353186607361,0.06493020057678223,22052.0,0.3333333432674408,115,1
SLIM+SIG1,728315b5-039c-11f0-95c3-089df4bf3532,fertility,1,174,0.5882353186607361,0.06813907623291016,22012.0,0.3333333432674408,115,1
SLIM+SIG1,728315b5-039c-11f0-95c3-089df4bf3532,fertility,1,175,0.5882353186607361,0.06310319900512695,21921.0,0.3333333432674408,115,1
SLIM+SIG1,728315b5-039c-11f0-95c3-089df4bf3532,fertility,1,176,0.5882353186607361,0.06714200973510742,22156.0,0.3333333432674408,115,1
SLIM+SIG1,728315b5-039c-11f0-95c3-089df4bf3532,fertility,1,177,0.5882353186607361,0.06378054618835449,22027.0,0.3333333432674408,115,1
SLIM+SIG1,728315b5-039c-11f0-95c3-089df4bf3532,fertility,1,178,0.5882353186607361,0.0651085376739502,22078.0,0.3333333432674408,115,1
SLIM+SIG1,728315b5-039c-11f0-95c3-089df4bf3532,fertility,1,179,0.5882353186607361,0.06771445274353027,22009.0,0.3333333432674408,115,1
SLIM+SIG1,728315b5-039c-11f0-95c3-089df4bf3532,fertility,1,180,0.5882353186607361,0.0689840316772461,22098.0,0.3333333432674408,115,1
SLIM+SIG1,728315b5-039c-11f0-95c3-089df4bf3532,fertility,1,181,0.5882353186607361,0.06879401206970215,22046.0,0.3333333432674408,115,1
SLIM+SIG1,728315b5-039c-11f0-95c3-089df4bf3532,fertility,1,182,0.5882353186607361,0.06800127029418945,22011.0,0.3333333432674408,115,1
SLIM+SIG1,728315b5-039c-11f0-95c3-089df4bf3532,fertility,1,183,0.5882353186607361,0.06456708908081055,21813.0,0.3333333432674408,115,1
SLIM+SIG1,728315b5-039c-11f0-95c3-089df4bf3532,fertility,1,184,0.5882353186607361,0.06408405303955078,22015.0,0.3333333432674408,115,1
SLIM+SIG1,728315b5-039c-11f0-95c3-089df4bf3532,fertility,1,185,0.5882353186607361,0.06389331817626953,22016.0,0.3333333432674408,115,1
SLIM+SIG1,728315b5-039c-11f0-95c3-089df4bf3532,fertility,1,186,0.5882353186607361,0.06587100028991699,21827.0,0.3333333432674408,115,1
SLIM+SIG1,728315b5-039c-11f0-95c3-089df4bf3532,fertility,1,187,0.5882353186607361,0.06862211227416992,21705.0,0.3333333432674408,115,1
SLIM+SIG1,728315b5-039c-11f0-95c3-089df4bf3532,fertility,1,188,0.5882353186607361,0.06744384765625,21751.0,0.3333333432674408,115,1
SLIM+SIG1,728315b5-039c-11f0-95c3-089df4bf3532,fertility,1,189,0.5882353186607361,0.06874227523803711,21711.0,0.3333333432674408,115,1
SLIM+SIG1,728315b5-039c-11f0-95c3-089df4bf3532,fertility,1,190,0.5882353186607361,0.06654930114746094,22056.0,0.3333333432674408,115,1
SLIM+SIG1,728315b5-039c-11f0-95c3-089df4bf3532,fertility,1,191,0.5882353186607361,0.0632011890411377,21869.0,0.3333333432674408,115,1
SLIM+SIG1,728315b5-039c-11f0-95c3-089df4bf3532,fertility,1,192,0.5882353186607361,0.06433606147766113,21849.0,0.3333333432674408,115,1
SLIM+SIG1,728315b5-039c-11f0-95c3-089df4bf3532,fertility,1,193,0.5882353186607361,0.07023835182189941,21540.0,0.3333333432674408,115,1
SLIM+SIG1,728315b5-039c-11f0-95c3-089df4bf3532,fertility,1,194,0.5882353186607361,0.06892275810241699,21683.0,0.3333333432674408,115,1
SLIM+SIG1,728315b5-039c-11f0-95c3-089df4bf3532,fertility,1,195,0.5882353186607361,0.06701421737670898,21517.0,0.3333333432674408,115,1
SLIM+SIG1,728315b5-039c-11f0-95c3-089df4bf3532,fertility,1,196,0.5882353186607361,0.07014322280883789,21563.0,0.3333333432674408,115,1
SLIM+SIG1,728315b5-039c-11f0-95c3-089df4bf3532,fertility,1,197,0.5882353186607361,0.06837821006774902,21642.0,0.3333333432674408,115,1
SLIM+SIG1,728315b5-039c-11f0-95c3-089df4bf3532,fertility,1,198,0.5882353186607361,0.06685543060302734,21822.0,0.3333333432674408,115,1
SLIM+SIG1,728315b5-039c-11f0-95c3-089df4bf3532,fertility,1,199,0.5882353186607361,0.06523752212524414,21738.0,0.3333333432674408,115,1
SLIM+SIG1,728315b5-039c-11f0-95c3-089df4bf3532,fertility,1,200,0.5882353186607361,0.06856703758239746,21589.0,0.3333333432674408,115,1
SLIM+SIG1,728315b5-039c-11f0-95c3-089df4bf3532,fertility,1,201,0.5882353186607361,0.0677332878112793,21714.0,0.3333333432674408,115,1
SLIM+SIG1,728315b5-039c-11f0-95c3-089df4bf3532,fertility,1,202,0.5882353186607361,0.0638434886932373,21755.0,0.3333333432674408,115,1
SLIM+SIG1,728315b5-039c-11f0-95c3-089df4bf3532,fertility,1,203,0.5882353186607361,0.0733342170715332,21734.0,0.3333333432674408,115,1
SLIM+SIG1,728315b5-039c-11f0-95c3-089df4bf3532,fertility,1,204,0.5882353186607361,0.07220268249511719,21763.0,0.3333333432674408,115,1
SLIM+SIG1,728315b5-039c-11f0-95c3-089df4bf3532,fertility,1,205,0.5882353186607361,0.06674814224243164,21785.0,0.3333333432674408,115,1
SLIM+SIG1,728315b5-039c-11f0-95c3-089df4bf3532,fertility,1,206,0.5882353186607361,0.06872320175170898,21581.0,0.3333333432674408,115,1
SLIM+SIG1,728315b5-039c-11f0-95c3-089df4bf3532,fertility,1,207,0.5882353186607361,0.07420802116394043,21403.0,0.3333333432674408,115,1
SLIM+SIG1,728315b5-039c-11f0-95c3-089df4bf3532,fertility,1,208,0.5882353186607361,0.06952357292175293,21334.0,0.3333333432674408,115,1
SLIM+SIG1,728315b5-039c-11f0-95c3-089df4bf3532,fertility,1,209,0.5882353186607361,0.06883740425109863,21423.0,0.3333333432674408,115,1
SLIM+SIG1,728315b5-039c-11f0-95c3-089df4bf3532,fertility,1,210,0.5882353186607361,0.0782473087310791,21443.0,0.3333333432674408,115,1
SLIM+SIG1,728315b5-039c-11f0-95c3-089df4bf3532,fertility,1,211,0.5882353186607361,0.07867312431335449,21299.0,0.3333333432674408,115,1
SLIM+SIG1,728315b5-039c-11f0-95c3-089df4bf3532,fertility,1,212,0.5882353186607361,0.07913684844970703,21428.0,0.3333333432674408,115,1
SLIM+SIG1,728315b5-039c-11f0-95c3-089df4bf3532,fertility,1,213,0.5882353186607361,0.07475924491882324,21357.0,0.3333333432674408,115,1
SLIM+SIG1,728315b5-039c-11f0-95c3-089df4bf3532,fertility,1,214,0.5882353186607361,0.07182598114013672,21194.0,0.3333333432674408,115,1
SLIM+SIG1,728315b5-039c-11f0-95c3-089df4bf3532,fertility,1,215,0.5882353186607361,0.06611824035644531,21214.0,0.3333333432674408,115,1
SLIM+SIG1,728315b5-039c-11f0-95c3-089df4bf3532,fertility,1,216,0.5882353186607361,0.07061314582824707,21339.0,0.3333333432674408,115,1
SLIM+SIG1,728315b5-039c-11f0-95c3-089df4bf3532,fertility,1,217,0.5882353186607361,0.07176804542541504,21214.0,0.3333333432674408,115,1
SLIM+SIG1,728315b5-039c-11f0-95c3-089df4bf3532,fertility,1,218,0.5882353186607361,0.0726480484008789,21183.0,0.3333333432674408,115,1
SLIM+SIG1,728315b5-039c-11f0-95c3-089df4bf3532,fertility,1,219,0.5882353186607361,0.06599807739257812,21152.0,0.3333333432674408,115,1
SLIM+SIG1,728315b5-039c-11f0-95c3-089df4bf3532,fertility,1,220,0.5882353186607361,0.07261514663696289,21399.0,0.3333333432674408,115,1
SLIM+SIG1,728315b5-039c-11f0-95c3-089df4bf3532,fertility,1,221,0.5882353186607361,0.07297468185424805,21000.0,0.3333333432674408,115,1
SLIM+SIG1,728315b5-039c-11f0-95c3-089df4bf3532,fertility,1,222,0.5882353186607361,0.07200145721435547,21102.0,0.3333333432674408,115,1
SLIM+SIG1,728315b5-039c-11f0-95c3-089df4bf3532,fertility,1,223,0.5882353186607361,0.07056641578674316,21503.0,0.3333333432674408,115,1
SLIM+SIG1,728315b5-039c-11f0-95c3-089df4bf3532,fertility,1,224,0.5882353186607361,0.07059907913208008,21367.0,0.3333333432674408,115,1
SLIM+SIG1,728315b5-039c-11f0-95c3-089df4bf3532,fertility,1,225,0.5882353186607361,0.06870770454406738,21362.0,0.3333333432674408,115,1
SLIM+SIG1,728315b5-039c-11f0-95c3-089df4bf3532,fertility,1,226,0.5882353186607361,0.07024049758911133,21452.0,0.3333333432674408,115,1
SLIM+SIG1,728315b5-039c-11f0-95c3-089df4bf3532,fertility,1,227,0.5882353186607361,0.14368772506713867,21382.0,0.3333333432674408,115,1
SLIM+SIG1,728315b5-039c-11f0-95c3-089df4bf3532,fertility,1,228,0.5882353186607361,0.06743955612182617,21325.0,0.3333333432674408,115,1
SLIM+SIG1,728315b5-039c-11f0-95c3-089df4bf3532,fertility,1,229,0.5882353186607361,0.06963944435119629,21176.0,0.3333333432674408,115,1
SLIM+SIG1,728315b5-039c-11f0-95c3-089df4bf3532,fertility,1,230,0.5882353186607361,0.07575726509094238,21099.0,0.3333333432674408,115,1
SLIM+SIG1,728315b5-039c-11f0-95c3-089df4bf3532,fertility,1,231,0.5882353186607361,0.0719597339630127,21179.0,0.3333333432674408,115,1
SLIM+SIG1,728315b5-039c-11f0-95c3-089df4bf3532,fertility,1,232,0.5882353186607361,0.07000112533569336,20988.0,0.3333333432674408,115,1
SLIM+SIG1,728315b5-039c-11f0-95c3-089df4bf3532,fertility,1,233,0.5882353186607361,0.07274246215820312,21130.0,0.3333333432674408,115,1
SLIM+SIG1,728315b5-039c-11f0-95c3-089df4bf3532,fertility,1,234,0.5882353186607361,0.0707557201385498,20915.0,0.3333333432674408,115,1
SLIM+SIG1,728315b5-039c-11f0-95c3-089df4bf3532,fertility,1,235,0.5882353186607361,0.07210540771484375,20967.0,0.3333333432674408,115,1
SLIM+SIG1,728315b5-039c-11f0-95c3-089df4bf3532,fertility,1,236,0.5882353186607361,0.07068133354187012,21080.0,0.3333333432674408,115,1
SLIM+SIG1,728315b5-039c-11f0-95c3-089df4bf3532,fertility,1,237,0.5882353186607361,0.06853199005126953,21127.0,0.3333333432674408,115,1
SLIM+SIG1,728315b5-039c-11f0-95c3-089df4bf3532,fertility,1,238,0.5882353186607361,0.07291293144226074,21254.0,0.3333333432674408,115,1
SLIM+SIG1,728315b5-039c-11f0-95c3-089df4bf3532,fertility,1,239,0.5882353186607361,0.07526969909667969,20868.0,0.3333333432674408,115,1
SLIM+SIG1,728315b5-039c-11f0-95c3-089df4bf3532,fertility,1,240,0.5882353186607361,0.07547283172607422,21032.0,0.3333333432674408,115,1
SLIM+SIG1,728315b5-039c-11f0-95c3-089df4bf3532,fertility,1,241,0.5882353186607361,0.07272887229919434,21208.0,0.3333333432674408,115,1
SLIM+SIG1,728315b5-039c-11f0-95c3-089df4bf3532,fertility,1,242,0.5882353186607361,0.07093048095703125,21120.0,0.3333333432674408,115,1
SLIM+SIG1,728315b5-039c-11f0-95c3-089df4bf3532,fertility,1,243,0.5882353186607361,0.0719308853149414,20958.0,0.3333333432674408,115,1
SLIM+SIG1,728315b5-039c-11f0-95c3-089df4bf3532,fertility,1,244,0.5882353186607361,0.07195854187011719,20636.0,0.3333333432674408,115,1
SLIM+SIG1,728315b5-039c-11f0-95c3-089df4bf3532,fertility,1,245,0.5882353186607361,0.0686180591583252,20876.0,0.3333333432674408,115,1
SLIM+SIG1,728315b5-039c-11f0-95c3-089df4bf3532,fertility,1,246,0.5882353186607361,0.07211613655090332,20793.0,0.3333333432674408,115,1
SLIM+SIG1,728315b5-039c-11f0-95c3-089df4bf3532,fertility,1,247,0.5882353186607361,0.07125496864318848,20701.0,0.3333333432674408,115,1
SLIM+SIG1,728315b5-039c-11f0-95c3-089df4bf3532,fertility,1,248,0.5882353186607361,0.06911206245422363,20873.0,0.3333333432674408,115,1
SLIM+SIG1,728315b5-039c-11f0-95c3-089df4bf3532,fertility,1,249,0.5882353186607361,0.06980633735656738,20610.0,0.3333333432674408,115,1
SLIM+SIG1,728315b5-039c-11f0-95c3-089df4bf3532,fertility,1,250,0.5882353186607361,0.06828594207763672,20601.0,0.3333333432674408,115,1
SLIM+SIG1,728315b5-039c-11f0-95c3-089df4bf3532,fertility,1,251,0.5882353186607361,0.0725550651550293,20801.0,0.3333333432674408,115,1
SLIM+SIG1,728315b5-039c-11f0-95c3-089df4bf3532,fertility,1,252,0.5882353186607361,0.06861495971679688,20910.0,0.3333333432674408,115,1
SLIM+SIG1,728315b5-039c-11f0-95c3-089df4bf3532,fertility,1,253,0.5882353186607361,0.07482266426086426,20624.0,0.3333333432674408,115,1
SLIM+SIG1,728315b5-039c-11f0-95c3-089df4bf3532,fertility,1,254,0.5882353186607361,0.07004666328430176,20251.0,0.3333333432674408,115,1
SLIM+SIG1,728315b5-039c-11f0-95c3-089df4bf3532,fertility,1,255,0.5882353186607361,0.0753633975982666,20100.0,0.3333333432674408,115,1
SLIM+SIG1,728315b5-039c-11f0-95c3-089df4bf3532,fertility,1,256,0.5882353186607361,0.07405781745910645,20227.0,0.3333333432674408,115,1
SLIM+SIG1,728315b5-039c-11f0-95c3-089df4bf3532,fertility,1,257,0.5882353186607361,0.07565164566040039,20380.0,0.3333333432674408,115,1
SLIM+SIG1,728315b5-039c-11f0-95c3-089df4bf3532,fertility,1,258,0.5882353186607361,0.07251954078674316,20081.0,0.3333333432674408,115,1
SLIM+SIG1,728315b5-039c-11f0-95c3-089df4bf3532,fertility,1,259,0.5882353186607361,0.0780036449432373,20321.0,0.3333333432674408,115,1
SLIM+SIG1,728315b5-039c-11f0-95c3-089df4bf3532,fertility,1,260,0.5882353186607361,0.07288908958435059,20181.0,0.3333333432674408,115,1
SLIM+SIG1,728315b5-039c-11f0-95c3-089df4bf3532,fertility,1,261,0.5882353186607361,0.07166481018066406,19971.0,0.3333333432674408,115,1
SLIM+SIG1,728315b5-039c-11f0-95c3-089df4bf3532,fertility,1,262,0.5882353186607361,0.07574939727783203,20444.0,0.3333333432674408,115,1
SLIM+SIG1,728315b5-039c-11f0-95c3-089df4bf3532,fertility,1,263,0.5882353186607361,0.0695188045501709,20117.0,0.3333333432674408,115,1
SLIM+SIG1,728315b5-039c-11f0-95c3-089df4bf3532,fertility,1,264,0.5882353186607361,0.07061600685119629,20372.0,0.3333333432674408,115,1
SLIM+SIG1,728315b5-039c-11f0-95c3-089df4bf3532,fertility,1,265,0.5882353186607361,0.07100558280944824,20381.0,0.3333333432674408,115,1
SLIM+SIG1,728315b5-039c-11f0-95c3-089df4bf3532,fertility,1,266,0.5882353186607361,0.07445001602172852,20271.0,0.3333333432674408,115,1
SLIM+SIG1,728315b5-039c-11f0-95c3-089df4bf3532,fertility,1,267,0.5882353186607361,0.07177066802978516,20035.0,0.3333333432674408,115,1
SLIM+SIG1,728315b5-039c-11f0-95c3-089df4bf3532,fertility,1,268,0.5882353186607361,0.07399153709411621,19903.0,0.3333333432674408,115,1
SLIM+SIG1,728315b5-039c-11f0-95c3-089df4bf3532,fertility,1,269,0.5882353186607361,0.07380008697509766,19922.0,0.3333333432674408,115,1
SLIM+SIG1,728315b5-039c-11f0-95c3-089df4bf3532,fertility,1,270,0.5882353186607361,0.07131695747375488,20176.0,0.3333333432674408,115,1
SLIM+SIG1,728315b5-039c-11f0-95c3-089df4bf3532,fertility,1,271,0.5882353186607361,0.07621455192565918,20219.0,0.3333333432674408,115,1
SLIM+SIG1,728315b5-039c-11f0-95c3-089df4bf3532,fertility,1,272,0.5882353186607361,0.07252216339111328,19854.0,0.3333333432674408,115,1
SLIM+SIG1,728315b5-039c-11f0-95c3-089df4bf3532,fertility,1,273,0.5882353186607361,0.07370829582214355,19865.0,0.3333333432674408,115,1
SLIM+SIG1,728315b5-039c-11f0-95c3-089df4bf3532,fertility,1,274,0.5882353186607361,0.06866717338562012,19565.0,0.3333333432674408,115,1
SLIM+SIG1,728315b5-039c-11f0-95c3-089df4bf3532,fertility,1,275,0.5882353186607361,0.07591032981872559,19059.0,0.3333333432674408,115,1
SLIM+SIG1,728315b5-039c-11f0-95c3-089df4bf3532,fertility,1,276,0.5882353186607361,0.07458209991455078,19304.0,0.3333333432674408,115,1
SLIM+SIG1,728315b5-039c-11f0-95c3-089df4bf3532,fertility,1,277,0.5882353186607361,0.07344508171081543,19126.0,0.3333333432674408,115,1
SLIM+SIG1,728315b5-039c-11f0-95c3-089df4bf3532,fertility,1,278,0.5882353186607361,0.07379460334777832,19598.0,0.3333333432674408,115,1
SLIM+SIG1,728315b5-039c-11f0-95c3-089df4bf3532,fertility,1,279,0.5882353186607361,0.07241702079772949,19538.0,0.3333333432674408,115,1
SLIM+SIG1,728315b5-039c-11f0-95c3-089df4bf3532,fertility,1,280,0.5882353186607361,0.07393932342529297,19575.0,0.3333333432674408,115,1
SLIM+SIG1,728315b5-039c-11f0-95c3-089df4bf3532,fertility,1,281,0.5882353186607361,0.07492589950561523,18894.0,0.3333333432674408,115,1
SLIM+SIG1,728315b5-039c-11f0-95c3-089df4bf3532,fertility,1,282,0.5882353186607361,0.07662844657897949,19184.0,0.3333333432674408,115,1
SLIM+SIG1,728315b5-039c-11f0-95c3-089df4bf3532,fertility,1,283,0.5882353186607361,0.07344913482666016,19619.0,0.3333333432674408,115,1
SLIM+SIG1,728315b5-039c-11f0-95c3-089df4bf3532,fertility,1,284,0.5882353186607361,0.07242631912231445,19743.0,0.3333333432674408,115,1
SLIM+SIG1,728315b5-039c-11f0-95c3-089df4bf3532,fertility,1,285,0.5882353186607361,0.07099771499633789,19374.0,0.3333333432674408,115,1
SLIM+SIG1,728315b5-039c-11f0-95c3-089df4bf3532,fertility,1,286,0.5882353186607361,0.07200241088867188,19212.0,0.3333333432674408,115,1
SLIM+SIG1,728315b5-039c-11f0-95c3-089df4bf3532,fertility,1,287,0.5882353186607361,0.07145833969116211,19340.0,0.3333333432674408,115,1
SLIM+SIG1,728315b5-039c-11f0-95c3-089df4bf3532,fertility,1,288,0.5882353186607361,0.07469773292541504,19652.0,0.3333333432674408,115,1
SLIM+SIG1,728315b5-039c-11f0-95c3-089df4bf3532,fertility,1,289,0.5882353186607361,0.07289576530456543,19292.0,0.3333333432674408,115,1
SLIM+SIG1,728315b5-039c-11f0-95c3-089df4bf3532,fertility,1,290,0.5882353186607361,0.06786799430847168,18969.0,0.3333333432674408,115,1
SLIM+SIG1,728315b5-039c-11f0-95c3-089df4bf3532,fertility,1,291,0.5882353186607361,0.07289791107177734,18561.0,0.3333333432674408,115,1
SLIM+SIG1,728315b5-039c-11f0-95c3-089df4bf3532,fertility,1,292,0.5882353186607361,0.13572120666503906,18108.0,0.3333333432674408,115,1
SLIM+SIG1,728315b5-039c-11f0-95c3-089df4bf3532,fertility,1,293,0.5882353186607361,0.07683706283569336,18446.0,0.3333333432674408,115,1
SLIM+SIG1,728315b5-039c-11f0-95c3-089df4bf3532,fertility,1,294,0.5882353186607361,0.07252001762390137,18771.0,0.3333333432674408,115,1
SLIM+SIG1,728315b5-039c-11f0-95c3-089df4bf3532,fertility,1,295,0.5882353186607361,0.07000398635864258,18421.0,0.3333333432674408,115,1
SLIM+SIG1,728315b5-039c-11f0-95c3-089df4bf3532,fertility,1,296,0.5882353186607361,0.07778596878051758,18510.0,0.3333333432674408,115,1
SLIM+SIG1,728315b5-039c-11f0-95c3-089df4bf3532,fertility,1,297,0.5882353186607361,0.08601570129394531,18451.0,0.3333333432674408,115,1
SLIM+SIG1,728315b5-039c-11f0-95c3-089df4bf3532,fertility,1,298,0.5882353186607361,0.07282423973083496,18245.0,0.3333333432674408,115,1
SLIM+SIG1,728315b5-039c-11f0-95c3-089df4bf3532,fertility,1,299,0.5882353186607361,0.07648277282714844,18483.0,0.3333333432674408,115,1
SLIM+SIG1,728315b5-039c-11f0-95c3-089df4bf3532,fertility,1,300,0.5882353186607361,0.0726161003112793,19155.0,0.3333333432674408,115,1
SLIM+SIG1,728315b5-039c-11f0-95c3-089df4bf3532,fertility,1,301,0.5882353186607361,0.07656288146972656,19490.0,0.3333333432674408,115,1
SLIM+SIG1,728315b5-039c-11f0-95c3-089df4bf3532,fertility,1,302,0.5882353186607361,0.07060718536376953,19424.0,0.3333333432674408,115,1
SLIM+SIG1,728315b5-039c-11f0-95c3-089df4bf3532,fertility,1,303,0.5882353186607361,0.07110261917114258,19112.0,0.3333333432674408,115,1
SLIM+SIG1,728315b5-039c-11f0-95c3-089df4bf3532,fertility,1,304,0.5882353186607361,0.06992983818054199,18768.0,0.3333333432674408,115,1
SLIM+SIG1,728315b5-039c-11f0-95c3-089df4bf3532,fertility,1,305,0.5882353186607361,0.06794571876525879,19225.0,0.3333333432674408,115,1
SLIM+SIG1,728315b5-039c-11f0-95c3-089df4bf3532,fertility,1,306,0.5882353186607361,0.07283782958984375,19404.0,0.3333333432674408,115,1
SLIM+SIG1,728315b5-039c-11f0-95c3-089df4bf3532,fertility,1,307,0.5882353186607361,0.07400131225585938,19366.0,0.3333333432674408,115,1
SLIM+SIG1,728315b5-039c-11f0-95c3-089df4bf3532,fertility,1,308,0.5882353186607361,0.07082772254943848,19473.0,0.3333333432674408,115,1
SLIM+SIG1,728315b5-039c-11f0-95c3-089df4bf3532,fertility,1,309,0.5882353186607361,0.07161426544189453,19539.0,0.3333333432674408,115,1
SLIM+SIG1,728315b5-039c-11f0-95c3-089df4bf3532,fertility,1,310,0.5882353186607361,0.07473421096801758,19569.0,0.3333333432674408,115,1
SLIM+SIG1,728315b5-039c-11f0-95c3-089df4bf3532,fertility,1,311,0.5882353186607361,0.07089495658874512,18954.0,0.3333333432674408,115,1
SLIM+SIG1,728315b5-039c-11f0-95c3-089df4bf3532,fertility,1,312,0.5882353186607361,0.07362055778503418,18314.0,0.3333333432674408,115,1
SLIM+SIG1,728315b5-039c-11f0-95c3-089df4bf3532,fertility,1,313,0.5882353186607361,0.07213735580444336,18222.0,0.3333333432674408,115,1
SLIM+SIG1,728315b5-039c-11f0-95c3-089df4bf3532,fertility,1,314,0.5882353186607361,0.0740058422088623,17488.0,0.3333333432674408,115,1
SLIM+SIG1,728315b5-039c-11f0-95c3-089df4bf3532,fertility,1,315,0.5882353186607361,0.07461977005004883,17399.0,0.3333333432674408,115,1
SLIM+SIG1,728315b5-039c-11f0-95c3-089df4bf3532,fertility,1,316,0.5882353186607361,0.06873297691345215,16968.0,0.3333333432674408,115,1
SLIM+SIG1,728315b5-039c-11f0-95c3-089df4bf3532,fertility,1,317,0.5882353186607361,0.06973385810852051,17180.0,0.3333333432674408,115,1
SLIM+SIG1,728315b5-039c-11f0-95c3-089df4bf3532,fertility,1,318,0.5882353186607361,0.07870149612426758,18075.0,0.3333333432674408,115,1
SLIM+SIG1,728315b5-039c-11f0-95c3-089df4bf3532,fertility,1,319,0.5882353186607361,0.07441449165344238,18054.0,0.3333333432674408,115,1
SLIM+SIG1,728315b5-039c-11f0-95c3-089df4bf3532,fertility,1,320,0.5882353186607361,0.07173752784729004,18317.0,0.3333333432674408,115,1
SLIM+SIG1,728315b5-039c-11f0-95c3-089df4bf3532,fertility,1,321,0.5882353186607361,0.07355213165283203,18043.0,0.3333333432674408,115,1
SLIM+SIG1,728315b5-039c-11f0-95c3-089df4bf3532,fertility,1,322,0.5882353186607361,0.0701911449432373,18528.0,0.3333333432674408,115,1
SLIM+SIG1,728315b5-039c-11f0-95c3-089df4bf3532,fertility,1,323,0.5882353186607361,0.07227110862731934,18094.0,0.3333333432674408,115,1
SLIM+SIG1,728315b5-039c-11f0-95c3-089df4bf3532,fertility,1,324,0.5882353186607361,0.07393288612365723,17968.0,0.3333333432674408,115,1
SLIM+SIG1,728315b5-039c-11f0-95c3-089df4bf3532,fertility,1,325,0.5882353186607361,0.08260679244995117,17617.0,0.3333333432674408,115,1
SLIM+SIG1,728315b5-039c-11f0-95c3-089df4bf3532,fertility,1,326,0.5882353186607361,0.07622981071472168,17222.0,0.3333333432674408,115,1
SLIM+SIG1,728315b5-039c-11f0-95c3-089df4bf3532,fertility,1,327,0.5882353186607361,0.07036042213439941,16949.0,0.3333333432674408,115,1
SLIM+SIG1,728315b5-039c-11f0-95c3-089df4bf3532,fertility,1,328,0.5882353186607361,0.07274413108825684,17468.0,0.3333333432674408,115,1
SLIM+SIG1,728315b5-039c-11f0-95c3-089df4bf3532,fertility,1,329,0.5882353186607361,0.07459068298339844,17784.0,0.3333333432674408,115,1
SLIM+SIG1,728315b5-039c-11f0-95c3-089df4bf3532,fertility,1,330,0.5882353186607361,0.07328009605407715,17534.0,0.3333333432674408,115,1
SLIM+SIG1,728315b5-039c-11f0-95c3-089df4bf3532,fertility,1,331,0.5882353186607361,0.07383275032043457,16785.0,0.3333333432674408,115,1
SLIM+SIG1,728315b5-039c-11f0-95c3-089df4bf3532,fertility,1,332,0.5882353186607361,0.07079267501831055,16565.0,0.3333333432674408,115,1
SLIM+SIG1,728315b5-039c-11f0-95c3-089df4bf3532,fertility,1,333,0.5882353186607361,0.06964612007141113,16554.0,0.3333333432674408,115,1
SLIM+SIG1,728315b5-039c-11f0-95c3-089df4bf3532,fertility,1,334,0.5882353186607361,0.07323312759399414,16784.0,0.3333333432674408,115,1
SLIM+SIG1,728315b5-039c-11f0-95c3-089df4bf3532,fertility,1,335,0.5882353186607361,0.07561993598937988,16950.0,0.3333333432674408,115,1
SLIM+SIG1,728315b5-039c-11f0-95c3-089df4bf3532,fertility,1,336,0.5882353186607361,0.06972384452819824,17185.0,0.3333333432674408,115,1
SLIM+SIG1,728315b5-039c-11f0-95c3-089df4bf3532,fertility,1,337,0.5882353186607361,0.07566022872924805,17155.0,0.3333333432674408,115,1
SLIM+SIG1,728315b5-039c-11f0-95c3-089df4bf3532,fertility,1,338,0.5882353186607361,0.07508683204650879,16650.0,0.3333333432674408,115,1
SLIM+SIG1,728315b5-039c-11f0-95c3-089df4bf3532,fertility,1,339,0.5882353186607361,0.0786123275756836,17072.0,0.3333333432674408,115,1
SLIM+SIG1,728315b5-039c-11f0-95c3-089df4bf3532,fertility,1,340,0.5882353186607361,0.0757453441619873,17127.0,0.3333333432674408,115,1
SLIM+SIG1,728315b5-039c-11f0-95c3-089df4bf3532,fertility,1,341,0.5882353186607361,0.06990647315979004,16402.0,0.3333333432674408,115,1
SLIM+SIG1,728315b5-039c-11f0-95c3-089df4bf3532,fertility,1,342,0.5882353186607361,0.07413005828857422,16186.0,0.3333333432674408,115,1
SLIM+SIG1,728315b5-039c-11f0-95c3-089df4bf3532,fertility,1,343,0.5882353186607361,0.07530093193054199,16323.0,0.3333333432674408,115,1
SLIM+SIG1,728315b5-039c-11f0-95c3-089df4bf3532,fertility,1,344,0.5882353186607361,0.07288289070129395,15825.0,0.3333333432674408,115,1
SLIM+SIG1,728315b5-039c-11f0-95c3-089df4bf3532,fertility,1,345,0.5882353186607361,0.07151079177856445,14998.0,0.3333333432674408,115,1
SLIM+SIG1,728315b5-039c-11f0-95c3-089df4bf3532,fertility,1,346,0.5882353186607361,0.0702056884765625,14415.0,0.3333333432674408,115,1
SLIM+SIG1,728315b5-039c-11f0-95c3-089df4bf3532,fertility,1,347,0.5882353186607361,0.06924247741699219,14651.0,0.3333333432674408,115,1
SLIM+SIG1,728315b5-039c-11f0-95c3-089df4bf3532,fertility,1,348,0.5882353186607361,0.0768742561340332,16177.0,0.3333333432674408,115,1
SLIM+SIG1,728315b5-039c-11f0-95c3-089df4bf3532,fertility,1,349,0.5882353186607361,0.07271599769592285,15643.0,0.3333333432674408,115,1
SLIM+SIG1,728315b5-039c-11f0-95c3-089df4bf3532,fertility,1,350,0.5882353186607361,0.07321810722351074,15519.0,0.3333333432674408,115,1
SLIM+SIG1,728315b5-039c-11f0-95c3-089df4bf3532,fertility,1,351,0.5882353186607361,0.0752255916595459,16056.0,0.3333333432674408,115,1
SLIM+SIG1,728315b5-039c-11f0-95c3-089df4bf3532,fertility,1,352,0.5882353186607361,0.07755184173583984,16635.0,0.3333333432674408,115,1
SLIM+SIG1,728315b5-039c-11f0-95c3-089df4bf3532,fertility,1,353,0.5882353186607361,0.0782172679901123,16887.0,0.3333333432674408,115,1
SLIM+SIG1,728315b5-039c-11f0-95c3-089df4bf3532,fertility,1,354,0.5882353186607361,0.15292668342590332,16842.0,0.3333333432674408,115,1
SLIM+SIG1,728315b5-039c-11f0-95c3-089df4bf3532,fertility,1,355,0.5882353186607361,0.07294273376464844,16268.0,0.3333333432674408,115,1
SLIM+SIG1,728315b5-039c-11f0-95c3-089df4bf3532,fertility,1,356,0.5882353186607361,0.072906494140625,15574.0,0.3333333432674408,115,1
SLIM+SIG1,728315b5-039c-11f0-95c3-089df4bf3532,fertility,1,357,0.5882353186607361,0.0730443000793457,15140.0,0.3333333432674408,115,1
SLIM+SIG1,728315b5-039c-11f0-95c3-089df4bf3532,fertility,1,358,0.5882353186607361,0.07411050796508789,14682.0,0.3333333432674408,115,1
SLIM+SIG1,728315b5-039c-11f0-95c3-089df4bf3532,fertility,1,359,0.5882353186607361,0.07382774353027344,14713.0,0.3333333432674408,115,1
SLIM+SIG1,728315b5-039c-11f0-95c3-089df4bf3532,fertility,1,360,0.5882353186607361,0.07012486457824707,14258.0,0.3333333432674408,115,1
SLIM+SIG1,728315b5-039c-11f0-95c3-089df4bf3532,fertility,1,361,0.5882353186607361,0.07289671897888184,13923.0,0.3333333432674408,115,1
SLIM+SIG1,728315b5-039c-11f0-95c3-089df4bf3532,fertility,1,362,0.5882353186607361,0.0717160701751709,13765.0,0.3333333432674408,115,1
SLIM+SIG1,728315b5-039c-11f0-95c3-089df4bf3532,fertility,1,363,0.5882353186607361,0.08266901969909668,12931.0,0.3333333432674408,115,1
SLIM+SIG1,728315b5-039c-11f0-95c3-089df4bf3532,fertility,1,364,0.5882353186607361,0.0730130672454834,13709.0,0.3333333432674408,115,1
SLIM+SIG1,728315b5-039c-11f0-95c3-089df4bf3532,fertility,1,365,0.5882353186607361,0.07221794128417969,13265.0,0.3333333432674408,115,1
SLIM+SIG1,728315b5-039c-11f0-95c3-089df4bf3532,fertility,1,366,0.5882353186607361,0.07074594497680664,12976.0,0.3333333432674408,115,1
SLIM+SIG1,728315b5-039c-11f0-95c3-089df4bf3532,fertility,1,367,0.5882353186607361,0.0787496566772461,13919.0,0.3333333432674408,115,1
SLIM+SIG1,728315b5-039c-11f0-95c3-089df4bf3532,fertility,1,368,0.5882353186607361,0.0750129222869873,13921.0,0.3333333432674408,115,1
SLIM+SIG1,728315b5-039c-11f0-95c3-089df4bf3532,fertility,1,369,0.5882353186607361,0.07549381256103516,14391.0,0.3333333432674408,115,1
SLIM+SIG1,728315b5-039c-11f0-95c3-089df4bf3532,fertility,1,370,0.5882353186607361,0.07220101356506348,13873.0,0.3333333432674408,115,1
SLIM+SIG1,728315b5-039c-11f0-95c3-089df4bf3532,fertility,1,371,0.5882353186607361,0.07526516914367676,14398.0,0.3333333432674408,115,1
SLIM+SIG1,728315b5-039c-11f0-95c3-089df4bf3532,fertility,1,372,0.5882353186607361,0.07385778427124023,14563.0,0.3333333432674408,115,1
SLIM+SIG1,728315b5-039c-11f0-95c3-089df4bf3532,fertility,1,373,0.5882353186607361,0.07282829284667969,14182.0,0.3333333432674408,115,1
SLIM+SIG1,728315b5-039c-11f0-95c3-089df4bf3532,fertility,1,374,0.5882353186607361,0.06794404983520508,13606.0,0.3333333432674408,115,1
SLIM+SIG1,728315b5-039c-11f0-95c3-089df4bf3532,fertility,1,375,0.5882353186607361,0.07256817817687988,13808.0,0.3333333432674408,115,1
SLIM+SIG1,728315b5-039c-11f0-95c3-089df4bf3532,fertility,1,376,0.5882353186607361,0.06948471069335938,13477.0,0.3333333432674408,115,1
SLIM+SIG1,728315b5-039c-11f0-95c3-089df4bf3532,fertility,1,377,0.5882353186607361,0.0704185962677002,13997.0,0.3333333432674408,115,1
SLIM+SIG1,728315b5-039c-11f0-95c3-089df4bf3532,fertility,1,378,0.5882353186607361,0.06986284255981445,13951.0,0.3333333432674408,115,1
SLIM+SIG1,728315b5-039c-11f0-95c3-089df4bf3532,fertility,1,379,0.5882353186607361,0.07251191139221191,13640.0,0.3333333432674408,115,1
SLIM+SIG1,728315b5-039c-11f0-95c3-089df4bf3532,fertility,1,380,0.5882353186607361,0.07230830192565918,15008.0,0.3333333432674408,115,1
SLIM+SIG1,728315b5-039c-11f0-95c3-089df4bf3532,fertility,1,381,0.5882353186607361,0.07468724250793457,14605.0,0.3333333432674408,115,1
SLIM+SIG1,728315b5-039c-11f0-95c3-089df4bf3532,fertility,1,382,0.5882353186607361,0.08566570281982422,14770.0,0.3333333432674408,115,1
SLIM+SIG1,728315b5-039c-11f0-95c3-089df4bf3532,fertility,1,383,0.5882353186607361,0.07875514030456543,13934.0,0.3333333432674408,115,1
SLIM+SIG1,728315b5-039c-11f0-95c3-089df4bf3532,fertility,1,384,0.5882353186607361,0.07495355606079102,14228.0,0.3333333432674408,115,1
SLIM+SIG1,728315b5-039c-11f0-95c3-089df4bf3532,fertility,1,385,0.5882353186607361,0.07262825965881348,13608.0,0.3333333432674408,115,1
SLIM+SIG1,728315b5-039c-11f0-95c3-089df4bf3532,fertility,1,386,0.5882353186607361,0.07085108757019043,12833.0,0.3333333432674408,115,1
SLIM+SIG1,728315b5-039c-11f0-95c3-089df4bf3532,fertility,1,387,0.5882353186607361,0.07370948791503906,12325.0,0.3333333432674408,115,1
SLIM+SIG1,728315b5-039c-11f0-95c3-089df4bf3532,fertility,1,388,0.5882353186607361,0.07051420211791992,12407.0,0.3333333432674408,115,1
SLIM+SIG1,728315b5-039c-11f0-95c3-089df4bf3532,fertility,1,389,0.5882353186607361,0.06988143920898438,12543.0,0.3333333432674408,115,1
SLIM+SIG1,728315b5-039c-11f0-95c3-089df4bf3532,fertility,1,390,0.5882353186607361,0.07084012031555176,12587.0,0.3333333432674408,115,1
SLIM+SIG1,728315b5-039c-11f0-95c3-089df4bf3532,fertility,1,391,0.5882353186607361,0.07162237167358398,12956.0,0.3333333432674408,115,1
SLIM+SIG1,728315b5-039c-11f0-95c3-089df4bf3532,fertility,1,392,0.5882353186607361,0.06931614875793457,12741.0,0.3333333432674408,115,1
SLIM+SIG1,728315b5-039c-11f0-95c3-089df4bf3532,fertility,1,393,0.5882353186607361,0.06856536865234375,12601.0,0.3333333432674408,115,1
SLIM+SIG1,728315b5-039c-11f0-95c3-089df4bf3532,fertility,1,394,0.5882353186607361,0.07198739051818848,12020.0,0.3333333432674408,115,1
SLIM+SIG1,728315b5-039c-11f0-95c3-089df4bf3532,fertility,1,395,0.5882353186607361,0.07153654098510742,11524.0,0.3333333432674408,115,1
SLIM+SIG1,728315b5-039c-11f0-95c3-089df4bf3532,fertility,1,396,0.5882353186607361,0.07311820983886719,10939.0,0.3333333432674408,115,1
SLIM+SIG1,728315b5-039c-11f0-95c3-089df4bf3532,fertility,1,397,0.5882353186607361,0.07461905479431152,10271.0,0.3333333432674408,115,1
SLIM+SIG1,728315b5-039c-11f0-95c3-089df4bf3532,fertility,1,398,0.5882353186607361,0.06467437744140625,9459.0,0.3333333432674408,115,1
SLIM+SIG1,728315b5-039c-11f0-95c3-089df4bf3532,fertility,1,399,0.5882353186607361,0.07121968269348145,9369.0,0.3333333432674408,115,1
SLIM+SIG1,728315b5-039c-11f0-95c3-089df4bf3532,fertility,1,400,0.5882353186607361,0.0648338794708252,9915.0,0.3333333432674408,115,1
SLIM+SIG1,728315b5-039c-11f0-95c3-089df4bf3532,fertility,1,401,0.5882353186607361,0.06873154640197754,10465.0,0.3333333432674408,115,1
SLIM+SIG1,728315b5-039c-11f0-95c3-089df4bf3532,fertility,1,402,0.5882353186607361,0.07163119316101074,11234.0,0.3333333432674408,115,1
SLIM+SIG1,728315b5-039c-11f0-95c3-089df4bf3532,fertility,1,403,0.5882353186607361,0.06910014152526855,12123.0,0.3333333432674408,115,1
SLIM+SIG1,728315b5-039c-11f0-95c3-089df4bf3532,fertility,1,404,0.5882353186607361,0.07401633262634277,11702.0,0.3333333432674408,115,1
SLIM+SIG1,728315b5-039c-11f0-95c3-089df4bf3532,fertility,1,405,0.5882353186607361,0.07140946388244629,12758.0,0.3333333432674408,115,1
SLIM+SIG1,728315b5-039c-11f0-95c3-089df4bf3532,fertility,1,406,0.5882353186607361,0.06718254089355469,12711.0,0.3333333432674408,115,1
SLIM+SIG1,728315b5-039c-11f0-95c3-089df4bf3532,fertility,1,407,0.5882353186607361,0.06961846351623535,12258.0,0.3333333432674408,115,1
SLIM+SIG1,728315b5-039c-11f0-95c3-089df4bf3532,fertility,1,408,0.5882353186607361,0.0685570240020752,11821.0,0.3333333432674408,115,1
SLIM+SIG1,728315b5-039c-11f0-95c3-089df4bf3532,fertility,1,409,0.5882353186607361,0.0709989070892334,11718.0,0.3333333432674408,115,1
SLIM+SIG1,728315b5-039c-11f0-95c3-089df4bf3532,fertility,1,410,0.5882353186607361,0.07088589668273926,11437.0,0.3333333432674408,115,1
SLIM+SIG1,728315b5-039c-11f0-95c3-089df4bf3532,fertility,1,411,0.5882353186607361,0.0765528678894043,11210.0,0.3333333432674408,115,1
SLIM+SIG1,728315b5-039c-11f0-95c3-089df4bf3532,fertility,1,412,0.5882353186607361,0.07315897941589355,11527.0,0.3333333432674408,115,1
SLIM+SIG1,728315b5-039c-11f0-95c3-089df4bf3532,fertility,1,413,0.5882353186607361,0.07046771049499512,11027.0,0.3333333432674408,115,1
SLIM+SIG1,728315b5-039c-11f0-95c3-089df4bf3532,fertility,1,414,0.5882353186607361,0.06984972953796387,10975.0,0.3333333432674408,115,1
SLIM+SIG1,728315b5-039c-11f0-95c3-089df4bf3532,fertility,1,415,0.5882353186607361,0.06651043891906738,9601.0,0.3333333432674408,115,1
SLIM+SIG1,728315b5-039c-11f0-95c3-089df4bf3532,fertility,1,416,0.5882353186607361,0.06964921951293945,8680.0,0.3333333432674408,115,1
SLIM+SIG1,728315b5-039c-11f0-95c3-089df4bf3532,fertility,1,417,0.5882353186607361,0.07004237174987793,8316.0,0.3333333432674408,115,1
SLIM+SIG1,728315b5-039c-11f0-95c3-089df4bf3532,fertility,1,418,0.5882353186607361,0.06831073760986328,9132.0,0.3333333432674408,115,1
SLIM+SIG1,728315b5-039c-11f0-95c3-089df4bf3532,fertility,1,419,0.5882353186607361,0.06740212440490723,9583.0,0.3333333432674408,115,1
SLIM+SIG1,728315b5-039c-11f0-95c3-089df4bf3532,fertility,1,420,0.5882353186607361,0.06799817085266113,9438.0,0.3333333432674408,115,1
SLIM+SIG1,728315b5-039c-11f0-95c3-089df4bf3532,fertility,1,421,0.5882353186607361,0.06572556495666504,8812.0,0.3333333432674408,115,1
SLIM+SIG1,728315b5-039c-11f0-95c3-089df4bf3532,fertility,1,422,0.5882353186607361,0.06839919090270996,9607.0,0.3333333432674408,115,1
SLIM+SIG1,728315b5-039c-11f0-95c3-089df4bf3532,fertility,1,423,0.5882353186607361,0.0709984302520752,9630.0,0.3333333432674408,115,1
SLIM+SIG1,728315b5-039c-11f0-95c3-089df4bf3532,fertility,1,424,0.5882353186607361,0.06773710250854492,9610.0,0.3333333432674408,115,1
SLIM+SIG1,728315b5-039c-11f0-95c3-089df4bf3532,fertility,1,425,0.5882353186607361,0.1383066177368164,9985.0,0.3333333432674408,115,1
SLIM+SIG1,728315b5-039c-11f0-95c3-089df4bf3532,fertility,1,426,0.5882353186607361,0.06810569763183594,9723.0,0.3333333432674408,115,1
SLIM+SIG1,728315b5-039c-11f0-95c3-089df4bf3532,fertility,1,427,0.5882353186607361,0.07091832160949707,9837.0,0.3333333432674408,115,1
SLIM+SIG1,728315b5-039c-11f0-95c3-089df4bf3532,fertility,1,428,0.5882353186607361,0.06672286987304688,9958.0,0.3333333432674408,115,1
SLIM+SIG1,728315b5-039c-11f0-95c3-089df4bf3532,fertility,1,429,0.5882353186607361,0.06534075736999512,9921.0,0.3333333432674408,115,1
SLIM+SIG1,728315b5-039c-11f0-95c3-089df4bf3532,fertility,1,430,0.5882353186607361,0.06472992897033691,10368.0,0.3333333432674408,115,1
SLIM+SIG1,728315b5-039c-11f0-95c3-089df4bf3532,fertility,1,431,0.5882353186607361,0.06662201881408691,10729.0,0.3333333432674408,115,1
SLIM+SIG1,728315b5-039c-11f0-95c3-089df4bf3532,fertility,1,432,0.5882353186607361,0.07135772705078125,11570.0,0.3333333432674408,115,1
SLIM+SIG1,728315b5-039c-11f0-95c3-089df4bf3532,fertility,1,433,0.5882353186607361,0.07174301147460938,11659.0,0.3333333432674408,115,1
SLIM+SIG1,728315b5-039c-11f0-95c3-089df4bf3532,fertility,1,434,0.5882353186607361,0.06571722030639648,10884.0,0.3333333432674408,115,1
SLIM+SIG1,728315b5-039c-11f0-95c3-089df4bf3532,fertility,1,435,0.5882353186607361,0.06726741790771484,10443.0,0.3333333432674408,115,1
SLIM+SIG1,728315b5-039c-11f0-95c3-089df4bf3532,fertility,1,436,0.5882353186607361,0.06673526763916016,10396.0,0.3333333432674408,115,1
SLIM+SIG1,728315b5-039c-11f0-95c3-089df4bf3532,fertility,1,437,0.5882353186607361,0.06663751602172852,9986.0,0.3333333432674408,115,1
SLIM+SIG1,728315b5-039c-11f0-95c3-089df4bf3532,fertility,1,438,0.5882353186607361,0.07013106346130371,9588.0,0.3333333432674408,115,1
SLIM+SIG1,728315b5-039c-11f0-95c3-089df4bf3532,fertility,1,439,0.5882353186607361,0.06571507453918457,9347.0,0.3333333432674408,115,1
SLIM+SIG1,728315b5-039c-11f0-95c3-089df4bf3532,fertility,1,440,0.5882353186607361,0.07373261451721191,8955.0,0.3333333432674408,115,1
SLIM+SIG1,728315b5-039c-11f0-95c3-089df4bf3532,fertility,1,441,0.5882353186607361,0.06920528411865234,8569.0,0.3333333432674408,115,1
SLIM+SIG1,728315b5-039c-11f0-95c3-089df4bf3532,fertility,1,442,0.5882353186607361,0.0689852237701416,7610.0,0.3333333432674408,115,1
SLIM+SIG1,728315b5-039c-11f0-95c3-089df4bf3532,fertility,1,443,0.5882353186607361,0.06683564186096191,6918.0,0.3333333432674408,115,1
SLIM+SIG1,728315b5-039c-11f0-95c3-089df4bf3532,fertility,1,444,0.5882353186607361,0.06662893295288086,7145.0,0.3333333432674408,115,1
SLIM+SIG1,728315b5-039c-11f0-95c3-089df4bf3532,fertility,1,445,0.5882353186607361,0.07005119323730469,7192.0,0.3333333432674408,115,1
SLIM+SIG1,728315b5-039c-11f0-95c3-089df4bf3532,fertility,1,446,0.5882353186607361,0.06936907768249512,7234.0,0.3333333432674408,115,1
SLIM+SIG1,728315b5-039c-11f0-95c3-089df4bf3532,fertility,1,447,0.5882353186607361,0.06692028045654297,7456.0,0.3333333432674408,115,1
SLIM+SIG1,728315b5-039c-11f0-95c3-089df4bf3532,fertility,1,448,0.5882353186607361,0.06650280952453613,8110.0,0.3333333432674408,115,1
SLIM+SIG1,728315b5-039c-11f0-95c3-089df4bf3532,fertility,1,449,0.5882353186607361,0.06940770149230957,8695.0,0.3333333432674408,115,1
SLIM+SIG1,728315b5-039c-11f0-95c3-089df4bf3532,fertility,1,450,0.5882353186607361,0.06673812866210938,9355.0,0.3333333432674408,115,1
SLIM+SIG1,728315b5-039c-11f0-95c3-089df4bf3532,fertility,1,451,0.5882353186607361,0.06723356246948242,9646.0,0.3333333432674408,115,1
SLIM+SIG1,728315b5-039c-11f0-95c3-089df4bf3532,fertility,1,452,0.5882353186607361,0.07051253318786621,9309.0,0.3333333432674408,115,1
SLIM+SIG1,728315b5-039c-11f0-95c3-089df4bf3532,fertility,1,453,0.5882353186607361,0.06583213806152344,9273.0,0.3333333432674408,115,1
SLIM+SIG1,728315b5-039c-11f0-95c3-089df4bf3532,fertility,1,454,0.5882353186607361,0.06781959533691406,9366.0,0.3333333432674408,115,1
SLIM+SIG1,728315b5-039c-11f0-95c3-089df4bf3532,fertility,1,455,0.5882353186607361,0.07268643379211426,8890.0,0.3333333432674408,115,1
SLIM+SIG1,728315b5-039c-11f0-95c3-089df4bf3532,fertility,1,456,0.5882353186607361,0.0665130615234375,8239.0,0.3333333432674408,115,1
SLIM+SIG1,728315b5-039c-11f0-95c3-089df4bf3532,fertility,1,457,0.5882353186607361,0.06728410720825195,7859.0,0.3333333432674408,115,1
SLIM+SIG1,728315b5-039c-11f0-95c3-089df4bf3532,fertility,1,458,0.5882353186607361,0.06599307060241699,7426.0,0.3333333432674408,115,1
SLIM+SIG1,728315b5-039c-11f0-95c3-089df4bf3532,fertility,1,459,0.5882353186607361,0.06872272491455078,7365.0,0.3333333432674408,115,1
SLIM+SIG1,728315b5-039c-11f0-95c3-089df4bf3532,fertility,1,460,0.5882353186607361,0.07226991653442383,7046.0,0.3333333432674408,115,1
SLIM+SIG1,728315b5-039c-11f0-95c3-089df4bf3532,fertility,1,461,0.5882353186607361,0.0669560432434082,7263.0,0.3333333432674408,115,1
SLIM+SIG1,728315b5-039c-11f0-95c3-089df4bf3532,fertility,1,462,0.5882353186607361,0.0765080451965332,7522.0,0.3333333432674408,115,1
SLIM+SIG1,728315b5-039c-11f0-95c3-089df4bf3532,fertility,1,463,0.5882353186607361,0.0750734806060791,7281.0,0.3333333432674408,115,1
SLIM+SIG1,728315b5-039c-11f0-95c3-089df4bf3532,fertility,1,464,0.5882353186607361,0.07628059387207031,7870.0,0.3333333432674408,115,1
SLIM+SIG1,728315b5-039c-11f0-95c3-089df4bf3532,fertility,1,465,0.5882353186607361,0.06902098655700684,8147.0,0.3333333432674408,115,1
SLIM+SIG1,728315b5-039c-11f0-95c3-089df4bf3532,fertility,1,466,0.5882353186607361,0.06849312782287598,8843.0,0.3333333432674408,115,1
SLIM+SIG1,728315b5-039c-11f0-95c3-089df4bf3532,fertility,1,467,0.5882353186607361,0.07140612602233887,9372.0,0.3333333432674408,115,1
SLIM+SIG1,728315b5-039c-11f0-95c3-089df4bf3532,fertility,1,468,0.5882353186607361,0.06492757797241211,9500.0,0.3333333432674408,115,1
SLIM+SIG1,728315b5-039c-11f0-95c3-089df4bf3532,fertility,1,469,0.5882353186607361,0.07010531425476074,9256.0,0.3333333432674408,115,1
SLIM+SIG1,728315b5-039c-11f0-95c3-089df4bf3532,fertility,1,470,0.5882353186607361,0.06772446632385254,8755.0,0.3333333432674408,115,1
SLIM+SIG1,728315b5-039c-11f0-95c3-089df4bf3532,fertility,1,471,0.5882353186607361,0.07327103614807129,7901.0,0.3333333432674408,115,1
SLIM+SIG1,728315b5-039c-11f0-95c3-089df4bf3532,fertility,1,472,0.5882353186607361,0.07294082641601562,7018.0,0.3333333432674408,115,1
SLIM+SIG1,728315b5-039c-11f0-95c3-089df4bf3532,fertility,1,473,0.5882353186607361,0.07195520401000977,6459.0,0.3333333432674408,115,1
SLIM+SIG1,728315b5-039c-11f0-95c3-089df4bf3532,fertility,1,474,0.5882353186607361,0.07357096672058105,6208.0,0.3333333432674408,115,1
SLIM+SIG1,728315b5-039c-11f0-95c3-089df4bf3532,fertility,1,475,0.5882353186607361,0.07337737083435059,6591.0,0.3333333432674408,115,1
SLIM+SIG1,728315b5-039c-11f0-95c3-089df4bf3532,fertility,1,476,0.5882353186607361,0.06789517402648926,6875.0,0.3333333432674408,115,1
SLIM+SIG1,728315b5-039c-11f0-95c3-089df4bf3532,fertility,1,477,0.5882353186607361,0.06684660911560059,7789.0,0.3333333432674408,115,1
SLIM+SIG1,728315b5-039c-11f0-95c3-089df4bf3532,fertility,1,478,0.5882353186607361,0.06669354438781738,8163.0,0.3333333432674408,115,1
SLIM+SIG1,728315b5-039c-11f0-95c3-089df4bf3532,fertility,1,479,0.5882353186607361,0.08262872695922852,8348.0,0.3333333432674408,115,1
SLIM+SIG1,728315b5-039c-11f0-95c3-089df4bf3532,fertility,1,480,0.5882353186607361,0.07399749755859375,7366.0,0.3333333432674408,115,1
SLIM+SIG1,728315b5-039c-11f0-95c3-089df4bf3532,fertility,1,481,0.5882353186607361,0.06560325622558594,6906.0,0.3333333432674408,115,1
SLIM+SIG1,728315b5-039c-11f0-95c3-089df4bf3532,fertility,1,482,0.5882353186607361,0.06869816780090332,6793.0,0.3333333432674408,115,1
SLIM+SIG1,728315b5-039c-11f0-95c3-089df4bf3532,fertility,1,483,0.5882353186607361,0.062001705169677734,6489.0,0.3333333432674408,115,1
SLIM+SIG1,728315b5-039c-11f0-95c3-089df4bf3532,fertility,1,484,0.5882353186607361,0.06751060485839844,7955.0,0.3333333432674408,115,1
SLIM+SIG1,728315b5-039c-11f0-95c3-089df4bf3532,fertility,1,485,0.5882353186607361,0.06668949127197266,7312.0,0.3333333432674408,115,1
SLIM+SIG1,728315b5-039c-11f0-95c3-089df4bf3532,fertility,1,486,0.5882353186607361,0.06520295143127441,6515.0,0.3333333432674408,115,1
SLIM+SIG1,728315b5-039c-11f0-95c3-089df4bf3532,fertility,1,487,0.5882353186607361,0.06577944755554199,6071.0,0.3333333432674408,115,1
SLIM+SIG1,728315b5-039c-11f0-95c3-089df4bf3532,fertility,1,488,0.5882353186607361,0.06661200523376465,4978.0,0.3333333432674408,115,1
SLIM+SIG1,728315b5-039c-11f0-95c3-089df4bf3532,fertility,1,489,0.5882353186607361,0.0681002140045166,4703.0,0.3333333432674408,115,1
SLIM+SIG1,728315b5-039c-11f0-95c3-089df4bf3532,fertility,1,490,0.5882353186607361,0.06583237648010254,3731.0,0.3333333432674408,115,1
SLIM+SIG1,728315b5-039c-11f0-95c3-089df4bf3532,fertility,1,491,0.5882353186607361,0.0596156120300293,4267.0,0.3333333432674408,115,1
SLIM+SIG1,728315b5-039c-11f0-95c3-089df4bf3532,fertility,1,492,0.5882353186607361,0.0628962516784668,4432.0,0.3333333432674408,115,1
SLIM+SIG1,728315b5-039c-11f0-95c3-089df4bf3532,fertility,1,493,0.5882353186607361,0.06683492660522461,4445.0,0.3333333432674408,115,1
SLIM+SIG1,728315b5-039c-11f0-95c3-089df4bf3532,fertility,1,494,0.5882353186607361,0.06574749946594238,5353.0,0.3333333432674408,115,1
SLIM+SIG1,728315b5-039c-11f0-95c3-089df4bf3532,fertility,1,495,0.5882353186607361,0.0720057487487793,5166.0,0.3333333432674408,115,1
SLIM+SIG1,728315b5-039c-11f0-95c3-089df4bf3532,fertility,1,496,0.5882353186607361,0.06353974342346191,6051.0,0.3333333432674408,115,1
SLIM+SIG1,728315b5-039c-11f0-95c3-089df4bf3532,fertility,1,497,0.5882353186607361,0.06570768356323242,6780.0,0.3333333432674408,115,1
SLIM+SIG1,728315b5-039c-11f0-95c3-089df4bf3532,fertility,1,498,0.5882353186607361,0.06708049774169922,7040.0,0.3333333432674408,115,1
SLIM+SIG1,728315b5-039c-11f0-95c3-089df4bf3532,fertility,1,499,0.5882353186607361,0.06581544876098633,5978.0,0.3333333432674408,115,1
SLIM+SIG1,728315b5-039c-11f0-95c3-089df4bf3532,fertility,1,500,0.5882353186607361,0.0615079402923584,4965.0,0.3333333432674408,115,1
SLIM+SIG1,728315b5-039c-11f0-95c3-089df4bf3532,fertility,2,0,0.3333333134651184,0.10688471794128418,2690.0,0.40000003576278687,63,1
SLIM+SIG1,728315b5-039c-11f0-95c3-089df4bf3532,fertility,2,1,0.3333333134651184,0.10703277587890625,4680.0,0.40000003576278687,63,1
SLIM+SIG1,728315b5-039c-11f0-95c3-089df4bf3532,fertility,2,2,0.3333333134651184,0.09705018997192383,6891.0,0.40000003576278687,63,1
SLIM+SIG1,728315b5-039c-11f0-95c3-089df4bf3532,fertility,2,3,0.3636363744735718,0.09073352813720703,10059.0,0.3333333432674408,85,1
SLIM+SIG1,728315b5-039c-11f0-95c3-089df4bf3532,fertility,2,4,0.3636363744735718,0.0901024341583252,12856.0,0.3333333432674408,85,1
SLIM+SIG1,728315b5-039c-11f0-95c3-089df4bf3532,fertility,2,5,0.3636363744735718,0.1080634593963623,14963.0,0.3333333432674408,85,1
SLIM+SIG1,728315b5-039c-11f0-95c3-089df4bf3532,fertility,2,6,0.4166666567325592,0.09719395637512207,17107.0,0.3333333432674408,96,1
SLIM+SIG1,728315b5-039c-11f0-95c3-089df4bf3532,fertility,2,7,0.43478262424468994,0.17886900901794434,19463.0,0.3333333432674408,118,1
SLIM+SIG1,728315b5-039c-11f0-95c3-089df4bf3532,fertility,2,8,0.43478262424468994,0.0928347110748291,21140.0,0.3333333432674408,118,1
SLIM+SIG1,728315b5-039c-11f0-95c3-089df4bf3532,fertility,2,9,0.43478262424468994,0.09882736206054688,23374.0,0.3333333432674408,118,1
SLIM+SIG1,728315b5-039c-11f0-95c3-089df4bf3532,fertility,2,10,0.43478262424468994,0.09773111343383789,26123.0,0.3333333432674408,118,1
SLIM+SIG1,728315b5-039c-11f0-95c3-089df4bf3532,fertility,2,11,0.43478262424468994,0.07757687568664551,28636.0,0.3333333432674408,118,1
SLIM+SIG1,728315b5-039c-11f0-95c3-089df4bf3532,fertility,2,12,0.43478262424468994,0.06866741180419922,29238.0,0.3333333432674408,118,1
SLIM+SIG1,728315b5-039c-11f0-95c3-089df4bf3532,fertility,2,13,0.43478262424468994,0.06785225868225098,30853.0,0.3333333432674408,118,1
SLIM+SIG1,728315b5-039c-11f0-95c3-089df4bf3532,fertility,2,14,0.43478262424468994,0.061995506286621094,31411.0,0.3333333432674408,118,1
SLIM+SIG1,728315b5-039c-11f0-95c3-089df4bf3532,fertility,2,15,0.4761904776096344,0.059624671936035156,32147.0,0.4000000059604645,129,1
SLIM+SIG1,728315b5-039c-11f0-95c3-089df4bf3532,fertility,2,16,0.4761904776096344,0.0598299503326416,32184.0,0.4000000059604645,129,1
SLIM+SIG1,728315b5-039c-11f0-95c3-089df4bf3532,fertility,2,17,0.4761904776096344,0.06317400932312012,32355.0,0.4000000059604645,129,1
SLIM+SIG1,728315b5-039c-11f0-95c3-089df4bf3532,fertility,2,18,0.4761904776096344,0.0627436637878418,32442.0,0.4000000059604645,129,1
SLIM+SIG1,728315b5-039c-11f0-95c3-089df4bf3532,fertility,2,19,0.4761904776096344,0.060950279235839844,32462.0,0.4000000059604645,129,1
SLIM+SIG1,728315b5-039c-11f0-95c3-089df4bf3532,fertility,2,20,0.4761904776096344,0.062203168869018555,32548.0,0.4000000059604645,129,1
SLIM+SIG1,728315b5-039c-11f0-95c3-089df4bf3532,fertility,2,21,0.4761904776096344,0.06282806396484375,32586.0,0.4000000059604645,129,1
SLIM+SIG1,728315b5-039c-11f0-95c3-089df4bf3532,fertility,2,22,0.4761904776096344,0.06141328811645508,32514.0,0.4000000059604645,129,1
SLIM+SIG1,728315b5-039c-11f0-95c3-089df4bf3532,fertility,2,23,0.4761904776096344,0.05499720573425293,32656.0,0.4000000059604645,129,1
SLIM+SIG1,728315b5-039c-11f0-95c3-089df4bf3532,fertility,2,24,0.4761904776096344,0.06044363975524902,32524.0,0.4000000059604645,129,1
SLIM+SIG1,728315b5-039c-11f0-95c3-089df4bf3532,fertility,2,25,0.4800000488758087,0.062361717224121094,32501.0,0.3076923191547394,151,1
SLIM+SIG1,728315b5-039c-11f0-95c3-089df4bf3532,fertility,2,26,0.4800000488758087,0.060404300689697266,32561.0,0.3076923191547394,151,1
SLIM+SIG1,728315b5-039c-11f0-95c3-089df4bf3532,fertility,2,27,0.5,0.059972286224365234,32499.0,0.3076923191547394,162,1
SLIM+SIG1,728315b5-039c-11f0-95c3-089df4bf3532,fertility,2,28,0.5,0.06422042846679688,32414.0,0.3076923191547394,162,1
SLIM+SIG1,728315b5-039c-11f0-95c3-089df4bf3532,fertility,2,29,0.5,0.06315350532531738,32276.0,0.3076923191547394,162,1
SLIM+SIG1,728315b5-039c-11f0-95c3-089df4bf3532,fertility,2,30,0.5,0.0592191219329834,32293.0,0.3076923191547394,162,1
SLIM+SIG1,728315b5-039c-11f0-95c3-089df4bf3532,fertility,2,31,0.5,0.05971026420593262,32232.0,0.3076923191547394,162,1
SLIM+SIG1,728315b5-039c-11f0-95c3-089df4bf3532,fertility,2,32,0.5,0.06251978874206543,32221.0,0.3076923191547394,162,1
SLIM+SIG1,728315b5-039c-11f0-95c3-089df4bf3532,fertility,2,33,0.5,0.061017513275146484,32206.0,0.3076923191547394,162,1
SLIM+SIG1,728315b5-039c-11f0-95c3-089df4bf3532,fertility,2,34,0.5263157486915588,0.05951523780822754,32318.0,0.25,162,1
SLIM+SIG1,728315b5-039c-11f0-95c3-089df4bf3532,fertility,2,35,0.5263157486915588,0.060120582580566406,32292.0,0.25,162,1
SLIM+SIG1,728315b5-039c-11f0-95c3-089df4bf3532,fertility,2,36,0.5263157486915588,0.05639767646789551,32257.0,0.25,162,1
SLIM+SIG1,728315b5-039c-11f0-95c3-089df4bf3532,fertility,2,37,0.5263157486915588,0.058483123779296875,32202.0,0.25,162,1
SLIM+SIG1,728315b5-039c-11f0-95c3-089df4bf3532,fertility,2,38,0.5263157486915588,0.060997962951660156,32158.0,0.25,162,1
SLIM+SIG1,728315b5-039c-11f0-95c3-089df4bf3532,fertility,2,39,0.5263157486915588,0.06252837181091309,32246.0,0.25,162,1
SLIM+SIG1,728315b5-039c-11f0-95c3-089df4bf3532,fertility,2,40,0.5263157486915588,0.057267189025878906,32235.0,0.25,162,1
SLIM+SIG1,728315b5-039c-11f0-95c3-089df4bf3532,fertility,2,41,0.5555555820465088,0.05699443817138672,32169.0,0.25,151,1
SLIM+SIG1,728315b5-039c-11f0-95c3-089df4bf3532,fertility,2,42,0.5555555820465088,0.0638284683227539,32169.0,0.25,151,1
SLIM+SIG1,728315b5-039c-11f0-95c3-089df4bf3532,fertility,2,43,0.5882353186607361,0.06619429588317871,32149.0,0.222222238779068,151,1
SLIM+SIG1,728315b5-039c-11f0-95c3-089df4bf3532,fertility,2,44,0.5882353186607361,0.0625152587890625,32094.0,0.222222238779068,151,1
SLIM+SIG1,728315b5-039c-11f0-95c3-089df4bf3532,fertility,2,45,0.5882353186607361,0.061141252517700195,32140.0,0.222222238779068,151,1
SLIM+SIG1,728315b5-039c-11f0-95c3-089df4bf3532,fertility,2,46,0.5882353186607361,0.06345582008361816,32180.0,0.222222238779068,151,1
SLIM+SIG1,728315b5-039c-11f0-95c3-089df4bf3532,fertility,2,47,0.625,0.06061911582946777,32202.0,0.222222238779068,162,1
SLIM+SIG1,728315b5-039c-11f0-95c3-089df4bf3532,fertility,2,48,0.625,0.06161832809448242,32180.0,0.222222238779068,162,1
SLIM+SIG1,728315b5-039c-11f0-95c3-089df4bf3532,fertility,2,49,0.625,0.06109976768493652,32215.0,0.222222238779068,162,1
SLIM+SIG1,728315b5-039c-11f0-95c3-089df4bf3532,fertility,2,50,0.625,0.0606226921081543,32202.0,0.222222238779068,162,1
SLIM+SIG1,728315b5-039c-11f0-95c3-089df4bf3532,fertility,2,51,0.625,0.05900216102600098,32237.0,0.222222238779068,162,1
SLIM+SIG1,728315b5-039c-11f0-95c3-089df4bf3532,fertility,2,52,0.625,0.060713768005371094,32138.0,0.222222238779068,162,1
SLIM+SIG1,728315b5-039c-11f0-95c3-089df4bf3532,fertility,2,53,0.625,0.06545448303222656,32092.0,0.222222238779068,162,1
SLIM+SIG1,728315b5-039c-11f0-95c3-089df4bf3532,fertility,2,54,0.625,0.06100296974182129,32103.0,0.222222238779068,162,1
SLIM+SIG1,728315b5-039c-11f0-95c3-089df4bf3532,fertility,2,55,0.625,0.06055617332458496,32171.0,0.222222238779068,162,1
SLIM+SIG1,728315b5-039c-11f0-95c3-089df4bf3532,fertility,2,56,0.625,0.06551384925842285,32257.0,0.222222238779068,162,1
SLIM+SIG1,728315b5-039c-11f0-95c3-089df4bf3532,fertility,2,57,0.625,0.06308460235595703,32147.0,0.222222238779068,162,1
SLIM+SIG1,728315b5-039c-11f0-95c3-089df4bf3532,fertility,2,58,0.625,0.06383657455444336,32224.0,0.222222238779068,162,1
SLIM+SIG1,728315b5-039c-11f0-95c3-089df4bf3532,fertility,2,59,0.625,0.06153607368469238,32072.0,0.222222238779068,162,1
SLIM+SIG1,728315b5-039c-11f0-95c3-089df4bf3532,fertility,2,60,0.625,0.06402754783630371,32147.0,0.222222238779068,162,1
SLIM+SIG1,728315b5-039c-11f0-95c3-089df4bf3532,fertility,2,61,0.625,0.06144595146179199,32180.0,0.222222238779068,162,1
SLIM+SIG1,728315b5-039c-11f0-95c3-089df4bf3532,fertility,2,62,0.625,0.062317609786987305,32081.0,0.222222238779068,162,1
SLIM+SIG1,728315b5-039c-11f0-95c3-089df4bf3532,fertility,2,63,0.625,0.06391310691833496,32116.0,0.222222238779068,162,1
SLIM+SIG1,728315b5-039c-11f0-95c3-089df4bf3532,fertility,2,64,0.625,0.06252789497375488,32136.0,0.222222238779068,162,1
SLIM+SIG1,728315b5-039c-11f0-95c3-089df4bf3532,fertility,2,65,0.625,0.06108903884887695,32037.0,0.222222238779068,162,1
SLIM+SIG1,728315b5-039c-11f0-95c3-089df4bf3532,fertility,2,66,0.625,0.06141400337219238,32160.0,0.222222238779068,162,1
SLIM+SIG1,728315b5-039c-11f0-95c3-089df4bf3532,fertility,2,67,0.625,0.06281113624572754,32092.0,0.222222238779068,162,1
SLIM+SIG1,728315b5-039c-11f0-95c3-089df4bf3532,fertility,2,68,0.625,0.06099748611450195,32103.0,0.222222238779068,162,1
SLIM+SIG1,728315b5-039c-11f0-95c3-089df4bf3532,fertility,2,69,0.625,0.058623313903808594,32149.0,0.222222238779068,162,1
SLIM+SIG1,728315b5-039c-11f0-95c3-089df4bf3532,fertility,2,70,0.625,0.061398983001708984,32149.0,0.222222238779068,162,1
SLIM+SIG1,728315b5-039c-11f0-95c3-089df4bf3532,fertility,2,71,0.625,0.06089377403259277,32114.0,0.222222238779068,162,1
SLIM+SIG1,728315b5-039c-11f0-95c3-089df4bf3532,fertility,2,72,0.625,0.061738014221191406,32026.0,0.222222238779068,162,1
SLIM+SIG1,728315b5-039c-11f0-95c3-089df4bf3532,fertility,2,73,0.625,0.06217646598815918,32125.0,0.222222238779068,162,1
SLIM+SIG1,728315b5-039c-11f0-95c3-089df4bf3532,fertility,2,74,0.625,0.06371378898620605,32136.0,0.222222238779068,162,1
SLIM+SIG1,728315b5-039c-11f0-95c3-089df4bf3532,fertility,2,75,0.625,0.058527231216430664,31883.0,0.222222238779068,162,1
SLIM+SIG1,728315b5-039c-11f0-95c3-089df4bf3532,fertility,2,76,0.625,0.06398606300354004,32026.0,0.222222238779068,162,1
SLIM+SIG1,728315b5-039c-11f0-95c3-089df4bf3532,fertility,2,77,0.625,0.057715654373168945,32103.0,0.222222238779068,162,1
SLIM+SIG1,728315b5-039c-11f0-95c3-089df4bf3532,fertility,2,78,0.625,0.06361722946166992,32026.0,0.222222238779068,162,1
SLIM+SIG1,728315b5-039c-11f0-95c3-089df4bf3532,fertility,2,79,0.625,0.06299781799316406,32037.0,0.222222238779068,162,1
SLIM+SIG1,728315b5-039c-11f0-95c3-089df4bf3532,fertility,2,80,0.625,0.06261873245239258,32026.0,0.222222238779068,162,1
SLIM+SIG1,728315b5-039c-11f0-95c3-089df4bf3532,fertility,2,81,0.625,0.0601193904876709,31982.0,0.222222238779068,162,1
SLIM+SIG1,728315b5-039c-11f0-95c3-089df4bf3532,fertility,2,82,0.625,0.0626065731048584,32015.0,0.222222238779068,162,1
SLIM+SIG1,728315b5-039c-11f0-95c3-089df4bf3532,fertility,2,83,0.625,0.06273341178894043,31927.0,0.222222238779068,162,1
SLIM+SIG1,728315b5-039c-11f0-95c3-089df4bf3532,fertility,2,84,0.625,0.06300473213195801,32070.0,0.222222238779068,162,1
SLIM+SIG1,728315b5-039c-11f0-95c3-089df4bf3532,fertility,2,85,0.625,0.059722185134887695,32070.0,0.222222238779068,162,1
SLIM+SIG1,728315b5-039c-11f0-95c3-089df4bf3532,fertility,2,86,0.625,0.06194138526916504,32114.0,0.222222238779068,162,1
SLIM+SIG1,728315b5-039c-11f0-95c3-089df4bf3532,fertility,2,87,0.625,0.05788898468017578,31817.0,0.222222238779068,162,1
SLIM+SIG1,728315b5-039c-11f0-95c3-089df4bf3532,fertility,2,88,0.625,0.06563210487365723,32026.0,0.222222238779068,162,1
SLIM+SIG1,728315b5-039c-11f0-95c3-089df4bf3532,fertility,2,89,0.625,0.06000185012817383,31960.0,0.222222238779068,162,1
SLIM+SIG1,728315b5-039c-11f0-95c3-089df4bf3532,fertility,2,90,0.625,0.06261324882507324,31927.0,0.222222238779068,162,1
SLIM+SIG1,728315b5-039c-11f0-95c3-089df4bf3532,fertility,2,91,0.625,0.05743217468261719,31993.0,0.222222238779068,162,1
SLIM+SIG1,728315b5-039c-11f0-95c3-089df4bf3532,fertility,2,92,0.625,0.060373544692993164,31964.0,0.222222238779068,162,1
SLIM+SIG1,728315b5-039c-11f0-95c3-089df4bf3532,fertility,2,93,0.625,0.06383752822875977,32004.0,0.222222238779068,162,1
SLIM+SIG1,728315b5-039c-11f0-95c3-089df4bf3532,fertility,2,94,0.625,0.06549739837646484,31905.0,0.222222238779068,162,1
SLIM+SIG1,728315b5-039c-11f0-95c3-089df4bf3532,fertility,2,95,0.625,0.06957101821899414,32017.0,0.222222238779068,162,1
SLIM+SIG1,728315b5-039c-11f0-95c3-089df4bf3532,fertility,2,96,0.625,0.06619477272033691,31918.0,0.222222238779068,162,1
SLIM+SIG1,728315b5-039c-11f0-95c3-089df4bf3532,fertility,2,97,0.625,0.07021355628967285,31872.0,0.222222238779068,162,1
SLIM+SIG1,728315b5-039c-11f0-95c3-089df4bf3532,fertility,2,98,0.625,0.06156134605407715,31951.0,0.222222238779068,162,1
SLIM+SIG1,728315b5-039c-11f0-95c3-089df4bf3532,fertility,2,99,0.625,0.06461453437805176,31894.0,0.222222238779068,162,1
SLIM+SIG1,728315b5-039c-11f0-95c3-089df4bf3532,fertility,2,100,0.625,0.0607142448425293,32015.0,0.222222238779068,162,1
SLIM+SIG1,728315b5-039c-11f0-95c3-089df4bf3532,fertility,2,101,0.625,0.06489253044128418,31905.0,0.222222238779068,162,1
SLIM+SIG1,728315b5-039c-11f0-95c3-089df4bf3532,fertility,2,102,0.625,0.06439089775085449,31850.0,0.222222238779068,162,1
SLIM+SIG1,728315b5-039c-11f0-95c3-089df4bf3532,fertility,2,103,0.625,0.06350946426391602,31894.0,0.222222238779068,162,1
SLIM+SIG1,728315b5-039c-11f0-95c3-089df4bf3532,fertility,2,104,0.625,0.06333446502685547,31841.0,0.222222238779068,162,1
SLIM+SIG1,728315b5-039c-11f0-95c3-089df4bf3532,fertility,2,105,0.625,0.06382584571838379,31960.0,0.222222238779068,162,1
SLIM+SIG1,728315b5-039c-11f0-95c3-089df4bf3532,fertility,2,106,0.625,0.06401991844177246,31850.0,0.222222238779068,162,1
SLIM+SIG1,728315b5-039c-11f0-95c3-089df4bf3532,fertility,2,107,0.625,0.0639188289642334,31971.0,0.222222238779068,162,1
SLIM+SIG1,728315b5-039c-11f0-95c3-089df4bf3532,fertility,2,108,0.625,0.06077766418457031,31927.0,0.222222238779068,162,1
SLIM+SIG1,728315b5-039c-11f0-95c3-089df4bf3532,fertility,2,109,0.625,0.060953617095947266,31898.0,0.222222238779068,162,1
SLIM+SIG1,728315b5-039c-11f0-95c3-089df4bf3532,fertility,2,110,0.625,0.06366634368896484,31799.0,0.222222238779068,162,1
SLIM+SIG1,728315b5-039c-11f0-95c3-089df4bf3532,fertility,2,111,0.625,0.0679314136505127,31907.0,0.222222238779068,162,1
SLIM+SIG1,728315b5-039c-11f0-95c3-089df4bf3532,fertility,2,112,0.625,0.06489348411560059,31740.0,0.222222238779068,162,1
SLIM+SIG1,728315b5-039c-11f0-95c3-089df4bf3532,fertility,2,113,0.625,0.06084775924682617,32026.0,0.222222238779068,162,1
SLIM+SIG1,728315b5-039c-11f0-95c3-089df4bf3532,fertility,2,114,0.625,0.060706138610839844,31916.0,0.222222238779068,162,1
SLIM+SIG1,728315b5-039c-11f0-95c3-089df4bf3532,fertility,2,115,0.625,0.06299829483032227,31885.0,0.222222238779068,162,1
SLIM+SIG1,728315b5-039c-11f0-95c3-089df4bf3532,fertility,2,116,0.625,0.06587743759155273,31843.0,0.222222238779068,162,1
SLIM+SIG1,728315b5-039c-11f0-95c3-089df4bf3532,fertility,2,117,0.625,0.06469416618347168,31817.0,0.222222238779068,162,1
SLIM+SIG1,728315b5-039c-11f0-95c3-089df4bf3532,fertility,2,118,0.625,0.06100273132324219,31861.0,0.222222238779068,162,1
SLIM+SIG1,728315b5-039c-11f0-95c3-089df4bf3532,fertility,2,119,0.625,0.06319403648376465,31839.0,0.222222238779068,162,1
SLIM+SIG1,728315b5-039c-11f0-95c3-089df4bf3532,fertility,2,120,0.625,0.0627446174621582,31861.0,0.222222238779068,162,1
SLIM+SIG1,728315b5-039c-11f0-95c3-089df4bf3532,fertility,2,121,0.625,0.0655372142791748,31916.0,0.222222238779068,162,1
SLIM+SIG1,728315b5-039c-11f0-95c3-089df4bf3532,fertility,2,122,0.625,0.0606842041015625,31883.0,0.222222238779068,162,1
SLIM+SIG1,728315b5-039c-11f0-95c3-089df4bf3532,fertility,2,123,0.625,0.06344199180603027,31905.0,0.222222238779068,162,1
SLIM+SIG1,728315b5-039c-11f0-95c3-089df4bf3532,fertility,2,124,0.625,0.06385660171508789,31920.0,0.222222238779068,162,1
SLIM+SIG1,728315b5-039c-11f0-95c3-089df4bf3532,fertility,2,125,0.625,0.06164193153381348,31731.0,0.222222238779068,162,1
SLIM+SIG1,728315b5-039c-11f0-95c3-089df4bf3532,fertility,2,126,0.625,0.0648949146270752,31797.0,0.222222238779068,162,1
SLIM+SIG1,728315b5-039c-11f0-95c3-089df4bf3532,fertility,2,127,0.625,0.06261682510375977,31806.0,0.222222238779068,162,1
SLIM+SIG1,728315b5-039c-11f0-95c3-089df4bf3532,fertility,2,128,0.625,0.06954455375671387,31676.0,0.222222238779068,162,1
SLIM+SIG1,728315b5-039c-11f0-95c3-089df4bf3532,fertility,2,129,0.625,0.07411646842956543,31720.0,0.222222238779068,162,1
SLIM+SIG1,728315b5-039c-11f0-95c3-089df4bf3532,fertility,2,130,0.625,0.06699967384338379,31665.0,0.222222238779068,162,1
SLIM+SIG1,728315b5-039c-11f0-95c3-089df4bf3532,fertility,2,131,0.625,0.060927391052246094,31779.0,0.222222238779068,162,1
SLIM+SIG1,728315b5-039c-11f0-95c3-089df4bf3532,fertility,2,132,0.625,0.06322622299194336,31832.0,0.222222238779068,162,1
SLIM+SIG1,728315b5-039c-11f0-95c3-089df4bf3532,fertility,2,133,0.625,0.06479454040527344,31861.0,0.222222238779068,162,1
SLIM+SIG1,728315b5-039c-11f0-95c3-089df4bf3532,fertility,2,134,0.625,0.06273508071899414,31711.0,0.222222238779068,162,1
SLIM+SIG1,728315b5-039c-11f0-95c3-089df4bf3532,fertility,2,135,0.625,0.06621837615966797,31806.0,0.222222238779068,162,1
SLIM+SIG1,728315b5-039c-11f0-95c3-089df4bf3532,fertility,2,136,0.625,0.06460356712341309,31751.0,0.222222238779068,162,1
SLIM+SIG1,728315b5-039c-11f0-95c3-089df4bf3532,fertility,2,137,0.625,0.06185150146484375,31586.0,0.222222238779068,162,1
SLIM+SIG1,728315b5-039c-11f0-95c3-089df4bf3532,fertility,2,138,0.6315789818763733,0.06983184814453125,31656.0,0.222222238779068,162,1
SLIM+SIG1,728315b5-039c-11f0-95c3-089df4bf3532,fertility,2,139,0.6315789818763733,0.06260132789611816,31654.0,0.222222238779068,162,1
SLIM+SIG1,728315b5-039c-11f0-95c3-089df4bf3532,fertility,2,140,0.6315789818763733,0.06306076049804688,31663.0,0.222222238779068,162,1
SLIM+SIG1,728315b5-039c-11f0-95c3-089df4bf3532,fertility,2,141,0.6315789818763733,0.06289172172546387,31698.0,0.222222238779068,162,1
SLIM+SIG1,728315b5-039c-11f0-95c3-089df4bf3532,fertility,2,142,0.6315789818763733,0.06178092956542969,31575.0,0.222222238779068,162,1
SLIM+SIG1,728315b5-039c-11f0-95c3-089df4bf3532,fertility,2,143,0.6315789818763733,0.06380033493041992,31762.0,0.222222238779068,162,1
SLIM+SIG1,728315b5-039c-11f0-95c3-089df4bf3532,fertility,2,144,0.6315789818763733,0.06700491905212402,31751.0,0.222222238779068,162,1
SLIM+SIG1,728315b5-039c-11f0-95c3-089df4bf3532,fertility,2,145,0.6315789818763733,0.06581377983093262,31729.0,0.222222238779068,162,1
SLIM+SIG1,728315b5-039c-11f0-95c3-089df4bf3532,fertility,2,146,0.6315789818763733,0.061835527420043945,31696.0,0.222222238779068,162,1
SLIM+SIG1,728315b5-039c-11f0-95c3-089df4bf3532,fertility,2,147,0.6315789818763733,0.06482291221618652,31696.0,0.222222238779068,162,1
SLIM+SIG1,728315b5-039c-11f0-95c3-089df4bf3532,fertility,2,148,0.6315789818763733,0.06623649597167969,31784.0,0.222222238779068,162,1
SLIM+SIG1,728315b5-039c-11f0-95c3-089df4bf3532,fertility,2,149,0.6315789818763733,0.06274223327636719,31698.0,0.222222238779068,162,1
SLIM+SIG1,728315b5-039c-11f0-95c3-089df4bf3532,fertility,2,150,0.6315789818763733,0.0684208869934082,31682.0,0.222222238779068,162,1
SLIM+SIG1,728315b5-039c-11f0-95c3-089df4bf3532,fertility,2,151,0.6315789818763733,0.06954550743103027,31577.0,0.222222238779068,162,1
SLIM+SIG1,728315b5-039c-11f0-95c3-089df4bf3532,fertility,2,152,0.6315789818763733,0.07307815551757812,31544.0,0.222222238779068,162,1
SLIM+SIG1,728315b5-039c-11f0-95c3-089df4bf3532,fertility,2,153,0.6315789818763733,0.06634640693664551,31632.0,0.222222238779068,162,1
SLIM+SIG1,728315b5-039c-11f0-95c3-089df4bf3532,fertility,2,154,0.6315789818763733,0.06779956817626953,31676.0,0.222222238779068,162,1
SLIM+SIG1,728315b5-039c-11f0-95c3-089df4bf3532,fertility,2,155,0.6315789818763733,0.06713676452636719,31612.0,0.222222238779068,162,1
SLIM+SIG1,728315b5-039c-11f0-95c3-089df4bf3532,fertility,2,156,0.6315789818763733,0.06715965270996094,31773.0,0.222222238779068,162,1
SLIM+SIG1,728315b5-039c-11f0-95c3-089df4bf3532,fertility,2,157,0.6315789818763733,0.06672406196594238,31619.0,0.222222238779068,162,1
SLIM+SIG1,728315b5-039c-11f0-95c3-089df4bf3532,fertility,2,158,0.6315789818763733,0.06579256057739258,31685.0,0.222222238779068,162,1
SLIM+SIG1,728315b5-039c-11f0-95c3-089df4bf3532,fertility,2,159,0.6315789818763733,0.06738758087158203,31443.0,0.222222238779068,162,1
SLIM+SIG1,728315b5-039c-11f0-95c3-089df4bf3532,fertility,2,160,0.6315789818763733,0.0756216049194336,31480.0,0.222222238779068,162,1
SLIM+SIG1,728315b5-039c-11f0-95c3-089df4bf3532,fertility,2,161,0.6315789818763733,0.07236623764038086,31509.0,0.222222238779068,162,1
SLIM+SIG1,728315b5-039c-11f0-95c3-089df4bf3532,fertility,2,162,0.6315789818763733,0.06740665435791016,31542.0,0.222222238779068,162,1
SLIM+SIG1,728315b5-039c-11f0-95c3-089df4bf3532,fertility,2,163,0.6315789818763733,0.06798815727233887,31467.0,0.222222238779068,162,1
SLIM+SIG1,728315b5-039c-11f0-95c3-089df4bf3532,fertility,2,164,0.6315789818763733,0.06640934944152832,31597.0,0.222222238779068,162,1
SLIM+SIG1,728315b5-039c-11f0-95c3-089df4bf3532,fertility,2,165,0.6315789818763733,0.06690144538879395,31520.0,0.222222238779068,162,1
SLIM+SIG1,728315b5-039c-11f0-95c3-089df4bf3532,fertility,2,166,0.6315789818763733,0.070343017578125,31368.0,0.222222238779068,162,1
SLIM+SIG1,728315b5-039c-11f0-95c3-089df4bf3532,fertility,2,167,0.6315789818763733,0.06886434555053711,31487.0,0.222222238779068,162,1
SLIM+SIG1,728315b5-039c-11f0-95c3-089df4bf3532,fertility,2,168,0.6666666865348816,0.06794309616088867,31432.0,0.222222238779068,162,1
SLIM+SIG1,728315b5-039c-11f0-95c3-089df4bf3532,fertility,2,169,0.6666666865348816,0.06601166725158691,31434.0,0.222222238779068,162,1
SLIM+SIG1,728315b5-039c-11f0-95c3-089df4bf3532,fertility,2,170,0.6666666865348816,0.06710529327392578,31427.0,0.222222238779068,162,1
SLIM+SIG1,728315b5-039c-11f0-95c3-089df4bf3532,fertility,2,171,0.6666666865348816,0.0689384937286377,31355.0,0.222222238779068,162,1
SLIM+SIG1,728315b5-039c-11f0-95c3-089df4bf3532,fertility,2,172,0.6666666865348816,0.06850528717041016,31498.0,0.222222238779068,162,1
SLIM+SIG1,728315b5-039c-11f0-95c3-089df4bf3532,fertility,2,173,0.6666666865348816,0.06237506866455078,31302.0,0.222222238779068,162,1
SLIM+SIG1,728315b5-039c-11f0-95c3-089df4bf3532,fertility,2,174,0.6666666865348816,0.06841540336608887,31469.0,0.222222238779068,162,1
SLIM+SIG1,728315b5-039c-11f0-95c3-089df4bf3532,fertility,2,175,0.6666666865348816,0.07045531272888184,31425.0,0.222222238779068,162,1
SLIM+SIG1,728315b5-039c-11f0-95c3-089df4bf3532,fertility,2,176,0.6666666865348816,0.06611108779907227,31443.0,0.222222238779068,162,1
SLIM+SIG1,728315b5-039c-11f0-95c3-089df4bf3532,fertility,2,177,0.6666666865348816,0.06491565704345703,31454.0,0.222222238779068,162,1
SLIM+SIG1,728315b5-039c-11f0-95c3-089df4bf3532,fertility,2,178,0.6666666865348816,0.0669410228729248,31445.0,0.222222238779068,162,1
SLIM+SIG1,728315b5-039c-11f0-95c3-089df4bf3532,fertility,2,179,0.6666666865348816,0.06434488296508789,31678.0,0.222222238779068,162,1
SLIM+SIG1,728315b5-039c-11f0-95c3-089df4bf3532,fertility,2,180,0.6666666865348816,0.06672286987304688,31403.0,0.222222238779068,162,1
SLIM+SIG1,728315b5-039c-11f0-95c3-089df4bf3532,fertility,2,181,0.6666666865348816,0.0694892406463623,31432.0,0.222222238779068,162,1
SLIM+SIG1,728315b5-039c-11f0-95c3-089df4bf3532,fertility,2,182,0.6666666865348816,0.07143402099609375,31357.0,0.222222238779068,162,1
SLIM+SIG1,728315b5-039c-11f0-95c3-089df4bf3532,fertility,2,183,0.6666666865348816,0.0686185359954834,31278.0,0.222222238779068,162,1
SLIM+SIG1,728315b5-039c-11f0-95c3-089df4bf3532,fertility,2,184,0.6666666865348816,0.06792569160461426,31423.0,0.222222238779068,162,1
SLIM+SIG1,728315b5-039c-11f0-95c3-089df4bf3532,fertility,2,185,0.6666666865348816,0.07121992111206055,31390.0,0.222222238779068,162,1
SLIM+SIG1,728315b5-039c-11f0-95c3-089df4bf3532,fertility,2,186,0.6666666865348816,0.0666203498840332,31403.0,0.222222238779068,162,1
SLIM+SIG1,728315b5-039c-11f0-95c3-089df4bf3532,fertility,2,187,0.7058823108673096,0.0687723159790039,31464.0,0.222222238779068,162,1
SLIM+SIG1,728315b5-039c-11f0-95c3-089df4bf3532,fertility,2,188,0.7058823108673096,0.06663298606872559,31367.0,0.222222238779068,162,1
SLIM+SIG1,728315b5-039c-11f0-95c3-089df4bf3532,fertility,2,189,0.7058823108673096,0.06516194343566895,31313.0,0.222222238779068,162,1
SLIM+SIG1,728315b5-039c-11f0-95c3-089df4bf3532,fertility,2,190,0.7058823108673096,0.06632757186889648,31260.0,0.222222238779068,162,1
SLIM+SIG1,728315b5-039c-11f0-95c3-089df4bf3532,fertility,2,191,0.7058823108673096,0.06478524208068848,31218.0,0.222222238779068,162,1
SLIM+SIG1,728315b5-039c-11f0-95c3-089df4bf3532,fertility,2,192,0.7058823108673096,0.07992243766784668,31249.0,0.222222238779068,162,1
SLIM+SIG1,728315b5-039c-11f0-95c3-089df4bf3532,fertility,2,193,0.7058823108673096,0.07218456268310547,31410.0,0.222222238779068,162,1
SLIM+SIG1,728315b5-039c-11f0-95c3-089df4bf3532,fertility,2,194,0.7058823108673096,0.0647122859954834,31465.0,0.222222238779068,162,1
SLIM+SIG1,728315b5-039c-11f0-95c3-089df4bf3532,fertility,2,195,0.7058823108673096,0.06900286674499512,31093.0,0.222222238779068,162,1
SLIM+SIG1,728315b5-039c-11f0-95c3-089df4bf3532,fertility,2,196,0.7058823108673096,0.06997299194335938,30853.0,0.222222238779068,162,1
SLIM+SIG1,728315b5-039c-11f0-95c3-089df4bf3532,fertility,2,197,0.7058823108673096,0.07283616065979004,31156.0,0.222222238779068,162,1
SLIM+SIG1,728315b5-039c-11f0-95c3-089df4bf3532,fertility,2,198,0.7058823108673096,0.06672215461730957,31382.0,0.222222238779068,162,1
SLIM+SIG1,728315b5-039c-11f0-95c3-089df4bf3532,fertility,2,199,0.7058823108673096,0.06964230537414551,31446.0,0.222222238779068,162,1
SLIM+SIG1,728315b5-039c-11f0-95c3-089df4bf3532,fertility,2,200,0.7058823108673096,0.0670163631439209,31406.0,0.222222238779068,162,1
SLIM+SIG1,728315b5-039c-11f0-95c3-089df4bf3532,fertility,2,201,0.7058823108673096,0.06651020050048828,31305.0,0.222222238779068,162,1
SLIM+SIG1,728315b5-039c-11f0-95c3-089df4bf3532,fertility,2,202,0.7058823108673096,0.06810116767883301,31198.0,0.222222238779068,162,1
SLIM+SIG1,728315b5-039c-11f0-95c3-089df4bf3532,fertility,2,203,0.7058823108673096,0.06351852416992188,31297.0,0.222222238779068,162,1
SLIM+SIG1,728315b5-039c-11f0-95c3-089df4bf3532,fertility,2,204,0.7058823108673096,0.0686194896697998,31267.0,0.222222238779068,162,1
SLIM+SIG1,728315b5-039c-11f0-95c3-089df4bf3532,fertility,2,205,0.7058823108673096,0.06827449798583984,31038.0,0.222222238779068,162,1
SLIM+SIG1,728315b5-039c-11f0-95c3-089df4bf3532,fertility,2,206,0.7058823108673096,0.06660890579223633,31007.0,0.222222238779068,162,1
SLIM+SIG1,728315b5-039c-11f0-95c3-089df4bf3532,fertility,2,207,0.7058823108673096,0.07263016700744629,30908.0,0.222222238779068,162,1
SLIM+SIG1,728315b5-039c-11f0-95c3-089df4bf3532,fertility,2,208,0.7058823108673096,0.06311416625976562,31058.0,0.222222238779068,162,1
SLIM+SIG1,728315b5-039c-11f0-95c3-089df4bf3532,fertility,2,209,0.7058823108673096,0.13954949378967285,31170.0,0.222222238779068,162,1
SLIM+SIG1,728315b5-039c-11f0-95c3-089df4bf3532,fertility,2,210,0.7058823108673096,0.07161402702331543,31130.0,0.222222238779068,162,1
SLIM+SIG1,728315b5-039c-11f0-95c3-089df4bf3532,fertility,2,211,0.7058823108673096,0.07223296165466309,31009.0,0.222222238779068,162,1
SLIM+SIG1,728315b5-039c-11f0-95c3-089df4bf3532,fertility,2,212,0.7058823108673096,0.06885862350463867,30830.0,0.222222238779068,162,1
SLIM+SIG1,728315b5-039c-11f0-95c3-089df4bf3532,fertility,2,213,0.7058823108673096,0.0706174373626709,31050.0,0.222222238779068,162,1
SLIM+SIG1,728315b5-039c-11f0-95c3-089df4bf3532,fertility,2,214,0.7058823108673096,0.06900882720947266,31020.0,0.222222238779068,162,1
SLIM+SIG1,728315b5-039c-11f0-95c3-089df4bf3532,fertility,2,215,0.7058823108673096,0.07027292251586914,30907.0,0.222222238779068,162,1
SLIM+SIG1,728315b5-039c-11f0-95c3-089df4bf3532,fertility,2,216,0.7058823108673096,0.06861305236816406,30953.0,0.222222238779068,162,1
SLIM+SIG1,728315b5-039c-11f0-95c3-089df4bf3532,fertility,2,217,0.7058823108673096,0.06589627265930176,31024.0,0.222222238779068,162,1
SLIM+SIG1,728315b5-039c-11f0-95c3-089df4bf3532,fertility,2,218,0.7058823108673096,0.06605887413024902,30982.0,0.222222238779068,162,1
SLIM+SIG1,728315b5-039c-11f0-95c3-089df4bf3532,fertility,2,219,0.7058823108673096,0.07050800323486328,30846.0,0.222222238779068,162,1
SLIM+SIG1,728315b5-039c-11f0-95c3-089df4bf3532,fertility,2,220,0.7058823108673096,0.0717470645904541,30987.0,0.222222238779068,162,1
SLIM+SIG1,728315b5-039c-11f0-95c3-089df4bf3532,fertility,2,221,0.7058823108673096,0.07345414161682129,30692.0,0.222222238779068,162,1
SLIM+SIG1,728315b5-039c-11f0-95c3-089df4bf3532,fertility,2,222,0.7058823108673096,0.07664752006530762,30899.0,0.222222238779068,162,1
SLIM+SIG1,728315b5-039c-11f0-95c3-089df4bf3532,fertility,2,223,0.7058823108673096,0.07527422904968262,30947.0,0.222222238779068,162,1
SLIM+SIG1,728315b5-039c-11f0-95c3-089df4bf3532,fertility,2,224,0.7058823108673096,0.06975650787353516,30931.0,0.222222238779068,162,1
SLIM+SIG1,728315b5-039c-11f0-95c3-089df4bf3532,fertility,2,225,0.7058823108673096,0.07542967796325684,31094.0,0.222222238779068,162,1
SLIM+SIG1,728315b5-039c-11f0-95c3-089df4bf3532,fertility,2,226,0.7058823108673096,0.07184433937072754,30912.0,0.222222238779068,162,1
SLIM+SIG1,728315b5-039c-11f0-95c3-089df4bf3532,fertility,2,227,0.7058823108673096,0.06706094741821289,31002.0,0.222222238779068,162,1
SLIM+SIG1,728315b5-039c-11f0-95c3-089df4bf3532,fertility,2,228,0.7058823108673096,0.06828451156616211,30923.0,0.222222238779068,162,1
SLIM+SIG1,728315b5-039c-11f0-95c3-089df4bf3532,fertility,2,229,0.7058823108673096,0.06762480735778809,30883.0,0.222222238779068,162,1
SLIM+SIG1,728315b5-039c-11f0-95c3-089df4bf3532,fertility,2,230,0.7058823108673096,0.06530070304870605,30822.0,0.222222238779068,162,1
SLIM+SIG1,728315b5-039c-11f0-95c3-089df4bf3532,fertility,2,231,0.7058823108673096,0.06992816925048828,30815.0,0.222222238779068,162,1
SLIM+SIG1,728315b5-039c-11f0-95c3-089df4bf3532,fertility,2,232,0.7058823108673096,0.06889128684997559,30697.0,0.222222238779068,162,1
SLIM+SIG1,728315b5-039c-11f0-95c3-089df4bf3532,fertility,2,233,0.7058823108673096,0.06793832778930664,30563.0,0.222222238779068,162,1
SLIM+SIG1,728315b5-039c-11f0-95c3-089df4bf3532,fertility,2,234,0.7058823108673096,0.06851482391357422,30446.0,0.222222238779068,162,1
SLIM+SIG1,728315b5-039c-11f0-95c3-089df4bf3532,fertility,2,235,0.7058823108673096,0.07075762748718262,30228.0,0.222222238779068,162,1
SLIM+SIG1,728315b5-039c-11f0-95c3-089df4bf3532,fertility,2,236,0.7058823108673096,0.07271671295166016,30635.0,0.222222238779068,162,1
SLIM+SIG1,728315b5-039c-11f0-95c3-089df4bf3532,fertility,2,237,0.7058823108673096,0.07084250450134277,30364.0,0.222222238779068,162,1
SLIM+SIG1,728315b5-039c-11f0-95c3-089df4bf3532,fertility,2,238,0.7058823108673096,0.07517004013061523,30423.0,0.222222238779068,162,1
SLIM+SIG1,728315b5-039c-11f0-95c3-089df4bf3532,fertility,2,239,0.7058823108673096,0.07428264617919922,30667.0,0.222222238779068,162,1
SLIM+SIG1,728315b5-039c-11f0-95c3-089df4bf3532,fertility,2,240,0.7058823108673096,0.07386541366577148,30834.0,0.222222238779068,162,1
SLIM+SIG1,728315b5-039c-11f0-95c3-089df4bf3532,fertility,2,241,0.7058823108673096,0.07583165168762207,30993.0,0.222222238779068,162,1
SLIM+SIG1,728315b5-039c-11f0-95c3-089df4bf3532,fertility,2,242,0.7058823108673096,0.07349038124084473,30601.0,0.222222238779068,162,1
SLIM+SIG1,728315b5-039c-11f0-95c3-089df4bf3532,fertility,2,243,0.7058823108673096,0.07317113876342773,30671.0,0.222222238779068,162,1
SLIM+SIG1,728315b5-039c-11f0-95c3-089df4bf3532,fertility,2,244,0.7058823108673096,0.07251477241516113,30632.0,0.222222238779068,162,1
SLIM+SIG1,728315b5-039c-11f0-95c3-089df4bf3532,fertility,2,245,0.7058823108673096,0.06798052787780762,30514.0,0.222222238779068,162,1
SLIM+SIG1,728315b5-039c-11f0-95c3-089df4bf3532,fertility,2,246,0.7058823108673096,0.07161593437194824,30171.0,0.222222238779068,162,1
SLIM+SIG1,728315b5-039c-11f0-95c3-089df4bf3532,fertility,2,247,0.7058823108673096,0.07444095611572266,30224.0,0.222222238779068,162,1
SLIM+SIG1,728315b5-039c-11f0-95c3-089df4bf3532,fertility,2,248,0.7058823108673096,0.07687735557556152,30326.0,0.222222238779068,162,1
SLIM+SIG1,728315b5-039c-11f0-95c3-089df4bf3532,fertility,2,249,0.7058823108673096,0.07671427726745605,30090.0,0.222222238779068,162,1
SLIM+SIG1,728315b5-039c-11f0-95c3-089df4bf3532,fertility,2,250,0.7058823108673096,0.07986307144165039,30251.0,0.222222238779068,162,1
SLIM+SIG1,728315b5-039c-11f0-95c3-089df4bf3532,fertility,2,251,0.7058823108673096,0.07910633087158203,30203.0,0.222222238779068,162,1
SLIM+SIG1,728315b5-039c-11f0-95c3-089df4bf3532,fertility,2,252,0.7058823108673096,0.07964515686035156,30412.0,0.222222238779068,162,1
SLIM+SIG1,728315b5-039c-11f0-95c3-089df4bf3532,fertility,2,253,0.7058823108673096,0.0726311206817627,30278.0,0.222222238779068,162,1
SLIM+SIG1,728315b5-039c-11f0-95c3-089df4bf3532,fertility,2,254,0.7058823108673096,0.07568836212158203,30152.0,0.222222238779068,162,1
SLIM+SIG1,728315b5-039c-11f0-95c3-089df4bf3532,fertility,2,255,0.7058823108673096,0.07489466667175293,29799.0,0.222222238779068,162,1
SLIM+SIG1,728315b5-039c-11f0-95c3-089df4bf3532,fertility,2,256,0.7058823108673096,0.07562541961669922,30050.0,0.222222238779068,162,1
SLIM+SIG1,728315b5-039c-11f0-95c3-089df4bf3532,fertility,2,257,0.7058823108673096,0.07743549346923828,30112.0,0.222222238779068,162,1
SLIM+SIG1,728315b5-039c-11f0-95c3-089df4bf3532,fertility,2,258,0.7058823108673096,0.06471896171569824,30223.0,0.222222238779068,162,1
SLIM+SIG1,728315b5-039c-11f0-95c3-089df4bf3532,fertility,2,259,0.7058823108673096,0.07600235939025879,30245.0,0.222222238779068,162,1
SLIM+SIG1,728315b5-039c-11f0-95c3-089df4bf3532,fertility,2,260,0.7058823108673096,0.0766298770904541,29873.0,0.222222238779068,162,1
SLIM+SIG1,728315b5-039c-11f0-95c3-089df4bf3532,fertility,2,261,0.7058823108673096,0.07783961296081543,29567.0,0.222222238779068,162,1
SLIM+SIG1,728315b5-039c-11f0-95c3-089df4bf3532,fertility,2,262,0.7058823108673096,0.07250833511352539,29572.0,0.222222238779068,162,1
SLIM+SIG1,728315b5-039c-11f0-95c3-089df4bf3532,fertility,2,263,0.7058823108673096,0.07569456100463867,29363.0,0.222222238779068,162,1
SLIM+SIG1,728315b5-039c-11f0-95c3-089df4bf3532,fertility,2,264,0.7058823108673096,0.07820987701416016,29322.0,0.222222238779068,162,1
SLIM+SIG1,728315b5-039c-11f0-95c3-089df4bf3532,fertility,2,265,0.7058823108673096,0.07473564147949219,29423.0,0.222222238779068,162,1
SLIM+SIG1,728315b5-039c-11f0-95c3-089df4bf3532,fertility,2,266,0.7058823108673096,0.07183384895324707,29388.0,0.222222238779068,162,1
SLIM+SIG1,728315b5-039c-11f0-95c3-089df4bf3532,fertility,2,267,0.7058823108673096,0.07496356964111328,29982.0,0.222222238779068,162,1
SLIM+SIG1,728315b5-039c-11f0-95c3-089df4bf3532,fertility,2,268,0.7058823108673096,0.07417154312133789,29645.0,0.222222238779068,162,1
SLIM+SIG1,728315b5-039c-11f0-95c3-089df4bf3532,fertility,2,269,0.7058823108673096,0.07474637031555176,29603.0,0.222222238779068,162,1
SLIM+SIG1,728315b5-039c-11f0-95c3-089df4bf3532,fertility,2,270,0.7058823108673096,0.07495927810668945,30111.0,0.222222238779068,162,1
SLIM+SIG1,728315b5-039c-11f0-95c3-089df4bf3532,fertility,2,271,0.7058823108673096,0.07262063026428223,29663.0,0.222222238779068,162,1
SLIM+SIG1,728315b5-039c-11f0-95c3-089df4bf3532,fertility,2,272,0.7058823108673096,0.0728762149810791,29515.0,0.222222238779068,162,1
SLIM+SIG1,728315b5-039c-11f0-95c3-089df4bf3532,fertility,2,273,0.7058823108673096,0.07575488090515137,29360.0,0.222222238779068,162,1
SLIM+SIG1,728315b5-039c-11f0-95c3-089df4bf3532,fertility,2,274,0.7058823108673096,0.07208800315856934,29204.0,0.222222238779068,162,1
SLIM+SIG1,728315b5-039c-11f0-95c3-089df4bf3532,fertility,2,275,0.7058823108673096,0.07483506202697754,29209.0,0.222222238779068,162,1
SLIM+SIG1,728315b5-039c-11f0-95c3-089df4bf3532,fertility,2,276,0.7058823108673096,0.07607364654541016,29562.0,0.222222238779068,162,1
SLIM+SIG1,728315b5-039c-11f0-95c3-089df4bf3532,fertility,2,277,0.7058823108673096,0.07126665115356445,29674.0,0.222222238779068,162,1
SLIM+SIG1,728315b5-039c-11f0-95c3-089df4bf3532,fertility,2,278,0.7058823108673096,0.07350921630859375,29891.0,0.222222238779068,162,1
SLIM+SIG1,728315b5-039c-11f0-95c3-089df4bf3532,fertility,2,279,0.7058823108673096,0.0795128345489502,29911.0,0.222222238779068,162,1
SLIM+SIG1,728315b5-039c-11f0-95c3-089df4bf3532,fertility,2,280,0.7058823108673096,0.0789790153503418,29956.0,0.222222238779068,162,1
SLIM+SIG1,728315b5-039c-11f0-95c3-089df4bf3532,fertility,2,281,0.7058823108673096,0.07485079765319824,29775.0,0.222222238779068,162,1
SLIM+SIG1,728315b5-039c-11f0-95c3-089df4bf3532,fertility,2,282,0.7058823108673096,0.07482242584228516,29738.0,0.222222238779068,162,1
SLIM+SIG1,728315b5-039c-11f0-95c3-089df4bf3532,fertility,2,283,0.7058823108673096,0.0708625316619873,29593.0,0.222222238779068,162,1
SLIM+SIG1,728315b5-039c-11f0-95c3-089df4bf3532,fertility,2,284,0.7058823108673096,0.07821178436279297,29133.0,0.222222238779068,162,1
SLIM+SIG1,728315b5-039c-11f0-95c3-089df4bf3532,fertility,2,285,0.7058823108673096,0.07617759704589844,28958.0,0.222222238779068,162,1
SLIM+SIG1,728315b5-039c-11f0-95c3-089df4bf3532,fertility,2,286,0.7058823108673096,0.07055234909057617,29007.0,0.222222238779068,162,1
SLIM+SIG1,728315b5-039c-11f0-95c3-089df4bf3532,fertility,2,287,0.7058823108673096,0.08080840110778809,29189.0,0.222222238779068,162,1
SLIM+SIG1,728315b5-039c-11f0-95c3-089df4bf3532,fertility,2,288,0.7058823108673096,0.14772558212280273,28617.0,0.222222238779068,162,1
SLIM+SIG1,728315b5-039c-11f0-95c3-089df4bf3532,fertility,2,289,0.7058823108673096,0.07584333419799805,28999.0,0.222222238779068,162,1
SLIM+SIG1,728315b5-039c-11f0-95c3-089df4bf3532,fertility,2,290,0.7058823108673096,0.07760739326477051,28857.0,0.222222238779068,162,1
SLIM+SIG1,728315b5-039c-11f0-95c3-089df4bf3532,fertility,2,291,0.7058823108673096,0.07978129386901855,28768.0,0.222222238779068,162,1
SLIM+SIG1,728315b5-039c-11f0-95c3-089df4bf3532,fertility,2,292,0.7058823108673096,0.0772240161895752,29097.0,0.222222238779068,162,1
SLIM+SIG1,728315b5-039c-11f0-95c3-089df4bf3532,fertility,2,293,0.7058823108673096,0.07423901557922363,29311.0,0.222222238779068,162,1
SLIM+SIG1,728315b5-039c-11f0-95c3-089df4bf3532,fertility,2,294,0.7058823108673096,0.07462549209594727,28967.0,0.222222238779068,162,1
SLIM+SIG1,728315b5-039c-11f0-95c3-089df4bf3532,fertility,2,295,0.7058823108673096,0.0726480484008789,28707.0,0.222222238779068,162,1
SLIM+SIG1,728315b5-039c-11f0-95c3-089df4bf3532,fertility,2,296,0.7058823108673096,0.0717926025390625,28847.0,0.222222238779068,162,1
SLIM+SIG1,728315b5-039c-11f0-95c3-089df4bf3532,fertility,2,297,0.7058823108673096,0.07471275329589844,28801.0,0.222222238779068,162,1
SLIM+SIG1,728315b5-039c-11f0-95c3-089df4bf3532,fertility,2,298,0.7058823108673096,0.07614731788635254,28858.0,0.222222238779068,162,1
SLIM+SIG1,728315b5-039c-11f0-95c3-089df4bf3532,fertility,2,299,0.7058823108673096,0.07082438468933105,28740.0,0.222222238779068,162,1
SLIM+SIG1,728315b5-039c-11f0-95c3-089df4bf3532,fertility,2,300,0.7058823108673096,0.07483148574829102,28988.0,0.222222238779068,162,1
SLIM+SIG1,728315b5-039c-11f0-95c3-089df4bf3532,fertility,2,301,0.7058823108673096,0.07629084587097168,28631.0,0.222222238779068,162,1
SLIM+SIG1,728315b5-039c-11f0-95c3-089df4bf3532,fertility,2,302,0.7058823108673096,0.07707977294921875,28548.0,0.222222238779068,162,1
SLIM+SIG1,728315b5-039c-11f0-95c3-089df4bf3532,fertility,2,303,0.7058823108673096,0.07289242744445801,28292.0,0.222222238779068,162,1
SLIM+SIG1,728315b5-039c-11f0-95c3-089df4bf3532,fertility,2,304,0.7058823108673096,0.07314777374267578,28628.0,0.222222238779068,162,1
SLIM+SIG1,728315b5-039c-11f0-95c3-089df4bf3532,fertility,2,305,0.7058823108673096,0.07065653800964355,28691.0,0.222222238779068,162,1
SLIM+SIG1,728315b5-039c-11f0-95c3-089df4bf3532,fertility,2,306,0.7058823108673096,0.07326912879943848,28828.0,0.222222238779068,162,1
SLIM+SIG1,728315b5-039c-11f0-95c3-089df4bf3532,fertility,2,307,0.7058823108673096,0.08034992218017578,28971.0,0.222222238779068,162,1
SLIM+SIG1,728315b5-039c-11f0-95c3-089df4bf3532,fertility,2,308,0.7058823108673096,0.07201194763183594,28861.0,0.222222238779068,162,1
SLIM+SIG1,728315b5-039c-11f0-95c3-089df4bf3532,fertility,2,309,0.7058823108673096,0.07462477684020996,28715.0,0.222222238779068,162,1
SLIM+SIG1,728315b5-039c-11f0-95c3-089df4bf3532,fertility,2,310,0.7058823108673096,0.07707095146179199,28954.0,0.222222238779068,162,1
SLIM+SIG1,728315b5-039c-11f0-95c3-089df4bf3532,fertility,2,311,0.7058823108673096,0.0729060173034668,29173.0,0.222222238779068,162,1
SLIM+SIG1,728315b5-039c-11f0-95c3-089df4bf3532,fertility,2,312,0.7058823108673096,0.07325291633605957,28977.0,0.222222238779068,162,1
SLIM+SIG1,728315b5-039c-11f0-95c3-089df4bf3532,fertility,2,313,0.7058823108673096,0.0776679515838623,28535.0,0.222222238779068,162,1
SLIM+SIG1,728315b5-039c-11f0-95c3-089df4bf3532,fertility,2,314,0.7058823108673096,0.07264137268066406,28748.0,0.222222238779068,162,1
SLIM+SIG1,728315b5-039c-11f0-95c3-089df4bf3532,fertility,2,315,0.7058823108673096,0.08008623123168945,29156.0,0.222222238779068,162,1
SLIM+SIG1,728315b5-039c-11f0-95c3-089df4bf3532,fertility,2,316,0.7058823108673096,0.07687997817993164,29129.0,0.222222238779068,162,1
SLIM+SIG1,728315b5-039c-11f0-95c3-089df4bf3532,fertility,2,317,0.7058823108673096,0.07599711418151855,28613.0,0.222222238779068,162,1
SLIM+SIG1,728315b5-039c-11f0-95c3-089df4bf3532,fertility,2,318,0.7058823108673096,0.07351469993591309,28612.0,0.222222238779068,162,1
SLIM+SIG1,728315b5-039c-11f0-95c3-089df4bf3532,fertility,2,319,0.7058823108673096,0.07442879676818848,28576.0,0.222222238779068,162,1
SLIM+SIG1,728315b5-039c-11f0-95c3-089df4bf3532,fertility,2,320,0.7058823108673096,0.07552027702331543,28246.0,0.222222238779068,162,1
SLIM+SIG1,728315b5-039c-11f0-95c3-089df4bf3532,fertility,2,321,0.7058823108673096,0.0733177661895752,28503.0,0.222222238779068,162,1
SLIM+SIG1,728315b5-039c-11f0-95c3-089df4bf3532,fertility,2,322,0.7058823108673096,0.0762336254119873,28578.0,0.222222238779068,162,1
SLIM+SIG1,728315b5-039c-11f0-95c3-089df4bf3532,fertility,2,323,0.7058823108673096,0.07352995872497559,28329.0,0.222222238779068,162,1
SLIM+SIG1,728315b5-039c-11f0-95c3-089df4bf3532,fertility,2,324,0.7058823108673096,0.07558608055114746,28295.0,0.222222238779068,162,1
SLIM+SIG1,728315b5-039c-11f0-95c3-089df4bf3532,fertility,2,325,0.7058823108673096,0.0711050033569336,28230.0,0.222222238779068,162,1
SLIM+SIG1,728315b5-039c-11f0-95c3-089df4bf3532,fertility,2,326,0.7058823108673096,0.0687265396118164,27920.0,0.222222238779068,162,1
SLIM+SIG1,728315b5-039c-11f0-95c3-089df4bf3532,fertility,2,327,0.7058823108673096,0.07361173629760742,27416.0,0.222222238779068,162,1
SLIM+SIG1,728315b5-039c-11f0-95c3-089df4bf3532,fertility,2,328,0.7058823108673096,0.07635307312011719,26811.0,0.222222238779068,162,1
SLIM+SIG1,728315b5-039c-11f0-95c3-089df4bf3532,fertility,2,329,0.7058823108673096,0.0708918571472168,26786.0,0.222222238779068,162,1
SLIM+SIG1,728315b5-039c-11f0-95c3-089df4bf3532,fertility,2,330,0.7058823108673096,0.07662415504455566,27049.0,0.222222238779068,162,1
SLIM+SIG1,728315b5-039c-11f0-95c3-089df4bf3532,fertility,2,331,0.7058823108673096,0.07093024253845215,26992.0,0.222222238779068,162,1
SLIM+SIG1,728315b5-039c-11f0-95c3-089df4bf3532,fertility,2,332,0.7058823108673096,0.07399177551269531,27184.0,0.222222238779068,162,1
SLIM+SIG1,728315b5-039c-11f0-95c3-089df4bf3532,fertility,2,333,0.7058823108673096,0.07210063934326172,27016.0,0.222222238779068,162,1
SLIM+SIG1,728315b5-039c-11f0-95c3-089df4bf3532,fertility,2,334,0.7058823108673096,0.08140110969543457,27023.0,0.222222238779068,162,1
SLIM+SIG1,728315b5-039c-11f0-95c3-089df4bf3532,fertility,2,335,0.7058823108673096,0.08329963684082031,27108.0,0.222222238779068,162,1
SLIM+SIG1,728315b5-039c-11f0-95c3-089df4bf3532,fertility,2,336,0.7058823108673096,0.0769343376159668,26899.0,0.222222238779068,162,1
SLIM+SIG1,728315b5-039c-11f0-95c3-089df4bf3532,fertility,2,337,0.7058823108673096,0.0763254165649414,26978.0,0.222222238779068,162,1
SLIM+SIG1,728315b5-039c-11f0-95c3-089df4bf3532,fertility,2,338,0.7058823108673096,0.08011031150817871,26827.0,0.222222238779068,162,1
SLIM+SIG1,728315b5-039c-11f0-95c3-089df4bf3532,fertility,2,339,0.7058823108673096,0.07619237899780273,26529.0,0.222222238779068,162,1
SLIM+SIG1,728315b5-039c-11f0-95c3-089df4bf3532,fertility,2,340,0.7058823108673096,0.07052922248840332,26077.0,0.222222238779068,162,1
SLIM+SIG1,728315b5-039c-11f0-95c3-089df4bf3532,fertility,2,341,0.7058823108673096,0.07749438285827637,26149.0,0.222222238779068,162,1
SLIM+SIG1,728315b5-039c-11f0-95c3-089df4bf3532,fertility,2,342,0.7058823108673096,0.07436633110046387,26706.0,0.222222238779068,162,1
SLIM+SIG1,728315b5-039c-11f0-95c3-089df4bf3532,fertility,2,343,0.7058823108673096,0.07873344421386719,26074.0,0.222222238779068,162,1
SLIM+SIG1,728315b5-039c-11f0-95c3-089df4bf3532,fertility,2,344,0.7058823108673096,0.0768430233001709,26228.0,0.222222238779068,162,1
SLIM+SIG1,728315b5-039c-11f0-95c3-089df4bf3532,fertility,2,345,0.7058823108673096,0.07412981986999512,26095.0,0.222222238779068,162,1
SLIM+SIG1,728315b5-039c-11f0-95c3-089df4bf3532,fertility,2,346,0.7058823108673096,0.07400846481323242,26158.0,0.222222238779068,162,1
SLIM+SIG1,728315b5-039c-11f0-95c3-089df4bf3532,fertility,2,347,0.7058823108673096,0.07541203498840332,26365.0,0.222222238779068,162,1
SLIM+SIG1,728315b5-039c-11f0-95c3-089df4bf3532,fertility,2,348,0.7058823108673096,0.06938028335571289,26416.0,0.222222238779068,162,1
SLIM+SIG1,728315b5-039c-11f0-95c3-089df4bf3532,fertility,2,349,0.7058823108673096,0.0737144947052002,26165.0,0.222222238779068,162,1
SLIM+SIG1,728315b5-039c-11f0-95c3-089df4bf3532,fertility,2,350,0.7058823108673096,0.07310104370117188,26008.0,0.222222238779068,162,1
SLIM+SIG1,728315b5-039c-11f0-95c3-089df4bf3532,fertility,2,351,0.7058823108673096,0.13947153091430664,26530.0,0.222222238779068,162,1
SLIM+SIG1,728315b5-039c-11f0-95c3-089df4bf3532,fertility,2,352,0.7058823108673096,0.08078598976135254,27242.0,0.222222238779068,162,1
SLIM+SIG1,728315b5-039c-11f0-95c3-089df4bf3532,fertility,2,353,0.7058823108673096,0.07600164413452148,27706.0,0.222222238779068,162,1
SLIM+SIG1,728315b5-039c-11f0-95c3-089df4bf3532,fertility,2,354,0.7058823108673096,0.07568120956420898,27609.0,0.222222238779068,162,1
SLIM+SIG1,728315b5-039c-11f0-95c3-089df4bf3532,fertility,2,355,0.7058823108673096,0.0740201473236084,27574.0,0.222222238779068,162,1
SLIM+SIG1,728315b5-039c-11f0-95c3-089df4bf3532,fertility,2,356,0.7058823108673096,0.0715177059173584,27603.0,0.222222238779068,162,1
SLIM+SIG1,728315b5-039c-11f0-95c3-089df4bf3532,fertility,2,357,0.7058823108673096,0.07684850692749023,27555.0,0.222222238779068,162,1
SLIM+SIG1,728315b5-039c-11f0-95c3-089df4bf3532,fertility,2,358,0.7058823108673096,0.07467031478881836,26762.0,0.222222238779068,162,1
SLIM+SIG1,728315b5-039c-11f0-95c3-089df4bf3532,fertility,2,359,0.7058823108673096,0.07760238647460938,26178.0,0.222222238779068,162,1
SLIM+SIG1,728315b5-039c-11f0-95c3-089df4bf3532,fertility,2,360,0.7058823108673096,0.07654118537902832,26321.0,0.222222238779068,162,1
SLIM+SIG1,728315b5-039c-11f0-95c3-089df4bf3532,fertility,2,361,0.7058823108673096,0.07955527305603027,25926.0,0.222222238779068,162,1
SLIM+SIG1,728315b5-039c-11f0-95c3-089df4bf3532,fertility,2,362,0.7058823108673096,0.07970547676086426,25705.0,0.222222238779068,162,1
SLIM+SIG1,728315b5-039c-11f0-95c3-089df4bf3532,fertility,2,363,0.7058823108673096,0.08122682571411133,25497.0,0.222222238779068,162,1
SLIM+SIG1,728315b5-039c-11f0-95c3-089df4bf3532,fertility,2,364,0.7058823108673096,0.0805366039276123,25168.0,0.222222238779068,162,1
SLIM+SIG1,728315b5-039c-11f0-95c3-089df4bf3532,fertility,2,365,0.7058823108673096,0.07655119895935059,25266.0,0.222222238779068,162,1
SLIM+SIG1,728315b5-039c-11f0-95c3-089df4bf3532,fertility,2,366,0.7058823108673096,0.07553958892822266,25477.0,0.222222238779068,162,1
SLIM+SIG1,728315b5-039c-11f0-95c3-089df4bf3532,fertility,2,367,0.7058823108673096,0.08022665977478027,25140.0,0.222222238779068,162,1
SLIM+SIG1,728315b5-039c-11f0-95c3-089df4bf3532,fertility,2,368,0.7058823108673096,0.0723109245300293,25237.0,0.222222238779068,162,1
SLIM+SIG1,728315b5-039c-11f0-95c3-089df4bf3532,fertility,2,369,0.7058823108673096,0.07462358474731445,25247.0,0.222222238779068,162,1
SLIM+SIG1,728315b5-039c-11f0-95c3-089df4bf3532,fertility,2,370,0.7058823108673096,0.07352590560913086,24951.0,0.222222238779068,162,1
SLIM+SIG1,728315b5-039c-11f0-95c3-089df4bf3532,fertility,2,371,0.7058823108673096,0.06824851036071777,25027.0,0.222222238779068,162,1
SLIM+SIG1,728315b5-039c-11f0-95c3-089df4bf3532,fertility,2,372,0.7058823108673096,0.06951403617858887,24906.0,0.222222238779068,162,1
SLIM+SIG1,728315b5-039c-11f0-95c3-089df4bf3532,fertility,2,373,0.7058823108673096,0.07475805282592773,25179.0,0.222222238779068,162,1
SLIM+SIG1,728315b5-039c-11f0-95c3-089df4bf3532,fertility,2,374,0.7058823108673096,0.07189750671386719,25120.0,0.222222238779068,162,1
SLIM+SIG1,728315b5-039c-11f0-95c3-089df4bf3532,fertility,2,375,0.7058823108673096,0.07072758674621582,24863.0,0.222222238779068,162,1
SLIM+SIG1,728315b5-039c-11f0-95c3-089df4bf3532,fertility,2,376,0.7058823108673096,0.0729670524597168,24218.0,0.222222238779068,162,1
SLIM+SIG1,728315b5-039c-11f0-95c3-089df4bf3532,fertility,2,377,0.7058823108673096,0.07971501350402832,24657.0,0.222222238779068,162,1
SLIM+SIG1,728315b5-039c-11f0-95c3-089df4bf3532,fertility,2,378,0.7058823108673096,0.07410860061645508,24371.0,0.222222238779068,162,1
SLIM+SIG1,728315b5-039c-11f0-95c3-089df4bf3532,fertility,2,379,0.7058823108673096,0.07410883903503418,24589.0,0.222222238779068,162,1
SLIM+SIG1,728315b5-039c-11f0-95c3-089df4bf3532,fertility,2,380,0.7058823108673096,0.07583904266357422,23882.0,0.222222238779068,162,1
SLIM+SIG1,728315b5-039c-11f0-95c3-089df4bf3532,fertility,2,381,0.7058823108673096,0.0688326358795166,23907.0,0.222222238779068,162,1
SLIM+SIG1,728315b5-039c-11f0-95c3-089df4bf3532,fertility,2,382,0.7058823108673096,0.07609939575195312,24069.0,0.222222238779068,162,1
SLIM+SIG1,728315b5-039c-11f0-95c3-089df4bf3532,fertility,2,383,0.7058823108673096,0.06834173202514648,23285.0,0.222222238779068,162,1
SLIM+SIG1,728315b5-039c-11f0-95c3-089df4bf3532,fertility,2,384,0.7058823108673096,0.06900882720947266,22604.0,0.222222238779068,162,1
SLIM+SIG1,728315b5-039c-11f0-95c3-089df4bf3532,fertility,2,385,0.7058823108673096,0.07177162170410156,22973.0,0.222222238779068,162,1
SLIM+SIG1,728315b5-039c-11f0-95c3-089df4bf3532,fertility,2,386,0.7058823108673096,0.0729985237121582,22374.0,0.222222238779068,162,1
SLIM+SIG1,728315b5-039c-11f0-95c3-089df4bf3532,fertility,2,387,0.7058823108673096,0.0706329345703125,22299.0,0.222222238779068,162,1
SLIM+SIG1,728315b5-039c-11f0-95c3-089df4bf3532,fertility,2,388,0.7058823108673096,0.07475614547729492,22769.0,0.222222238779068,162,1
SLIM+SIG1,728315b5-039c-11f0-95c3-089df4bf3532,fertility,2,389,0.7058823108673096,0.06983494758605957,22408.0,0.222222238779068,162,1
SLIM+SIG1,728315b5-039c-11f0-95c3-089df4bf3532,fertility,2,390,0.7058823108673096,0.07866764068603516,21613.0,0.222222238779068,162,1
SLIM+SIG1,728315b5-039c-11f0-95c3-089df4bf3532,fertility,2,391,0.7058823108673096,0.07946348190307617,21738.0,0.222222238779068,162,1
SLIM+SIG1,728315b5-039c-11f0-95c3-089df4bf3532,fertility,2,392,0.7058823108673096,0.0732431411743164,21727.0,0.222222238779068,162,1
SLIM+SIG1,728315b5-039c-11f0-95c3-089df4bf3532,fertility,2,393,0.7058823108673096,0.07159996032714844,21720.0,0.222222238779068,162,1
SLIM+SIG1,728315b5-039c-11f0-95c3-089df4bf3532,fertility,2,394,0.7058823108673096,0.06711506843566895,21512.0,0.222222238779068,162,1
SLIM+SIG1,728315b5-039c-11f0-95c3-089df4bf3532,fertility,2,395,0.7058823108673096,0.06890559196472168,21873.0,0.222222238779068,162,1
SLIM+SIG1,728315b5-039c-11f0-95c3-089df4bf3532,fertility,2,396,0.7058823108673096,0.07451200485229492,21978.0,0.222222238779068,162,1
SLIM+SIG1,728315b5-039c-11f0-95c3-089df4bf3532,fertility,2,397,0.7058823108673096,0.0689995288848877,21853.0,0.222222238779068,162,1
SLIM+SIG1,728315b5-039c-11f0-95c3-089df4bf3532,fertility,2,398,0.7058823108673096,0.07051229476928711,21434.0,0.222222238779068,162,1
SLIM+SIG1,728315b5-039c-11f0-95c3-089df4bf3532,fertility,2,399,0.7058823108673096,0.06981635093688965,21494.0,0.222222238779068,162,1
SLIM+SIG1,728315b5-039c-11f0-95c3-089df4bf3532,fertility,2,400,0.7058823108673096,0.0676722526550293,21413.0,0.222222238779068,162,1
SLIM+SIG1,728315b5-039c-11f0-95c3-089df4bf3532,fertility,2,401,0.7058823108673096,0.0712590217590332,22071.0,0.222222238779068,162,1
SLIM+SIG1,728315b5-039c-11f0-95c3-089df4bf3532,fertility,2,402,0.7058823108673096,0.07381129264831543,22312.0,0.222222238779068,162,1
SLIM+SIG1,728315b5-039c-11f0-95c3-089df4bf3532,fertility,2,403,0.7058823108673096,0.07363581657409668,22125.0,0.222222238779068,162,1
SLIM+SIG1,728315b5-039c-11f0-95c3-089df4bf3532,fertility,2,404,0.7058823108673096,0.07247686386108398,22536.0,0.222222238779068,162,1
SLIM+SIG1,728315b5-039c-11f0-95c3-089df4bf3532,fertility,2,405,0.7058823108673096,0.07188820838928223,22183.0,0.222222238779068,162,1
SLIM+SIG1,728315b5-039c-11f0-95c3-089df4bf3532,fertility,2,406,0.7058823108673096,0.06796121597290039,21901.0,0.222222238779068,162,1
SLIM+SIG1,728315b5-039c-11f0-95c3-089df4bf3532,fertility,2,407,0.7058823108673096,0.06969571113586426,22343.0,0.222222238779068,162,1
SLIM+SIG1,728315b5-039c-11f0-95c3-089df4bf3532,fertility,2,408,0.7058823108673096,0.07234740257263184,22611.0,0.222222238779068,162,1
SLIM+SIG1,728315b5-039c-11f0-95c3-089df4bf3532,fertility,2,409,0.7058823108673096,0.07173514366149902,23419.0,0.222222238779068,162,1
SLIM+SIG1,728315b5-039c-11f0-95c3-089df4bf3532,fertility,2,410,0.7058823108673096,0.06766080856323242,23379.0,0.222222238779068,162,1
SLIM+SIG1,728315b5-039c-11f0-95c3-089df4bf3532,fertility,2,411,0.7058823108673096,0.0695042610168457,23077.0,0.222222238779068,162,1
SLIM+SIG1,728315b5-039c-11f0-95c3-089df4bf3532,fertility,2,412,0.7058823108673096,0.07122159004211426,22809.0,0.222222238779068,162,1
SLIM+SIG1,728315b5-039c-11f0-95c3-089df4bf3532,fertility,2,413,0.7058823108673096,0.06757402420043945,22710.0,0.222222238779068,162,1
SLIM+SIG1,728315b5-039c-11f0-95c3-089df4bf3532,fertility,2,414,0.7058823108673096,0.07122468948364258,21999.0,0.222222238779068,162,1
SLIM+SIG1,728315b5-039c-11f0-95c3-089df4bf3532,fertility,2,415,0.7058823108673096,0.06999897956848145,21616.0,0.222222238779068,162,1
SLIM+SIG1,728315b5-039c-11f0-95c3-089df4bf3532,fertility,2,416,0.7058823108673096,0.07351207733154297,21448.0,0.222222238779068,162,1
SLIM+SIG1,728315b5-039c-11f0-95c3-089df4bf3532,fertility,2,417,0.7058823108673096,0.07534933090209961,20658.0,0.222222238779068,162,1
SLIM+SIG1,728315b5-039c-11f0-95c3-089df4bf3532,fertility,2,418,0.7058823108673096,0.13813066482543945,20501.0,0.222222238779068,162,1
SLIM+SIG1,728315b5-039c-11f0-95c3-089df4bf3532,fertility,2,419,0.7058823108673096,0.07806134223937988,20709.0,0.222222238779068,162,1
SLIM+SIG1,728315b5-039c-11f0-95c3-089df4bf3532,fertility,2,420,0.7058823108673096,0.07772541046142578,20478.0,0.222222238779068,162,1
SLIM+SIG1,728315b5-039c-11f0-95c3-089df4bf3532,fertility,2,421,0.7058823108673096,0.06993341445922852,20038.0,0.222222238779068,162,1
SLIM+SIG1,728315b5-039c-11f0-95c3-089df4bf3532,fertility,2,422,0.7058823108673096,0.06999993324279785,20733.0,0.222222238779068,162,1
SLIM+SIG1,728315b5-039c-11f0-95c3-089df4bf3532,fertility,2,423,0.7058823108673096,0.06683039665222168,21124.0,0.222222238779068,162,1
SLIM+SIG1,728315b5-039c-11f0-95c3-089df4bf3532,fertility,2,424,0.7058823108673096,0.06719636917114258,21067.0,0.222222238779068,162,1
SLIM+SIG1,728315b5-039c-11f0-95c3-089df4bf3532,fertility,2,425,0.7058823108673096,0.07289624214172363,21303.0,0.222222238779068,162,1
SLIM+SIG1,728315b5-039c-11f0-95c3-089df4bf3532,fertility,2,426,0.7058823108673096,0.07661747932434082,21105.0,0.222222238779068,162,1
SLIM+SIG1,728315b5-039c-11f0-95c3-089df4bf3532,fertility,2,427,0.7058823108673096,0.07351160049438477,21201.0,0.222222238779068,162,1
SLIM+SIG1,728315b5-039c-11f0-95c3-089df4bf3532,fertility,2,428,0.7058823108673096,0.07150936126708984,21098.0,0.222222238779068,162,1
SLIM+SIG1,728315b5-039c-11f0-95c3-089df4bf3532,fertility,2,429,0.7058823108673096,0.07301568984985352,21283.0,0.222222238779068,162,1
SLIM+SIG1,728315b5-039c-11f0-95c3-089df4bf3532,fertility,2,430,0.7058823108673096,0.07168197631835938,21261.0,0.222222238779068,162,1
SLIM+SIG1,728315b5-039c-11f0-95c3-089df4bf3532,fertility,2,431,0.7058823108673096,0.07343077659606934,21010.0,0.222222238779068,162,1
SLIM+SIG1,728315b5-039c-11f0-95c3-089df4bf3532,fertility,2,432,0.7058823108673096,0.06888246536254883,20686.0,0.222222238779068,162,1
SLIM+SIG1,728315b5-039c-11f0-95c3-089df4bf3532,fertility,2,433,0.7058823108673096,0.07298970222473145,20268.0,0.222222238779068,162,1
SLIM+SIG1,728315b5-039c-11f0-95c3-089df4bf3532,fertility,2,434,0.7058823108673096,0.07403063774108887,20324.0,0.222222238779068,162,1
SLIM+SIG1,728315b5-039c-11f0-95c3-089df4bf3532,fertility,2,435,0.7058823108673096,0.0659022331237793,19607.0,0.222222238779068,162,1
SLIM+SIG1,728315b5-039c-11f0-95c3-089df4bf3532,fertility,2,436,0.7058823108673096,0.06323528289794922,18232.0,0.222222238779068,162,1
SLIM+SIG1,728315b5-039c-11f0-95c3-089df4bf3532,fertility,2,437,0.7058823108673096,0.06867361068725586,17616.0,0.222222238779068,162,1
SLIM+SIG1,728315b5-039c-11f0-95c3-089df4bf3532,fertility,2,438,0.7058823108673096,0.07152032852172852,18122.0,0.222222238779068,162,1
SLIM+SIG1,728315b5-039c-11f0-95c3-089df4bf3532,fertility,2,439,0.7058823108673096,0.07102799415588379,19112.0,0.222222238779068,162,1
SLIM+SIG1,728315b5-039c-11f0-95c3-089df4bf3532,fertility,2,440,0.7058823108673096,0.06801557540893555,19468.0,0.222222238779068,162,1
SLIM+SIG1,728315b5-039c-11f0-95c3-089df4bf3532,fertility,2,441,0.7058823108673096,0.06891298294067383,19365.0,0.222222238779068,162,1
SLIM+SIG1,728315b5-039c-11f0-95c3-089df4bf3532,fertility,2,442,0.7058823108673096,0.07165312767028809,19475.0,0.222222238779068,162,1
SLIM+SIG1,728315b5-039c-11f0-95c3-089df4bf3532,fertility,2,443,0.7058823108673096,0.07005119323730469,19389.0,0.222222238779068,162,1
SLIM+SIG1,728315b5-039c-11f0-95c3-089df4bf3532,fertility,2,444,0.7058823108673096,0.07249569892883301,19334.0,0.222222238779068,162,1
SLIM+SIG1,728315b5-039c-11f0-95c3-089df4bf3532,fertility,2,445,0.7058823108673096,0.07242846488952637,19301.0,0.222222238779068,162,1
SLIM+SIG1,728315b5-039c-11f0-95c3-089df4bf3532,fertility,2,446,0.7058823108673096,0.06615304946899414,18368.0,0.222222238779068,162,1
SLIM+SIG1,728315b5-039c-11f0-95c3-089df4bf3532,fertility,2,447,0.7058823108673096,0.07067632675170898,18471.0,0.222222238779068,162,1
SLIM+SIG1,728315b5-039c-11f0-95c3-089df4bf3532,fertility,2,448,0.7058823108673096,0.06858611106872559,18601.0,0.222222238779068,162,1
SLIM+SIG1,728315b5-039c-11f0-95c3-089df4bf3532,fertility,2,449,0.7058823108673096,0.07191181182861328,18551.0,0.222222238779068,162,1
SLIM+SIG1,728315b5-039c-11f0-95c3-089df4bf3532,fertility,2,450,0.7058823108673096,0.07884836196899414,18553.0,0.222222238779068,162,1
SLIM+SIG1,728315b5-039c-11f0-95c3-089df4bf3532,fertility,2,451,0.7058823108673096,0.06777524948120117,18905.0,0.222222238779068,162,1
SLIM+SIG1,728315b5-039c-11f0-95c3-089df4bf3532,fertility,2,452,0.7058823108673096,0.06661200523376465,18278.0,0.222222238779068,162,1
SLIM+SIG1,728315b5-039c-11f0-95c3-089df4bf3532,fertility,2,453,0.7058823108673096,0.06605648994445801,18016.0,0.222222238779068,162,1
SLIM+SIG1,728315b5-039c-11f0-95c3-089df4bf3532,fertility,2,454,0.7058823108673096,0.06914210319519043,18205.0,0.222222238779068,162,1
SLIM+SIG1,728315b5-039c-11f0-95c3-089df4bf3532,fertility,2,455,0.7058823108673096,0.06652498245239258,17959.0,0.222222238779068,162,1
SLIM+SIG1,728315b5-039c-11f0-95c3-089df4bf3532,fertility,2,456,0.7058823108673096,0.06708884239196777,17825.0,0.222222238779068,162,1
SLIM+SIG1,728315b5-039c-11f0-95c3-089df4bf3532,fertility,2,457,0.7058823108673096,0.06662130355834961,17506.0,0.222222238779068,162,1
SLIM+SIG1,728315b5-039c-11f0-95c3-089df4bf3532,fertility,2,458,0.7058823108673096,0.0664370059967041,18045.0,0.222222238779068,162,1
SLIM+SIG1,728315b5-039c-11f0-95c3-089df4bf3532,fertility,2,459,0.7058823108673096,0.06772232055664062,18276.0,0.222222238779068,162,1
SLIM+SIG1,728315b5-039c-11f0-95c3-089df4bf3532,fertility,2,460,0.7058823108673096,0.0679166316986084,18333.0,0.222222238779068,162,1
SLIM+SIG1,728315b5-039c-11f0-95c3-089df4bf3532,fertility,2,461,0.7058823108673096,0.06850862503051758,17583.0,0.222222238779068,162,1
SLIM+SIG1,728315b5-039c-11f0-95c3-089df4bf3532,fertility,2,462,0.7058823108673096,0.06552982330322266,17165.0,0.222222238779068,162,1
SLIM+SIG1,728315b5-039c-11f0-95c3-089df4bf3532,fertility,2,463,0.7058823108673096,0.06309962272644043,16923.0,0.222222238779068,162,1
SLIM+SIG1,728315b5-039c-11f0-95c3-089df4bf3532,fertility,2,464,0.7058823108673096,0.0617518424987793,16980.0,0.222222238779068,162,1
SLIM+SIG1,728315b5-039c-11f0-95c3-089df4bf3532,fertility,2,465,0.7058823108673096,0.06660866737365723,17429.0,0.222222238779068,162,1
SLIM+SIG1,728315b5-039c-11f0-95c3-089df4bf3532,fertility,2,466,0.7058823108673096,0.06699967384338379,17693.0,0.222222238779068,162,1
SLIM+SIG1,728315b5-039c-11f0-95c3-089df4bf3532,fertility,2,467,0.7058823108673096,0.06464600563049316,16879.0,0.222222238779068,162,1
SLIM+SIG1,728315b5-039c-11f0-95c3-089df4bf3532,fertility,2,468,0.7058823108673096,0.06873011589050293,17002.0,0.222222238779068,162,1
SLIM+SIG1,728315b5-039c-11f0-95c3-089df4bf3532,fertility,2,469,0.7058823108673096,0.06688308715820312,17046.0,0.222222238779068,162,1
SLIM+SIG1,728315b5-039c-11f0-95c3-089df4bf3532,fertility,2,470,0.7058823108673096,0.06887578964233398,17660.0,0.222222238779068,162,1
SLIM+SIG1,728315b5-039c-11f0-95c3-089df4bf3532,fertility,2,471,0.7058823108673096,0.06584572792053223,18331.0,0.222222238779068,162,1
SLIM+SIG1,728315b5-039c-11f0-95c3-089df4bf3532,fertility,2,472,0.7058823108673096,0.0660090446472168,17858.0,0.222222238779068,162,1
SLIM+SIG1,728315b5-039c-11f0-95c3-089df4bf3532,fertility,2,473,0.7058823108673096,0.06519842147827148,18221.0,0.222222238779068,162,1
SLIM+SIG1,728315b5-039c-11f0-95c3-089df4bf3532,fertility,2,474,0.7058823108673096,0.0634925365447998,19015.0,0.222222238779068,162,1
SLIM+SIG1,728315b5-039c-11f0-95c3-089df4bf3532,fertility,2,475,0.7058823108673096,0.06114912033081055,19004.0,0.222222238779068,162,1
SLIM+SIG1,728315b5-039c-11f0-95c3-089df4bf3532,fertility,2,476,0.7058823108673096,0.06463265419006348,18751.0,0.222222238779068,162,1
SLIM+SIG1,728315b5-039c-11f0-95c3-089df4bf3532,fertility,2,477,0.7058823108673096,0.06882762908935547,18214.0,0.222222238779068,162,1
SLIM+SIG1,728315b5-039c-11f0-95c3-089df4bf3532,fertility,2,478,0.7058823108673096,0.06416916847229004,17644.0,0.222222238779068,162,1
SLIM+SIG1,728315b5-039c-11f0-95c3-089df4bf3532,fertility,2,479,0.7058823108673096,0.06585836410522461,16709.0,0.222222238779068,162,1
SLIM+SIG1,728315b5-039c-11f0-95c3-089df4bf3532,fertility,2,480,0.7058823108673096,0.06641268730163574,15877.0,0.222222238779068,162,1
SLIM+SIG1,728315b5-039c-11f0-95c3-089df4bf3532,fertility,2,481,0.7058823108673096,0.06858110427856445,15276.0,0.222222238779068,162,1
SLIM+SIG1,728315b5-039c-11f0-95c3-089df4bf3532,fertility,2,482,0.7058823108673096,0.0621190071105957,15134.0,0.222222238779068,162,1
SLIM+SIG1,728315b5-039c-11f0-95c3-089df4bf3532,fertility,2,483,0.7058823108673096,0.05985903739929199,15176.0,0.222222238779068,162,1
SLIM+SIG1,728315b5-039c-11f0-95c3-089df4bf3532,fertility,2,484,0.7058823108673096,0.06311750411987305,15009.0,0.222222238779068,162,1
SLIM+SIG1,728315b5-039c-11f0-95c3-089df4bf3532,fertility,2,485,0.7058823108673096,0.06151461601257324,15251.0,0.222222238779068,162,1
SLIM+SIG1,728315b5-039c-11f0-95c3-089df4bf3532,fertility,2,486,0.7058823108673096,0.06021261215209961,15207.0,0.222222238779068,162,1
SLIM+SIG1,728315b5-039c-11f0-95c3-089df4bf3532,fertility,2,487,0.7058823108673096,0.05856728553771973,14371.0,0.222222238779068,162,1
SLIM+SIG1,728315b5-039c-11f0-95c3-089df4bf3532,fertility,2,488,0.7058823108673096,0.06062197685241699,14122.0,0.222222238779068,162,1
SLIM+SIG1,728315b5-039c-11f0-95c3-089df4bf3532,fertility,2,489,0.7058823108673096,0.05989527702331543,14096.0,0.222222238779068,162,1
SLIM+SIG1,728315b5-039c-11f0-95c3-089df4bf3532,fertility,2,490,0.7058823108673096,0.06061124801635742,14591.0,0.222222238779068,162,1
SLIM+SIG1,728315b5-039c-11f0-95c3-089df4bf3532,fertility,2,491,0.7058823108673096,0.060953617095947266,15691.0,0.222222238779068,162,1
SLIM+SIG1,728315b5-039c-11f0-95c3-089df4bf3532,fertility,2,492,0.7058823108673096,0.0652315616607666,16989.0,0.222222238779068,162,1
SLIM+SIG1,728315b5-039c-11f0-95c3-089df4bf3532,fertility,2,493,0.7058823108673096,0.06870865821838379,17792.0,0.222222238779068,162,1
SLIM+SIG1,728315b5-039c-11f0-95c3-089df4bf3532,fertility,2,494,0.7058823108673096,0.05508232116699219,17913.0,0.222222238779068,162,1
SLIM+SIG1,728315b5-039c-11f0-95c3-089df4bf3532,fertility,2,495,0.7058823108673096,0.06279230117797852,17473.0,0.222222238779068,162,1
SLIM+SIG1,728315b5-039c-11f0-95c3-089df4bf3532,fertility,2,496,0.7058823108673096,0.06094503402709961,16296.0,0.222222238779068,162,1
SLIM+SIG1,728315b5-039c-11f0-95c3-089df4bf3532,fertility,2,497,0.7058823108673096,0.06200456619262695,15647.0,0.222222238779068,162,1
SLIM+SIG1,728315b5-039c-11f0-95c3-089df4bf3532,fertility,2,498,0.7058823108673096,0.05681014060974121,14943.0,0.222222238779068,162,1
SLIM+SIG1,728315b5-039c-11f0-95c3-089df4bf3532,fertility,2,499,0.7058823108673096,0.06113100051879883,14789.0,0.222222238779068,162,1
SLIM+SIG1,728315b5-039c-11f0-95c3-089df4bf3532,fertility,2,500,0.7058823108673096,0.05950736999511719,14426.0,0.222222238779068,162,1
SLIM+SIG1,728315b5-039c-11f0-95c3-089df4bf3532,fertility,3,0,0.444444477558136,0.09847021102905273,2682.0,0.1818181872367859,3,1
SLIM+SIG1,728315b5-039c-11f0-95c3-089df4bf3532,fertility,3,1,0.444444477558136,0.08933019638061523,5385.0,0.1818181872367859,3,1
SLIM+SIG1,728315b5-039c-11f0-95c3-089df4bf3532,fertility,3,2,0.444444477558136,0.08962225914001465,7381.0,0.1818181872367859,3,1
SLIM+SIG1,728315b5-039c-11f0-95c3-089df4bf3532,fertility,3,3,0.444444477558136,0.08975338935852051,9205.0,0.1818181872367859,3,1
SLIM+SIG1,728315b5-039c-11f0-95c3-089df4bf3532,fertility,3,4,0.4615384340286255,0.09071898460388184,10818.0,0.1428571492433548,14,1
SLIM+SIG1,728315b5-039c-11f0-95c3-089df4bf3532,fertility,3,5,0.4615384340286255,0.09536147117614746,11725.0,0.1428571492433548,14,1
SLIM+SIG1,728315b5-039c-11f0-95c3-089df4bf3532,fertility,3,6,0.4615384340286255,0.09353804588317871,13664.0,0.1428571492433548,14,1
SLIM+SIG1,728315b5-039c-11f0-95c3-089df4bf3532,fertility,3,7,0.4800000488758087,0.09436750411987305,15720.0,0.1428571492433548,47,1
SLIM+SIG1,728315b5-039c-11f0-95c3-089df4bf3532,fertility,3,8,0.5,0.17161226272583008,17560.0,0.1818181872367859,58,1
SLIM+SIG1,728315b5-039c-11f0-95c3-089df4bf3532,fertility,3,9,0.5,0.09933233261108398,19423.0,0.1818181872367859,58,1
SLIM+SIG1,728315b5-039c-11f0-95c3-089df4bf3532,fertility,3,10,0.5217391848564148,0.09805655479431152,21363.0,0.1538461595773697,69,1
SLIM+SIG1,728315b5-039c-11f0-95c3-089df4bf3532,fertility,3,11,0.5454545021057129,0.06573820114135742,21623.0,0.1818181872367859,58,1
SLIM+SIG1,728315b5-039c-11f0-95c3-089df4bf3532,fertility,3,12,0.5454545021057129,0.0707237720489502,21783.0,0.1818181872367859,58,1
SLIM+SIG1,728315b5-039c-11f0-95c3-089df4bf3532,fertility,3,13,0.5454545021057129,0.0665290355682373,22291.0,0.1818181872367859,58,1
SLIM+SIG1,728315b5-039c-11f0-95c3-089df4bf3532,fertility,3,14,0.5454545021057129,0.06807732582092285,22468.0,0.1818181872367859,58,1
SLIM+SIG1,728315b5-039c-11f0-95c3-089df4bf3532,fertility,3,15,0.5454545021057129,0.06383490562438965,22734.0,0.1818181872367859,58,1
SLIM+SIG1,728315b5-039c-11f0-95c3-089df4bf3532,fertility,3,16,0.5454545021057129,0.06262350082397461,22797.0,0.1818181872367859,58,1
SLIM+SIG1,728315b5-039c-11f0-95c3-089df4bf3532,fertility,3,17,0.5454545021057129,0.06229257583618164,22746.0,0.1818181872367859,58,1
SLIM+SIG1,728315b5-039c-11f0-95c3-089df4bf3532,fertility,3,18,0.5454545021057129,0.060491085052490234,22723.0,0.1818181872367859,58,1
SLIM+SIG1,728315b5-039c-11f0-95c3-089df4bf3532,fertility,3,19,0.5454545021057129,0.0630488395690918,22257.0,0.1818181872367859,58,1
SLIM+SIG1,728315b5-039c-11f0-95c3-089df4bf3532,fertility,3,20,0.5454545021057129,0.06253814697265625,22371.0,0.1818181872367859,58,1
SLIM+SIG1,728315b5-039c-11f0-95c3-089df4bf3532,fertility,3,21,0.5454545021057129,0.06100821495056152,22286.0,0.1818181872367859,58,1
SLIM+SIG1,728315b5-039c-11f0-95c3-089df4bf3532,fertility,3,22,0.5454545021057129,0.05799603462219238,22240.0,0.1818181872367859,58,1
SLIM+SIG1,728315b5-039c-11f0-95c3-089df4bf3532,fertility,3,23,0.5454545021057129,0.06274032592773438,22329.0,0.1818181872367859,58,1
SLIM+SIG1,728315b5-039c-11f0-95c3-089df4bf3532,fertility,3,24,0.5454545021057129,0.06382155418395996,22039.0,0.1818181872367859,58,1
SLIM+SIG1,728315b5-039c-11f0-95c3-089df4bf3532,fertility,3,25,0.5454545021057129,0.06600117683410645,22028.0,0.1818181872367859,58,1
SLIM+SIG1,728315b5-039c-11f0-95c3-089df4bf3532,fertility,3,26,0.5454545021057129,0.06499648094177246,22153.0,0.1818181872367859,58,1
SLIM+SIG1,728315b5-039c-11f0-95c3-089df4bf3532,fertility,3,27,0.5454545021057129,0.060109615325927734,22256.0,0.1818181872367859,58,1
SLIM+SIG1,728315b5-039c-11f0-95c3-089df4bf3532,fertility,3,28,0.6000000238418579,0.06330752372741699,22258.0,0.20000000298023224,102,1
SLIM+SIG1,728315b5-039c-11f0-95c3-089df4bf3532,fertility,3,29,0.6000000238418579,0.05889463424682617,22266.0,0.20000000298023224,102,1
SLIM+SIG1,728315b5-039c-11f0-95c3-089df4bf3532,fertility,3,30,0.6000000238418579,0.05900239944458008,22354.0,0.20000000298023224,102,1
SLIM+SIG1,728315b5-039c-11f0-95c3-089df4bf3532,fertility,3,31,0.6000000238418579,0.0596921443939209,22405.0,0.20000000298023224,102,1
SLIM+SIG1,728315b5-039c-11f0-95c3-089df4bf3532,fertility,3,32,0.6000000238418579,0.06282234191894531,22456.0,0.20000000298023224,102,1
SLIM+SIG1,728315b5-039c-11f0-95c3-089df4bf3532,fertility,3,33,0.6000000238418579,0.06309080123901367,22419.0,0.20000000298023224,102,1
SLIM+SIG1,728315b5-039c-11f0-95c3-089df4bf3532,fertility,3,34,0.6000000238418579,0.06285762786865234,22417.0,0.20000000298023224,102,1
SLIM+SIG1,728315b5-039c-11f0-95c3-089df4bf3532,fertility,3,35,0.6000000238418579,0.06331062316894531,22468.0,0.20000000298023224,102,1
SLIM+SIG1,728315b5-039c-11f0-95c3-089df4bf3532,fertility,3,36,0.6000000238418579,0.0630953311920166,22397.0,0.20000000298023224,102,1
SLIM+SIG1,728315b5-039c-11f0-95c3-089df4bf3532,fertility,3,37,0.6000000238418579,0.06562113761901855,22435.0,0.20000000298023224,102,1
SLIM+SIG1,728315b5-039c-11f0-95c3-089df4bf3532,fertility,3,38,0.6315789818763733,0.06392359733581543,22413.0,0.20000000298023224,113,1
SLIM+SIG1,728315b5-039c-11f0-95c3-089df4bf3532,fertility,3,39,0.6315789818763733,0.06261825561523438,22404.0,0.20000000298023224,113,1
SLIM+SIG1,728315b5-039c-11f0-95c3-089df4bf3532,fertility,3,40,0.6315789818763733,0.06460165977478027,22397.0,0.20000000298023224,113,1
SLIM+SIG1,728315b5-039c-11f0-95c3-089df4bf3532,fertility,3,41,0.6315789818763733,0.06246519088745117,22478.0,0.20000000298023224,113,1
SLIM+SIG1,728315b5-039c-11f0-95c3-089df4bf3532,fertility,3,42,0.6315789818763733,0.0612330436706543,22394.0,0.20000000298023224,113,1
SLIM+SIG1,728315b5-039c-11f0-95c3-089df4bf3532,fertility,3,43,0.6315789818763733,0.06452035903930664,22439.0,0.20000000298023224,113,1
SLIM+SIG1,728315b5-039c-11f0-95c3-089df4bf3532,fertility,3,44,0.6315789818763733,0.06209921836853027,22382.0,0.20000000298023224,113,1
SLIM+SIG1,728315b5-039c-11f0-95c3-089df4bf3532,fertility,3,45,0.6315789818763733,0.06085371971130371,22349.0,0.20000000298023224,113,1
SLIM+SIG1,728315b5-039c-11f0-95c3-089df4bf3532,fertility,3,46,0.6315789818763733,0.06250739097595215,22380.0,0.20000000298023224,113,1
SLIM+SIG1,728315b5-039c-11f0-95c3-089df4bf3532,fertility,3,47,0.6315789818763733,0.06499838829040527,22417.0,0.20000000298023224,113,1
SLIM+SIG1,728315b5-039c-11f0-95c3-089df4bf3532,fertility,3,48,0.6315789818763733,0.05956077575683594,22358.0,0.20000000298023224,113,1
SLIM+SIG1,728315b5-039c-11f0-95c3-089df4bf3532,fertility,3,49,0.6315789818763733,0.06204700469970703,22369.0,0.20000000298023224,113,1
SLIM+SIG1,728315b5-039c-11f0-95c3-089df4bf3532,fertility,3,50,0.6315789818763733,0.06354665756225586,22380.0,0.20000000298023224,113,1
SLIM+SIG1,728315b5-039c-11f0-95c3-089df4bf3532,fertility,3,51,0.6315789818763733,0.06189560890197754,22292.0,0.20000000298023224,113,1
SLIM+SIG1,728315b5-039c-11f0-95c3-089df4bf3532,fertility,3,52,0.6315789818763733,0.06131458282470703,22336.0,0.20000000298023224,113,1
SLIM+SIG1,728315b5-039c-11f0-95c3-089df4bf3532,fertility,3,53,0.6315789818763733,0.06461286544799805,22402.0,0.20000000298023224,113,1
SLIM+SIG1,728315b5-039c-11f0-95c3-089df4bf3532,fertility,3,54,0.6315789818763733,0.055624961853027344,22347.0,0.20000000298023224,113,1
SLIM+SIG1,728315b5-039c-11f0-95c3-089df4bf3532,fertility,3,55,0.6315789818763733,0.06199765205383301,22281.0,0.20000000298023224,113,1
SLIM+SIG1,728315b5-039c-11f0-95c3-089df4bf3532,fertility,3,56,0.6315789818763733,0.06087541580200195,22413.0,0.20000000298023224,113,1
SLIM+SIG1,728315b5-039c-11f0-95c3-089df4bf3532,fertility,3,57,0.6315789818763733,0.06219768524169922,22336.0,0.20000000298023224,113,1
SLIM+SIG1,728315b5-039c-11f0-95c3-089df4bf3532,fertility,3,58,0.6315789818763733,0.05960440635681152,22336.0,0.20000000298023224,113,1
SLIM+SIG1,728315b5-039c-11f0-95c3-089df4bf3532,fertility,3,59,0.6315789818763733,0.0638132095336914,22237.0,0.20000000298023224,113,1
SLIM+SIG1,728315b5-039c-11f0-95c3-089df4bf3532,fertility,3,60,0.6315789818763733,0.05800056457519531,22292.0,0.20000000298023224,113,1
SLIM+SIG1,728315b5-039c-11f0-95c3-089df4bf3532,fertility,3,61,0.6315789818763733,0.062452077865600586,22325.0,0.20000000298023224,113,1
SLIM+SIG1,728315b5-039c-11f0-95c3-089df4bf3532,fertility,3,62,0.6315789818763733,0.0650324821472168,22228.0,0.20000000298023224,113,1
SLIM+SIG1,728315b5-039c-11f0-95c3-089df4bf3532,fertility,3,63,0.6315789818763733,0.060103654861450195,22417.0,0.20000000298023224,113,1
SLIM+SIG1,728315b5-039c-11f0-95c3-089df4bf3532,fertility,3,64,0.6315789818763733,0.05896329879760742,22292.0,0.20000000298023224,113,1
SLIM+SIG1,728315b5-039c-11f0-95c3-089df4bf3532,fertility,3,65,0.6315789818763733,0.06233334541320801,22182.0,0.20000000298023224,113,1
SLIM+SIG1,728315b5-039c-11f0-95c3-089df4bf3532,fertility,3,66,0.75,0.0635080337524414,22303.0,0.222222238779068,113,1
SLIM+SIG1,728315b5-039c-11f0-95c3-089df4bf3532,fertility,3,67,0.75,0.06271982192993164,22186.0,0.222222238779068,113,1
SLIM+SIG1,728315b5-039c-11f0-95c3-089df4bf3532,fertility,3,68,0.75,0.062215328216552734,22283.0,0.222222238779068,113,1
SLIM+SIG1,728315b5-039c-11f0-95c3-089df4bf3532,fertility,3,69,0.75,0.05948233604431152,22305.0,0.222222238779068,113,1
SLIM+SIG1,728315b5-039c-11f0-95c3-089df4bf3532,fertility,3,70,0.75,0.05957365036010742,22325.0,0.222222238779068,113,1
SLIM+SIG1,728315b5-039c-11f0-95c3-089df4bf3532,fertility,3,71,0.75,0.05936145782470703,22303.0,0.222222238779068,113,1
SLIM+SIG1,728315b5-039c-11f0-95c3-089df4bf3532,fertility,3,72,0.75,0.06272363662719727,22248.0,0.222222238779068,113,1
SLIM+SIG1,728315b5-039c-11f0-95c3-089df4bf3532,fertility,3,73,0.75,0.05910897254943848,22215.0,0.222222238779068,113,1
SLIM+SIG1,728315b5-039c-11f0-95c3-089df4bf3532,fertility,3,74,0.75,0.06361532211303711,22316.0,0.222222238779068,113,1
SLIM+SIG1,728315b5-039c-11f0-95c3-089df4bf3532,fertility,3,75,0.75,0.06785249710083008,22248.0,0.222222238779068,113,1
SLIM+SIG1,728315b5-039c-11f0-95c3-089df4bf3532,fertility,3,76,0.75,0.06588315963745117,22248.0,0.222222238779068,113,1
SLIM+SIG1,728315b5-039c-11f0-95c3-089df4bf3532,fertility,3,77,0.75,0.06570982933044434,22307.0,0.222222238779068,113,1
SLIM+SIG1,728315b5-039c-11f0-95c3-089df4bf3532,fertility,3,78,0.75,0.06383180618286133,22248.0,0.222222238779068,113,1
SLIM+SIG1,728315b5-039c-11f0-95c3-089df4bf3532,fertility,3,79,0.75,0.0619966983795166,22270.0,0.222222238779068,113,1
SLIM+SIG1,728315b5-039c-11f0-95c3-089df4bf3532,fertility,3,80,0.75,0.05962228775024414,22173.0,0.222222238779068,113,1
SLIM+SIG1,728315b5-039c-11f0-95c3-089df4bf3532,fertility,3,81,0.75,0.058733463287353516,22204.0,0.222222238779068,113,1
SLIM+SIG1,728315b5-039c-11f0-95c3-089df4bf3532,fertility,3,82,0.75,0.06113576889038086,22283.0,0.222222238779068,113,1
SLIM+SIG1,728315b5-039c-11f0-95c3-089df4bf3532,fertility,3,83,0.75,0.057018280029296875,22215.0,0.222222238779068,113,1
SLIM+SIG1,728315b5-039c-11f0-95c3-089df4bf3532,fertility,3,84,0.75,0.062239885330200195,22270.0,0.222222238779068,113,1
SLIM+SIG1,728315b5-039c-11f0-95c3-089df4bf3532,fertility,3,85,0.75,0.06089949607849121,22204.0,0.222222238779068,113,1
SLIM+SIG1,728315b5-039c-11f0-95c3-089df4bf3532,fertility,3,86,0.75,0.060828447341918945,22160.0,0.222222238779068,113,1
SLIM+SIG1,728315b5-039c-11f0-95c3-089df4bf3532,fertility,3,87,0.75,0.06005215644836426,22206.0,0.222222238779068,113,1
SLIM+SIG1,728315b5-039c-11f0-95c3-089df4bf3532,fertility,3,88,0.75,0.05483722686767578,22149.0,0.222222238779068,113,1
SLIM+SIG1,728315b5-039c-11f0-95c3-089df4bf3532,fertility,3,89,0.75,0.06211233139038086,22193.0,0.222222238779068,113,1
SLIM+SIG1,728315b5-039c-11f0-95c3-089df4bf3532,fertility,3,90,0.75,0.0652155876159668,22182.0,0.222222238779068,113,1
SLIM+SIG1,728315b5-039c-11f0-95c3-089df4bf3532,fertility,3,91,0.75,0.06182575225830078,22160.0,0.222222238779068,113,1
SLIM+SIG1,728315b5-039c-11f0-95c3-089df4bf3532,fertility,3,92,0.75,0.06145644187927246,22028.0,0.222222238779068,113,1
SLIM+SIG1,728315b5-039c-11f0-95c3-089df4bf3532,fertility,3,93,0.75,0.060712575912475586,22140.0,0.222222238779068,113,1
SLIM+SIG1,728315b5-039c-11f0-95c3-089df4bf3532,fertility,3,94,0.75,0.06749796867370605,22151.0,0.222222238779068,113,1
SLIM+SIG1,728315b5-039c-11f0-95c3-089df4bf3532,fertility,3,95,0.75,0.06399893760681152,22182.0,0.222222238779068,113,1
SLIM+SIG1,728315b5-039c-11f0-95c3-089df4bf3532,fertility,3,96,0.75,0.061347007751464844,22072.0,0.222222238779068,113,1
SLIM+SIG1,728315b5-039c-11f0-95c3-089df4bf3532,fertility,3,97,0.75,0.06365227699279785,22039.0,0.222222238779068,113,1
SLIM+SIG1,728315b5-039c-11f0-95c3-089df4bf3532,fertility,3,98,0.75,0.0653378963470459,22164.0,0.222222238779068,113,1
SLIM+SIG1,728315b5-039c-11f0-95c3-089df4bf3532,fertility,3,99,0.75,0.060513973236083984,22142.0,0.222222238779068,113,1
SLIM+SIG1,728315b5-039c-11f0-95c3-089df4bf3532,fertility,3,100,0.75,0.06366205215454102,22316.0,0.222222238779068,113,1
SLIM+SIG1,728315b5-039c-11f0-95c3-089df4bf3532,fertility,3,101,0.75,0.058104515075683594,22204.0,0.222222238779068,113,1
SLIM+SIG1,728315b5-039c-11f0-95c3-089df4bf3532,fertility,3,102,0.75,0.06377553939819336,22063.0,0.222222238779068,113,1
SLIM+SIG1,728315b5-039c-11f0-95c3-089df4bf3532,fertility,3,103,0.75,0.06403398513793945,22138.0,0.222222238779068,113,1
SLIM+SIG1,728315b5-039c-11f0-95c3-089df4bf3532,fertility,3,104,0.75,0.06173872947692871,22116.0,0.222222238779068,113,1
SLIM+SIG1,728315b5-039c-11f0-95c3-089df4bf3532,fertility,3,105,0.75,0.06461334228515625,22056.0,0.222222238779068,113,1
SLIM+SIG1,728315b5-039c-11f0-95c3-089df4bf3532,fertility,3,106,0.75,0.062009572982788086,21968.0,0.222222238779068,113,1
SLIM+SIG1,728315b5-039c-11f0-95c3-089df4bf3532,fertility,3,107,0.75,0.0675039291381836,22201.0,0.222222238779068,113,1
SLIM+SIG1,728315b5-039c-11f0-95c3-089df4bf3532,fertility,3,108,0.75,0.06846046447753906,22140.0,0.222222238779068,113,1
SLIM+SIG1,728315b5-039c-11f0-95c3-089df4bf3532,fertility,3,109,0.75,0.0724022388458252,22171.0,0.222222238779068,113,1
SLIM+SIG1,728315b5-039c-11f0-95c3-089df4bf3532,fertility,3,110,0.75,0.06917810440063477,22017.0,0.222222238779068,113,1
SLIM+SIG1,728315b5-039c-11f0-95c3-089df4bf3532,fertility,3,111,0.75,0.06352901458740234,22061.0,0.222222238779068,113,1
SLIM+SIG1,728315b5-039c-11f0-95c3-089df4bf3532,fertility,3,112,0.75,0.06803226470947266,22028.0,0.222222238779068,113,1
SLIM+SIG1,728315b5-039c-11f0-95c3-089df4bf3532,fertility,3,113,0.75,0.06825828552246094,22006.0,0.222222238779068,113,1
SLIM+SIG1,728315b5-039c-11f0-95c3-089df4bf3532,fertility,3,114,0.75,0.06469869613647461,22061.0,0.222222238779068,113,1
SLIM+SIG1,728315b5-039c-11f0-95c3-089df4bf3532,fertility,3,115,0.75,0.06583666801452637,22089.0,0.222222238779068,113,1
SLIM+SIG1,728315b5-039c-11f0-95c3-089df4bf3532,fertility,3,116,0.75,0.061995506286621094,22028.0,0.222222238779068,113,1
SLIM+SIG1,728315b5-039c-11f0-95c3-089df4bf3532,fertility,3,117,0.75,0.06362175941467285,22160.0,0.222222238779068,113,1
SLIM+SIG1,728315b5-039c-11f0-95c3-089df4bf3532,fertility,3,118,0.75,0.0653078556060791,21922.0,0.222222238779068,113,1
SLIM+SIG1,728315b5-039c-11f0-95c3-089df4bf3532,fertility,3,119,0.75,0.06787991523742676,22096.0,0.222222238779068,113,1
SLIM+SIG1,728315b5-039c-11f0-95c3-089df4bf3532,fertility,3,120,0.75,0.06817817687988281,22030.0,0.222222238779068,113,1
SLIM+SIG1,728315b5-039c-11f0-95c3-089df4bf3532,fertility,3,121,0.75,0.06210756301879883,21950.0,0.222222238779068,113,1
SLIM+SIG1,728315b5-039c-11f0-95c3-089df4bf3532,fertility,3,122,0.75,0.06399869918823242,22006.0,0.222222238779068,113,1
SLIM+SIG1,728315b5-039c-11f0-95c3-089df4bf3532,fertility,3,123,0.75,0.06759333610534668,22151.0,0.222222238779068,113,1
SLIM+SIG1,728315b5-039c-11f0-95c3-089df4bf3532,fertility,3,124,0.75,0.06872797012329102,21997.0,0.222222238779068,113,1
SLIM+SIG1,728315b5-039c-11f0-95c3-089df4bf3532,fertility,3,125,0.75,0.07614254951477051,21909.0,0.222222238779068,113,1
SLIM+SIG1,728315b5-039c-11f0-95c3-089df4bf3532,fertility,3,126,0.75,0.06873750686645508,21955.0,0.222222238779068,113,1
SLIM+SIG1,728315b5-039c-11f0-95c3-089df4bf3532,fertility,3,127,0.75,0.06340432167053223,21986.0,0.222222238779068,113,1
SLIM+SIG1,728315b5-039c-11f0-95c3-089df4bf3532,fertility,3,128,0.75,0.07389640808105469,21922.0,0.222222238779068,113,1
SLIM+SIG1,728315b5-039c-11f0-95c3-089df4bf3532,fertility,3,129,0.75,0.06551218032836914,21832.0,0.222222238779068,113,1
SLIM+SIG1,728315b5-039c-11f0-95c3-089df4bf3532,fertility,3,130,0.75,0.06683969497680664,21819.0,0.222222238779068,113,1
SLIM+SIG1,728315b5-039c-11f0-95c3-089df4bf3532,fertility,3,131,0.75,0.06712174415588379,22008.0,0.222222238779068,113,1
SLIM+SIG1,728315b5-039c-11f0-95c3-089df4bf3532,fertility,3,132,0.75,0.0670633316040039,21788.0,0.222222238779068,113,1
SLIM+SIG1,728315b5-039c-11f0-95c3-089df4bf3532,fertility,3,133,0.75,0.06863141059875488,21843.0,0.222222238779068,113,1
SLIM+SIG1,728315b5-039c-11f0-95c3-089df4bf3532,fertility,3,134,0.75,0.06891655921936035,22019.0,0.222222238779068,113,1
SLIM+SIG1,728315b5-039c-11f0-95c3-089df4bf3532,fertility,3,135,0.75,0.06006026268005371,21876.0,0.222222238779068,113,1
SLIM+SIG1,728315b5-039c-11f0-95c3-089df4bf3532,fertility,3,136,0.75,0.06632137298583984,21843.0,0.222222238779068,113,1
SLIM+SIG1,728315b5-039c-11f0-95c3-089df4bf3532,fertility,3,137,0.75,0.06100344657897949,21858.0,0.222222238779068,113,1
SLIM+SIG1,728315b5-039c-11f0-95c3-089df4bf3532,fertility,3,138,0.75,0.0605158805847168,21918.0,0.222222238779068,113,1
SLIM+SIG1,728315b5-039c-11f0-95c3-089df4bf3532,fertility,3,139,0.75,0.06561994552612305,21863.0,0.222222238779068,113,1
SLIM+SIG1,728315b5-039c-11f0-95c3-089df4bf3532,fertility,3,140,0.75,0.07362174987792969,21896.0,0.222222238779068,113,1
SLIM+SIG1,728315b5-039c-11f0-95c3-089df4bf3532,fertility,3,141,0.75,0.07021570205688477,21744.0,0.222222238779068,113,1
SLIM+SIG1,728315b5-039c-11f0-95c3-089df4bf3532,fertility,3,142,0.75,0.07153105735778809,21744.0,0.222222238779068,113,1
SLIM+SIG1,728315b5-039c-11f0-95c3-089df4bf3532,fertility,3,143,0.75,0.07151269912719727,21885.0,0.222222238779068,113,1
SLIM+SIG1,728315b5-039c-11f0-95c3-089df4bf3532,fertility,3,144,0.75,0.06499791145324707,21962.0,0.222222238779068,113,1
SLIM+SIG1,728315b5-039c-11f0-95c3-089df4bf3532,fertility,3,145,0.75,0.0646212100982666,21876.0,0.222222238779068,113,1
SLIM+SIG1,728315b5-039c-11f0-95c3-089df4bf3532,fertility,3,146,0.75,0.0646505355834961,21781.0,0.222222238779068,113,1
SLIM+SIG1,728315b5-039c-11f0-95c3-089df4bf3532,fertility,3,147,0.75,0.06611895561218262,21766.0,0.222222238779068,113,1
SLIM+SIG1,728315b5-039c-11f0-95c3-089df4bf3532,fertility,3,148,0.75,0.0647280216217041,21880.0,0.222222238779068,113,1
SLIM+SIG1,728315b5-039c-11f0-95c3-089df4bf3532,fertility,3,149,0.75,0.06611037254333496,21691.0,0.222222238779068,113,1
SLIM+SIG1,728315b5-039c-11f0-95c3-089df4bf3532,fertility,3,150,0.75,0.06602215766906738,21821.0,0.222222238779068,113,1
SLIM+SIG1,728315b5-039c-11f0-95c3-089df4bf3532,fertility,3,151,0.75,0.06572628021240234,21544.0,0.222222238779068,113,1
SLIM+SIG1,728315b5-039c-11f0-95c3-089df4bf3532,fertility,3,152,0.75,0.06751561164855957,21865.0,0.222222238779068,113,1
SLIM+SIG1,728315b5-039c-11f0-95c3-089df4bf3532,fertility,3,153,0.75,0.06800055503845215,21735.0,0.222222238779068,113,1
SLIM+SIG1,728315b5-039c-11f0-95c3-089df4bf3532,fertility,3,154,0.75,0.06752324104309082,21609.0,0.222222238779068,113,1
SLIM+SIG1,728315b5-039c-11f0-95c3-089df4bf3532,fertility,3,155,0.75,0.06626176834106445,21624.0,0.222222238779068,113,1
SLIM+SIG1,728315b5-039c-11f0-95c3-089df4bf3532,fertility,3,156,0.75,0.06330752372741699,21547.0,0.222222238779068,113,1
SLIM+SIG1,728315b5-039c-11f0-95c3-089df4bf3532,fertility,3,157,0.75,0.06615185737609863,21578.0,0.222222238779068,113,1
SLIM+SIG1,728315b5-039c-11f0-95c3-089df4bf3532,fertility,3,158,0.75,0.07206964492797852,21617.0,0.222222238779068,113,1
SLIM+SIG1,728315b5-039c-11f0-95c3-089df4bf3532,fertility,3,159,0.75,0.06660151481628418,21681.0,0.222222238779068,113,1
SLIM+SIG1,728315b5-039c-11f0-95c3-089df4bf3532,fertility,3,160,0.75,0.06575798988342285,21635.0,0.222222238779068,113,1
SLIM+SIG1,728315b5-039c-11f0-95c3-089df4bf3532,fertility,3,161,0.75,0.0638282299041748,21600.0,0.222222238779068,113,1
SLIM+SIG1,728315b5-039c-11f0-95c3-089df4bf3532,fertility,3,162,0.75,0.07210636138916016,21499.0,0.222222238779068,113,1
SLIM+SIG1,728315b5-039c-11f0-95c3-089df4bf3532,fertility,3,163,0.75,0.06876993179321289,21814.0,0.222222238779068,113,1
SLIM+SIG1,728315b5-039c-11f0-95c3-089df4bf3532,fertility,3,164,0.75,0.06082582473754883,21588.0,0.222222238779068,113,1
SLIM+SIG1,728315b5-039c-11f0-95c3-089df4bf3532,fertility,3,165,0.75,0.06509876251220703,21676.0,0.222222238779068,113,1
SLIM+SIG1,728315b5-039c-11f0-95c3-089df4bf3532,fertility,3,166,0.75,0.06782221794128418,21735.0,0.222222238779068,113,1
SLIM+SIG1,728315b5-039c-11f0-95c3-089df4bf3532,fertility,3,167,0.75,0.06987357139587402,21724.0,0.222222238779068,113,1
SLIM+SIG1,728315b5-039c-11f0-95c3-089df4bf3532,fertility,3,168,0.75,0.06598663330078125,21737.0,0.222222238779068,113,1
SLIM+SIG1,728315b5-039c-11f0-95c3-089df4bf3532,fertility,3,169,0.75,0.06789493560791016,21660.0,0.222222238779068,113,1
SLIM+SIG1,728315b5-039c-11f0-95c3-089df4bf3532,fertility,3,170,0.75,0.06411552429199219,21669.0,0.222222238779068,113,1
SLIM+SIG1,728315b5-039c-11f0-95c3-089df4bf3532,fertility,3,171,0.75,0.06487631797790527,21785.0,0.222222238779068,113,1
SLIM+SIG1,728315b5-039c-11f0-95c3-089df4bf3532,fertility,3,172,0.75,0.0697638988494873,21552.0,0.222222238779068,113,1
SLIM+SIG1,728315b5-039c-11f0-95c3-089df4bf3532,fertility,3,173,0.75,0.07106566429138184,21638.0,0.222222238779068,113,1
SLIM+SIG1,728315b5-039c-11f0-95c3-089df4bf3532,fertility,3,174,0.75,0.06983709335327148,21620.0,0.222222238779068,113,1
SLIM+SIG1,728315b5-039c-11f0-95c3-089df4bf3532,fertility,3,175,0.75,0.06714391708374023,21627.0,0.222222238779068,113,1
SLIM+SIG1,728315b5-039c-11f0-95c3-089df4bf3532,fertility,3,176,0.75,0.06461858749389648,21711.0,0.222222238779068,113,1
SLIM+SIG1,728315b5-039c-11f0-95c3-089df4bf3532,fertility,3,177,0.75,0.06682777404785156,21678.0,0.222222238779068,113,1
SLIM+SIG1,728315b5-039c-11f0-95c3-089df4bf3532,fertility,3,178,0.75,0.06639409065246582,21528.0,0.222222238779068,113,1
SLIM+SIG1,728315b5-039c-11f0-95c3-089df4bf3532,fertility,3,179,0.75,0.0668184757232666,21429.0,0.222222238779068,113,1
SLIM+SIG1,728315b5-039c-11f0-95c3-089df4bf3532,fertility,3,180,0.75,0.06763052940368652,21610.0,0.222222238779068,113,1
SLIM+SIG1,728315b5-039c-11f0-95c3-089df4bf3532,fertility,3,181,0.75,0.06720709800720215,21504.0,0.222222238779068,113,1
SLIM+SIG1,728315b5-039c-11f0-95c3-089df4bf3532,fertility,3,182,0.75,0.07050251960754395,21194.0,0.222222238779068,113,1
SLIM+SIG1,728315b5-039c-11f0-95c3-089df4bf3532,fertility,3,183,0.75,0.061469078063964844,21519.0,0.222222238779068,113,1
SLIM+SIG1,728315b5-039c-11f0-95c3-089df4bf3532,fertility,3,184,0.75,0.06905508041381836,21433.0,0.222222238779068,113,1
SLIM+SIG1,728315b5-039c-11f0-95c3-089df4bf3532,fertility,3,185,0.75,0.0710000991821289,21376.0,0.222222238779068,113,1
SLIM+SIG1,728315b5-039c-11f0-95c3-089df4bf3532,fertility,3,186,0.75,0.07064056396484375,21440.0,0.222222238779068,113,1
SLIM+SIG1,728315b5-039c-11f0-95c3-089df4bf3532,fertility,3,187,0.75,0.06904935836791992,21367.0,0.222222238779068,113,1
SLIM+SIG1,728315b5-039c-11f0-95c3-089df4bf3532,fertility,3,188,0.75,0.06399822235107422,21216.0,0.222222238779068,113,1
SLIM+SIG1,728315b5-039c-11f0-95c3-089df4bf3532,fertility,3,189,0.75,0.06444287300109863,21042.0,0.222222238779068,113,1
SLIM+SIG1,728315b5-039c-11f0-95c3-089df4bf3532,fertility,3,190,0.75,0.0654759407043457,21374.0,0.222222238779068,113,1
SLIM+SIG1,728315b5-039c-11f0-95c3-089df4bf3532,fertility,3,191,0.75,0.06697916984558105,21440.0,0.222222238779068,113,1
SLIM+SIG1,728315b5-039c-11f0-95c3-089df4bf3532,fertility,3,192,0.75,0.06962966918945312,21330.0,0.222222238779068,113,1
SLIM+SIG1,728315b5-039c-11f0-95c3-089df4bf3532,fertility,3,193,0.75,0.06891989707946777,21484.0,0.222222238779068,113,1
SLIM+SIG1,728315b5-039c-11f0-95c3-089df4bf3532,fertility,3,194,0.75,0.07107782363891602,21390.0,0.222222238779068,113,1
SLIM+SIG1,728315b5-039c-11f0-95c3-089df4bf3532,fertility,3,195,0.75,0.07275247573852539,21522.0,0.222222238779068,113,1
SLIM+SIG1,728315b5-039c-11f0-95c3-089df4bf3532,fertility,3,196,0.75,0.06409239768981934,21326.0,0.222222238779068,113,1
SLIM+SIG1,728315b5-039c-11f0-95c3-089df4bf3532,fertility,3,197,0.75,0.07088112831115723,21665.0,0.222222238779068,113,1
SLIM+SIG1,728315b5-039c-11f0-95c3-089df4bf3532,fertility,3,198,0.75,0.06750178337097168,21456.0,0.222222238779068,113,1
SLIM+SIG1,728315b5-039c-11f0-95c3-089df4bf3532,fertility,3,199,0.75,0.06662726402282715,21614.0,0.222222238779068,113,1
SLIM+SIG1,728315b5-039c-11f0-95c3-089df4bf3532,fertility,3,200,0.75,0.06910920143127441,21550.0,0.222222238779068,113,1
SLIM+SIG1,728315b5-039c-11f0-95c3-089df4bf3532,fertility,3,201,0.7692307829856873,0.07227921485900879,21442.0,0.222222238779068,113,1
SLIM+SIG1,728315b5-039c-11f0-95c3-089df4bf3532,fertility,3,202,0.7692307829856873,0.070953369140625,21379.0,0.222222238779068,113,1
SLIM+SIG1,728315b5-039c-11f0-95c3-089df4bf3532,fertility,3,203,0.7692307829856873,0.07843518257141113,21172.0,0.222222238779068,113,1
SLIM+SIG1,728315b5-039c-11f0-95c3-089df4bf3532,fertility,3,204,0.7692307829856873,0.07497429847717285,21372.0,0.222222238779068,113,1
SLIM+SIG1,728315b5-039c-11f0-95c3-089df4bf3532,fertility,3,205,0.7692307829856873,0.07359027862548828,21202.0,0.222222238779068,113,1
SLIM+SIG1,728315b5-039c-11f0-95c3-089df4bf3532,fertility,3,206,0.7692307829856873,0.07352685928344727,21029.0,0.222222238779068,113,1
SLIM+SIG1,728315b5-039c-11f0-95c3-089df4bf3532,fertility,3,207,0.7692307829856873,0.07352662086486816,21183.0,0.222222238779068,113,1
SLIM+SIG1,728315b5-039c-11f0-95c3-089df4bf3532,fertility,3,208,0.7692307829856873,0.14075064659118652,21335.0,0.222222238779068,113,1
SLIM+SIG1,728315b5-039c-11f0-95c3-089df4bf3532,fertility,3,209,0.7692307829856873,0.06954050064086914,21137.0,0.222222238779068,113,1
SLIM+SIG1,728315b5-039c-11f0-95c3-089df4bf3532,fertility,3,210,0.7692307829856873,0.06670641899108887,20961.0,0.222222238779068,113,1
SLIM+SIG1,728315b5-039c-11f0-95c3-089df4bf3532,fertility,3,211,0.7692307829856873,0.07300138473510742,21227.0,0.222222238779068,113,1
SLIM+SIG1,728315b5-039c-11f0-95c3-089df4bf3532,fertility,3,212,0.7692307829856873,0.07472872734069824,20932.0,0.222222238779068,113,1
SLIM+SIG1,728315b5-039c-11f0-95c3-089df4bf3532,fertility,3,213,0.7692307829856873,0.0737307071685791,21040.0,0.222222238779068,113,1
SLIM+SIG1,728315b5-039c-11f0-95c3-089df4bf3532,fertility,3,214,0.7692307829856873,0.07385826110839844,20998.0,0.222222238779068,113,1
SLIM+SIG1,728315b5-039c-11f0-95c3-089df4bf3532,fertility,3,215,0.7692307829856873,0.07111287117004395,20967.0,0.222222238779068,113,1
SLIM+SIG1,728315b5-039c-11f0-95c3-089df4bf3532,fertility,3,216,0.7692307829856873,0.07389616966247559,20925.0,0.222222238779068,113,1
SLIM+SIG1,728315b5-039c-11f0-95c3-089df4bf3532,fertility,3,217,0.7692307829856873,0.07277274131774902,21166.0,0.222222238779068,113,1
SLIM+SIG1,728315b5-039c-11f0-95c3-089df4bf3532,fertility,3,218,0.7692307829856873,0.07015347480773926,21113.0,0.222222238779068,113,1
SLIM+SIG1,728315b5-039c-11f0-95c3-089df4bf3532,fertility,3,219,0.7692307829856873,0.07293415069580078,21153.0,0.222222238779068,113,1
SLIM+SIG1,728315b5-039c-11f0-95c3-089df4bf3532,fertility,3,220,0.7692307829856873,0.07483911514282227,21057.0,0.222222238779068,113,1
SLIM+SIG1,728315b5-039c-11f0-95c3-089df4bf3532,fertility,3,221,0.7692307829856873,0.0746912956237793,21099.0,0.222222238779068,113,1
SLIM+SIG1,728315b5-039c-11f0-95c3-089df4bf3532,fertility,3,222,0.7692307829856873,0.07584118843078613,21207.0,0.222222238779068,113,1
SLIM+SIG1,728315b5-039c-11f0-95c3-089df4bf3532,fertility,3,223,0.7692307829856873,0.07489657402038574,21064.0,0.222222238779068,113,1
SLIM+SIG1,728315b5-039c-11f0-95c3-089df4bf3532,fertility,3,224,0.7692307829856873,0.07351112365722656,20982.0,0.222222238779068,113,1
SLIM+SIG1,728315b5-039c-11f0-95c3-089df4bf3532,fertility,3,225,0.7692307829856873,0.07255434989929199,21138.0,0.222222238779068,113,1
SLIM+SIG1,728315b5-039c-11f0-95c3-089df4bf3532,fertility,3,226,0.7999999523162842,0.06991815567016602,20828.0,0.222222238779068,113,1
SLIM+SIG1,728315b5-039c-11f0-95c3-089df4bf3532,fertility,3,227,0.7999999523162842,0.06899785995483398,21147.0,0.222222238779068,113,1
SLIM+SIG1,728315b5-039c-11f0-95c3-089df4bf3532,fertility,3,228,0.7999999523162842,0.0736079216003418,21081.0,0.222222238779068,113,1
SLIM+SIG1,728315b5-039c-11f0-95c3-089df4bf3532,fertility,3,229,0.7999999523162842,0.07071709632873535,20758.0,0.222222238779068,113,1
SLIM+SIG1,728315b5-039c-11f0-95c3-089df4bf3532,fertility,3,230,0.7999999523162842,0.08051538467407227,20800.0,0.222222238779068,113,1
SLIM+SIG1,728315b5-039c-11f0-95c3-089df4bf3532,fertility,3,231,0.7999999523162842,0.08278417587280273,20745.0,0.222222238779068,113,1
SLIM+SIG1,728315b5-039c-11f0-95c3-089df4bf3532,fertility,3,232,0.7999999523162842,0.0761573314666748,20495.0,0.222222238779068,113,1
SLIM+SIG1,728315b5-039c-11f0-95c3-089df4bf3532,fertility,3,233,0.7999999523162842,0.0718684196472168,20588.0,0.222222238779068,113,1
SLIM+SIG1,728315b5-039c-11f0-95c3-089df4bf3532,fertility,3,234,0.7999999523162842,0.07677817344665527,20279.0,0.222222238779068,113,1
SLIM+SIG1,728315b5-039c-11f0-95c3-089df4bf3532,fertility,3,235,0.7999999523162842,0.07904314994812012,20033.0,0.222222238779068,113,1
SLIM+SIG1,728315b5-039c-11f0-95c3-089df4bf3532,fertility,3,236,0.7999999523162842,0.07582235336303711,20325.0,0.222222238779068,113,1
SLIM+SIG1,728315b5-039c-11f0-95c3-089df4bf3532,fertility,3,237,0.7999999523162842,0.07250118255615234,20312.0,0.222222238779068,113,1
SLIM+SIG1,728315b5-039c-11f0-95c3-089df4bf3532,fertility,3,238,0.7999999523162842,0.06900525093078613,20684.0,0.222222238779068,113,1
SLIM+SIG1,728315b5-039c-11f0-95c3-089df4bf3532,fertility,3,239,0.7999999523162842,0.07319521903991699,20740.0,0.222222238779068,113,1
SLIM+SIG1,728315b5-039c-11f0-95c3-089df4bf3532,fertility,3,240,0.7999999523162842,0.07729911804199219,20915.0,0.222222238779068,113,1
SLIM+SIG1,728315b5-039c-11f0-95c3-089df4bf3532,fertility,3,241,0.7999999523162842,0.07272815704345703,20712.0,0.222222238779068,113,1
SLIM+SIG1,728315b5-039c-11f0-95c3-089df4bf3532,fertility,3,242,0.7999999523162842,0.07355523109436035,20638.0,0.222222238779068,113,1
SLIM+SIG1,728315b5-039c-11f0-95c3-089df4bf3532,fertility,3,243,0.7999999523162842,0.07323932647705078,20569.0,0.222222238779068,113,1
SLIM+SIG1,728315b5-039c-11f0-95c3-089df4bf3532,fertility,3,244,0.7999999523162842,0.07502174377441406,20426.0,0.222222238779068,113,1
SLIM+SIG1,728315b5-039c-11f0-95c3-089df4bf3532,fertility,3,245,0.7999999523162842,0.07372570037841797,20352.0,0.222222238779068,113,1
SLIM+SIG1,728315b5-039c-11f0-95c3-089df4bf3532,fertility,3,246,0.7999999523162842,0.07772397994995117,20551.0,0.222222238779068,113,1
SLIM+SIG1,728315b5-039c-11f0-95c3-089df4bf3532,fertility,3,247,0.7999999523162842,0.07121539115905762,20127.0,0.222222238779068,113,1
SLIM+SIG1,728315b5-039c-11f0-95c3-089df4bf3532,fertility,3,248,0.7999999523162842,0.06782174110412598,20563.0,0.222222238779068,113,1
SLIM+SIG1,728315b5-039c-11f0-95c3-089df4bf3532,fertility,3,249,0.7999999523162842,0.07512426376342773,20798.0,0.222222238779068,113,1
SLIM+SIG1,728315b5-039c-11f0-95c3-089df4bf3532,fertility,3,250,0.7999999523162842,0.07071924209594727,20611.0,0.222222238779068,113,1
SLIM+SIG1,728315b5-039c-11f0-95c3-089df4bf3532,fertility,3,251,0.7999999523162842,0.07029604911804199,20298.0,0.222222238779068,113,1
SLIM+SIG1,728315b5-039c-11f0-95c3-089df4bf3532,fertility,3,252,0.7999999523162842,0.07484149932861328,20343.0,0.222222238779068,113,1
SLIM+SIG1,728315b5-039c-11f0-95c3-089df4bf3532,fertility,3,253,0.7999999523162842,0.07314610481262207,20135.0,0.222222238779068,113,1
SLIM+SIG1,728315b5-039c-11f0-95c3-089df4bf3532,fertility,3,254,0.7999999523162842,0.07073736190795898,20531.0,0.222222238779068,113,1
SLIM+SIG1,728315b5-039c-11f0-95c3-089df4bf3532,fertility,3,255,0.7999999523162842,0.07399845123291016,20545.0,0.222222238779068,113,1
SLIM+SIG1,728315b5-039c-11f0-95c3-089df4bf3532,fertility,3,256,0.7999999523162842,0.07457971572875977,20110.0,0.222222238779068,113,1
SLIM+SIG1,728315b5-039c-11f0-95c3-089df4bf3532,fertility,3,257,0.7999999523162842,0.07648348808288574,20234.0,0.222222238779068,113,1
SLIM+SIG1,728315b5-039c-11f0-95c3-089df4bf3532,fertility,3,258,0.7999999523162842,0.07301163673400879,20203.0,0.222222238779068,113,1
SLIM+SIG1,728315b5-039c-11f0-95c3-089df4bf3532,fertility,3,259,0.7999999523162842,0.07597899436950684,20470.0,0.222222238779068,113,1
SLIM+SIG1,728315b5-039c-11f0-95c3-089df4bf3532,fertility,3,260,0.7999999523162842,0.083038330078125,20146.0,0.222222238779068,113,1
SLIM+SIG1,728315b5-039c-11f0-95c3-089df4bf3532,fertility,3,261,0.7999999523162842,0.07467150688171387,19730.0,0.222222238779068,113,1
SLIM+SIG1,728315b5-039c-11f0-95c3-089df4bf3532,fertility,3,262,0.7999999523162842,0.08068728446960449,19776.0,0.222222238779068,113,1
SLIM+SIG1,728315b5-039c-11f0-95c3-089df4bf3532,fertility,3,263,0.7999999523162842,0.07550835609436035,19670.0,0.222222238779068,113,1
SLIM+SIG1,728315b5-039c-11f0-95c3-089df4bf3532,fertility,3,264,0.7999999523162842,0.07410430908203125,19729.0,0.222222238779068,113,1
SLIM+SIG1,728315b5-039c-11f0-95c3-089df4bf3532,fertility,3,265,0.7999999523162842,0.07662725448608398,19725.0,0.222222238779068,113,1
SLIM+SIG1,728315b5-039c-11f0-95c3-089df4bf3532,fertility,3,266,0.7999999523162842,0.07340097427368164,19523.0,0.222222238779068,113,1
SLIM+SIG1,728315b5-039c-11f0-95c3-089df4bf3532,fertility,3,267,0.7999999523162842,0.07236218452453613,19381.0,0.222222238779068,113,1
SLIM+SIG1,728315b5-039c-11f0-95c3-089df4bf3532,fertility,3,268,0.7999999523162842,0.06999516487121582,18989.0,0.222222238779068,113,1
SLIM+SIG1,728315b5-039c-11f0-95c3-089df4bf3532,fertility,3,269,0.7999999523162842,0.07172226905822754,19295.0,0.222222238779068,113,1
SLIM+SIG1,728315b5-039c-11f0-95c3-089df4bf3532,fertility,3,270,0.7999999523162842,0.07571840286254883,19647.0,0.222222238779068,113,1
SLIM+SIG1,728315b5-039c-11f0-95c3-089df4bf3532,fertility,3,271,0.7999999523162842,0.07350444793701172,19026.0,0.222222238779068,113,1
SLIM+SIG1,728315b5-039c-11f0-95c3-089df4bf3532,fertility,3,272,0.7999999523162842,0.07261967658996582,19871.0,0.222222238779068,113,1
SLIM+SIG1,728315b5-039c-11f0-95c3-089df4bf3532,fertility,3,273,0.7999999523162842,0.06982922554016113,19700.0,0.222222238779068,113,1
SLIM+SIG1,728315b5-039c-11f0-95c3-089df4bf3532,fertility,3,274,0.7999999523162842,0.07055401802062988,19714.0,0.222222238779068,113,1
SLIM+SIG1,728315b5-039c-11f0-95c3-089df4bf3532,fertility,3,275,0.7999999523162842,0.07948803901672363,19862.0,0.222222238779068,113,1
SLIM+SIG1,728315b5-039c-11f0-95c3-089df4bf3532,fertility,3,276,0.7999999523162842,0.07561469078063965,19315.0,0.222222238779068,113,1
SLIM+SIG1,728315b5-039c-11f0-95c3-089df4bf3532,fertility,3,277,0.7999999523162842,0.07142925262451172,18787.0,0.222222238779068,113,1
SLIM+SIG1,728315b5-039c-11f0-95c3-089df4bf3532,fertility,3,278,0.7999999523162842,0.07898807525634766,18613.0,0.222222238779068,113,1
SLIM+SIG1,728315b5-039c-11f0-95c3-089df4bf3532,fertility,3,279,0.7999999523162842,0.08009648323059082,18900.0,0.222222238779068,113,1
SLIM+SIG1,728315b5-039c-11f0-95c3-089df4bf3532,fertility,3,280,0.7999999523162842,0.07387447357177734,19076.0,0.222222238779068,113,1
SLIM+SIG1,728315b5-039c-11f0-95c3-089df4bf3532,fertility,3,281,0.7999999523162842,0.07272911071777344,19598.0,0.222222238779068,113,1
SLIM+SIG1,728315b5-039c-11f0-95c3-089df4bf3532,fertility,3,282,0.7999999523162842,0.06872272491455078,19692.0,0.222222238779068,113,1
SLIM+SIG1,728315b5-039c-11f0-95c3-089df4bf3532,fertility,3,283,0.7999999523162842,0.14256978034973145,19570.0,0.222222238779068,113,1
SLIM+SIG1,728315b5-039c-11f0-95c3-089df4bf3532,fertility,3,284,0.7999999523162842,0.07130265235900879,19537.0,0.222222238779068,113,1
SLIM+SIG1,728315b5-039c-11f0-95c3-089df4bf3532,fertility,3,285,0.7999999523162842,0.07171773910522461,19378.0,0.222222238779068,113,1
SLIM+SIG1,728315b5-039c-11f0-95c3-089df4bf3532,fertility,3,286,0.7999999523162842,0.0800020694732666,19267.0,0.222222238779068,113,1
SLIM+SIG1,728315b5-039c-11f0-95c3-089df4bf3532,fertility,3,287,0.7999999523162842,0.07762336730957031,19437.0,0.222222238779068,113,1
SLIM+SIG1,728315b5-039c-11f0-95c3-089df4bf3532,fertility,3,288,0.7999999523162842,0.07406449317932129,19285.0,0.222222238779068,113,1
SLIM+SIG1,728315b5-039c-11f0-95c3-089df4bf3532,fertility,3,289,0.7999999523162842,0.07466506958007812,19192.0,0.222222238779068,113,1
SLIM+SIG1,728315b5-039c-11f0-95c3-089df4bf3532,fertility,3,290,0.7999999523162842,0.07468390464782715,18859.0,0.222222238779068,113,1
SLIM+SIG1,728315b5-039c-11f0-95c3-089df4bf3532,fertility,3,291,0.7999999523162842,0.07501602172851562,18685.0,0.222222238779068,113,1
SLIM+SIG1,728315b5-039c-11f0-95c3-089df4bf3532,fertility,3,292,0.7999999523162842,0.07739448547363281,18805.0,0.222222238779068,113,1
SLIM+SIG1,728315b5-039c-11f0-95c3-089df4bf3532,fertility,3,293,0.7999999523162842,0.07457661628723145,18544.0,0.222222238779068,113,1
SLIM+SIG1,728315b5-039c-11f0-95c3-089df4bf3532,fertility,3,294,0.7999999523162842,0.07511401176452637,18625.0,0.222222238779068,113,1
SLIM+SIG1,728315b5-039c-11f0-95c3-089df4bf3532,fertility,3,295,0.7999999523162842,0.07293891906738281,18551.0,0.222222238779068,113,1
SLIM+SIG1,728315b5-039c-11f0-95c3-089df4bf3532,fertility,3,296,0.7999999523162842,0.07855701446533203,18495.0,0.222222238779068,113,1
SLIM+SIG1,728315b5-039c-11f0-95c3-089df4bf3532,fertility,3,297,0.7999999523162842,0.0784909725189209,18443.0,0.222222238779068,113,1
SLIM+SIG1,728315b5-039c-11f0-95c3-089df4bf3532,fertility,3,298,0.7999999523162842,0.07353711128234863,18592.0,0.222222238779068,113,1
SLIM+SIG1,728315b5-039c-11f0-95c3-089df4bf3532,fertility,3,299,0.7999999523162842,0.0744786262512207,18732.0,0.222222238779068,113,1
SLIM+SIG1,728315b5-039c-11f0-95c3-089df4bf3532,fertility,3,300,0.7999999523162842,0.07393026351928711,18551.0,0.222222238779068,113,1
SLIM+SIG1,728315b5-039c-11f0-95c3-089df4bf3532,fertility,3,301,0.7999999523162842,0.07287859916687012,19261.0,0.222222238779068,113,1
SLIM+SIG1,728315b5-039c-11f0-95c3-089df4bf3532,fertility,3,302,0.7999999523162842,0.07851505279541016,19489.0,0.222222238779068,113,1
SLIM+SIG1,728315b5-039c-11f0-95c3-089df4bf3532,fertility,3,303,0.7999999523162842,0.07599377632141113,19344.0,0.222222238779068,113,1
SLIM+SIG1,728315b5-039c-11f0-95c3-089df4bf3532,fertility,3,304,0.7999999523162842,0.07552647590637207,19204.0,0.222222238779068,113,1
SLIM+SIG1,728315b5-039c-11f0-95c3-089df4bf3532,fertility,3,305,0.7999999523162842,0.07380986213684082,19187.0,0.222222238779068,113,1
SLIM+SIG1,728315b5-039c-11f0-95c3-089df4bf3532,fertility,3,306,0.7999999523162842,0.07795023918151855,18899.0,0.222222238779068,113,1
SLIM+SIG1,728315b5-039c-11f0-95c3-089df4bf3532,fertility,3,307,0.7999999523162842,0.07379865646362305,18346.0,0.222222238779068,113,1
SLIM+SIG1,728315b5-039c-11f0-95c3-089df4bf3532,fertility,3,308,0.7999999523162842,0.07399702072143555,18113.0,0.222222238779068,113,1
SLIM+SIG1,728315b5-039c-11f0-95c3-089df4bf3532,fertility,3,309,0.7999999523162842,0.07273459434509277,17972.0,0.222222238779068,113,1
SLIM+SIG1,728315b5-039c-11f0-95c3-089df4bf3532,fertility,3,310,0.7999999523162842,0.07351565361022949,17792.0,0.222222238779068,113,1
SLIM+SIG1,728315b5-039c-11f0-95c3-089df4bf3532,fertility,3,311,0.7999999523162842,0.07477402687072754,18049.0,0.222222238779068,113,1
SLIM+SIG1,728315b5-039c-11f0-95c3-089df4bf3532,fertility,3,312,0.7999999523162842,0.06811237335205078,17737.0,0.222222238779068,113,1
SLIM+SIG1,728315b5-039c-11f0-95c3-089df4bf3532,fertility,3,313,0.7999999523162842,0.07471895217895508,18626.0,0.222222238779068,113,1
SLIM+SIG1,728315b5-039c-11f0-95c3-089df4bf3532,fertility,3,314,0.7999999523162842,0.08030986785888672,18703.0,0.222222238779068,113,1
SLIM+SIG1,728315b5-039c-11f0-95c3-089df4bf3532,fertility,3,315,0.7999999523162842,0.0867311954498291,18229.0,0.222222238779068,113,1
SLIM+SIG1,728315b5-039c-11f0-95c3-089df4bf3532,fertility,3,316,0.7999999523162842,0.07665252685546875,17946.0,0.222222238779068,113,1
SLIM+SIG1,728315b5-039c-11f0-95c3-089df4bf3532,fertility,3,317,0.7999999523162842,0.07309150695800781,17369.0,0.222222238779068,113,1
SLIM+SIG1,728315b5-039c-11f0-95c3-089df4bf3532,fertility,3,318,0.7999999523162842,0.07084059715270996,16954.0,0.222222238779068,113,1
SLIM+SIG1,728315b5-039c-11f0-95c3-089df4bf3532,fertility,3,319,0.7999999523162842,0.09142065048217773,17574.0,0.222222238779068,113,1
SLIM+SIG1,728315b5-039c-11f0-95c3-089df4bf3532,fertility,3,320,0.7999999523162842,0.09551882743835449,17654.0,0.222222238779068,113,1
SLIM+SIG1,728315b5-039c-11f0-95c3-089df4bf3532,fertility,3,321,0.7999999523162842,0.09752035140991211,17426.0,0.222222238779068,113,1
SLIM+SIG1,728315b5-039c-11f0-95c3-089df4bf3532,fertility,3,322,0.7999999523162842,0.08482789993286133,16707.0,0.222222238779068,113,1
SLIM+SIG1,728315b5-039c-11f0-95c3-089df4bf3532,fertility,3,323,0.7999999523162842,0.07905006408691406,17027.0,0.222222238779068,113,1
SLIM+SIG1,728315b5-039c-11f0-95c3-089df4bf3532,fertility,3,324,0.7999999523162842,0.07566142082214355,16684.0,0.222222238779068,113,1
SLIM+SIG1,728315b5-039c-11f0-95c3-089df4bf3532,fertility,3,325,0.7999999523162842,0.07561731338500977,17094.0,0.222222238779068,113,1
SLIM+SIG1,728315b5-039c-11f0-95c3-089df4bf3532,fertility,3,326,0.7999999523162842,0.07314300537109375,17815.0,0.222222238779068,113,1
SLIM+SIG1,728315b5-039c-11f0-95c3-089df4bf3532,fertility,3,327,0.7999999523162842,0.0741574764251709,17961.0,0.222222238779068,113,1
SLIM+SIG1,728315b5-039c-11f0-95c3-089df4bf3532,fertility,3,328,0.7999999523162842,0.07897710800170898,17753.0,0.222222238779068,113,1
SLIM+SIG1,728315b5-039c-11f0-95c3-089df4bf3532,fertility,3,329,0.7999999523162842,0.07089686393737793,16937.0,0.222222238779068,113,1
SLIM+SIG1,728315b5-039c-11f0-95c3-089df4bf3532,fertility,3,330,0.7999999523162842,0.07600164413452148,17034.0,0.222222238779068,113,1
SLIM+SIG1,728315b5-039c-11f0-95c3-089df4bf3532,fertility,3,331,0.7999999523162842,0.07110810279846191,16746.0,0.222222238779068,113,1
SLIM+SIG1,728315b5-039c-11f0-95c3-089df4bf3532,fertility,3,332,0.7999999523162842,0.07814240455627441,17093.0,0.222222238779068,113,1
SLIM+SIG1,728315b5-039c-11f0-95c3-089df4bf3532,fertility,3,333,0.7999999523162842,0.0748293399810791,17492.0,0.222222238779068,113,1
SLIM+SIG1,728315b5-039c-11f0-95c3-089df4bf3532,fertility,3,334,0.7999999523162842,0.07494139671325684,17273.0,0.222222238779068,113,1
SLIM+SIG1,728315b5-039c-11f0-95c3-089df4bf3532,fertility,3,335,0.7999999523162842,0.07481718063354492,17296.0,0.222222238779068,113,1
SLIM+SIG1,728315b5-039c-11f0-95c3-089df4bf3532,fertility,3,336,0.7999999523162842,0.07548713684082031,16701.0,0.222222238779068,113,1
SLIM+SIG1,728315b5-039c-11f0-95c3-089df4bf3532,fertility,3,337,0.7999999523162842,0.07572579383850098,16657.0,0.222222238779068,113,1
SLIM+SIG1,728315b5-039c-11f0-95c3-089df4bf3532,fertility,3,338,0.7999999523162842,0.07254147529602051,16904.0,0.222222238779068,113,1
SLIM+SIG1,728315b5-039c-11f0-95c3-089df4bf3532,fertility,3,339,0.7999999523162842,0.07597875595092773,16299.0,0.222222238779068,113,1
SLIM+SIG1,728315b5-039c-11f0-95c3-089df4bf3532,fertility,3,340,0.7999999523162842,0.07185506820678711,16639.0,0.222222238779068,113,1
SLIM+SIG1,728315b5-039c-11f0-95c3-089df4bf3532,fertility,3,341,0.7999999523162842,0.07798886299133301,16628.0,0.222222238779068,113,1
SLIM+SIG1,728315b5-039c-11f0-95c3-089df4bf3532,fertility,3,342,0.7999999523162842,0.16378331184387207,15472.0,0.222222238779068,113,1
SLIM+SIG1,728315b5-039c-11f0-95c3-089df4bf3532,fertility,3,343,0.7999999523162842,0.07892489433288574,15511.0,0.222222238779068,113,1
SLIM+SIG1,728315b5-039c-11f0-95c3-089df4bf3532,fertility,3,344,0.7999999523162842,0.0833737850189209,15339.0,0.222222238779068,113,1
SLIM+SIG1,728315b5-039c-11f0-95c3-089df4bf3532,fertility,3,345,0.7999999523162842,0.07607030868530273,15439.0,0.222222238779068,113,1
SLIM+SIG1,728315b5-039c-11f0-95c3-089df4bf3532,fertility,3,346,0.7999999523162842,0.07624506950378418,15115.0,0.222222238779068,113,1
SLIM+SIG1,728315b5-039c-11f0-95c3-089df4bf3532,fertility,3,347,0.7999999523162842,0.07198786735534668,14476.0,0.222222238779068,113,1
SLIM+SIG1,728315b5-039c-11f0-95c3-089df4bf3532,fertility,3,348,0.7999999523162842,0.07801938056945801,14144.0,0.222222238779068,113,1
SLIM+SIG1,728315b5-039c-11f0-95c3-089df4bf3532,fertility,3,349,0.7999999523162842,0.07672977447509766,14144.0,0.222222238779068,113,1
SLIM+SIG1,728315b5-039c-11f0-95c3-089df4bf3532,fertility,3,350,0.7999999523162842,0.07361483573913574,14157.0,0.222222238779068,113,1
SLIM+SIG1,728315b5-039c-11f0-95c3-089df4bf3532,fertility,3,351,0.7999999523162842,0.07473301887512207,13960.0,0.222222238779068,113,1
SLIM+SIG1,728315b5-039c-11f0-95c3-089df4bf3532,fertility,3,352,0.7999999523162842,0.0752573013305664,13420.0,0.222222238779068,113,1
SLIM+SIG1,728315b5-039c-11f0-95c3-089df4bf3532,fertility,3,353,0.7999999523162842,0.07300066947937012,12810.0,0.222222238779068,113,1
SLIM+SIG1,728315b5-039c-11f0-95c3-089df4bf3532,fertility,3,354,0.7999999523162842,0.07517290115356445,12494.0,0.222222238779068,113,1
SLIM+SIG1,728315b5-039c-11f0-95c3-089df4bf3532,fertility,3,355,0.7999999523162842,0.07465839385986328,12666.0,0.222222238779068,113,1
SLIM+SIG1,728315b5-039c-11f0-95c3-089df4bf3532,fertility,3,356,0.7999999523162842,0.07059311866760254,12923.0,0.222222238779068,113,1
SLIM+SIG1,728315b5-039c-11f0-95c3-089df4bf3532,fertility,3,357,0.7999999523162842,0.07381892204284668,13560.0,0.222222238779068,113,1
SLIM+SIG1,728315b5-039c-11f0-95c3-089df4bf3532,fertility,3,358,0.7999999523162842,0.0718228816986084,12836.0,0.222222238779068,113,1
SLIM+SIG1,728315b5-039c-11f0-95c3-089df4bf3532,fertility,3,359,0.7999999523162842,0.07199311256408691,13881.0,0.222222238779068,113,1
SLIM+SIG1,728315b5-039c-11f0-95c3-089df4bf3532,fertility,3,360,0.7999999523162842,0.07338643074035645,14288.0,0.222222238779068,113,1
SLIM+SIG1,728315b5-039c-11f0-95c3-089df4bf3532,fertility,3,361,0.7999999523162842,0.07085490226745605,14569.0,0.222222238779068,113,1
SLIM+SIG1,728315b5-039c-11f0-95c3-089df4bf3532,fertility,3,362,0.7999999523162842,0.07362556457519531,15062.0,0.222222238779068,113,1
SLIM+SIG1,728315b5-039c-11f0-95c3-089df4bf3532,fertility,3,363,0.7999999523162842,0.0730733871459961,14739.0,0.222222238779068,113,1
SLIM+SIG1,728315b5-039c-11f0-95c3-089df4bf3532,fertility,3,364,0.7999999523162842,0.07410764694213867,15561.0,0.222222238779068,113,1
SLIM+SIG1,728315b5-039c-11f0-95c3-089df4bf3532,fertility,3,365,0.7999999523162842,0.07376599311828613,15333.0,0.222222238779068,113,1
SLIM+SIG1,728315b5-039c-11f0-95c3-089df4bf3532,fertility,3,366,0.7999999523162842,0.07363128662109375,15202.0,0.222222238779068,113,1
SLIM+SIG1,728315b5-039c-11f0-95c3-089df4bf3532,fertility,3,367,0.7999999523162842,0.07583832740783691,15164.0,0.222222238779068,113,1
SLIM+SIG1,728315b5-039c-11f0-95c3-089df4bf3532,fertility,3,368,0.7999999523162842,0.07262635231018066,15035.0,0.222222238779068,113,1
SLIM+SIG1,728315b5-039c-11f0-95c3-089df4bf3532,fertility,3,369,0.7999999523162842,0.07891464233398438,14181.0,0.222222238779068,113,1
SLIM+SIG1,728315b5-039c-11f0-95c3-089df4bf3532,fertility,3,370,0.7999999523162842,0.08206844329833984,13928.0,0.222222238779068,113,1
SLIM+SIG1,728315b5-039c-11f0-95c3-089df4bf3532,fertility,3,371,0.7999999523162842,0.0745551586151123,13589.0,0.222222238779068,113,1
SLIM+SIG1,728315b5-039c-11f0-95c3-089df4bf3532,fertility,3,372,0.7999999523162842,0.07622408866882324,13259.0,0.222222238779068,113,1
SLIM+SIG1,728315b5-039c-11f0-95c3-089df4bf3532,fertility,3,373,0.7999999523162842,0.07451796531677246,13097.0,0.222222238779068,113,1
SLIM+SIG1,728315b5-039c-11f0-95c3-089df4bf3532,fertility,3,374,0.7999999523162842,0.07362532615661621,13067.0,0.222222238779068,113,1
SLIM+SIG1,728315b5-039c-11f0-95c3-089df4bf3532,fertility,3,375,0.7999999523162842,0.06950664520263672,12748.0,0.222222238779068,113,1
SLIM+SIG1,728315b5-039c-11f0-95c3-089df4bf3532,fertility,3,376,0.7999999523162842,0.07474756240844727,12294.0,0.222222238779068,113,1
SLIM+SIG1,728315b5-039c-11f0-95c3-089df4bf3532,fertility,3,377,0.7999999523162842,0.07320880889892578,12046.0,0.222222238779068,113,1
SLIM+SIG1,728315b5-039c-11f0-95c3-089df4bf3532,fertility,3,378,0.7999999523162842,0.07699131965637207,12429.0,0.222222238779068,113,1
SLIM+SIG1,728315b5-039c-11f0-95c3-089df4bf3532,fertility,3,379,0.7999999523162842,0.072906494140625,12212.0,0.222222238779068,113,1
SLIM+SIG1,728315b5-039c-11f0-95c3-089df4bf3532,fertility,3,380,0.7999999523162842,0.07872295379638672,13143.0,0.222222238779068,113,1
SLIM+SIG1,728315b5-039c-11f0-95c3-089df4bf3532,fertility,3,381,0.7999999523162842,0.07022714614868164,13106.0,0.222222238779068,113,1
SLIM+SIG1,728315b5-039c-11f0-95c3-089df4bf3532,fertility,3,382,0.7999999523162842,0.07647442817687988,12983.0,0.222222238779068,113,1
SLIM+SIG1,728315b5-039c-11f0-95c3-089df4bf3532,fertility,3,383,0.7999999523162842,0.07528948783874512,13991.0,0.222222238779068,113,1
SLIM+SIG1,728315b5-039c-11f0-95c3-089df4bf3532,fertility,3,384,0.7999999523162842,0.07752037048339844,14290.0,0.222222238779068,113,1
SLIM+SIG1,728315b5-039c-11f0-95c3-089df4bf3532,fertility,3,385,0.7999999523162842,0.06811094284057617,13637.0,0.222222238779068,113,1
SLIM+SIG1,728315b5-039c-11f0-95c3-089df4bf3532,fertility,3,386,0.7999999523162842,0.07443118095397949,13808.0,0.222222238779068,113,1
SLIM+SIG1,728315b5-039c-11f0-95c3-089df4bf3532,fertility,3,387,0.7999999523162842,0.07405996322631836,13405.0,0.222222238779068,113,1
SLIM+SIG1,728315b5-039c-11f0-95c3-089df4bf3532,fertility,3,388,0.7999999523162842,0.06982183456420898,13302.0,0.222222238779068,113,1
SLIM+SIG1,728315b5-039c-11f0-95c3-089df4bf3532,fertility,3,389,0.7999999523162842,0.07310724258422852,13430.0,0.222222238779068,113,1
SLIM+SIG1,728315b5-039c-11f0-95c3-089df4bf3532,fertility,3,390,0.7999999523162842,0.07178544998168945,13516.0,0.222222238779068,113,1
SLIM+SIG1,728315b5-039c-11f0-95c3-089df4bf3532,fertility,3,391,0.7999999523162842,0.07183289527893066,13250.0,0.222222238779068,113,1
SLIM+SIG1,728315b5-039c-11f0-95c3-089df4bf3532,fertility,3,392,0.7999999523162842,0.07110142707824707,13443.0,0.222222238779068,113,1
SLIM+SIG1,728315b5-039c-11f0-95c3-089df4bf3532,fertility,3,393,0.7999999523162842,0.07039952278137207,13129.0,0.222222238779068,113,1
SLIM+SIG1,728315b5-039c-11f0-95c3-089df4bf3532,fertility,3,394,0.7999999523162842,0.07062196731567383,12739.0,0.222222238779068,113,1
SLIM+SIG1,728315b5-039c-11f0-95c3-089df4bf3532,fertility,3,395,0.7999999523162842,0.07130622863769531,12341.0,0.222222238779068,113,1
SLIM+SIG1,728315b5-039c-11f0-95c3-089df4bf3532,fertility,3,396,0.7999999523162842,0.0718691349029541,12215.0,0.222222238779068,113,1
SLIM+SIG1,728315b5-039c-11f0-95c3-089df4bf3532,fertility,3,397,0.7999999523162842,0.07153153419494629,12640.0,0.222222238779068,113,1
SLIM+SIG1,728315b5-039c-11f0-95c3-089df4bf3532,fertility,3,398,0.7999999523162842,0.0784759521484375,12866.0,0.222222238779068,113,1
SLIM+SIG1,728315b5-039c-11f0-95c3-089df4bf3532,fertility,3,399,0.7999999523162842,0.08005547523498535,12730.0,0.222222238779068,113,1
SLIM+SIG1,728315b5-039c-11f0-95c3-089df4bf3532,fertility,3,400,0.7999999523162842,0.07534241676330566,12402.0,0.222222238779068,113,1
SLIM+SIG1,728315b5-039c-11f0-95c3-089df4bf3532,fertility,3,401,0.7999999523162842,0.07601165771484375,12405.0,0.222222238779068,113,1
SLIM+SIG1,728315b5-039c-11f0-95c3-089df4bf3532,fertility,3,402,0.7999999523162842,0.07580900192260742,12781.0,0.222222238779068,113,1
SLIM+SIG1,728315b5-039c-11f0-95c3-089df4bf3532,fertility,3,403,0.7999999523162842,0.06982588768005371,12442.0,0.222222238779068,113,1
SLIM+SIG1,728315b5-039c-11f0-95c3-089df4bf3532,fertility,3,404,0.7999999523162842,0.07210350036621094,11885.0,0.222222238779068,113,1
SLIM+SIG1,728315b5-039c-11f0-95c3-089df4bf3532,fertility,3,405,0.7999999523162842,0.14395976066589355,11509.0,0.222222238779068,113,1
SLIM+SIG1,728315b5-039c-11f0-95c3-089df4bf3532,fertility,3,406,0.7999999523162842,0.07367324829101562,11430.0,0.222222238779068,113,1
SLIM+SIG1,728315b5-039c-11f0-95c3-089df4bf3532,fertility,3,407,0.7999999523162842,0.07296395301818848,10981.0,0.222222238779068,113,1
SLIM+SIG1,728315b5-039c-11f0-95c3-089df4bf3532,fertility,3,408,0.7999999523162842,0.06594014167785645,11632.0,0.222222238779068,113,1
SLIM+SIG1,728315b5-039c-11f0-95c3-089df4bf3532,fertility,3,409,0.7999999523162842,0.07081961631774902,12008.0,0.222222238779068,113,1
SLIM+SIG1,728315b5-039c-11f0-95c3-089df4bf3532,fertility,3,410,0.7999999523162842,0.07872533798217773,12173.0,0.222222238779068,113,1
SLIM+SIG1,728315b5-039c-11f0-95c3-089df4bf3532,fertility,3,411,0.7999999523162842,0.07324671745300293,12173.0,0.222222238779068,113,1
SLIM+SIG1,728315b5-039c-11f0-95c3-089df4bf3532,fertility,3,412,0.7999999523162842,0.06951284408569336,11403.0,0.222222238779068,113,1
SLIM+SIG1,728315b5-039c-11f0-95c3-089df4bf3532,fertility,3,413,0.7999999523162842,0.07044482231140137,11076.0,0.222222238779068,113,1
SLIM+SIG1,728315b5-039c-11f0-95c3-089df4bf3532,fertility,3,414,0.7999999523162842,0.06704163551330566,11727.0,0.222222238779068,113,1
SLIM+SIG1,728315b5-039c-11f0-95c3-089df4bf3532,fertility,3,415,0.7999999523162842,0.06490206718444824,11842.0,0.222222238779068,113,1
SLIM+SIG1,728315b5-039c-11f0-95c3-089df4bf3532,fertility,3,416,0.7999999523162842,0.06816339492797852,11184.0,0.222222238779068,113,1
SLIM+SIG1,728315b5-039c-11f0-95c3-089df4bf3532,fertility,3,417,0.7999999523162842,0.06942224502563477,10722.0,0.222222238779068,113,1
SLIM+SIG1,728315b5-039c-11f0-95c3-089df4bf3532,fertility,3,418,0.7999999523162842,0.07061290740966797,10856.0,0.222222238779068,113,1
SLIM+SIG1,728315b5-039c-11f0-95c3-089df4bf3532,fertility,3,419,0.7999999523162842,0.06895112991333008,11122.0,0.222222238779068,113,1
SLIM+SIG1,728315b5-039c-11f0-95c3-089df4bf3532,fertility,3,420,0.7999999523162842,0.06800007820129395,11507.0,0.222222238779068,113,1
SLIM+SIG1,728315b5-039c-11f0-95c3-089df4bf3532,fertility,3,421,0.7999999523162842,0.07198309898376465,10805.0,0.222222238779068,113,1
SLIM+SIG1,728315b5-039c-11f0-95c3-089df4bf3532,fertility,3,422,0.7999999523162842,0.06950950622558594,10929.0,0.222222238779068,113,1
SLIM+SIG1,728315b5-039c-11f0-95c3-089df4bf3532,fertility,3,423,0.7999999523162842,0.07107400894165039,11233.0,0.222222238779068,113,1
SLIM+SIG1,728315b5-039c-11f0-95c3-089df4bf3532,fertility,3,424,0.7999999523162842,0.06804871559143066,11530.0,0.222222238779068,113,1
SLIM+SIG1,728315b5-039c-11f0-95c3-089df4bf3532,fertility,3,425,0.7999999523162842,0.06916666030883789,11205.0,0.222222238779068,113,1
SLIM+SIG1,728315b5-039c-11f0-95c3-089df4bf3532,fertility,3,426,0.7999999523162842,0.0727839469909668,10297.0,0.222222238779068,113,1
SLIM+SIG1,728315b5-039c-11f0-95c3-089df4bf3532,fertility,3,427,0.7999999523162842,0.07497549057006836,9520.0,0.222222238779068,113,1
SLIM+SIG1,728315b5-039c-11f0-95c3-089df4bf3532,fertility,3,428,0.7999999523162842,0.07321548461914062,8644.0,0.222222238779068,113,1
SLIM+SIG1,728315b5-039c-11f0-95c3-089df4bf3532,fertility,3,429,0.7999999523162842,0.07337450981140137,9139.0,0.222222238779068,113,1
SLIM+SIG1,728315b5-039c-11f0-95c3-089df4bf3532,fertility,3,430,0.7999999523162842,0.06882190704345703,8913.0,0.222222238779068,113,1
SLIM+SIG1,728315b5-039c-11f0-95c3-089df4bf3532,fertility,3,431,0.7999999523162842,0.06761598587036133,8524.0,0.222222238779068,113,1
SLIM+SIG1,728315b5-039c-11f0-95c3-089df4bf3532,fertility,3,432,0.7999999523162842,0.06852889060974121,8216.0,0.222222238779068,113,1
SLIM+SIG1,728315b5-039c-11f0-95c3-089df4bf3532,fertility,3,433,0.7999999523162842,0.06925129890441895,8238.0,0.222222238779068,113,1
SLIM+SIG1,728315b5-039c-11f0-95c3-089df4bf3532,fertility,3,434,0.7999999523162842,0.0661153793334961,8154.0,0.222222238779068,113,1
SLIM+SIG1,728315b5-039c-11f0-95c3-089df4bf3532,fertility,3,435,0.7999999523162842,0.06736946105957031,7752.0,0.222222238779068,113,1
SLIM+SIG1,728315b5-039c-11f0-95c3-089df4bf3532,fertility,3,436,0.7999999523162842,0.07169508934020996,7184.0,0.222222238779068,113,1
SLIM+SIG1,728315b5-039c-11f0-95c3-089df4bf3532,fertility,3,437,0.7999999523162842,0.06583595275878906,7400.0,0.222222238779068,113,1
SLIM+SIG1,728315b5-039c-11f0-95c3-089df4bf3532,fertility,3,438,0.7999999523162842,0.06701469421386719,7147.0,0.222222238779068,113,1
SLIM+SIG1,728315b5-039c-11f0-95c3-089df4bf3532,fertility,3,439,0.7999999523162842,0.07061767578125,7492.0,0.222222238779068,113,1
SLIM+SIG1,728315b5-039c-11f0-95c3-089df4bf3532,fertility,3,440,0.7999999523162842,0.06569290161132812,7380.0,0.222222238779068,113,1
SLIM+SIG1,728315b5-039c-11f0-95c3-089df4bf3532,fertility,3,441,0.7999999523162842,0.06845235824584961,8427.0,0.222222238779068,113,1
SLIM+SIG1,728315b5-039c-11f0-95c3-089df4bf3532,fertility,3,442,0.7999999523162842,0.06810331344604492,8634.0,0.222222238779068,113,1
SLIM+SIG1,728315b5-039c-11f0-95c3-089df4bf3532,fertility,3,443,0.7999999523162842,0.06666088104248047,8872.0,0.222222238779068,113,1
SLIM+SIG1,728315b5-039c-11f0-95c3-089df4bf3532,fertility,3,444,0.7999999523162842,0.06404566764831543,8599.0,0.222222238779068,113,1
SLIM+SIG1,728315b5-039c-11f0-95c3-089df4bf3532,fertility,3,445,0.7999999523162842,0.06774234771728516,7202.0,0.222222238779068,113,1
SLIM+SIG1,728315b5-039c-11f0-95c3-089df4bf3532,fertility,3,446,0.7999999523162842,0.06727457046508789,7873.0,0.222222238779068,113,1
SLIM+SIG1,728315b5-039c-11f0-95c3-089df4bf3532,fertility,3,447,0.7999999523162842,0.06589603424072266,8377.0,0.222222238779068,113,1
SLIM+SIG1,728315b5-039c-11f0-95c3-089df4bf3532,fertility,3,448,0.7999999523162842,0.06402063369750977,8234.0,0.222222238779068,113,1
SLIM+SIG1,728315b5-039c-11f0-95c3-089df4bf3532,fertility,3,449,0.7999999523162842,0.06896829605102539,8014.0,0.222222238779068,113,1
SLIM+SIG1,728315b5-039c-11f0-95c3-089df4bf3532,fertility,3,450,0.7999999523162842,0.06962084770202637,8709.0,0.222222238779068,113,1
SLIM+SIG1,728315b5-039c-11f0-95c3-089df4bf3532,fertility,3,451,0.7999999523162842,0.06821489334106445,8234.0,0.222222238779068,113,1
SLIM+SIG1,728315b5-039c-11f0-95c3-089df4bf3532,fertility,3,452,0.7999999523162842,0.06662225723266602,7620.0,0.222222238779068,113,1
SLIM+SIG1,728315b5-039c-11f0-95c3-089df4bf3532,fertility,3,453,0.7999999523162842,0.0662534236907959,6795.0,0.222222238779068,113,1
SLIM+SIG1,728315b5-039c-11f0-95c3-089df4bf3532,fertility,3,454,0.7999999523162842,0.0668952465057373,6256.0,0.222222238779068,113,1
SLIM+SIG1,728315b5-039c-11f0-95c3-089df4bf3532,fertility,3,455,0.7999999523162842,0.06921792030334473,6705.0,0.222222238779068,113,1
SLIM+SIG1,728315b5-039c-11f0-95c3-089df4bf3532,fertility,3,456,0.7999999523162842,0.06202387809753418,6639.0,0.222222238779068,113,1
SLIM+SIG1,728315b5-039c-11f0-95c3-089df4bf3532,fertility,3,457,0.7999999523162842,0.07653689384460449,7664.0,0.222222238779068,113,1
SLIM+SIG1,728315b5-039c-11f0-95c3-089df4bf3532,fertility,3,458,0.7999999523162842,0.06760644912719727,7994.0,0.222222238779068,113,1
SLIM+SIG1,728315b5-039c-11f0-95c3-089df4bf3532,fertility,3,459,0.7999999523162842,0.06920027732849121,8971.0,0.222222238779068,113,1
SLIM+SIG1,728315b5-039c-11f0-95c3-089df4bf3532,fertility,3,460,0.7999999523162842,0.06603097915649414,8733.0,0.222222238779068,113,1
SLIM+SIG1,728315b5-039c-11f0-95c3-089df4bf3532,fertility,3,461,0.7999999523162842,0.06569194793701172,8838.0,0.222222238779068,113,1
SLIM+SIG1,728315b5-039c-11f0-95c3-089df4bf3532,fertility,3,462,0.7999999523162842,0.06415104866027832,8297.0,0.222222238779068,113,1
SLIM+SIG1,728315b5-039c-11f0-95c3-089df4bf3532,fertility,3,463,0.7999999523162842,0.07001209259033203,7717.0,0.222222238779068,113,1
SLIM+SIG1,728315b5-039c-11f0-95c3-089df4bf3532,fertility,3,464,0.7999999523162842,0.06682038307189941,7343.0,0.222222238779068,113,1
SLIM+SIG1,728315b5-039c-11f0-95c3-089df4bf3532,fertility,3,465,0.7999999523162842,0.07054591178894043,6707.0,0.222222238779068,113,1
SLIM+SIG1,728315b5-039c-11f0-95c3-089df4bf3532,fertility,3,466,0.7999999523162842,0.06347036361694336,6682.0,0.222222238779068,113,1
SLIM+SIG1,728315b5-039c-11f0-95c3-089df4bf3532,fertility,3,467,0.7999999523162842,0.06606626510620117,6132.0,0.222222238779068,113,1
SLIM+SIG1,728315b5-039c-11f0-95c3-089df4bf3532,fertility,3,468,0.7999999523162842,0.0656280517578125,5748.0,0.222222238779068,113,1
SLIM+SIG1,728315b5-039c-11f0-95c3-089df4bf3532,fertility,3,469,0.7999999523162842,0.06500673294067383,5002.0,0.222222238779068,113,1
SLIM+SIG1,728315b5-039c-11f0-95c3-089df4bf3532,fertility,3,470,0.7999999523162842,0.06410861015319824,4647.0,0.222222238779068,113,1
SLIM+SIG1,728315b5-039c-11f0-95c3-089df4bf3532,fertility,3,471,0.7999999523162842,0.06309366226196289,4500.0,0.222222238779068,113,1
SLIM+SIG1,728315b5-039c-11f0-95c3-089df4bf3532,fertility,3,472,0.7999999523162842,0.06109046936035156,4568.0,0.222222238779068,113,1
SLIM+SIG1,728315b5-039c-11f0-95c3-089df4bf3532,fertility,3,473,0.7999999523162842,0.062104225158691406,4601.0,0.222222238779068,113,1
SLIM+SIG1,728315b5-039c-11f0-95c3-089df4bf3532,fertility,3,474,0.7999999523162842,0.061720848083496094,4562.0,0.222222238779068,113,1
SLIM+SIG1,728315b5-039c-11f0-95c3-089df4bf3532,fertility,3,475,0.7999999523162842,0.0670018196105957,4582.0,0.222222238779068,113,1
SLIM+SIG1,728315b5-039c-11f0-95c3-089df4bf3532,fertility,3,476,0.7999999523162842,0.0627889633178711,5176.0,0.222222238779068,113,1
SLIM+SIG1,728315b5-039c-11f0-95c3-089df4bf3532,fertility,3,477,0.7999999523162842,0.06550884246826172,5275.0,0.222222238779068,113,1
SLIM+SIG1,728315b5-039c-11f0-95c3-089df4bf3532,fertility,3,478,0.7999999523162842,0.0673973560333252,5990.0,0.222222238779068,113,1
SLIM+SIG1,728315b5-039c-11f0-95c3-089df4bf3532,fertility,3,479,0.7999999523162842,0.06520915031433105,5127.0,0.222222238779068,113,1
SLIM+SIG1,728315b5-039c-11f0-95c3-089df4bf3532,fertility,3,480,0.7999999523162842,0.0630044937133789,5706.0,0.222222238779068,113,1
SLIM+SIG1,728315b5-039c-11f0-95c3-089df4bf3532,fertility,3,481,0.7999999523162842,0.06693863868713379,5825.0,0.222222238779068,113,1
SLIM+SIG1,728315b5-039c-11f0-95c3-089df4bf3532,fertility,3,482,0.7999999523162842,0.06334924697875977,5880.0,0.222222238779068,113,1
SLIM+SIG1,728315b5-039c-11f0-95c3-089df4bf3532,fertility,3,483,0.7999999523162842,0.06762361526489258,6551.0,0.222222238779068,113,1
SLIM+SIG1,728315b5-039c-11f0-95c3-089df4bf3532,fertility,3,484,0.7999999523162842,0.06411266326904297,5506.0,0.222222238779068,113,1
SLIM+SIG1,728315b5-039c-11f0-95c3-089df4bf3532,fertility,3,485,0.7999999523162842,0.06241559982299805,5253.0,0.222222238779068,113,1
SLIM+SIG1,728315b5-039c-11f0-95c3-089df4bf3532,fertility,3,486,0.7999999523162842,0.06061291694641113,5616.0,0.222222238779068,113,1
SLIM+SIG1,728315b5-039c-11f0-95c3-089df4bf3532,fertility,3,487,0.7999999523162842,0.06511712074279785,5552.0,0.222222238779068,113,1
SLIM+SIG1,728315b5-039c-11f0-95c3-089df4bf3532,fertility,3,488,0.7999999523162842,0.0629734992980957,6100.0,0.222222238779068,113,1
SLIM+SIG1,728315b5-039c-11f0-95c3-089df4bf3532,fertility,3,489,0.7999999523162842,0.06841731071472168,6309.0,0.222222238779068,113,1
SLIM+SIG1,728315b5-039c-11f0-95c3-089df4bf3532,fertility,3,490,0.7999999523162842,0.06703448295593262,6991.0,0.222222238779068,113,1
SLIM+SIG1,728315b5-039c-11f0-95c3-089df4bf3532,fertility,3,491,0.7999999523162842,0.0638895034790039,6694.0,0.222222238779068,113,1
SLIM+SIG1,728315b5-039c-11f0-95c3-089df4bf3532,fertility,3,492,0.7999999523162842,0.06371164321899414,6254.0,0.222222238779068,113,1
SLIM+SIG1,728315b5-039c-11f0-95c3-089df4bf3532,fertility,3,493,0.7999999523162842,0.06513381004333496,6430.0,0.222222238779068,113,1
SLIM+SIG1,728315b5-039c-11f0-95c3-089df4bf3532,fertility,3,494,0.7999999523162842,0.06380105018615723,5330.0,0.222222238779068,113,1
SLIM+SIG1,728315b5-039c-11f0-95c3-089df4bf3532,fertility,3,495,0.7999999523162842,0.06540727615356445,4186.0,0.222222238779068,113,1
SLIM+SIG1,728315b5-039c-11f0-95c3-089df4bf3532,fertility,3,496,0.7999999523162842,0.06502532958984375,3779.0,0.222222238779068,113,1
SLIM+SIG1,728315b5-039c-11f0-95c3-089df4bf3532,fertility,3,497,0.7999999523162842,0.0669560432434082,4076.0,0.222222238779068,113,1
SLIM+SIG1,728315b5-039c-11f0-95c3-089df4bf3532,fertility,3,498,0.7999999523162842,0.06211543083190918,4054.0,0.222222238779068,113,1
SLIM+SIG1,728315b5-039c-11f0-95c3-089df4bf3532,fertility,3,499,0.7999999523162842,0.06200432777404785,3922.0,0.222222238779068,113,1
SLIM+SIG1,728315b5-039c-11f0-95c3-089df4bf3532,fertility,3,500,0.7999999523162842,0.05883216857910156,4098.0,0.222222238779068,113,1
SLIM+SIG1,728315b5-039c-11f0-95c3-089df4bf3532,fertility,4,0,0.3199999928474426,0.10541033744812012,2682.0,0.4615384340286255,3,1
SLIM+SIG1,728315b5-039c-11f0-95c3-089df4bf3532,fertility,4,1,0.3999999761581421,0.08803367614746094,5093.0,0.0,14,1
SLIM+SIG1,728315b5-039c-11f0-95c3-089df4bf3532,fertility,4,2,0.3999999761581421,0.09732794761657715,7742.0,0.0,14,1
SLIM+SIG1,728315b5-039c-11f0-95c3-089df4bf3532,fertility,4,3,0.3999999761581421,0.09412717819213867,10328.0,0.0,14,1
SLIM+SIG1,728315b5-039c-11f0-95c3-089df4bf3532,fertility,4,4,0.3999999761581421,0.09856843948364258,13255.0,0.0,14,1
SLIM+SIG1,728315b5-039c-11f0-95c3-089df4bf3532,fertility,4,5,0.3999999761581421,0.1674797534942627,14485.0,0.0,14,1
SLIM+SIG1,728315b5-039c-11f0-95c3-089df4bf3532,fertility,4,6,0.3999999761581421,0.09280657768249512,15267.0,0.0,14,1
SLIM+SIG1,728315b5-039c-11f0-95c3-089df4bf3532,fertility,4,7,0.4615384638309479,0.09243512153625488,16667.0,0.0,47,1
SLIM+SIG1,728315b5-039c-11f0-95c3-089df4bf3532,fertility,4,8,0.4615384638309479,0.09683847427368164,17971.0,0.0,47,1
SLIM+SIG1,728315b5-039c-11f0-95c3-089df4bf3532,fertility,4,9,0.4615384638309479,0.0966496467590332,20329.0,0.0,47,1
SLIM+SIG1,728315b5-039c-11f0-95c3-089df4bf3532,fertility,4,10,0.4615384638309479,0.09429049491882324,22951.0,0.0,47,1
SLIM+SIG1,728315b5-039c-11f0-95c3-089df4bf3532,fertility,4,11,0.4615384638309479,0.06560564041137695,23496.0,0.0,47,1
SLIM+SIG1,728315b5-039c-11f0-95c3-089df4bf3532,fertility,4,12,0.4615384638309479,0.06389760971069336,23379.0,0.0,47,1
SLIM+SIG1,728315b5-039c-11f0-95c3-089df4bf3532,fertility,4,13,0.4615384638309479,0.06693005561828613,23678.0,0.0,47,1
SLIM+SIG1,728315b5-039c-11f0-95c3-089df4bf3532,fertility,4,14,0.4615384638309479,0.06172990798950195,23505.0,0.0,47,1
SLIM+SIG1,728315b5-039c-11f0-95c3-089df4bf3532,fertility,4,15,0.4615384638309479,0.0651545524597168,23485.0,0.0,47,1
SLIM+SIG1,728315b5-039c-11f0-95c3-089df4bf3532,fertility,4,16,0.4615384638309479,0.06690645217895508,23204.0,0.0,47,1
SLIM+SIG1,728315b5-039c-11f0-95c3-089df4bf3532,fertility,4,17,0.4615384638309479,0.06859040260314941,23485.0,0.0,47,1
SLIM+SIG1,728315b5-039c-11f0-95c3-089df4bf3532,fertility,4,18,0.4615384638309479,0.06606674194335938,23687.0,0.0,47,1
SLIM+SIG1,728315b5-039c-11f0-95c3-089df4bf3532,fertility,4,19,0.4615384638309479,0.0638885498046875,23389.0,0.0,47,1
SLIM+SIG1,728315b5-039c-11f0-95c3-089df4bf3532,fertility,4,20,0.4615384638309479,0.06986570358276367,23530.0,0.0,47,1
SLIM+SIG1,728315b5-039c-11f0-95c3-089df4bf3532,fertility,4,21,0.5,0.07046222686767578,23690.0,0.0,115,1
SLIM+SIG1,728315b5-039c-11f0-95c3-089df4bf3532,fertility,4,22,0.5,0.06120777130126953,23582.0,0.0,115,1
SLIM+SIG1,728315b5-039c-11f0-95c3-089df4bf3532,fertility,4,23,0.5,0.05963134765625,23602.0,0.0,115,1
SLIM+SIG1,728315b5-039c-11f0-95c3-089df4bf3532,fertility,4,24,0.5,0.05584001541137695,23412.0,0.0,115,1
SLIM+SIG1,728315b5-039c-11f0-95c3-089df4bf3532,fertility,4,25,0.5,0.059058427810668945,23366.0,0.0,115,1
SLIM+SIG1,728315b5-039c-11f0-95c3-089df4bf3532,fertility,4,26,0.5,0.060634613037109375,22896.0,0.0,115,1
SLIM+SIG1,728315b5-039c-11f0-95c3-089df4bf3532,fertility,4,27,0.5,0.05921316146850586,22676.0,0.0,115,1
SLIM+SIG1,728315b5-039c-11f0-95c3-089df4bf3532,fertility,4,28,0.5,0.059556007385253906,22740.0,0.0,115,1
SLIM+SIG1,728315b5-039c-11f0-95c3-089df4bf3532,fertility,4,29,0.5,0.05888056755065918,22770.0,0.0,115,1
SLIM+SIG1,728315b5-039c-11f0-95c3-089df4bf3532,fertility,4,30,0.5,0.06541275978088379,22876.0,0.0,115,1
SLIM+SIG1,728315b5-039c-11f0-95c3-089df4bf3532,fertility,4,31,0.5,0.06253194808959961,22882.0,0.0,115,1
SLIM+SIG1,728315b5-039c-11f0-95c3-089df4bf3532,fertility,4,32,0.5,0.06158781051635742,22842.0,0.0,115,1
SLIM+SIG1,728315b5-039c-11f0-95c3-089df4bf3532,fertility,4,33,0.5,0.06100010871887207,22932.0,0.0,115,1
SLIM+SIG1,728315b5-039c-11f0-95c3-089df4bf3532,fertility,4,34,0.5,0.058588266372680664,22879.0,0.0,115,1
SLIM+SIG1,728315b5-039c-11f0-95c3-089df4bf3532,fertility,4,35,0.5,0.05700111389160156,22778.0,0.0,115,1
SLIM+SIG1,728315b5-039c-11f0-95c3-089df4bf3532,fertility,4,36,0.5,0.0617365837097168,22813.0,0.0,115,1
SLIM+SIG1,728315b5-039c-11f0-95c3-089df4bf3532,fertility,4,37,0.5,0.05975198745727539,22842.0,0.0,115,1
SLIM+SIG1,728315b5-039c-11f0-95c3-089df4bf3532,fertility,4,38,0.5,0.058965206146240234,22781.0,0.0,115,1
SLIM+SIG1,728315b5-039c-11f0-95c3-089df4bf3532,fertility,4,39,0.5,0.0596461296081543,22787.0,0.0,115,1
SLIM+SIG1,728315b5-039c-11f0-95c3-089df4bf3532,fertility,4,40,0.5,0.05813789367675781,22707.0,0.0,115,1
SLIM+SIG1,728315b5-039c-11f0-95c3-089df4bf3532,fertility,4,41,0.5,0.060504913330078125,22868.0,0.0,115,1
SLIM+SIG1,728315b5-039c-11f0-95c3-089df4bf3532,fertility,4,42,0.5,0.057569026947021484,22750.0,0.0,115,1
SLIM+SIG1,728315b5-039c-11f0-95c3-089df4bf3532,fertility,4,43,0.5,0.06018972396850586,22805.0,0.0,115,1
SLIM+SIG1,728315b5-039c-11f0-95c3-089df4bf3532,fertility,4,44,0.5,0.05879497528076172,22783.0,0.0,115,1
SLIM+SIG1,728315b5-039c-11f0-95c3-089df4bf3532,fertility,4,45,0.5,0.06016349792480469,22846.0,0.0,115,1
SLIM+SIG1,728315b5-039c-11f0-95c3-089df4bf3532,fertility,4,46,0.5,0.05799102783203125,22835.0,0.0,115,1
SLIM+SIG1,728315b5-039c-11f0-95c3-089df4bf3532,fertility,4,47,0.5,0.06120109558105469,22877.0,0.0,115,1
SLIM+SIG1,728315b5-039c-11f0-95c3-089df4bf3532,fertility,4,48,0.5,0.06456422805786133,22741.0,0.0,115,1
SLIM+SIG1,728315b5-039c-11f0-95c3-089df4bf3532,fertility,4,49,0.5,0.06618523597717285,22778.0,0.0,115,1
SLIM+SIG1,728315b5-039c-11f0-95c3-089df4bf3532,fertility,4,50,0.5,0.061701297760009766,22802.0,0.0,115,1
SLIM+SIG1,728315b5-039c-11f0-95c3-089df4bf3532,fertility,4,51,0.5,0.06199812889099121,22778.0,0.0,115,1
SLIM+SIG1,728315b5-039c-11f0-95c3-089df4bf3532,fertility,4,52,0.5,0.06032967567443848,22844.0,0.0,115,1
SLIM+SIG1,728315b5-039c-11f0-95c3-089df4bf3532,fertility,4,53,0.5,0.06011199951171875,22736.0,0.0,115,1
SLIM+SIG1,728315b5-039c-11f0-95c3-089df4bf3532,fertility,4,54,0.5,0.05971550941467285,22739.0,0.0,115,1
SLIM+SIG1,728315b5-039c-11f0-95c3-089df4bf3532,fertility,4,55,0.5,0.05988001823425293,22710.0,0.0,115,1
SLIM+SIG1,728315b5-039c-11f0-95c3-089df4bf3532,fertility,4,56,0.5,0.05883288383483887,22800.0,0.0,115,1
SLIM+SIG1,728315b5-039c-11f0-95c3-089df4bf3532,fertility,4,57,0.5,0.06151556968688965,22746.0,0.0,115,1
SLIM+SIG1,728315b5-039c-11f0-95c3-089df4bf3532,fertility,4,58,0.5,0.0610044002532959,22754.0,0.0,115,1
SLIM+SIG1,728315b5-039c-11f0-95c3-089df4bf3532,fertility,4,59,0.5,0.06251001358032227,22789.0,0.0,115,1
SLIM+SIG1,728315b5-039c-11f0-95c3-089df4bf3532,fertility,4,60,0.5,0.059563636779785156,22822.0,0.0,115,1
SLIM+SIG1,728315b5-039c-11f0-95c3-089df4bf3532,fertility,4,61,0.5,0.057996511459350586,22734.0,0.0,115,1
SLIM+SIG1,728315b5-039c-11f0-95c3-089df4bf3532,fertility,4,62,0.5,0.061528682708740234,22600.0,0.0,115,1
SLIM+SIG1,728315b5-039c-11f0-95c3-089df4bf3532,fertility,4,63,0.5,0.06250882148742676,22713.0,0.0,115,1
SLIM+SIG1,728315b5-039c-11f0-95c3-089df4bf3532,fertility,4,64,0.5,0.059183597564697266,22791.0,0.0,115,1
SLIM+SIG1,728315b5-039c-11f0-95c3-089df4bf3532,fertility,4,65,0.5,0.06155204772949219,22673.0,0.0,115,1
SLIM+SIG1,728315b5-039c-11f0-95c3-089df4bf3532,fertility,4,66,0.5,0.06146597862243652,22719.0,0.0,115,1
SLIM+SIG1,728315b5-039c-11f0-95c3-089df4bf3532,fertility,4,67,0.5,0.05965018272399902,22758.0,0.0,115,1
SLIM+SIG1,728315b5-039c-11f0-95c3-089df4bf3532,fertility,4,68,0.5,0.061901092529296875,22721.0,0.0,115,1
SLIM+SIG1,728315b5-039c-11f0-95c3-089df4bf3532,fertility,4,69,0.5,0.06127524375915527,22743.0,0.0,115,1
SLIM+SIG1,728315b5-039c-11f0-95c3-089df4bf3532,fertility,4,70,0.5,0.0605010986328125,22653.0,0.0,115,1
SLIM+SIG1,728315b5-039c-11f0-95c3-089df4bf3532,fertility,4,71,0.5,0.06254768371582031,22688.0,0.0,115,1
SLIM+SIG1,728315b5-039c-11f0-95c3-089df4bf3532,fertility,4,72,0.5,0.05918288230895996,22629.0,0.0,115,1
SLIM+SIG1,728315b5-039c-11f0-95c3-089df4bf3532,fertility,4,73,0.5,0.061095476150512695,22653.0,0.0,115,1
SLIM+SIG1,728315b5-039c-11f0-95c3-089df4bf3532,fertility,4,74,0.5,0.05993294715881348,22686.0,0.0,115,1
SLIM+SIG1,728315b5-039c-11f0-95c3-089df4bf3532,fertility,4,75,0.5,0.06688952445983887,22569.0,0.0,115,1
SLIM+SIG1,728315b5-039c-11f0-95c3-089df4bf3532,fertility,4,76,0.5,0.06548547744750977,22633.0,0.0,115,1
SLIM+SIG1,728315b5-039c-11f0-95c3-089df4bf3532,fertility,4,77,0.5,0.06439995765686035,22589.0,0.0,115,1
SLIM+SIG1,728315b5-039c-11f0-95c3-089df4bf3532,fertility,4,78,0.5,0.059999704360961914,22754.0,0.0,115,1
SLIM+SIG1,728315b5-039c-11f0-95c3-089df4bf3532,fertility,4,79,0.5,0.0625457763671875,22721.0,0.0,115,1
SLIM+SIG1,728315b5-039c-11f0-95c3-089df4bf3532,fertility,4,80,0.5,0.06499695777893066,22605.0,0.0,115,1
SLIM+SIG1,728315b5-039c-11f0-95c3-089df4bf3532,fertility,4,81,0.5,0.0647115707397461,22565.0,0.0,115,1
SLIM+SIG1,728315b5-039c-11f0-95c3-089df4bf3532,fertility,4,82,0.5,0.0679011344909668,22657.0,0.0,115,1
SLIM+SIG1,728315b5-039c-11f0-95c3-089df4bf3532,fertility,4,83,0.5,0.06584405899047852,22440.0,0.0,115,1
SLIM+SIG1,728315b5-039c-11f0-95c3-089df4bf3532,fertility,4,84,0.5,0.06726789474487305,22636.0,0.0,115,1
SLIM+SIG1,728315b5-039c-11f0-95c3-089df4bf3532,fertility,4,85,0.5,0.06652998924255371,22585.0,0.0,115,1
SLIM+SIG1,728315b5-039c-11f0-95c3-089df4bf3532,fertility,4,86,0.5,0.06401205062866211,22475.0,0.0,115,1
SLIM+SIG1,728315b5-039c-11f0-95c3-089df4bf3532,fertility,4,87,0.5,0.06212615966796875,22534.0,0.0,115,1
SLIM+SIG1,728315b5-039c-11f0-95c3-089df4bf3532,fertility,4,88,0.5,0.05894064903259277,22537.0,0.0,115,1
SLIM+SIG1,728315b5-039c-11f0-95c3-089df4bf3532,fertility,4,89,0.5,0.06102943420410156,22519.0,0.0,115,1
SLIM+SIG1,728315b5-039c-11f0-95c3-089df4bf3532,fertility,4,90,0.5,0.06371641159057617,22555.0,0.0,115,1
SLIM+SIG1,728315b5-039c-11f0-95c3-089df4bf3532,fertility,4,91,0.5,0.0668182373046875,22603.0,0.0,115,1
SLIM+SIG1,728315b5-039c-11f0-95c3-089df4bf3532,fertility,4,92,0.5,0.06551289558410645,22683.0,0.0,115,1
SLIM+SIG1,728315b5-039c-11f0-95c3-089df4bf3532,fertility,4,93,0.5,0.060848236083984375,22498.0,0.0,115,1
SLIM+SIG1,728315b5-039c-11f0-95c3-089df4bf3532,fertility,4,94,0.5,0.06202554702758789,22312.0,0.0,115,1
SLIM+SIG1,728315b5-039c-11f0-95c3-089df4bf3532,fertility,4,95,0.5,0.06375360488891602,22388.0,0.0,115,1
SLIM+SIG1,728315b5-039c-11f0-95c3-089df4bf3532,fertility,4,96,0.5,0.06653356552124023,22460.0,0.0,115,1
SLIM+SIG1,728315b5-039c-11f0-95c3-089df4bf3532,fertility,4,97,0.5,0.06345319747924805,22606.0,0.0,115,1
SLIM+SIG1,728315b5-039c-11f0-95c3-089df4bf3532,fertility,4,98,0.5,0.05985069274902344,22527.0,0.0,115,1
SLIM+SIG1,728315b5-039c-11f0-95c3-089df4bf3532,fertility,4,99,0.5,0.06058812141418457,22533.0,0.0,115,1
SLIM+SIG1,728315b5-039c-11f0-95c3-089df4bf3532,fertility,4,100,0.5,0.06911587715148926,22455.0,0.0,115,1
SLIM+SIG1,728315b5-039c-11f0-95c3-089df4bf3532,fertility,4,101,0.5,0.0715484619140625,22660.0,0.0,115,1
SLIM+SIG1,728315b5-039c-11f0-95c3-089df4bf3532,fertility,4,102,0.5,0.07259368896484375,22564.0,0.0,115,1
SLIM+SIG1,728315b5-039c-11f0-95c3-089df4bf3532,fertility,4,103,0.5,0.06605339050292969,22451.0,0.0,115,1
SLIM+SIG1,728315b5-039c-11f0-95c3-089df4bf3532,fertility,4,104,0.5,0.06380987167358398,22333.0,0.0,115,1
SLIM+SIG1,728315b5-039c-11f0-95c3-089df4bf3532,fertility,4,105,0.5,0.06271862983703613,22500.0,0.0,115,1
SLIM+SIG1,728315b5-039c-11f0-95c3-089df4bf3532,fertility,4,106,0.5,0.062204599380493164,22326.0,0.0,115,1
SLIM+SIG1,728315b5-039c-11f0-95c3-089df4bf3532,fertility,4,107,0.5,0.0678262710571289,22448.0,0.0,115,1
SLIM+SIG1,728315b5-039c-11f0-95c3-089df4bf3532,fertility,4,108,0.5,0.05902266502380371,22557.0,0.0,115,1
SLIM+SIG1,728315b5-039c-11f0-95c3-089df4bf3532,fertility,4,109,0.5,0.062203407287597656,22563.0,0.0,115,1
SLIM+SIG1,728315b5-039c-11f0-95c3-089df4bf3532,fertility,4,110,0.5,0.06345868110656738,22503.0,0.0,115,1
SLIM+SIG1,728315b5-039c-11f0-95c3-089df4bf3532,fertility,4,111,0.5,0.06467771530151367,22440.0,0.0,115,1
SLIM+SIG1,728315b5-039c-11f0-95c3-089df4bf3532,fertility,4,112,0.5,0.06903505325317383,22510.0,0.0,115,1
SLIM+SIG1,728315b5-039c-11f0-95c3-089df4bf3532,fertility,4,113,0.5,0.06777143478393555,22353.0,0.0,115,1
SLIM+SIG1,728315b5-039c-11f0-95c3-089df4bf3532,fertility,4,114,0.5,0.06902813911437988,22444.0,0.0,115,1
SLIM+SIG1,728315b5-039c-11f0-95c3-089df4bf3532,fertility,4,115,0.5,0.07127881050109863,22482.0,0.0,115,1
SLIM+SIG1,728315b5-039c-11f0-95c3-089df4bf3532,fertility,4,116,0.5,0.06799983978271484,22503.0,0.0,115,1
SLIM+SIG1,728315b5-039c-11f0-95c3-089df4bf3532,fertility,4,117,0.5,0.06590795516967773,22362.0,0.0,115,1
SLIM+SIG1,728315b5-039c-11f0-95c3-089df4bf3532,fertility,4,118,0.5,0.06601309776306152,22492.0,0.0,115,1
SLIM+SIG1,728315b5-039c-11f0-95c3-089df4bf3532,fertility,4,119,0.5,0.06478333473205566,22276.0,0.0,115,1
SLIM+SIG1,728315b5-039c-11f0-95c3-089df4bf3532,fertility,4,120,0.5,0.06828069686889648,22335.0,0.0,115,1
SLIM+SIG1,728315b5-039c-11f0-95c3-089df4bf3532,fertility,4,121,0.5,0.06216835975646973,22178.0,0.0,115,1
SLIM+SIG1,728315b5-039c-11f0-95c3-089df4bf3532,fertility,4,122,0.5,0.07020282745361328,22292.0,0.0,115,1
SLIM+SIG1,728315b5-039c-11f0-95c3-089df4bf3532,fertility,4,123,0.5,0.06482315063476562,22298.0,0.0,115,1
SLIM+SIG1,728315b5-039c-11f0-95c3-089df4bf3532,fertility,4,124,0.5,0.06299972534179688,22200.0,0.0,115,1
SLIM+SIG1,728315b5-039c-11f0-95c3-089df4bf3532,fertility,4,125,0.5,0.06475043296813965,22302.0,0.0,115,1
SLIM+SIG1,728315b5-039c-11f0-95c3-089df4bf3532,fertility,4,126,0.5,0.06653928756713867,22326.0,0.0,115,1
SLIM+SIG1,728315b5-039c-11f0-95c3-089df4bf3532,fertility,4,127,0.5,0.06723499298095703,22327.0,0.0,115,1
SLIM+SIG1,728315b5-039c-11f0-95c3-089df4bf3532,fertility,4,128,0.5,0.06751012802124023,22337.0,0.0,115,1
SLIM+SIG1,728315b5-039c-11f0-95c3-089df4bf3532,fertility,4,129,0.5,0.06763362884521484,22243.0,0.0,115,1
SLIM+SIG1,728315b5-039c-11f0-95c3-089df4bf3532,fertility,4,130,0.5,0.06501936912536621,22156.0,0.0,115,1
SLIM+SIG1,728315b5-039c-11f0-95c3-089df4bf3532,fertility,4,131,0.5,0.06503105163574219,22300.0,0.0,115,1
SLIM+SIG1,728315b5-039c-11f0-95c3-089df4bf3532,fertility,4,132,0.5,0.06830787658691406,22109.0,0.0,115,1
SLIM+SIG1,728315b5-039c-11f0-95c3-089df4bf3532,fertility,4,133,0.5,0.06550455093383789,22236.0,0.0,115,1
SLIM+SIG1,728315b5-039c-11f0-95c3-089df4bf3532,fertility,4,134,0.5,0.06510686874389648,22132.0,0.0,115,1
SLIM+SIG1,728315b5-039c-11f0-95c3-089df4bf3532,fertility,4,135,0.5,0.06763291358947754,22122.0,0.0,115,1
SLIM+SIG1,728315b5-039c-11f0-95c3-089df4bf3532,fertility,4,136,0.5,0.06977057456970215,22087.0,0.0,115,1
SLIM+SIG1,728315b5-039c-11f0-95c3-089df4bf3532,fertility,4,137,0.5,0.06804704666137695,21961.0,0.0,115,1
SLIM+SIG1,728315b5-039c-11f0-95c3-089df4bf3532,fertility,4,138,0.5,0.06833171844482422,22233.0,0.0,115,1
SLIM+SIG1,728315b5-039c-11f0-95c3-089df4bf3532,fertility,4,139,0.5,0.0659337043762207,22221.0,0.0,115,1
SLIM+SIG1,728315b5-039c-11f0-95c3-089df4bf3532,fertility,4,140,0.5,0.06398129463195801,22233.0,0.0,115,1
SLIM+SIG1,728315b5-039c-11f0-95c3-089df4bf3532,fertility,4,141,0.5,0.06473255157470703,22260.0,0.0,115,1
SLIM+SIG1,728315b5-039c-11f0-95c3-089df4bf3532,fertility,4,142,0.5,0.06883668899536133,22259.0,0.0,115,1
SLIM+SIG1,728315b5-039c-11f0-95c3-089df4bf3532,fertility,4,143,0.5,0.06644010543823242,21989.0,0.0,115,1
SLIM+SIG1,728315b5-039c-11f0-95c3-089df4bf3532,fertility,4,144,0.5,0.07043576240539551,22191.0,0.0,115,1
SLIM+SIG1,728315b5-039c-11f0-95c3-089df4bf3532,fertility,4,145,0.5,0.06305837631225586,22355.0,0.0,115,1
SLIM+SIG1,728315b5-039c-11f0-95c3-089df4bf3532,fertility,4,146,0.5,0.07050514221191406,22091.0,0.0,115,1
SLIM+SIG1,728315b5-039c-11f0-95c3-089df4bf3532,fertility,4,147,0.5,0.0742180347442627,22061.0,0.0,115,1
SLIM+SIG1,728315b5-039c-11f0-95c3-089df4bf3532,fertility,4,148,0.5,0.07073831558227539,22054.0,0.0,115,1
SLIM+SIG1,728315b5-039c-11f0-95c3-089df4bf3532,fertility,4,149,0.5,0.0678408145904541,22140.0,0.0,115,1
SLIM+SIG1,728315b5-039c-11f0-95c3-089df4bf3532,fertility,4,150,0.5,0.06812548637390137,22178.0,0.0,115,1
SLIM+SIG1,728315b5-039c-11f0-95c3-089df4bf3532,fertility,4,151,0.5,0.06715846061706543,22314.0,0.0,115,1
SLIM+SIG1,728315b5-039c-11f0-95c3-089df4bf3532,fertility,4,152,0.5,0.06350827217102051,22134.0,0.0,115,1
SLIM+SIG1,728315b5-039c-11f0-95c3-089df4bf3532,fertility,4,153,0.5,0.06633687019348145,22166.0,0.0,115,1
SLIM+SIG1,728315b5-039c-11f0-95c3-089df4bf3532,fertility,4,154,0.5,0.06460881233215332,22363.0,0.0,115,1
SLIM+SIG1,728315b5-039c-11f0-95c3-089df4bf3532,fertility,4,155,0.5,0.0665287971496582,22228.0,0.0,115,1
SLIM+SIG1,728315b5-039c-11f0-95c3-089df4bf3532,fertility,4,156,0.5,0.06899905204772949,22207.0,0.0,115,1
SLIM+SIG1,728315b5-039c-11f0-95c3-089df4bf3532,fertility,4,157,0.5,0.07069540023803711,22146.0,0.0,115,1
SLIM+SIG1,728315b5-039c-11f0-95c3-089df4bf3532,fertility,4,158,0.5,0.06871819496154785,22031.0,0.0,115,1
SLIM+SIG1,728315b5-039c-11f0-95c3-089df4bf3532,fertility,4,159,0.5,0.06810879707336426,22155.0,0.0,115,1
SLIM+SIG1,728315b5-039c-11f0-95c3-089df4bf3532,fertility,4,160,0.5,0.06851601600646973,22141.0,0.0,115,1
SLIM+SIG1,728315b5-039c-11f0-95c3-089df4bf3532,fertility,4,161,0.5,0.06689691543579102,21984.0,0.0,115,1
SLIM+SIG1,728315b5-039c-11f0-95c3-089df4bf3532,fertility,4,162,0.5,0.0663304328918457,22314.0,0.0,115,1
SLIM+SIG1,728315b5-039c-11f0-95c3-089df4bf3532,fertility,4,163,0.5,0.06778073310852051,22279.0,0.0,115,1
SLIM+SIG1,728315b5-039c-11f0-95c3-089df4bf3532,fertility,4,164,0.5,0.06575703620910645,21934.0,0.0,115,1
SLIM+SIG1,728315b5-039c-11f0-95c3-089df4bf3532,fertility,4,165,0.5,0.06857919692993164,21848.0,0.0,115,1
SLIM+SIG1,728315b5-039c-11f0-95c3-089df4bf3532,fertility,4,166,0.5,0.07414364814758301,21716.0,0.0,115,1
SLIM+SIG1,728315b5-039c-11f0-95c3-089df4bf3532,fertility,4,167,0.5,0.07157063484191895,21793.0,0.0,115,1
SLIM+SIG1,728315b5-039c-11f0-95c3-089df4bf3532,fertility,4,168,0.5,0.06482291221618652,21650.0,0.0,115,1
SLIM+SIG1,728315b5-039c-11f0-95c3-089df4bf3532,fertility,4,169,0.5,0.06623578071594238,21836.0,0.0,115,1
SLIM+SIG1,728315b5-039c-11f0-95c3-089df4bf3532,fertility,4,170,0.5,0.07139754295349121,21931.0,0.0,115,1
SLIM+SIG1,728315b5-039c-11f0-95c3-089df4bf3532,fertility,4,171,0.5,0.0702054500579834,21780.0,0.0,115,1
SLIM+SIG1,728315b5-039c-11f0-95c3-089df4bf3532,fertility,4,172,0.5,0.06610655784606934,21721.0,0.0,115,1
SLIM+SIG1,728315b5-039c-11f0-95c3-089df4bf3532,fertility,4,173,0.5,0.07248663902282715,21721.0,0.0,115,1
SLIM+SIG1,728315b5-039c-11f0-95c3-089df4bf3532,fertility,4,174,0.5,0.07169032096862793,21891.0,0.0,115,1
SLIM+SIG1,728315b5-039c-11f0-95c3-089df4bf3532,fertility,4,175,0.5,0.0698397159576416,21418.0,0.0,115,1
SLIM+SIG1,728315b5-039c-11f0-95c3-089df4bf3532,fertility,4,176,0.5,0.0682220458984375,21623.0,0.0,115,1
SLIM+SIG1,728315b5-039c-11f0-95c3-089df4bf3532,fertility,4,177,0.5,0.07387161254882812,22022.0,0.0,115,1
SLIM+SIG1,728315b5-039c-11f0-95c3-089df4bf3532,fertility,4,178,0.5,0.07239413261413574,21944.0,0.0,115,1
SLIM+SIG1,728315b5-039c-11f0-95c3-089df4bf3532,fertility,4,179,0.5,0.0723264217376709,21997.0,0.0,115,1
SLIM+SIG1,728315b5-039c-11f0-95c3-089df4bf3532,fertility,4,180,0.5,0.13866877555847168,21786.0,0.0,115,1
SLIM+SIG1,728315b5-039c-11f0-95c3-089df4bf3532,fertility,4,181,0.5,0.07422018051147461,21574.0,0.0,115,1
SLIM+SIG1,728315b5-039c-11f0-95c3-089df4bf3532,fertility,4,182,0.5,0.07400202751159668,21674.0,0.0,115,1
SLIM+SIG1,728315b5-039c-11f0-95c3-089df4bf3532,fertility,4,183,0.5,0.07306098937988281,21749.0,0.0,115,1
SLIM+SIG1,728315b5-039c-11f0-95c3-089df4bf3532,fertility,4,184,0.5,0.06953692436218262,21863.0,0.0,115,1
SLIM+SIG1,728315b5-039c-11f0-95c3-089df4bf3532,fertility,4,185,0.5,0.0686638355255127,22057.0,0.0,115,1
SLIM+SIG1,728315b5-039c-11f0-95c3-089df4bf3532,fertility,4,186,0.5,0.07026505470275879,21776.0,0.0,115,1
SLIM+SIG1,728315b5-039c-11f0-95c3-089df4bf3532,fertility,4,187,0.5,0.06673431396484375,21762.0,0.0,115,1
SLIM+SIG1,728315b5-039c-11f0-95c3-089df4bf3532,fertility,4,188,0.5,0.06951022148132324,21601.0,0.0,115,1
SLIM+SIG1,728315b5-039c-11f0-95c3-089df4bf3532,fertility,4,189,0.5,0.06577610969543457,21638.0,0.0,115,1
SLIM+SIG1,728315b5-039c-11f0-95c3-089df4bf3532,fertility,4,190,0.5,0.0730292797088623,21597.0,0.0,115,1
SLIM+SIG1,728315b5-039c-11f0-95c3-089df4bf3532,fertility,4,191,0.5,0.07500243186950684,21685.0,0.0,115,1
SLIM+SIG1,728315b5-039c-11f0-95c3-089df4bf3532,fertility,4,192,0.5,0.07407736778259277,21699.0,0.0,115,1
SLIM+SIG1,728315b5-039c-11f0-95c3-089df4bf3532,fertility,4,193,0.5,0.07789850234985352,21584.0,0.0,115,1
SLIM+SIG1,728315b5-039c-11f0-95c3-089df4bf3532,fertility,4,194,0.5,0.07276296615600586,21563.0,0.0,115,1
SLIM+SIG1,728315b5-039c-11f0-95c3-089df4bf3532,fertility,4,195,0.5,0.07067704200744629,21536.0,0.0,115,1
SLIM+SIG1,728315b5-039c-11f0-95c3-089df4bf3532,fertility,4,196,0.5,0.07242441177368164,21029.0,0.0,115,1
SLIM+SIG1,728315b5-039c-11f0-95c3-089df4bf3532,fertility,4,197,0.5,0.07201766967773438,21055.0,0.0,115,1
SLIM+SIG1,728315b5-039c-11f0-95c3-089df4bf3532,fertility,4,198,0.5,0.07200789451599121,21192.0,0.0,115,1
SLIM+SIG1,728315b5-039c-11f0-95c3-089df4bf3532,fertility,4,199,0.5,0.07155156135559082,21220.0,0.0,115,1
SLIM+SIG1,728315b5-039c-11f0-95c3-089df4bf3532,fertility,4,200,0.5,0.06912422180175781,21385.0,0.0,115,1
SLIM+SIG1,728315b5-039c-11f0-95c3-089df4bf3532,fertility,4,201,0.5,0.07061648368835449,21392.0,0.0,115,1
SLIM+SIG1,728315b5-039c-11f0-95c3-089df4bf3532,fertility,4,202,0.5,0.07202458381652832,21555.0,0.0,115,1
SLIM+SIG1,728315b5-039c-11f0-95c3-089df4bf3532,fertility,4,203,0.5,0.06856322288513184,21380.0,0.0,115,1
SLIM+SIG1,728315b5-039c-11f0-95c3-089df4bf3532,fertility,4,204,0.5,0.06973576545715332,21644.0,0.0,115,1
SLIM+SIG1,728315b5-039c-11f0-95c3-089df4bf3532,fertility,4,205,0.5,0.06589913368225098,21396.0,0.0,115,1
SLIM+SIG1,728315b5-039c-11f0-95c3-089df4bf3532,fertility,4,206,0.5,0.0791475772857666,21241.0,0.0,115,1
SLIM+SIG1,728315b5-039c-11f0-95c3-089df4bf3532,fertility,4,207,0.5,0.07741308212280273,21276.0,0.0,115,1
SLIM+SIG1,728315b5-039c-11f0-95c3-089df4bf3532,fertility,4,208,0.5,0.07008504867553711,21168.0,0.0,115,1
SLIM+SIG1,728315b5-039c-11f0-95c3-089df4bf3532,fertility,4,209,0.5,0.06911826133728027,21151.0,0.0,115,1
SLIM+SIG1,728315b5-039c-11f0-95c3-089df4bf3532,fertility,4,210,0.5,0.06673002243041992,20998.0,0.0,115,1
SLIM+SIG1,728315b5-039c-11f0-95c3-089df4bf3532,fertility,4,211,0.5,0.07613348960876465,21101.0,0.0,115,1
SLIM+SIG1,728315b5-039c-11f0-95c3-089df4bf3532,fertility,4,212,0.5,0.07045125961303711,20996.0,0.0,115,1
SLIM+SIG1,728315b5-039c-11f0-95c3-089df4bf3532,fertility,4,213,0.5454545617103577,0.07071328163146973,20999.0,0.0,115,1
SLIM+SIG1,728315b5-039c-11f0-95c3-089df4bf3532,fertility,4,214,0.5454545617103577,0.07090234756469727,21187.0,0.0,115,1
SLIM+SIG1,728315b5-039c-11f0-95c3-089df4bf3532,fertility,4,215,0.5454545617103577,0.06999802589416504,21194.0,0.0,115,1
SLIM+SIG1,728315b5-039c-11f0-95c3-089df4bf3532,fertility,4,216,0.5454545617103577,0.06767487525939941,21334.0,0.0,115,1
SLIM+SIG1,728315b5-039c-11f0-95c3-089df4bf3532,fertility,4,217,0.5454545617103577,0.06853389739990234,21237.0,0.0,115,1
SLIM+SIG1,728315b5-039c-11f0-95c3-089df4bf3532,fertility,4,218,0.5454545617103577,0.06969809532165527,21194.0,0.0,115,1
SLIM+SIG1,728315b5-039c-11f0-95c3-089df4bf3532,fertility,4,219,0.5454545617103577,0.07076025009155273,21095.0,0.0,115,1
SLIM+SIG1,728315b5-039c-11f0-95c3-089df4bf3532,fertility,4,220,0.5454545617103577,0.07006072998046875,21179.0,0.0,115,1
SLIM+SIG1,728315b5-039c-11f0-95c3-089df4bf3532,fertility,4,221,0.5454545617103577,0.08150053024291992,21301.0,0.0,115,1
SLIM+SIG1,728315b5-039c-11f0-95c3-089df4bf3532,fertility,4,222,0.5454545617103577,0.07704806327819824,21269.0,0.0,115,1
SLIM+SIG1,728315b5-039c-11f0-95c3-089df4bf3532,fertility,4,223,0.5454545617103577,0.0683286190032959,20968.0,0.0,115,1
SLIM+SIG1,728315b5-039c-11f0-95c3-089df4bf3532,fertility,4,224,0.5454545617103577,0.07176399230957031,21190.0,0.0,115,1
SLIM+SIG1,728315b5-039c-11f0-95c3-089df4bf3532,fertility,4,225,0.5454545617103577,0.07451033592224121,21001.0,0.0,115,1
SLIM+SIG1,728315b5-039c-11f0-95c3-089df4bf3532,fertility,4,226,0.5454545617103577,0.06821632385253906,21023.0,0.0,115,1
SLIM+SIG1,728315b5-039c-11f0-95c3-089df4bf3532,fertility,4,227,0.5454545617103577,0.07152104377746582,21040.0,0.0,115,1
SLIM+SIG1,728315b5-039c-11f0-95c3-089df4bf3532,fertility,4,228,0.5454545617103577,0.07161378860473633,21033.0,0.0,115,1
SLIM+SIG1,728315b5-039c-11f0-95c3-089df4bf3532,fertility,4,229,0.5454545617103577,0.0689692497253418,21227.0,0.0,115,1
SLIM+SIG1,728315b5-039c-11f0-95c3-089df4bf3532,fertility,4,230,0.5454545617103577,0.06973147392272949,21090.0,0.0,115,1
SLIM+SIG1,728315b5-039c-11f0-95c3-089df4bf3532,fertility,4,231,0.5454545617103577,0.0698704719543457,20749.0,0.0,115,1
SLIM+SIG1,728315b5-039c-11f0-95c3-089df4bf3532,fertility,4,232,0.5454545617103577,0.06878447532653809,20476.0,0.0,115,1
SLIM+SIG1,728315b5-039c-11f0-95c3-089df4bf3532,fertility,4,233,0.5454545617103577,0.06699895858764648,20871.0,0.0,115,1
SLIM+SIG1,728315b5-039c-11f0-95c3-089df4bf3532,fertility,4,234,0.5454545617103577,0.06993913650512695,20600.0,0.0,115,1
SLIM+SIG1,728315b5-039c-11f0-95c3-089df4bf3532,fertility,4,235,0.5454545617103577,0.07762765884399414,20639.0,0.0,115,1
SLIM+SIG1,728315b5-039c-11f0-95c3-089df4bf3532,fertility,4,236,0.5454545617103577,0.07863950729370117,20590.0,0.0,115,1
SLIM+SIG1,728315b5-039c-11f0-95c3-089df4bf3532,fertility,4,237,0.5454545617103577,0.07120943069458008,20554.0,0.0,115,1
SLIM+SIG1,728315b5-039c-11f0-95c3-089df4bf3532,fertility,4,238,0.5454545617103577,0.0765385627746582,20570.0,0.0,115,1
SLIM+SIG1,728315b5-039c-11f0-95c3-089df4bf3532,fertility,4,239,0.5454545617103577,0.07340383529663086,20572.0,0.0,115,1
SLIM+SIG1,728315b5-039c-11f0-95c3-089df4bf3532,fertility,4,240,0.5454545617103577,0.07474398612976074,21112.0,0.0,115,1
SLIM+SIG1,728315b5-039c-11f0-95c3-089df4bf3532,fertility,4,241,0.5454545617103577,0.0709989070892334,20755.0,0.0,115,1
SLIM+SIG1,728315b5-039c-11f0-95c3-089df4bf3532,fertility,4,242,0.5454545617103577,0.07355046272277832,20627.0,0.0,115,1
SLIM+SIG1,728315b5-039c-11f0-95c3-089df4bf3532,fertility,4,243,0.5454545617103577,0.07805252075195312,20344.0,0.0,115,1
SLIM+SIG1,728315b5-039c-11f0-95c3-089df4bf3532,fertility,4,244,0.5454545617103577,0.07660484313964844,20588.0,0.0,115,1
SLIM+SIG1,728315b5-039c-11f0-95c3-089df4bf3532,fertility,4,245,0.5454545617103577,0.07305145263671875,20852.0,0.0,115,1
SLIM+SIG1,728315b5-039c-11f0-95c3-089df4bf3532,fertility,4,246,0.5454545617103577,0.07505488395690918,20589.0,0.0,115,1
SLIM+SIG1,728315b5-039c-11f0-95c3-089df4bf3532,fertility,4,247,0.5454545617103577,0.07472085952758789,20872.0,0.0,115,1
SLIM+SIG1,728315b5-039c-11f0-95c3-089df4bf3532,fertility,4,248,0.5454545617103577,0.07089734077453613,20923.0,0.0,115,1
SLIM+SIG1,728315b5-039c-11f0-95c3-089df4bf3532,fertility,4,249,0.5454545617103577,0.06909060478210449,20639.0,0.0,115,1
SLIM+SIG1,728315b5-039c-11f0-95c3-089df4bf3532,fertility,4,250,0.5454545617103577,0.07252192497253418,20623.0,0.0,115,1
SLIM+SIG1,728315b5-039c-11f0-95c3-089df4bf3532,fertility,4,251,0.5454545617103577,0.0720224380493164,20326.0,0.0,115,1
SLIM+SIG1,728315b5-039c-11f0-95c3-089df4bf3532,fertility,4,252,0.5454545617103577,0.07514691352844238,20352.0,0.0,115,1
SLIM+SIG1,728315b5-039c-11f0-95c3-089df4bf3532,fertility,4,253,0.5454545617103577,0.07352328300476074,20425.0,0.0,115,1
SLIM+SIG1,728315b5-039c-11f0-95c3-089df4bf3532,fertility,4,254,0.5454545617103577,0.07287120819091797,20300.0,0.0,115,1
SLIM+SIG1,728315b5-039c-11f0-95c3-089df4bf3532,fertility,4,255,0.5454545617103577,0.0739445686340332,20613.0,0.0,115,1
SLIM+SIG1,728315b5-039c-11f0-95c3-089df4bf3532,fertility,4,256,0.5454545617103577,0.07407069206237793,20491.0,0.0,115,1
SLIM+SIG1,728315b5-039c-11f0-95c3-089df4bf3532,fertility,4,257,0.5454545617103577,0.0719456672668457,20468.0,0.0,115,1
SLIM+SIG1,728315b5-039c-11f0-95c3-089df4bf3532,fertility,4,258,0.5454545617103577,0.07498431205749512,20591.0,0.0,115,1
SLIM+SIG1,728315b5-039c-11f0-95c3-089df4bf3532,fertility,4,259,0.5454545617103577,0.07269024848937988,20502.0,0.0,115,1
SLIM+SIG1,728315b5-039c-11f0-95c3-089df4bf3532,fertility,4,260,0.5454545617103577,0.0736093521118164,20460.0,0.0,115,1
SLIM+SIG1,728315b5-039c-11f0-95c3-089df4bf3532,fertility,4,261,0.5454545617103577,0.07433176040649414,20039.0,0.0,115,1
SLIM+SIG1,728315b5-039c-11f0-95c3-089df4bf3532,fertility,4,262,0.5454545617103577,0.07456183433532715,20242.0,0.0,115,1
SLIM+SIG1,728315b5-039c-11f0-95c3-089df4bf3532,fertility,4,263,0.5454545617103577,0.14882922172546387,19604.0,0.0,115,1
SLIM+SIG1,728315b5-039c-11f0-95c3-089df4bf3532,fertility,4,264,0.5454545617103577,0.0807955265045166,19847.0,0.0,115,1
SLIM+SIG1,728315b5-039c-11f0-95c3-089df4bf3532,fertility,4,265,0.5454545617103577,0.07751941680908203,19444.0,0.0,115,1
SLIM+SIG1,728315b5-039c-11f0-95c3-089df4bf3532,fertility,4,266,0.5454545617103577,0.07851529121398926,19734.0,0.0,115,1
SLIM+SIG1,728315b5-039c-11f0-95c3-089df4bf3532,fertility,4,267,0.5454545617103577,0.07413673400878906,19687.0,0.0,115,1
SLIM+SIG1,728315b5-039c-11f0-95c3-089df4bf3532,fertility,4,268,0.5454545617103577,0.0744178295135498,19421.0,0.0,115,1
SLIM+SIG1,728315b5-039c-11f0-95c3-089df4bf3532,fertility,4,269,0.5454545617103577,0.0775136947631836,19858.0,0.0,115,1
SLIM+SIG1,728315b5-039c-11f0-95c3-089df4bf3532,fertility,4,270,0.5454545617103577,0.07862615585327148,20041.0,0.0,115,1
SLIM+SIG1,728315b5-039c-11f0-95c3-089df4bf3532,fertility,4,271,0.5454545617103577,0.07663178443908691,19751.0,0.0,115,1
SLIM+SIG1,728315b5-039c-11f0-95c3-089df4bf3532,fertility,4,272,0.5454545617103577,0.07731461524963379,19205.0,0.0,115,1
SLIM+SIG1,728315b5-039c-11f0-95c3-089df4bf3532,fertility,4,273,0.5454545617103577,0.07535266876220703,19286.0,0.0,115,1
SLIM+SIG1,728315b5-039c-11f0-95c3-089df4bf3532,fertility,4,274,0.5454545617103577,0.076629638671875,19213.0,0.0,115,1
SLIM+SIG1,728315b5-039c-11f0-95c3-089df4bf3532,fertility,4,275,0.5454545617103577,0.07522726058959961,18734.0,0.0,115,1
SLIM+SIG1,728315b5-039c-11f0-95c3-089df4bf3532,fertility,4,276,0.5454545617103577,0.07551097869873047,18716.0,0.0,115,1
SLIM+SIG1,728315b5-039c-11f0-95c3-089df4bf3532,fertility,4,277,0.5454545617103577,0.07529616355895996,18802.0,0.0,115,1
SLIM+SIG1,728315b5-039c-11f0-95c3-089df4bf3532,fertility,4,278,0.5454545617103577,0.07657217979431152,18916.0,0.0,115,1
SLIM+SIG1,728315b5-039c-11f0-95c3-089df4bf3532,fertility,4,279,0.5454545617103577,0.07873415946960449,19078.0,0.0,115,1
SLIM+SIG1,728315b5-039c-11f0-95c3-089df4bf3532,fertility,4,280,0.5454545617103577,0.09041213989257812,18889.0,0.0,115,1
SLIM+SIG1,728315b5-039c-11f0-95c3-089df4bf3532,fertility,4,281,0.5454545617103577,0.0845174789428711,18517.0,0.0,115,1
SLIM+SIG1,728315b5-039c-11f0-95c3-089df4bf3532,fertility,4,282,0.5454545617103577,0.07823944091796875,18575.0,0.0,115,1
SLIM+SIG1,728315b5-039c-11f0-95c3-089df4bf3532,fertility,4,283,0.5454545617103577,0.07610130310058594,18071.0,0.0,115,1
SLIM+SIG1,728315b5-039c-11f0-95c3-089df4bf3532,fertility,4,284,0.5454545617103577,0.07667756080627441,17853.0,0.0,115,1
SLIM+SIG1,728315b5-039c-11f0-95c3-089df4bf3532,fertility,4,285,0.5454545617103577,0.07705998420715332,18820.0,0.0,115,1
SLIM+SIG1,728315b5-039c-11f0-95c3-089df4bf3532,fertility,4,286,0.5454545617103577,0.07429742813110352,18856.0,0.0,115,1
SLIM+SIG1,728315b5-039c-11f0-95c3-089df4bf3532,fertility,4,287,0.5454545617103577,0.07213282585144043,19099.0,0.0,115,1
SLIM+SIG1,728315b5-039c-11f0-95c3-089df4bf3532,fertility,4,288,0.5454545617103577,0.07970023155212402,18840.0,0.0,115,1
SLIM+SIG1,728315b5-039c-11f0-95c3-089df4bf3532,fertility,4,289,0.5454545617103577,0.07473635673522949,18748.0,0.0,115,1
SLIM+SIG1,728315b5-039c-11f0-95c3-089df4bf3532,fertility,4,290,0.5454545617103577,0.07711935043334961,18276.0,0.0,115,1
SLIM+SIG1,728315b5-039c-11f0-95c3-089df4bf3532,fertility,4,291,0.5454545617103577,0.0757150650024414,18052.0,0.0,115,1
SLIM+SIG1,728315b5-039c-11f0-95c3-089df4bf3532,fertility,4,292,0.5454545617103577,0.08082127571105957,17754.0,0.0,115,1
SLIM+SIG1,728315b5-039c-11f0-95c3-089df4bf3532,fertility,4,293,0.5454545617103577,0.07489967346191406,17870.0,0.0,115,1
SLIM+SIG1,728315b5-039c-11f0-95c3-089df4bf3532,fertility,4,294,0.5454545617103577,0.08262252807617188,17480.0,0.0,115,1
SLIM+SIG1,728315b5-039c-11f0-95c3-089df4bf3532,fertility,4,295,0.5454545617103577,0.07480406761169434,17824.0,0.0,115,1
SLIM+SIG1,728315b5-039c-11f0-95c3-089df4bf3532,fertility,4,296,0.5454545617103577,0.07555127143859863,17840.0,0.0,115,1
SLIM+SIG1,728315b5-039c-11f0-95c3-089df4bf3532,fertility,4,297,0.5454545617103577,0.07557034492492676,18045.0,0.0,115,1
SLIM+SIG1,728315b5-039c-11f0-95c3-089df4bf3532,fertility,4,298,0.5454545617103577,0.07451725006103516,17784.0,0.0,115,1
SLIM+SIG1,728315b5-039c-11f0-95c3-089df4bf3532,fertility,4,299,0.5454545617103577,0.07452178001403809,17780.0,0.0,115,1
SLIM+SIG1,728315b5-039c-11f0-95c3-089df4bf3532,fertility,4,300,0.5454545617103577,0.07399535179138184,17375.0,0.0,115,1
SLIM+SIG1,728315b5-039c-11f0-95c3-089df4bf3532,fertility,4,301,0.5454545617103577,0.08069849014282227,17213.0,0.0,115,1
SLIM+SIG1,728315b5-039c-11f0-95c3-089df4bf3532,fertility,4,302,0.5454545617103577,0.07295870780944824,17587.0,0.0,115,1
SLIM+SIG1,728315b5-039c-11f0-95c3-089df4bf3532,fertility,4,303,0.5454545617103577,0.0785372257232666,17212.0,0.0,115,1
SLIM+SIG1,728315b5-039c-11f0-95c3-089df4bf3532,fertility,4,304,0.5454545617103577,0.07677698135375977,16762.0,0.0,115,1
SLIM+SIG1,728315b5-039c-11f0-95c3-089df4bf3532,fertility,4,305,0.5454545617103577,0.0741117000579834,15261.0,0.0,115,1
SLIM+SIG1,728315b5-039c-11f0-95c3-089df4bf3532,fertility,4,306,0.5454545617103577,0.07635760307312012,14399.0,0.0,115,1
SLIM+SIG1,728315b5-039c-11f0-95c3-089df4bf3532,fertility,4,307,0.5454545617103577,0.07659077644348145,15267.0,0.0,115,1
SLIM+SIG1,728315b5-039c-11f0-95c3-089df4bf3532,fertility,4,308,0.5454545617103577,0.0750114917755127,16468.0,0.0,115,1
SLIM+SIG1,728315b5-039c-11f0-95c3-089df4bf3532,fertility,4,309,0.5454545617103577,0.0726785659790039,17274.0,0.0,115,1
SLIM+SIG1,728315b5-039c-11f0-95c3-089df4bf3532,fertility,4,310,0.5454545617103577,0.07225489616394043,17181.0,0.0,115,1
SLIM+SIG1,728315b5-039c-11f0-95c3-089df4bf3532,fertility,4,311,0.5454545617103577,0.07618451118469238,17764.0,0.0,115,1
SLIM+SIG1,728315b5-039c-11f0-95c3-089df4bf3532,fertility,4,312,0.5454545617103577,0.07480168342590332,17833.0,0.0,115,1
SLIM+SIG1,728315b5-039c-11f0-95c3-089df4bf3532,fertility,4,313,0.5454545617103577,0.14380645751953125,18026.0,0.0,115,1
SLIM+SIG1,728315b5-039c-11f0-95c3-089df4bf3532,fertility,4,314,0.5454545617103577,0.0733335018157959,17553.0,0.0,115,1
SLIM+SIG1,728315b5-039c-11f0-95c3-089df4bf3532,fertility,4,315,0.5454545617103577,0.07368612289428711,17073.0,0.0,115,1
SLIM+SIG1,728315b5-039c-11f0-95c3-089df4bf3532,fertility,4,316,0.5454545617103577,0.07235002517700195,16919.0,0.0,115,1
SLIM+SIG1,728315b5-039c-11f0-95c3-089df4bf3532,fertility,4,317,0.5454545617103577,0.07975959777832031,16730.0,0.0,115,1
SLIM+SIG1,728315b5-039c-11f0-95c3-089df4bf3532,fertility,4,318,0.5454545617103577,0.07991766929626465,16835.0,0.0,115,1
SLIM+SIG1,728315b5-039c-11f0-95c3-089df4bf3532,fertility,4,319,0.5454545617103577,0.07622456550598145,16619.0,0.0,115,1
SLIM+SIG1,728315b5-039c-11f0-95c3-089df4bf3532,fertility,4,320,0.5454545617103577,0.0760047435760498,16929.0,0.0,115,1
SLIM+SIG1,728315b5-039c-11f0-95c3-089df4bf3532,fertility,4,321,0.5454545617103577,0.0735313892364502,16192.0,0.0,115,1
SLIM+SIG1,728315b5-039c-11f0-95c3-089df4bf3532,fertility,4,322,0.5454545617103577,0.07354021072387695,16438.0,0.0,115,1
SLIM+SIG1,728315b5-039c-11f0-95c3-089df4bf3532,fertility,4,323,0.5454545617103577,0.07360100746154785,16309.0,0.0,115,1
SLIM+SIG1,728315b5-039c-11f0-95c3-089df4bf3532,fertility,4,324,0.5454545617103577,0.07767295837402344,16377.0,0.0,115,1
SLIM+SIG1,728315b5-039c-11f0-95c3-089df4bf3532,fertility,4,325,0.5454545617103577,0.07443070411682129,16422.0,0.0,115,1
SLIM+SIG1,728315b5-039c-11f0-95c3-089df4bf3532,fertility,4,326,0.5454545617103577,0.07449841499328613,15358.0,0.0,115,1
SLIM+SIG1,728315b5-039c-11f0-95c3-089df4bf3532,fertility,4,327,0.5454545617103577,0.07659125328063965,15378.0,0.0,115,1
SLIM+SIG1,728315b5-039c-11f0-95c3-089df4bf3532,fertility,4,328,0.5454545617103577,0.07658910751342773,15503.0,0.0,115,1
SLIM+SIG1,728315b5-039c-11f0-95c3-089df4bf3532,fertility,4,329,0.5454545617103577,0.07099080085754395,15214.0,0.0,115,1
SLIM+SIG1,728315b5-039c-11f0-95c3-089df4bf3532,fertility,4,330,0.5454545617103577,0.07378792762756348,15410.0,0.0,115,1
SLIM+SIG1,728315b5-039c-11f0-95c3-089df4bf3532,fertility,4,331,0.5454545617103577,0.07773756980895996,15365.0,0.0,115,1
SLIM+SIG1,728315b5-039c-11f0-95c3-089df4bf3532,fertility,4,332,0.5454545617103577,0.07059955596923828,14496.0,0.0,115,1
SLIM+SIG1,728315b5-039c-11f0-95c3-089df4bf3532,fertility,4,333,0.5454545617103577,0.0729982852935791,13621.0,0.0,115,1
SLIM+SIG1,728315b5-039c-11f0-95c3-089df4bf3532,fertility,4,334,0.5454545617103577,0.0743417739868164,13807.0,0.0,115,1
SLIM+SIG1,728315b5-039c-11f0-95c3-089df4bf3532,fertility,4,335,0.5454545617103577,0.07583093643188477,13142.0,0.0,115,1
SLIM+SIG1,728315b5-039c-11f0-95c3-089df4bf3532,fertility,4,336,0.5454545617103577,0.07561397552490234,12593.0,0.0,115,1
SLIM+SIG1,728315b5-039c-11f0-95c3-089df4bf3532,fertility,4,337,0.5454545617103577,0.07237076759338379,13471.0,0.0,115,1
SLIM+SIG1,728315b5-039c-11f0-95c3-089df4bf3532,fertility,4,338,0.5454545617103577,0.07455945014953613,13752.0,0.0,115,1
SLIM+SIG1,728315b5-039c-11f0-95c3-089df4bf3532,fertility,4,339,0.5454545617103577,0.0735931396484375,14115.0,0.0,115,1
SLIM+SIG1,728315b5-039c-11f0-95c3-089df4bf3532,fertility,4,340,0.5454545617103577,0.07274079322814941,13649.0,0.0,115,1
SLIM+SIG1,728315b5-039c-11f0-95c3-089df4bf3532,fertility,4,341,0.5454545617103577,0.07401919364929199,13254.0,0.0,115,1
SLIM+SIG1,728315b5-039c-11f0-95c3-089df4bf3532,fertility,4,342,0.5454545617103577,0.07149672508239746,13320.0,0.0,115,1
SLIM+SIG1,728315b5-039c-11f0-95c3-089df4bf3532,fertility,4,343,0.5454545617103577,0.07809209823608398,13642.0,0.0,115,1
SLIM+SIG1,728315b5-039c-11f0-95c3-089df4bf3532,fertility,4,344,0.5454545617103577,0.07284760475158691,13854.0,0.0,115,1
SLIM+SIG1,728315b5-039c-11f0-95c3-089df4bf3532,fertility,4,345,0.5454545617103577,0.07296180725097656,13531.0,0.0,115,1
SLIM+SIG1,728315b5-039c-11f0-95c3-089df4bf3532,fertility,4,346,0.5454545617103577,0.08367681503295898,13235.0,0.0,115,1
SLIM+SIG1,728315b5-039c-11f0-95c3-089df4bf3532,fertility,4,347,0.5454545617103577,0.07444262504577637,13463.0,0.0,115,1
SLIM+SIG1,728315b5-039c-11f0-95c3-089df4bf3532,fertility,4,348,0.5454545617103577,0.07152318954467773,12887.0,0.0,115,1
SLIM+SIG1,728315b5-039c-11f0-95c3-089df4bf3532,fertility,4,349,0.5454545617103577,0.07604742050170898,12876.0,0.0,115,1
SLIM+SIG1,728315b5-039c-11f0-95c3-089df4bf3532,fertility,4,350,0.5454545617103577,0.07254815101623535,13960.0,0.0,115,1
SLIM+SIG1,728315b5-039c-11f0-95c3-089df4bf3532,fertility,4,351,0.5454545617103577,0.07554841041564941,14898.0,0.0,115,1
SLIM+SIG1,728315b5-039c-11f0-95c3-089df4bf3532,fertility,4,352,0.5454545617103577,0.07457160949707031,14799.0,0.0,115,1
SLIM+SIG1,728315b5-039c-11f0-95c3-089df4bf3532,fertility,4,353,0.5454545617103577,0.07310771942138672,14955.0,0.0,115,1
SLIM+SIG1,728315b5-039c-11f0-95c3-089df4bf3532,fertility,4,354,0.5454545617103577,0.07532453536987305,15664.0,0.0,115,1
SLIM+SIG1,728315b5-039c-11f0-95c3-089df4bf3532,fertility,4,355,0.5454545617103577,0.07283735275268555,15824.0,0.0,115,1
SLIM+SIG1,728315b5-039c-11f0-95c3-089df4bf3532,fertility,4,356,0.5454545617103577,0.07270526885986328,15496.0,0.0,115,1
SLIM+SIG1,728315b5-039c-11f0-95c3-089df4bf3532,fertility,4,357,0.5454545617103577,0.07289743423461914,15229.0,0.0,115,1
SLIM+SIG1,728315b5-039c-11f0-95c3-089df4bf3532,fertility,4,358,0.5454545617103577,0.07572245597839355,14757.0,0.0,115,1
SLIM+SIG1,728315b5-039c-11f0-95c3-089df4bf3532,fertility,4,359,0.5454545617103577,0.0749359130859375,14328.0,0.0,115,1
SLIM+SIG1,728315b5-039c-11f0-95c3-089df4bf3532,fertility,4,360,0.5454545617103577,0.07044291496276855,14171.0,0.0,115,1
SLIM+SIG1,728315b5-039c-11f0-95c3-089df4bf3532,fertility,4,361,0.5454545617103577,0.07110118865966797,13430.0,0.0,115,1
SLIM+SIG1,728315b5-039c-11f0-95c3-089df4bf3532,fertility,4,362,0.5454545617103577,0.06962800025939941,13145.0,0.0,115,1
SLIM+SIG1,728315b5-039c-11f0-95c3-089df4bf3532,fertility,4,363,0.5454545617103577,0.07772207260131836,13598.0,0.0,115,1
SLIM+SIG1,728315b5-039c-11f0-95c3-089df4bf3532,fertility,4,364,0.5454545617103577,0.07217288017272949,13353.0,0.0,115,1
SLIM+SIG1,728315b5-039c-11f0-95c3-089df4bf3532,fertility,4,365,0.5454545617103577,0.14203882217407227,13344.0,0.0,115,1
SLIM+SIG1,728315b5-039c-11f0-95c3-089df4bf3532,fertility,4,366,0.5454545617103577,0.07162213325500488,13095.0,0.0,115,1
SLIM+SIG1,728315b5-039c-11f0-95c3-089df4bf3532,fertility,4,367,0.5454545617103577,0.07034778594970703,13180.0,0.0,115,1
SLIM+SIG1,728315b5-039c-11f0-95c3-089df4bf3532,fertility,4,368,0.5454545617103577,0.07855939865112305,12584.0,0.0,115,1
SLIM+SIG1,728315b5-039c-11f0-95c3-089df4bf3532,fertility,4,369,0.5454545617103577,0.07433819770812988,11884.0,0.0,115,1
SLIM+SIG1,728315b5-039c-11f0-95c3-089df4bf3532,fertility,4,370,0.5454545617103577,0.07112836837768555,12191.0,0.0,115,1
SLIM+SIG1,728315b5-039c-11f0-95c3-089df4bf3532,fertility,4,371,0.5454545617103577,0.07027196884155273,12258.0,0.0,115,1
SLIM+SIG1,728315b5-039c-11f0-95c3-089df4bf3532,fertility,4,372,0.5454545617103577,0.07361197471618652,12265.0,0.0,115,1
SLIM+SIG1,728315b5-039c-11f0-95c3-089df4bf3532,fertility,4,373,0.5454545617103577,0.07501888275146484,12605.0,0.0,115,1
SLIM+SIG1,728315b5-039c-11f0-95c3-089df4bf3532,fertility,4,374,0.5454545617103577,0.08039474487304688,12870.0,0.0,115,1
SLIM+SIG1,728315b5-039c-11f0-95c3-089df4bf3532,fertility,4,375,0.5454545617103577,0.07678413391113281,13458.0,0.0,115,1
SLIM+SIG1,728315b5-039c-11f0-95c3-089df4bf3532,fertility,4,376,0.5454545617103577,0.07408761978149414,13246.0,0.0,115,1
SLIM+SIG1,728315b5-039c-11f0-95c3-089df4bf3532,fertility,4,377,0.5454545617103577,0.07356572151184082,13363.0,0.0,115,1
SLIM+SIG1,728315b5-039c-11f0-95c3-089df4bf3532,fertility,4,378,0.5454545617103577,0.07672834396362305,13246.0,0.0,115,1
SLIM+SIG1,728315b5-039c-11f0-95c3-089df4bf3532,fertility,4,379,0.5454545617103577,0.07175326347351074,12950.0,0.0,115,1
SLIM+SIG1,728315b5-039c-11f0-95c3-089df4bf3532,fertility,4,380,0.5454545617103577,0.07243061065673828,12374.0,0.0,115,1
SLIM+SIG1,728315b5-039c-11f0-95c3-089df4bf3532,fertility,4,381,0.5454545617103577,0.07738566398620605,11509.0,0.0,115,1
SLIM+SIG1,728315b5-039c-11f0-95c3-089df4bf3532,fertility,4,382,0.5454545617103577,0.07089567184448242,11553.0,0.0,115,1
SLIM+SIG1,728315b5-039c-11f0-95c3-089df4bf3532,fertility,4,383,0.5454545617103577,0.07211613655090332,11850.0,0.0,115,1
SLIM+SIG1,728315b5-039c-11f0-95c3-089df4bf3532,fertility,4,384,0.5454545617103577,0.07034516334533691,11931.0,0.0,115,1
SLIM+SIG1,728315b5-039c-11f0-95c3-089df4bf3532,fertility,4,385,0.5454545617103577,0.07082962989807129,11717.0,0.0,115,1
SLIM+SIG1,728315b5-039c-11f0-95c3-089df4bf3532,fertility,4,386,0.5454545617103577,0.0740048885345459,11249.0,0.0,115,1
SLIM+SIG1,728315b5-039c-11f0-95c3-089df4bf3532,fertility,4,387,0.5454545617103577,0.07034111022949219,11712.0,0.0,115,1
SLIM+SIG1,728315b5-039c-11f0-95c3-089df4bf3532,fertility,4,388,0.5454545617103577,0.07189416885375977,12297.0,0.0,115,1
SLIM+SIG1,728315b5-039c-11f0-95c3-089df4bf3532,fertility,4,389,0.5454545617103577,0.0754234790802002,11792.0,0.0,115,1
SLIM+SIG1,728315b5-039c-11f0-95c3-089df4bf3532,fertility,4,390,0.5454545617103577,0.07206153869628906,10992.0,0.0,115,1
SLIM+SIG1,728315b5-039c-11f0-95c3-089df4bf3532,fertility,4,391,0.5454545617103577,0.06899595260620117,10463.0,0.0,115,1
SLIM+SIG1,728315b5-039c-11f0-95c3-089df4bf3532,fertility,4,392,0.5454545617103577,0.0744924545288086,10580.0,0.0,115,1
SLIM+SIG1,728315b5-039c-11f0-95c3-089df4bf3532,fertility,4,393,0.5454545617103577,0.07083916664123535,9550.0,0.0,115,1
SLIM+SIG1,728315b5-039c-11f0-95c3-089df4bf3532,fertility,4,394,0.5454545617103577,0.06968235969543457,9441.0,0.0,115,1
SLIM+SIG1,728315b5-039c-11f0-95c3-089df4bf3532,fertility,4,395,0.5454545617103577,0.07443833351135254,8796.0,0.0,115,1
SLIM+SIG1,728315b5-039c-11f0-95c3-089df4bf3532,fertility,4,396,0.5454545617103577,0.07473063468933105,9129.0,0.0,115,1
SLIM+SIG1,728315b5-039c-11f0-95c3-089df4bf3532,fertility,4,397,0.5454545617103577,0.06894659996032715,8419.0,0.0,115,1
SLIM+SIG1,728315b5-039c-11f0-95c3-089df4bf3532,fertility,4,398,0.5454545617103577,0.07003355026245117,7593.0,0.0,115,1
SLIM+SIG1,728315b5-039c-11f0-95c3-089df4bf3532,fertility,4,399,0.5454545617103577,0.07021570205688477,8095.0,0.0,115,1
SLIM+SIG1,728315b5-039c-11f0-95c3-089df4bf3532,fertility,4,400,0.5454545617103577,0.06996297836303711,8698.0,0.0,115,1
SLIM+SIG1,728315b5-039c-11f0-95c3-089df4bf3532,fertility,4,401,0.5454545617103577,0.07171130180358887,9030.0,0.0,115,1
SLIM+SIG1,728315b5-039c-11f0-95c3-089df4bf3532,fertility,4,402,0.5454545617103577,0.0701746940612793,9334.0,0.0,115,1
SLIM+SIG1,728315b5-039c-11f0-95c3-089df4bf3532,fertility,4,403,0.5454545617103577,0.07850337028503418,9970.0,0.0,115,1
SLIM+SIG1,728315b5-039c-11f0-95c3-089df4bf3532,fertility,4,404,0.5454545617103577,0.06904196739196777,9398.0,0.0,115,1
SLIM+SIG1,728315b5-039c-11f0-95c3-089df4bf3532,fertility,4,405,0.5454545617103577,0.0700075626373291,9129.0,0.0,115,1
SLIM+SIG1,728315b5-039c-11f0-95c3-089df4bf3532,fertility,4,406,0.5454545617103577,0.07229995727539062,9590.0,0.0,115,1
SLIM+SIG1,728315b5-039c-11f0-95c3-089df4bf3532,fertility,4,407,0.5454545617103577,0.06657290458679199,9549.0,0.0,115,1
SLIM+SIG1,728315b5-039c-11f0-95c3-089df4bf3532,fertility,4,408,0.5454545617103577,0.06774163246154785,9748.0,0.0,115,1
SLIM+SIG1,728315b5-039c-11f0-95c3-089df4bf3532,fertility,4,409,0.5454545617103577,0.06912875175476074,9097.0,0.0,115,1
SLIM+SIG1,728315b5-039c-11f0-95c3-089df4bf3532,fertility,4,410,0.5454545617103577,0.07074403762817383,8475.0,0.0,115,1
SLIM+SIG1,728315b5-039c-11f0-95c3-089df4bf3532,fertility,4,411,0.5454545617103577,0.07251262664794922,8424.0,0.0,115,1
SLIM+SIG1,728315b5-039c-11f0-95c3-089df4bf3532,fertility,4,412,0.5454545617103577,0.07121777534484863,7873.0,0.0,115,1
SLIM+SIG1,728315b5-039c-11f0-95c3-089df4bf3532,fertility,4,413,0.5454545617103577,0.07284069061279297,7396.0,0.0,115,1
SLIM+SIG1,728315b5-039c-11f0-95c3-089df4bf3532,fertility,4,414,0.5454545617103577,0.06998252868652344,6762.0,0.0,115,1
SLIM+SIG1,728315b5-039c-11f0-95c3-089df4bf3532,fertility,4,415,0.5454545617103577,0.06635856628417969,6202.0,0.0,115,1
SLIM+SIG1,728315b5-039c-11f0-95c3-089df4bf3532,fertility,4,416,0.5454545617103577,0.06711554527282715,5223.0,0.0,115,1
SLIM+SIG1,728315b5-039c-11f0-95c3-089df4bf3532,fertility,4,417,0.5454545617103577,0.07471537590026855,6155.0,0.0,115,1
SLIM+SIG1,728315b5-039c-11f0-95c3-089df4bf3532,fertility,4,418,0.5454545617103577,0.06575179100036621,7089.0,0.0,115,1
SLIM+SIG1,728315b5-039c-11f0-95c3-089df4bf3532,fertility,4,419,0.5454545617103577,0.07033801078796387,6407.0,0.0,115,1
SLIM+SIG1,728315b5-039c-11f0-95c3-089df4bf3532,fertility,4,420,0.5454545617103577,0.06750202178955078,6470.0,0.0,115,1
SLIM+SIG1,728315b5-039c-11f0-95c3-089df4bf3532,fertility,4,421,0.5454545617103577,0.06867504119873047,6909.0,0.0,115,1
SLIM+SIG1,728315b5-039c-11f0-95c3-089df4bf3532,fertility,4,422,0.5454545617103577,0.06906628608703613,8279.0,0.0,115,1
SLIM+SIG1,728315b5-039c-11f0-95c3-089df4bf3532,fertility,4,423,0.5454545617103577,0.07284259796142578,9262.0,0.0,115,1
SLIM+SIG1,728315b5-039c-11f0-95c3-089df4bf3532,fertility,4,424,0.5454545617103577,0.06940579414367676,8882.0,0.0,115,1
SLIM+SIG1,728315b5-039c-11f0-95c3-089df4bf3532,fertility,4,425,0.5454545617103577,0.07284426689147949,9781.0,0.0,115,1
SLIM+SIG1,728315b5-039c-11f0-95c3-089df4bf3532,fertility,4,426,0.5454545617103577,0.06967639923095703,9536.0,0.0,115,1
SLIM+SIG1,728315b5-039c-11f0-95c3-089df4bf3532,fertility,4,427,0.5454545617103577,0.07072162628173828,9421.0,0.0,115,1
SLIM+SIG1,728315b5-039c-11f0-95c3-089df4bf3532,fertility,4,428,0.5454545617103577,0.06702971458435059,9973.0,0.0,115,1
SLIM+SIG1,728315b5-039c-11f0-95c3-089df4bf3532,fertility,4,429,0.5454545617103577,0.07283711433410645,10598.0,0.0,115,1
SLIM+SIG1,728315b5-039c-11f0-95c3-089df4bf3532,fertility,4,430,0.5454545617103577,0.06689620018005371,10385.0,0.0,115,1
SLIM+SIG1,728315b5-039c-11f0-95c3-089df4bf3532,fertility,4,431,0.5454545617103577,0.07248640060424805,11321.0,0.0,115,1
SLIM+SIG1,728315b5-039c-11f0-95c3-089df4bf3532,fertility,4,432,0.5454545617103577,0.07110857963562012,11155.0,0.0,115,1
SLIM+SIG1,728315b5-039c-11f0-95c3-089df4bf3532,fertility,4,433,0.5454545617103577,0.15494894981384277,10264.0,0.0,115,1
SLIM+SIG1,728315b5-039c-11f0-95c3-089df4bf3532,fertility,4,434,0.5454545617103577,0.0708913803100586,9985.0,0.0,115,1
SLIM+SIG1,728315b5-039c-11f0-95c3-089df4bf3532,fertility,4,435,0.5454545617103577,0.06998729705810547,9223.0,0.0,115,1
SLIM+SIG1,728315b5-039c-11f0-95c3-089df4bf3532,fertility,4,436,0.5454545617103577,0.0690004825592041,8996.0,0.0,115,1
SLIM+SIG1,728315b5-039c-11f0-95c3-089df4bf3532,fertility,4,437,0.5454545617103577,0.06859898567199707,8584.0,0.0,115,1
SLIM+SIG1,728315b5-039c-11f0-95c3-089df4bf3532,fertility,4,438,0.5454545617103577,0.07203865051269531,7541.0,0.0,115,1
SLIM+SIG1,728315b5-039c-11f0-95c3-089df4bf3532,fertility,4,439,0.5454545617103577,0.07163047790527344,7456.0,0.0,115,1
SLIM+SIG1,728315b5-039c-11f0-95c3-089df4bf3532,fertility,4,440,0.5454545617103577,0.06723546981811523,6856.0,0.0,115,1
SLIM+SIG1,728315b5-039c-11f0-95c3-089df4bf3532,fertility,4,441,0.5454545617103577,0.06819844245910645,7557.0,0.0,115,1
SLIM+SIG1,728315b5-039c-11f0-95c3-089df4bf3532,fertility,4,442,0.5454545617103577,0.06705951690673828,6882.0,0.0,115,1
SLIM+SIG1,728315b5-039c-11f0-95c3-089df4bf3532,fertility,4,443,0.5454545617103577,0.0708932876586914,7436.0,0.0,115,1
SLIM+SIG1,728315b5-039c-11f0-95c3-089df4bf3532,fertility,4,444,0.5454545617103577,0.06511354446411133,7359.0,0.0,115,1
SLIM+SIG1,728315b5-039c-11f0-95c3-089df4bf3532,fertility,4,445,0.5454545617103577,0.07053637504577637,8191.0,0.0,115,1
SLIM+SIG1,728315b5-039c-11f0-95c3-089df4bf3532,fertility,4,446,0.5454545617103577,0.06939864158630371,8670.0,0.0,115,1
SLIM+SIG1,728315b5-039c-11f0-95c3-089df4bf3532,fertility,4,447,0.5454545617103577,0.06765413284301758,8465.0,0.0,115,1
SLIM+SIG1,728315b5-039c-11f0-95c3-089df4bf3532,fertility,4,448,0.5454545617103577,0.06861329078674316,7896.0,0.0,115,1
SLIM+SIG1,728315b5-039c-11f0-95c3-089df4bf3532,fertility,4,449,0.5454545617103577,0.06210470199584961,7903.0,0.0,115,1
SLIM+SIG1,728315b5-039c-11f0-95c3-089df4bf3532,fertility,4,450,0.5454545617103577,0.06481456756591797,7377.0,0.0,115,1
SLIM+SIG1,728315b5-039c-11f0-95c3-089df4bf3532,fertility,4,451,0.5454545617103577,0.06571578979492188,7913.0,0.0,115,1
SLIM+SIG1,728315b5-039c-11f0-95c3-089df4bf3532,fertility,4,452,0.5454545617103577,0.06443405151367188,7066.0,0.0,115,1
SLIM+SIG1,728315b5-039c-11f0-95c3-089df4bf3532,fertility,4,453,0.5454545617103577,0.07071256637573242,7867.0,0.0,115,1
SLIM+SIG1,728315b5-039c-11f0-95c3-089df4bf3532,fertility,4,454,0.5454545617103577,0.06782293319702148,8102.0,0.0,115,1
SLIM+SIG1,728315b5-039c-11f0-95c3-089df4bf3532,fertility,4,455,0.5454545617103577,0.0651097297668457,8318.0,0.0,115,1
SLIM+SIG1,728315b5-039c-11f0-95c3-089df4bf3532,fertility,4,456,0.5454545617103577,0.06805896759033203,7398.0,0.0,115,1
SLIM+SIG1,728315b5-039c-11f0-95c3-089df4bf3532,fertility,4,457,0.5454545617103577,0.06978344917297363,7073.0,0.0,115,1
SLIM+SIG1,728315b5-039c-11f0-95c3-089df4bf3532,fertility,4,458,0.5454545617103577,0.06705832481384277,5919.0,0.0,115,1
SLIM+SIG1,728315b5-039c-11f0-95c3-089df4bf3532,fertility,4,459,0.5454545617103577,0.06423664093017578,5843.0,0.0,115,1
SLIM+SIG1,728315b5-039c-11f0-95c3-089df4bf3532,fertility,4,460,0.5454545617103577,0.06483078002929688,4899.0,0.0,115,1
SLIM+SIG1,728315b5-039c-11f0-95c3-089df4bf3532,fertility,4,461,0.5454545617103577,0.06310772895812988,4569.0,0.0,115,1
SLIM+SIG1,728315b5-039c-11f0-95c3-089df4bf3532,fertility,4,462,0.5454545617103577,0.06384587287902832,4017.0,0.0,115,1
SLIM+SIG1,728315b5-039c-11f0-95c3-089df4bf3532,fertility,4,463,0.5454545617103577,0.06785893440246582,3359.0,0.0,115,1
SLIM+SIG1,728315b5-039c-11f0-95c3-089df4bf3532,fertility,4,464,0.5454545617103577,0.06781244277954102,3472.0,0.0,115,1
SLIM+SIG1,728315b5-039c-11f0-95c3-089df4bf3532,fertility,4,465,0.5454545617103577,0.07070636749267578,3101.0,0.0,115,1
SLIM+SIG1,728315b5-039c-11f0-95c3-089df4bf3532,fertility,4,466,0.5454545617103577,0.06422805786132812,2399.0,0.0,115,1
SLIM+SIG1,728315b5-039c-11f0-95c3-089df4bf3532,fertility,4,467,0.5454545617103577,0.06372451782226562,1912.0,0.0,115,1
SLIM+SIG1,728315b5-039c-11f0-95c3-089df4bf3532,fertility,4,468,0.5454545617103577,0.06037497520446777,2406.0,0.0,115,1
SLIM+SIG1,728315b5-039c-11f0-95c3-089df4bf3532,fertility,4,469,0.5454545617103577,0.0593259334564209,3325.0,0.0,115,1
SLIM+SIG1,728315b5-039c-11f0-95c3-089df4bf3532,fertility,4,470,0.5454545617103577,0.0599980354309082,3718.0,0.0,115,1
SLIM+SIG1,728315b5-039c-11f0-95c3-089df4bf3532,fertility,4,471,0.5454545617103577,0.05983996391296387,5203.0,0.0,115,1
SLIM+SIG1,728315b5-039c-11f0-95c3-089df4bf3532,fertility,4,472,0.5454545617103577,0.05837416648864746,5865.0,0.0,115,1
SLIM+SIG1,728315b5-039c-11f0-95c3-089df4bf3532,fertility,4,473,0.5454545617103577,0.06292915344238281,6959.0,0.0,115,1
SLIM+SIG1,728315b5-039c-11f0-95c3-089df4bf3532,fertility,4,474,0.5454545617103577,0.06427454948425293,7294.0,0.0,115,1
SLIM+SIG1,728315b5-039c-11f0-95c3-089df4bf3532,fertility,4,475,0.5454545617103577,0.06504440307617188,6966.0,0.0,115,1
SLIM+SIG1,728315b5-039c-11f0-95c3-089df4bf3532,fertility,4,476,0.5454545617103577,0.06647062301635742,6559.0,0.0,115,1
SLIM+SIG1,728315b5-039c-11f0-95c3-089df4bf3532,fertility,4,477,0.5454545617103577,0.06373071670532227,6340.0,0.0,115,1
SLIM+SIG1,728315b5-039c-11f0-95c3-089df4bf3532,fertility,4,478,0.5454545617103577,0.06704545021057129,6858.0,0.0,115,1
SLIM+SIG1,728315b5-039c-11f0-95c3-089df4bf3532,fertility,4,479,0.5454545617103577,0.06420326232910156,6184.0,0.0,115,1
SLIM+SIG1,728315b5-039c-11f0-95c3-089df4bf3532,fertility,4,480,0.5454545617103577,0.06072688102722168,6082.0,0.0,115,1
SLIM+SIG1,728315b5-039c-11f0-95c3-089df4bf3532,fertility,4,481,0.5454545617103577,0.06510305404663086,6193.0,0.0,115,1
SLIM+SIG1,728315b5-039c-11f0-95c3-089df4bf3532,fertility,4,482,0.5454545617103577,0.06472158432006836,5711.0,0.0,115,1
SLIM+SIG1,728315b5-039c-11f0-95c3-089df4bf3532,fertility,4,483,0.5454545617103577,0.06492424011230469,4982.0,0.0,115,1
SLIM+SIG1,728315b5-039c-11f0-95c3-089df4bf3532,fertility,4,484,0.5454545617103577,0.06300592422485352,4752.0,0.0,115,1
SLIM+SIG1,728315b5-039c-11f0-95c3-089df4bf3532,fertility,4,485,0.5454545617103577,0.06130814552307129,4741.0,0.0,115,1
SLIM+SIG1,728315b5-039c-11f0-95c3-089df4bf3532,fertility,4,486,0.5454545617103577,0.06330561637878418,4843.0,0.0,115,1
SLIM+SIG1,728315b5-039c-11f0-95c3-089df4bf3532,fertility,4,487,0.5454545617103577,0.06311154365539551,4612.0,0.0,115,1
SLIM+SIG1,728315b5-039c-11f0-95c3-089df4bf3532,fertility,4,488,0.5454545617103577,0.06242012977600098,4671.0,0.0,115,1
SLIM+SIG1,728315b5-039c-11f0-95c3-089df4bf3532,fertility,4,489,0.5454545617103577,0.06597661972045898,4631.0,0.0,115,1
SLIM+SIG1,728315b5-039c-11f0-95c3-089df4bf3532,fertility,4,490,0.5454545617103577,0.06301593780517578,5016.0,0.0,115,1
SLIM+SIG1,728315b5-039c-11f0-95c3-089df4bf3532,fertility,4,491,0.5454545617103577,0.06255173683166504,5572.0,0.0,115,1
SLIM+SIG1,728315b5-039c-11f0-95c3-089df4bf3532,fertility,4,492,0.5454545617103577,0.06305885314941406,5496.0,0.0,115,1
SLIM+SIG1,728315b5-039c-11f0-95c3-089df4bf3532,fertility,4,493,0.5454545617103577,0.06299805641174316,6088.0,0.0,115,1
SLIM+SIG1,728315b5-039c-11f0-95c3-089df4bf3532,fertility,4,494,0.5454545617103577,0.06172990798950195,5322.0,0.0,115,1
SLIM+SIG1,728315b5-039c-11f0-95c3-089df4bf3532,fertility,4,495,0.5454545617103577,0.06411433219909668,5476.0,0.0,115,1
SLIM+SIG1,728315b5-039c-11f0-95c3-089df4bf3532,fertility,4,496,0.5454545617103577,0.07425332069396973,5383.0,0.0,115,1
SLIM+SIG1,728315b5-039c-11f0-95c3-089df4bf3532,fertility,4,497,0.5454545617103577,0.06891536712646484,6188.0,0.0,115,1
SLIM+SIG1,728315b5-039c-11f0-95c3-089df4bf3532,fertility,4,498,0.5454545617103577,0.06385970115661621,6400.0,0.0,115,1
SLIM+SIG1,728315b5-039c-11f0-95c3-089df4bf3532,fertility,4,499,0.5454545617103577,0.06389904022216797,5131.0,0.0,115,1
SLIM+SIG1,728315b5-039c-11f0-95c3-089df4bf3532,fertility,4,500,0.5454545617103577,0.06305289268493652,4300.0,0.0,115,1
SLIM+SIG1,728315b5-039c-11f0-95c3-089df4bf3532,fertility,5,0,0.3333333432674408,0.10365962982177734,2684.0,0.3333333432674408,3,1
SLIM+SIG1,728315b5-039c-11f0-95c3-089df4bf3532,fertility,5,1,0.3333333432674408,0.08657503128051758,4663.0,0.3333333432674408,3,1
SLIM+SIG1,728315b5-039c-11f0-95c3-089df4bf3532,fertility,5,2,0.41379314661026,0.09285378456115723,6528.0,0.3636363744735718,29,1
SLIM+SIG1,728315b5-039c-11f0-95c3-089df4bf3532,fertility,5,3,0.4285714626312256,0.09267783164978027,8959.0,0.3636363744735718,40,1
SLIM+SIG1,728315b5-039c-11f0-95c3-089df4bf3532,fertility,5,4,0.4285714626312256,0.09145498275756836,11443.0,0.3636363744735718,40,1
SLIM+SIG1,728315b5-039c-11f0-95c3-089df4bf3532,fertility,5,5,0.4285714626312256,0.09261941909790039,13870.0,0.3636363744735718,40,1
SLIM+SIG1,728315b5-039c-11f0-95c3-089df4bf3532,fertility,5,6,0.4285714626312256,0.09244894981384277,15827.0,0.3636363744735718,40,1
SLIM+SIG1,728315b5-039c-11f0-95c3-089df4bf3532,fertility,5,7,0.4444444179534912,0.09913897514343262,18073.0,0.4000000059604645,75,1
SLIM+SIG1,728315b5-039c-11f0-95c3-089df4bf3532,fertility,5,8,0.4615384340286255,0.09088563919067383,19984.0,0.4000000059604645,84,1
SLIM+SIG1,728315b5-039c-11f0-95c3-089df4bf3532,fertility,5,9,0.5,0.09383893013000488,21791.0,0.0,104,1
SLIM+SIG1,728315b5-039c-11f0-95c3-089df4bf3532,fertility,5,10,0.5,0.15930795669555664,23538.0,0.0,104,1
SLIM+SIG1,728315b5-039c-11f0-95c3-089df4bf3532,fertility,5,11,0.5,0.07172393798828125,23962.0,0.0,104,1
SLIM+SIG1,728315b5-039c-11f0-95c3-089df4bf3532,fertility,5,12,0.5,0.11083388328552246,24334.0,0.0,104,1
SLIM+SIG1,728315b5-039c-11f0-95c3-089df4bf3532,fertility,5,13,0.5,0.11051177978515625,24000.0,0.0,104,1
SLIM+SIG1,728315b5-039c-11f0-95c3-089df4bf3532,fertility,5,14,0.5,0.1015164852142334,23714.0,0.0,104,1
SLIM+SIG1,728315b5-039c-11f0-95c3-089df4bf3532,fertility,5,15,0.5,0.11953377723693848,23545.0,0.0,104,1
SLIM+SIG1,728315b5-039c-11f0-95c3-089df4bf3532,fertility,5,16,0.5,0.1340317726135254,22964.0,0.0,104,1
SLIM+SIG1,728315b5-039c-11f0-95c3-089df4bf3532,fertility,5,17,0.5,0.17783904075622559,22663.0,0.0,104,1
SLIM+SIG1,728315b5-039c-11f0-95c3-089df4bf3532,fertility,5,18,0.5,0.12041568756103516,21868.0,0.0,104,1
SLIM+SIG1,728315b5-039c-11f0-95c3-089df4bf3532,fertility,5,19,0.5,0.08061623573303223,21357.0,0.0,104,1
SLIM+SIG1,728315b5-039c-11f0-95c3-089df4bf3532,fertility,5,20,0.5,0.06551313400268555,21183.0,0.0,104,1
SLIM+SIG1,728315b5-039c-11f0-95c3-089df4bf3532,fertility,5,21,0.5,0.06042885780334473,20848.0,0.0,104,1
SLIM+SIG1,728315b5-039c-11f0-95c3-089df4bf3532,fertility,5,22,0.5,0.06334042549133301,20870.0,0.0,104,1
SLIM+SIG1,728315b5-039c-11f0-95c3-089df4bf3532,fertility,5,23,0.5,0.061597347259521484,20920.0,0.0,104,1
SLIM+SIG1,728315b5-039c-11f0-95c3-089df4bf3532,fertility,5,24,0.5,0.06088972091674805,20924.0,0.0,104,1
SLIM+SIG1,728315b5-039c-11f0-95c3-089df4bf3532,fertility,5,25,0.5555555820465088,0.06100106239318848,20978.0,0.0,104,1
SLIM+SIG1,728315b5-039c-11f0-95c3-089df4bf3532,fertility,5,26,0.5555555820465088,0.0600888729095459,21091.0,0.0,104,1
SLIM+SIG1,728315b5-039c-11f0-95c3-089df4bf3532,fertility,5,27,0.5555555820465088,0.05776023864746094,21074.0,0.0,104,1
SLIM+SIG1,728315b5-039c-11f0-95c3-089df4bf3532,fertility,5,28,0.5555555820465088,0.06008577346801758,20973.0,0.0,104,1
SLIM+SIG1,728315b5-039c-11f0-95c3-089df4bf3532,fertility,5,29,0.5555555820465088,0.06030011177062988,20846.0,0.0,104,1
SLIM+SIG1,728315b5-039c-11f0-95c3-089df4bf3532,fertility,5,30,0.5555555820465088,0.059223175048828125,20878.0,0.0,104,1
SLIM+SIG1,728315b5-039c-11f0-95c3-089df4bf3532,fertility,5,31,0.5555555820465088,0.058730125427246094,20789.0,0.0,104,1
SLIM+SIG1,728315b5-039c-11f0-95c3-089df4bf3532,fertility,5,32,0.5555555820465088,0.05991387367248535,20763.0,0.0,104,1
SLIM+SIG1,728315b5-039c-11f0-95c3-089df4bf3532,fertility,5,33,0.5555555820465088,0.0565488338470459,20749.0,0.0,104,1
SLIM+SIG1,728315b5-039c-11f0-95c3-089df4bf3532,fertility,5,34,0.5555555820465088,0.057805776596069336,20657.0,0.0,104,1
SLIM+SIG1,728315b5-039c-11f0-95c3-089df4bf3532,fertility,5,35,0.5555555820465088,0.05749797821044922,20655.0,0.0,104,1
SLIM+SIG1,728315b5-039c-11f0-95c3-089df4bf3532,fertility,5,36,0.5555555820465088,0.05896353721618652,20675.0,0.0,104,1
SLIM+SIG1,728315b5-039c-11f0-95c3-089df4bf3532,fertility,5,37,0.5555555820465088,0.05884718894958496,20679.0,0.0,104,1
SLIM+SIG1,728315b5-039c-11f0-95c3-089df4bf3532,fertility,5,38,0.5555555820465088,0.060973167419433594,20629.0,0.0,104,1
SLIM+SIG1,728315b5-039c-11f0-95c3-089df4bf3532,fertility,5,39,0.5882353186607361,0.056104183197021484,20668.0,0.0,104,1
SLIM+SIG1,728315b5-039c-11f0-95c3-089df4bf3532,fertility,5,40,0.5882353186607361,0.057170867919921875,20620.0,0.0,104,1
SLIM+SIG1,728315b5-039c-11f0-95c3-089df4bf3532,fertility,5,41,0.5882353186607361,0.06650495529174805,20655.0,0.0,104,1
SLIM+SIG1,728315b5-039c-11f0-95c3-089df4bf3532,fertility,5,42,0.5882353186607361,0.05764937400817871,20644.0,0.0,104,1
SLIM+SIG1,728315b5-039c-11f0-95c3-089df4bf3532,fertility,5,43,0.5882353186607361,0.05725288391113281,20578.0,0.0,104,1
SLIM+SIG1,728315b5-039c-11f0-95c3-089df4bf3532,fertility,5,44,0.5882353186607361,0.06347990036010742,20587.0,0.0,104,1
SLIM+SIG1,728315b5-039c-11f0-95c3-089df4bf3532,fertility,5,45,0.5882353186607361,0.06338858604431152,20541.0,0.0,104,1
SLIM+SIG1,728315b5-039c-11f0-95c3-089df4bf3532,fertility,5,46,0.5882353186607361,0.06250929832458496,20655.0,0.0,104,1
SLIM+SIG1,728315b5-039c-11f0-95c3-089df4bf3532,fertility,5,47,0.5882353186607361,0.06112790107727051,20572.0,0.0,104,1
SLIM+SIG1,728315b5-039c-11f0-95c3-089df4bf3532,fertility,5,48,0.5882353186607361,0.062111854553222656,20574.0,0.0,104,1
SLIM+SIG1,728315b5-039c-11f0-95c3-089df4bf3532,fertility,5,49,0.5882353186607361,0.058927059173583984,20565.0,0.0,104,1
SLIM+SIG1,728315b5-039c-11f0-95c3-089df4bf3532,fertility,5,50,0.5882353186607361,0.06508493423461914,20569.0,0.0,104,1
SLIM+SIG1,728315b5-039c-11f0-95c3-089df4bf3532,fertility,5,51,0.5882353186607361,0.0623629093170166,20550.0,0.0,104,1
SLIM+SIG1,728315b5-039c-11f0-95c3-089df4bf3532,fertility,5,52,0.5882353186607361,0.06089019775390625,20502.0,0.0,104,1
SLIM+SIG1,728315b5-039c-11f0-95c3-089df4bf3532,fertility,5,53,0.5882353186607361,0.062148332595825195,20556.0,0.0,104,1
SLIM+SIG1,728315b5-039c-11f0-95c3-089df4bf3532,fertility,5,54,0.5882353186607361,0.05799365043640137,20596.0,0.0,104,1
SLIM+SIG1,728315b5-039c-11f0-95c3-089df4bf3532,fertility,5,55,0.5882353186607361,0.06162714958190918,20600.0,0.0,104,1
SLIM+SIG1,728315b5-039c-11f0-95c3-089df4bf3532,fertility,5,56,0.5882353186607361,0.0598902702331543,20556.0,0.0,104,1
SLIM+SIG1,728315b5-039c-11f0-95c3-089df4bf3532,fertility,5,57,0.5882353186607361,0.06261324882507324,20543.0,0.0,104,1
SLIM+SIG1,728315b5-039c-11f0-95c3-089df4bf3532,fertility,5,58,0.5882353186607361,0.06381654739379883,20567.0,0.0,104,1
SLIM+SIG1,728315b5-039c-11f0-95c3-089df4bf3532,fertility,5,59,0.5882353186607361,0.059153079986572266,20530.0,0.0,104,1
SLIM+SIG1,728315b5-039c-11f0-95c3-089df4bf3532,fertility,5,60,0.5882353186607361,0.061116695404052734,20611.0,0.0,104,1
SLIM+SIG1,728315b5-039c-11f0-95c3-089df4bf3532,fertility,5,61,0.5882353186607361,0.06019783020019531,20543.0,0.0,104,1
SLIM+SIG1,728315b5-039c-11f0-95c3-089df4bf3532,fertility,5,62,0.5882353186607361,0.06150984764099121,20594.0,0.0,104,1
SLIM+SIG1,728315b5-039c-11f0-95c3-089df4bf3532,fertility,5,63,0.5882353186607361,0.06156158447265625,20515.0,0.0,104,1
SLIM+SIG1,728315b5-039c-11f0-95c3-089df4bf3532,fertility,5,64,0.5882353186607361,0.06404471397399902,20462.0,0.0,104,1
SLIM+SIG1,728315b5-039c-11f0-95c3-089df4bf3532,fertility,5,65,0.5882353186607361,0.06160569190979004,20436.0,0.0,104,1
SLIM+SIG1,728315b5-039c-11f0-95c3-089df4bf3532,fertility,5,66,0.5882353186607361,0.05974864959716797,20514.0,0.0,104,1
SLIM+SIG1,728315b5-039c-11f0-95c3-089df4bf3532,fertility,5,67,0.5882353186607361,0.059622764587402344,20370.0,0.0,104,1
SLIM+SIG1,728315b5-039c-11f0-95c3-089df4bf3532,fertility,5,68,0.5882353186607361,0.06340551376342773,20385.0,0.0,104,1
SLIM+SIG1,728315b5-039c-11f0-95c3-089df4bf3532,fertility,5,69,0.5882353186607361,0.06453609466552734,20433.0,0.0,104,1
SLIM+SIG1,728315b5-039c-11f0-95c3-089df4bf3532,fertility,5,70,0.5882353186607361,0.062113285064697266,20365.0,0.0,104,1
SLIM+SIG1,728315b5-039c-11f0-95c3-089df4bf3532,fertility,5,71,0.5882353186607361,0.060616254806518555,20512.0,0.0,104,1
SLIM+SIG1,728315b5-039c-11f0-95c3-089df4bf3532,fertility,5,72,0.5882353186607361,0.06089520454406738,20541.0,0.0,104,1
SLIM+SIG1,728315b5-039c-11f0-95c3-089df4bf3532,fertility,5,73,0.5882353186607361,0.0616145133972168,20398.0,0.0,104,1
SLIM+SIG1,728315b5-039c-11f0-95c3-089df4bf3532,fertility,5,74,0.5882353186607361,0.06561613082885742,20473.0,0.0,104,1
SLIM+SIG1,728315b5-039c-11f0-95c3-089df4bf3532,fertility,5,75,0.5882353186607361,0.05945897102355957,20453.0,0.0,104,1
SLIM+SIG1,728315b5-039c-11f0-95c3-089df4bf3532,fertility,5,76,0.5882353186607361,0.0624690055847168,20368.0,0.0,104,1
SLIM+SIG1,728315b5-039c-11f0-95c3-089df4bf3532,fertility,5,77,0.5882353186607361,0.06340813636779785,20390.0,0.0,104,1
SLIM+SIG1,728315b5-039c-11f0-95c3-089df4bf3532,fertility,5,78,0.5882353186607361,0.06212139129638672,20390.0,0.0,104,1
SLIM+SIG1,728315b5-039c-11f0-95c3-089df4bf3532,fertility,5,79,0.5882353186607361,0.060855865478515625,20477.0,0.0,104,1
SLIM+SIG1,728315b5-039c-11f0-95c3-089df4bf3532,fertility,5,80,0.5882353186607361,0.06055903434753418,20427.0,0.0,104,1
SLIM+SIG1,728315b5-039c-11f0-95c3-089df4bf3532,fertility,5,81,0.5882353186607361,0.05961179733276367,20444.0,0.0,104,1
SLIM+SIG1,728315b5-039c-11f0-95c3-089df4bf3532,fertility,5,82,0.5882353186607361,0.05778861045837402,20552.0,0.0,104,1
SLIM+SIG1,728315b5-039c-11f0-95c3-089df4bf3532,fertility,5,83,0.5882353186607361,0.059502363204956055,20359.0,0.0,104,1
SLIM+SIG1,728315b5-039c-11f0-95c3-089df4bf3532,fertility,5,84,0.5882353186607361,0.07058453559875488,20377.0,0.0,104,1
SLIM+SIG1,728315b5-039c-11f0-95c3-089df4bf3532,fertility,5,85,0.5882353186607361,0.07371783256530762,20420.0,0.0,104,1
SLIM+SIG1,728315b5-039c-11f0-95c3-089df4bf3532,fertility,5,86,0.5882353186607361,0.0603022575378418,20488.0,0.0,104,1
SLIM+SIG1,728315b5-039c-11f0-95c3-089df4bf3532,fertility,5,87,0.5882353186607361,0.061811208724975586,20372.0,0.0,104,1
SLIM+SIG1,728315b5-039c-11f0-95c3-089df4bf3532,fertility,5,88,0.5882353186607361,0.05758500099182129,20488.0,0.0,104,1
SLIM+SIG1,728315b5-039c-11f0-95c3-089df4bf3532,fertility,5,89,0.5882353186607361,0.06298232078552246,20259.0,0.0,104,1
SLIM+SIG1,728315b5-039c-11f0-95c3-089df4bf3532,fertility,5,90,0.5882353186607361,0.06484007835388184,20330.0,0.0,104,1
SLIM+SIG1,728315b5-039c-11f0-95c3-089df4bf3532,fertility,5,91,0.5882353186607361,0.06000065803527832,20319.0,0.0,104,1
SLIM+SIG1,728315b5-039c-11f0-95c3-089df4bf3532,fertility,5,92,0.5882353186607361,0.060837507247924805,20372.0,0.0,104,1
SLIM+SIG1,728315b5-039c-11f0-95c3-089df4bf3532,fertility,5,93,0.5882353186607361,0.0625162124633789,20346.0,0.0,104,1
SLIM+SIG1,728315b5-039c-11f0-95c3-089df4bf3532,fertility,5,94,0.5882353186607361,0.06010794639587402,20311.0,0.0,104,1
SLIM+SIG1,728315b5-039c-11f0-95c3-089df4bf3532,fertility,5,95,0.5882353186607361,0.05971717834472656,20344.0,0.0,104,1
SLIM+SIG1,728315b5-039c-11f0-95c3-089df4bf3532,fertility,5,96,0.5882353186607361,0.061666011810302734,20375.0,0.0,104,1
SLIM+SIG1,728315b5-039c-11f0-95c3-089df4bf3532,fertility,5,97,0.5882353186607361,0.06000995635986328,20412.0,0.0,104,1
SLIM+SIG1,728315b5-039c-11f0-95c3-089df4bf3532,fertility,5,98,0.5882353186607361,0.059848785400390625,20363.0,0.0,104,1
SLIM+SIG1,728315b5-039c-11f0-95c3-089df4bf3532,fertility,5,99,0.5882353186607361,0.05910801887512207,20314.0,0.0,104,1
SLIM+SIG1,728315b5-039c-11f0-95c3-089df4bf3532,fertility,5,100,0.5882353186607361,0.06098794937133789,20267.0,0.0,104,1
SLIM+SIG1,728315b5-039c-11f0-95c3-089df4bf3532,fertility,5,101,0.5882353186607361,0.061957359313964844,20314.0,0.0,104,1
SLIM+SIG1,728315b5-039c-11f0-95c3-089df4bf3532,fertility,5,102,0.5882353186607361,0.05909991264343262,20267.0,0.0,104,1
SLIM+SIG1,728315b5-039c-11f0-95c3-089df4bf3532,fertility,5,103,0.5882353186607361,0.06052517890930176,20290.0,0.0,104,1
SLIM+SIG1,728315b5-039c-11f0-95c3-089df4bf3532,fertility,5,104,0.5882353186607361,0.06090116500854492,20321.0,0.0,104,1
SLIM+SIG1,728315b5-039c-11f0-95c3-089df4bf3532,fertility,5,105,0.5882353186607361,0.062474966049194336,20350.0,0.0,104,1
SLIM+SIG1,728315b5-039c-11f0-95c3-089df4bf3532,fertility,5,106,0.5882353186607361,0.05852651596069336,20247.0,0.0,104,1
SLIM+SIG1,728315b5-039c-11f0-95c3-089df4bf3532,fertility,5,107,0.5882353186607361,0.061106204986572266,20317.0,0.0,104,1
SLIM+SIG1,728315b5-039c-11f0-95c3-089df4bf3532,fertility,5,108,0.5882353186607361,0.06345558166503906,20390.0,0.0,104,1
SLIM+SIG1,728315b5-039c-11f0-95c3-089df4bf3532,fertility,5,109,0.5882353186607361,0.06479883193969727,20207.0,0.0,104,1
SLIM+SIG1,728315b5-039c-11f0-95c3-089df4bf3532,fertility,5,110,0.625,0.0688927173614502,20238.0,0.0,104,1
SLIM+SIG1,728315b5-039c-11f0-95c3-089df4bf3532,fertility,5,111,0.625,0.07624530792236328,20348.0,0.0,104,1
SLIM+SIG1,728315b5-039c-11f0-95c3-089df4bf3532,fertility,5,112,0.625,0.07973599433898926,20307.0,0.0,104,1
SLIM+SIG1,728315b5-039c-11f0-95c3-089df4bf3532,fertility,5,113,0.625,0.06934928894042969,20305.0,0.0,104,1
SLIM+SIG1,728315b5-039c-11f0-95c3-089df4bf3532,fertility,5,114,0.625,0.060457706451416016,20286.0,0.0,104,1
SLIM+SIG1,728315b5-039c-11f0-95c3-089df4bf3532,fertility,5,115,0.625,0.06251192092895508,20225.0,0.0,104,1
SLIM+SIG1,728315b5-039c-11f0-95c3-089df4bf3532,fertility,5,116,0.625,0.06187129020690918,20167.0,0.0,104,1
SLIM+SIG1,728315b5-039c-11f0-95c3-089df4bf3532,fertility,5,117,0.625,0.06889581680297852,20232.0,0.0,104,1
SLIM+SIG1,728315b5-039c-11f0-95c3-089df4bf3532,fertility,5,118,0.625,0.06560158729553223,20279.0,0.0,104,1
SLIM+SIG1,728315b5-039c-11f0-95c3-089df4bf3532,fertility,5,119,0.625,0.0693047046661377,20230.0,0.0,104,1
SLIM+SIG1,728315b5-039c-11f0-95c3-089df4bf3532,fertility,5,120,0.625,0.06399965286254883,20144.0,0.0,104,1
SLIM+SIG1,728315b5-039c-11f0-95c3-089df4bf3532,fertility,5,121,0.625,0.061573028564453125,20238.0,0.0,104,1
SLIM+SIG1,728315b5-039c-11f0-95c3-089df4bf3532,fertility,5,122,0.625,0.06892132759094238,20072.0,0.0,104,1
SLIM+SIG1,728315b5-039c-11f0-95c3-089df4bf3532,fertility,5,123,0.625,0.06430482864379883,20148.0,0.0,104,1
SLIM+SIG1,728315b5-039c-11f0-95c3-089df4bf3532,fertility,5,124,0.625,0.05963873863220215,20213.0,0.0,104,1
SLIM+SIG1,728315b5-039c-11f0-95c3-089df4bf3532,fertility,5,125,0.625,0.05866575241088867,20189.0,0.0,104,1
SLIM+SIG1,728315b5-039c-11f0-95c3-089df4bf3532,fertility,5,126,0.625,0.06231117248535156,20064.0,0.0,104,1
SLIM+SIG1,728315b5-039c-11f0-95c3-089df4bf3532,fertility,5,127,0.625,0.06561565399169922,20120.0,0.0,104,1
SLIM+SIG1,728315b5-039c-11f0-95c3-089df4bf3532,fertility,5,128,0.625,0.0622406005859375,20093.0,0.0,104,1
SLIM+SIG1,728315b5-039c-11f0-95c3-089df4bf3532,fertility,5,129,0.625,0.06367611885070801,20181.0,0.0,104,1
SLIM+SIG1,728315b5-039c-11f0-95c3-089df4bf3532,fertility,5,130,0.625,0.06270885467529297,20124.0,0.0,104,1
SLIM+SIG1,728315b5-039c-11f0-95c3-089df4bf3532,fertility,5,131,0.625,0.06153082847595215,20104.0,0.0,104,1
SLIM+SIG1,728315b5-039c-11f0-95c3-089df4bf3532,fertility,5,132,0.625,0.061757802963256836,20109.0,0.0,104,1
SLIM+SIG1,728315b5-039c-11f0-95c3-089df4bf3532,fertility,5,133,0.625,0.06651425361633301,20076.0,0.0,104,1
SLIM+SIG1,728315b5-039c-11f0-95c3-089df4bf3532,fertility,5,134,0.625,0.06599926948547363,20049.0,0.0,104,1
SLIM+SIG1,728315b5-039c-11f0-95c3-089df4bf3532,fertility,5,135,0.625,0.06984090805053711,19928.0,0.0,104,1
SLIM+SIG1,728315b5-039c-11f0-95c3-089df4bf3532,fertility,5,136,0.625,0.06495332717895508,20012.0,0.0,104,1
SLIM+SIG1,728315b5-039c-11f0-95c3-089df4bf3532,fertility,5,137,0.625,0.06296372413635254,19929.0,0.0,104,1
SLIM+SIG1,728315b5-039c-11f0-95c3-089df4bf3532,fertility,5,138,0.625,0.06849527359008789,20158.0,0.0,104,1
SLIM+SIG1,728315b5-039c-11f0-95c3-089df4bf3532,fertility,5,139,0.625,0.06457781791687012,20236.0,0.0,104,1
SLIM+SIG1,728315b5-039c-11f0-95c3-089df4bf3532,fertility,5,140,0.625,0.06299781799316406,20066.0,0.0,104,1
SLIM+SIG1,728315b5-039c-11f0-95c3-089df4bf3532,fertility,5,141,0.625,0.0675649642944336,20096.0,0.0,104,1
SLIM+SIG1,728315b5-039c-11f0-95c3-089df4bf3532,fertility,5,142,0.625,0.06424641609191895,20092.0,0.0,104,1
SLIM+SIG1,728315b5-039c-11f0-95c3-089df4bf3532,fertility,5,143,0.625,0.06499218940734863,20063.0,0.0,104,1
SLIM+SIG1,728315b5-039c-11f0-95c3-089df4bf3532,fertility,5,144,0.625,0.06753969192504883,20103.0,0.0,104,1
SLIM+SIG1,728315b5-039c-11f0-95c3-089df4bf3532,fertility,5,145,0.625,0.06499648094177246,20074.0,0.0,104,1
SLIM+SIG1,728315b5-039c-11f0-95c3-089df4bf3532,fertility,5,146,0.625,0.06945204734802246,20104.0,0.0,104,1
SLIM+SIG1,728315b5-039c-11f0-95c3-089df4bf3532,fertility,5,147,0.625,0.06451249122619629,20163.0,0.0,104,1
SLIM+SIG1,728315b5-039c-11f0-95c3-089df4bf3532,fertility,5,148,0.625,0.06483197212219238,20215.0,0.0,104,1
SLIM+SIG1,728315b5-039c-11f0-95c3-089df4bf3532,fertility,5,149,0.625,0.06421828269958496,19970.0,0.0,104,1
SLIM+SIG1,728315b5-039c-11f0-95c3-089df4bf3532,fertility,5,150,0.625,0.07093071937561035,19935.0,0.0,104,1
SLIM+SIG1,728315b5-039c-11f0-95c3-089df4bf3532,fertility,5,151,0.625,0.07369351387023926,19804.0,0.0,104,1
SLIM+SIG1,728315b5-039c-11f0-95c3-089df4bf3532,fertility,5,152,0.625,0.0650019645690918,20092.0,0.0,104,1
SLIM+SIG1,728315b5-039c-11f0-95c3-089df4bf3532,fertility,5,153,0.625,0.06751275062561035,20052.0,0.0,104,1
SLIM+SIG1,728315b5-039c-11f0-95c3-089df4bf3532,fertility,5,154,0.625,0.06761646270751953,19918.0,0.0,104,1
SLIM+SIG1,728315b5-039c-11f0-95c3-089df4bf3532,fertility,5,155,0.625,0.06711602210998535,20143.0,0.0,104,1
SLIM+SIG1,728315b5-039c-11f0-95c3-089df4bf3532,fertility,5,156,0.625,0.06168389320373535,20089.0,0.0,104,1
SLIM+SIG1,728315b5-039c-11f0-95c3-089df4bf3532,fertility,5,157,0.625,0.06796002388000488,19918.0,0.0,104,1
SLIM+SIG1,728315b5-039c-11f0-95c3-089df4bf3532,fertility,5,158,0.625,0.07021474838256836,19867.0,0.0,104,1
SLIM+SIG1,728315b5-039c-11f0-95c3-089df4bf3532,fertility,5,159,0.6666666865348816,0.06560897827148438,19837.0,0.0,104,1
SLIM+SIG1,728315b5-039c-11f0-95c3-089df4bf3532,fertility,5,160,0.6666666865348816,0.0628209114074707,19873.0,0.0,104,1
SLIM+SIG1,728315b5-039c-11f0-95c3-089df4bf3532,fertility,5,161,0.6666666865348816,0.06857824325561523,19881.0,0.0,104,1
SLIM+SIG1,728315b5-039c-11f0-95c3-089df4bf3532,fertility,5,162,0.6666666865348816,0.0651099681854248,19818.0,0.0,104,1
SLIM+SIG1,728315b5-039c-11f0-95c3-089df4bf3532,fertility,5,163,0.6666666865348816,0.06388425827026367,19949.0,0.0,104,1
SLIM+SIG1,728315b5-039c-11f0-95c3-089df4bf3532,fertility,5,164,0.6666666865348816,0.07201576232910156,19784.0,0.0,104,1
SLIM+SIG1,728315b5-039c-11f0-95c3-089df4bf3532,fertility,5,165,0.6666666865348816,0.0652163028717041,19827.0,0.0,104,1
SLIM+SIG1,728315b5-039c-11f0-95c3-089df4bf3532,fertility,5,166,0.6666666865348816,0.06377696990966797,19979.0,0.0,104,1
SLIM+SIG1,728315b5-039c-11f0-95c3-089df4bf3532,fertility,5,167,0.6666666865348816,0.06426358222961426,19649.0,0.0,104,1
SLIM+SIG1,728315b5-039c-11f0-95c3-089df4bf3532,fertility,5,168,0.6666666865348816,0.07306718826293945,19822.0,0.0,104,1
SLIM+SIG1,728315b5-039c-11f0-95c3-089df4bf3532,fertility,5,169,0.6666666865348816,0.06885957717895508,19801.0,0.0,104,1
SLIM+SIG1,728315b5-039c-11f0-95c3-089df4bf3532,fertility,5,170,0.6666666865348816,0.06633400917053223,19668.0,0.0,104,1
SLIM+SIG1,728315b5-039c-11f0-95c3-089df4bf3532,fertility,5,171,0.6666666865348816,0.06511688232421875,19648.0,0.0,104,1
SLIM+SIG1,728315b5-039c-11f0-95c3-089df4bf3532,fertility,5,172,0.6666666865348816,0.06776118278503418,19769.0,0.0,104,1
SLIM+SIG1,728315b5-039c-11f0-95c3-089df4bf3532,fertility,5,173,0.6666666865348816,0.06890559196472168,19661.0,0.0,104,1
SLIM+SIG1,728315b5-039c-11f0-95c3-089df4bf3532,fertility,5,174,0.6666666865348816,0.0661020278930664,19674.0,0.0,104,1
SLIM+SIG1,728315b5-039c-11f0-95c3-089df4bf3532,fertility,5,175,0.6666666865348816,0.06787323951721191,19778.0,0.0,104,1
SLIM+SIG1,728315b5-039c-11f0-95c3-089df4bf3532,fertility,5,176,0.6666666865348816,0.06606745719909668,19798.0,0.0,104,1
SLIM+SIG1,728315b5-039c-11f0-95c3-089df4bf3532,fertility,5,177,0.6666666865348816,0.06599116325378418,19741.0,0.0,104,1
SLIM+SIG1,728315b5-039c-11f0-95c3-089df4bf3532,fertility,5,178,0.6666666865348816,0.06574153900146484,19562.0,0.0,104,1
SLIM+SIG1,728315b5-039c-11f0-95c3-089df4bf3532,fertility,5,179,0.6666666865348816,0.07030916213989258,19663.0,0.0,104,1
SLIM+SIG1,728315b5-039c-11f0-95c3-089df4bf3532,fertility,5,180,0.6666666865348816,0.06415009498596191,19619.0,0.0,104,1
SLIM+SIG1,728315b5-039c-11f0-95c3-089df4bf3532,fertility,5,181,0.6666666865348816,0.06977581977844238,19759.0,0.0,104,1
SLIM+SIG1,728315b5-039c-11f0-95c3-089df4bf3532,fertility,5,182,0.6666666865348816,0.07561182975769043,19800.0,0.0,104,1
SLIM+SIG1,728315b5-039c-11f0-95c3-089df4bf3532,fertility,5,183,0.6666666865348816,0.0754709243774414,19729.0,0.0,104,1
SLIM+SIG1,728315b5-039c-11f0-95c3-089df4bf3532,fertility,5,184,0.6666666865348816,0.06899833679199219,19640.0,0.0,104,1
SLIM+SIG1,728315b5-039c-11f0-95c3-089df4bf3532,fertility,5,185,0.6666666865348816,0.06970572471618652,19579.0,0.0,104,1
SLIM+SIG1,728315b5-039c-11f0-95c3-089df4bf3532,fertility,5,186,0.6666666865348816,0.06597733497619629,19782.0,0.0,104,1
SLIM+SIG1,728315b5-039c-11f0-95c3-089df4bf3532,fertility,5,187,0.6666666865348816,0.06702184677124023,19769.0,0.0,104,1
SLIM+SIG1,728315b5-039c-11f0-95c3-089df4bf3532,fertility,5,188,0.6666666865348816,0.06997346878051758,19733.0,0.0,104,1
SLIM+SIG1,728315b5-039c-11f0-95c3-089df4bf3532,fertility,5,189,0.6666666865348816,0.0684671401977539,19813.0,0.0,104,1
SLIM+SIG1,728315b5-039c-11f0-95c3-089df4bf3532,fertility,5,190,0.6666666865348816,0.06297612190246582,19538.0,0.0,104,1
SLIM+SIG1,728315b5-039c-11f0-95c3-089df4bf3532,fertility,5,191,0.6666666865348816,0.06898927688598633,19454.0,0.0,104,1
SLIM+SIG1,728315b5-039c-11f0-95c3-089df4bf3532,fertility,5,192,0.6666666865348816,0.06300520896911621,19529.0,0.0,104,1
SLIM+SIG1,728315b5-039c-11f0-95c3-089df4bf3532,fertility,5,193,0.6666666865348816,0.06932973861694336,19489.0,0.0,104,1
SLIM+SIG1,728315b5-039c-11f0-95c3-089df4bf3532,fertility,5,194,0.6666666865348816,0.06838202476501465,19551.0,0.0,104,1
SLIM+SIG1,728315b5-039c-11f0-95c3-089df4bf3532,fertility,5,195,0.6666666865348816,0.06528091430664062,19635.0,0.0,104,1
SLIM+SIG1,728315b5-039c-11f0-95c3-089df4bf3532,fertility,5,196,0.6666666865348816,0.06493043899536133,19719.0,0.0,104,1
SLIM+SIG1,728315b5-039c-11f0-95c3-089df4bf3532,fertility,5,197,0.6666666865348816,0.06868219375610352,19702.0,0.0,104,1
SLIM+SIG1,728315b5-039c-11f0-95c3-089df4bf3532,fertility,5,198,0.6666666865348816,0.06391000747680664,19607.0,0.0,104,1
SLIM+SIG1,728315b5-039c-11f0-95c3-089df4bf3532,fertility,5,199,0.6666666865348816,0.07488059997558594,19756.0,0.0,104,1
SLIM+SIG1,728315b5-039c-11f0-95c3-089df4bf3532,fertility,5,200,0.6666666865348816,0.06941914558410645,19577.0,0.0,104,1
SLIM+SIG1,728315b5-039c-11f0-95c3-089df4bf3532,fertility,5,201,0.6666666865348816,0.0676426887512207,19247.0,0.0,104,1
SLIM+SIG1,728315b5-039c-11f0-95c3-089df4bf3532,fertility,5,202,0.6666666865348816,0.06866288185119629,19562.0,0.0,104,1
SLIM+SIG1,728315b5-039c-11f0-95c3-089df4bf3532,fertility,5,203,0.6666666865348816,0.06621837615966797,19356.0,0.0,104,1
SLIM+SIG1,728315b5-039c-11f0-95c3-089df4bf3532,fertility,5,204,0.6666666865348816,0.0687713623046875,19558.0,0.0,104,1
SLIM+SIG1,728315b5-039c-11f0-95c3-089df4bf3532,fertility,5,205,0.6666666865348816,0.07294535636901855,19644.0,0.0,104,1
SLIM+SIG1,728315b5-039c-11f0-95c3-089df4bf3532,fertility,5,206,0.6666666865348816,0.07172346115112305,19604.0,0.0,104,1
SLIM+SIG1,728315b5-039c-11f0-95c3-089df4bf3532,fertility,5,207,0.6666666865348816,0.06989359855651855,19527.0,0.0,104,1
SLIM+SIG1,728315b5-039c-11f0-95c3-089df4bf3532,fertility,5,208,0.6666666865348816,0.06752824783325195,19409.0,0.0,104,1
SLIM+SIG1,728315b5-039c-11f0-95c3-089df4bf3532,fertility,5,209,0.6666666865348816,0.06776762008666992,19507.0,0.0,104,1
SLIM+SIG1,728315b5-039c-11f0-95c3-089df4bf3532,fertility,5,210,0.6666666865348816,0.06612586975097656,19635.0,0.0,104,1
SLIM+SIG1,728315b5-039c-11f0-95c3-089df4bf3532,fertility,5,211,0.6666666865348816,0.06584620475769043,19413.0,0.0,104,1
SLIM+SIG1,728315b5-039c-11f0-95c3-089df4bf3532,fertility,5,212,0.6666666865348816,0.0781717300415039,19226.0,0.0,104,1
SLIM+SIG1,728315b5-039c-11f0-95c3-089df4bf3532,fertility,5,213,0.6666666865348816,0.074981689453125,19143.0,0.0,104,1
SLIM+SIG1,728315b5-039c-11f0-95c3-089df4bf3532,fertility,5,214,0.6666666865348816,0.0697636604309082,18972.0,0.0,104,1
SLIM+SIG1,728315b5-039c-11f0-95c3-089df4bf3532,fertility,5,215,0.6666666865348816,0.07119894027709961,19220.0,0.0,104,1
SLIM+SIG1,728315b5-039c-11f0-95c3-089df4bf3532,fertility,5,216,0.6666666865348816,0.07287168502807617,19294.0,0.0,104,1
SLIM+SIG1,728315b5-039c-11f0-95c3-089df4bf3532,fertility,5,217,0.6666666865348816,0.06749987602233887,19175.0,0.0,104,1
SLIM+SIG1,728315b5-039c-11f0-95c3-089df4bf3532,fertility,5,218,0.6666666865348816,0.07306885719299316,19168.0,0.0,104,1
SLIM+SIG1,728315b5-039c-11f0-95c3-089df4bf3532,fertility,5,219,0.6666666865348816,0.06894803047180176,19169.0,0.0,104,1
SLIM+SIG1,728315b5-039c-11f0-95c3-089df4bf3532,fertility,5,220,0.6666666865348816,0.06989455223083496,19234.0,0.0,104,1
SLIM+SIG1,728315b5-039c-11f0-95c3-089df4bf3532,fertility,5,221,0.6666666865348816,0.07442140579223633,19451.0,0.0,104,1
SLIM+SIG1,728315b5-039c-11f0-95c3-089df4bf3532,fertility,5,222,0.6666666865348816,0.06995010375976562,19165.0,0.0,104,1
SLIM+SIG1,728315b5-039c-11f0-95c3-089df4bf3532,fertility,5,223,0.6666666865348816,0.07497119903564453,19138.0,0.0,104,1
SLIM+SIG1,728315b5-039c-11f0-95c3-089df4bf3532,fertility,5,224,0.6666666865348816,0.06802678108215332,19056.0,0.0,104,1
SLIM+SIG1,728315b5-039c-11f0-95c3-089df4bf3532,fertility,5,225,0.6666666865348816,0.1452198028564453,18891.0,0.0,104,1
SLIM+SIG1,728315b5-039c-11f0-95c3-089df4bf3532,fertility,5,226,0.6666666865348816,0.07356739044189453,18863.0,0.0,104,1
SLIM+SIG1,728315b5-039c-11f0-95c3-089df4bf3532,fertility,5,227,0.6666666865348816,0.06840109825134277,19223.0,0.0,104,1
SLIM+SIG1,728315b5-039c-11f0-95c3-089df4bf3532,fertility,5,228,0.6666666865348816,0.0736699104309082,18875.0,0.0,104,1
SLIM+SIG1,728315b5-039c-11f0-95c3-089df4bf3532,fertility,5,229,0.6666666865348816,0.0697777271270752,18945.0,0.0,104,1
SLIM+SIG1,728315b5-039c-11f0-95c3-089df4bf3532,fertility,5,230,0.6666666865348816,0.06794309616088867,18578.0,0.0,104,1
SLIM+SIG1,728315b5-039c-11f0-95c3-089df4bf3532,fertility,5,231,0.6666666865348816,0.07451224327087402,18911.0,0.0,104,1
SLIM+SIG1,728315b5-039c-11f0-95c3-089df4bf3532,fertility,5,232,0.6666666865348816,0.06868219375610352,19156.0,0.0,104,1
SLIM+SIG1,728315b5-039c-11f0-95c3-089df4bf3532,fertility,5,233,0.6666666865348816,0.06982660293579102,19260.0,0.0,104,1
SLIM+SIG1,728315b5-039c-11f0-95c3-089df4bf3532,fertility,5,234,0.6666666865348816,0.07490324974060059,19167.0,0.0,104,1
SLIM+SIG1,728315b5-039c-11f0-95c3-089df4bf3532,fertility,5,235,0.6666666865348816,0.06972074508666992,19049.0,0.0,104,1
SLIM+SIG1,728315b5-039c-11f0-95c3-089df4bf3532,fertility,5,236,0.6666666865348816,0.07037472724914551,19066.0,0.0,104,1
SLIM+SIG1,728315b5-039c-11f0-95c3-089df4bf3532,fertility,5,237,0.6666666865348816,0.07162070274353027,19212.0,0.0,104,1
SLIM+SIG1,728315b5-039c-11f0-95c3-089df4bf3532,fertility,5,238,0.6666666865348816,0.06758713722229004,19353.0,0.0,104,1
SLIM+SIG1,728315b5-039c-11f0-95c3-089df4bf3532,fertility,5,239,0.6666666865348816,0.07020688056945801,19001.0,0.0,104,1
SLIM+SIG1,728315b5-039c-11f0-95c3-089df4bf3532,fertility,5,240,0.6666666865348816,0.07162833213806152,18842.0,0.0,104,1
SLIM+SIG1,728315b5-039c-11f0-95c3-089df4bf3532,fertility,5,241,0.6666666865348816,0.07942581176757812,19100.0,0.0,104,1
SLIM+SIG1,728315b5-039c-11f0-95c3-089df4bf3532,fertility,5,242,0.6666666865348816,0.07676386833190918,18752.0,0.0,104,1
SLIM+SIG1,728315b5-039c-11f0-95c3-089df4bf3532,fertility,5,243,0.6666666865348816,0.06996583938598633,19017.0,0.0,104,1
SLIM+SIG1,728315b5-039c-11f0-95c3-089df4bf3532,fertility,5,244,0.6666666865348816,0.0735621452331543,19032.0,0.0,104,1
SLIM+SIG1,728315b5-039c-11f0-95c3-089df4bf3532,fertility,5,245,0.6666666865348816,0.06705832481384277,19108.0,0.0,104,1
SLIM+SIG1,728315b5-039c-11f0-95c3-089df4bf3532,fertility,5,246,0.6666666865348816,0.07068037986755371,18934.0,0.0,104,1
SLIM+SIG1,728315b5-039c-11f0-95c3-089df4bf3532,fertility,5,247,0.6666666865348816,0.06961822509765625,19162.0,0.0,104,1
SLIM+SIG1,728315b5-039c-11f0-95c3-089df4bf3532,fertility,5,248,0.6666666865348816,0.06411957740783691,18938.0,0.0,104,1
SLIM+SIG1,728315b5-039c-11f0-95c3-089df4bf3532,fertility,5,249,0.6666666865348816,0.06713724136352539,18805.0,0.0,104,1
SLIM+SIG1,728315b5-039c-11f0-95c3-089df4bf3532,fertility,5,250,0.6666666865348816,0.06994199752807617,18669.0,0.0,104,1
SLIM+SIG1,728315b5-039c-11f0-95c3-089df4bf3532,fertility,5,251,0.6666666865348816,0.06874871253967285,18659.0,0.0,104,1
SLIM+SIG1,728315b5-039c-11f0-95c3-089df4bf3532,fertility,5,252,0.6666666865348816,0.07335638999938965,18707.0,0.0,104,1
SLIM+SIG1,728315b5-039c-11f0-95c3-089df4bf3532,fertility,5,253,0.6666666865348816,0.06695842742919922,18580.0,0.0,104,1
SLIM+SIG1,728315b5-039c-11f0-95c3-089df4bf3532,fertility,5,254,0.6666666865348816,0.07000946998596191,18744.0,0.0,104,1
SLIM+SIG1,728315b5-039c-11f0-95c3-089df4bf3532,fertility,5,255,0.6666666865348816,0.07200121879577637,18502.0,0.0,104,1
SLIM+SIG1,728315b5-039c-11f0-95c3-089df4bf3532,fertility,5,256,0.6666666865348816,0.0694577693939209,18627.0,0.0,104,1
SLIM+SIG1,728315b5-039c-11f0-95c3-089df4bf3532,fertility,5,257,0.6666666865348816,0.07002878189086914,18719.0,0.0,104,1
SLIM+SIG1,728315b5-039c-11f0-95c3-089df4bf3532,fertility,5,258,0.6666666865348816,0.06771159172058105,18705.0,0.0,104,1
SLIM+SIG1,728315b5-039c-11f0-95c3-089df4bf3532,fertility,5,259,0.6666666865348816,0.07515358924865723,18564.0,0.0,104,1
SLIM+SIG1,728315b5-039c-11f0-95c3-089df4bf3532,fertility,5,260,0.6666666865348816,0.07091069221496582,18628.0,0.0,104,1
SLIM+SIG1,728315b5-039c-11f0-95c3-089df4bf3532,fertility,5,261,0.6666666865348816,0.06968259811401367,18565.0,0.0,104,1
SLIM+SIG1,728315b5-039c-11f0-95c3-089df4bf3532,fertility,5,262,0.6666666865348816,0.07217717170715332,18276.0,0.0,104,1
SLIM+SIG1,728315b5-039c-11f0-95c3-089df4bf3532,fertility,5,263,0.6666666865348816,0.07052922248840332,18187.0,0.0,104,1
SLIM+SIG1,728315b5-039c-11f0-95c3-089df4bf3532,fertility,5,264,0.6666666865348816,0.07701253890991211,18147.0,0.0,104,1
SLIM+SIG1,728315b5-039c-11f0-95c3-089df4bf3532,fertility,5,265,0.6666666865348816,0.07286453247070312,17999.0,0.0,104,1
SLIM+SIG1,728315b5-039c-11f0-95c3-089df4bf3532,fertility,5,266,0.6666666865348816,0.07235217094421387,18120.0,0.0,104,1
SLIM+SIG1,728315b5-039c-11f0-95c3-089df4bf3532,fertility,5,267,0.6666666865348816,0.06972241401672363,17866.0,0.0,104,1
SLIM+SIG1,728315b5-039c-11f0-95c3-089df4bf3532,fertility,5,268,0.6666666865348816,0.06885123252868652,17599.0,0.0,104,1
SLIM+SIG1,728315b5-039c-11f0-95c3-089df4bf3532,fertility,5,269,0.6666666865348816,0.07194375991821289,17477.0,0.0,104,1
SLIM+SIG1,728315b5-039c-11f0-95c3-089df4bf3532,fertility,5,270,0.6666666865348816,0.07861661911010742,17850.0,0.0,104,1
SLIM+SIG1,728315b5-039c-11f0-95c3-089df4bf3532,fertility,5,271,0.6666666865348816,0.0797579288482666,17943.0,0.0,104,1
SLIM+SIG1,728315b5-039c-11f0-95c3-089df4bf3532,fertility,5,272,0.6666666865348816,0.07476139068603516,17940.0,0.0,104,1
SLIM+SIG1,728315b5-039c-11f0-95c3-089df4bf3532,fertility,5,273,0.6666666865348816,0.07852530479431152,17986.0,0.0,104,1
SLIM+SIG1,728315b5-039c-11f0-95c3-089df4bf3532,fertility,5,274,0.6666666865348816,0.07498550415039062,17885.0,0.0,104,1
SLIM+SIG1,728315b5-039c-11f0-95c3-089df4bf3532,fertility,5,275,0.6666666865348816,0.07672953605651855,17596.0,0.0,104,1
SLIM+SIG1,728315b5-039c-11f0-95c3-089df4bf3532,fertility,5,276,0.6666666865348816,0.0755922794342041,17453.0,0.0,104,1
SLIM+SIG1,728315b5-039c-11f0-95c3-089df4bf3532,fertility,5,277,0.6666666865348816,0.0736393928527832,17324.0,0.0,104,1
SLIM+SIG1,728315b5-039c-11f0-95c3-089df4bf3532,fertility,5,278,0.6666666865348816,0.07787537574768066,17274.0,0.0,104,1
SLIM+SIG1,728315b5-039c-11f0-95c3-089df4bf3532,fertility,5,279,0.6666666865348816,0.07535576820373535,17404.0,0.0,104,1
SLIM+SIG1,728315b5-039c-11f0-95c3-089df4bf3532,fertility,5,280,0.6666666865348816,0.07374095916748047,17412.0,0.0,104,1
SLIM+SIG1,728315b5-039c-11f0-95c3-089df4bf3532,fertility,5,281,0.6666666865348816,0.06983256340026855,17303.0,0.0,104,1
SLIM+SIG1,728315b5-039c-11f0-95c3-089df4bf3532,fertility,5,282,0.6666666865348816,0.0768728256225586,17569.0,0.0,104,1
SLIM+SIG1,728315b5-039c-11f0-95c3-089df4bf3532,fertility,5,283,0.6666666865348816,0.07545828819274902,17815.0,0.0,104,1
SLIM+SIG1,728315b5-039c-11f0-95c3-089df4bf3532,fertility,5,284,0.6666666865348816,0.07054281234741211,17678.0,0.0,104,1
SLIM+SIG1,728315b5-039c-11f0-95c3-089df4bf3532,fertility,5,285,0.6666666865348816,0.0771932601928711,17563.0,0.0,104,1
SLIM+SIG1,728315b5-039c-11f0-95c3-089df4bf3532,fertility,5,286,0.6666666865348816,0.0778512954711914,17520.0,0.0,104,1
SLIM+SIG1,728315b5-039c-11f0-95c3-089df4bf3532,fertility,5,287,0.6666666865348816,0.07300019264221191,17634.0,0.0,104,1
SLIM+SIG1,728315b5-039c-11f0-95c3-089df4bf3532,fertility,5,288,0.6666666865348816,0.07253885269165039,17604.0,0.0,104,1
SLIM+SIG1,728315b5-039c-11f0-95c3-089df4bf3532,fertility,5,289,0.6666666865348816,0.07752633094787598,17668.0,0.0,104,1
SLIM+SIG1,728315b5-039c-11f0-95c3-089df4bf3532,fertility,5,290,0.6666666865348816,0.07663869857788086,18047.0,0.0,104,1
SLIM+SIG1,728315b5-039c-11f0-95c3-089df4bf3532,fertility,5,291,0.6666666865348816,0.07365155220031738,17770.0,0.0,104,1
SLIM+SIG1,728315b5-039c-11f0-95c3-089df4bf3532,fertility,5,292,0.6666666865348816,0.07029533386230469,17630.0,0.0,104,1
SLIM+SIG1,728315b5-039c-11f0-95c3-089df4bf3532,fertility,5,293,0.6666666865348816,0.07383918762207031,17103.0,0.0,104,1
SLIM+SIG1,728315b5-039c-11f0-95c3-089df4bf3532,fertility,5,294,0.6666666865348816,0.0731656551361084,17202.0,0.0,104,1
SLIM+SIG1,728315b5-039c-11f0-95c3-089df4bf3532,fertility,5,295,0.6666666865348816,0.08121800422668457,17738.0,0.0,104,1
SLIM+SIG1,728315b5-039c-11f0-95c3-089df4bf3532,fertility,5,296,0.6666666865348816,0.0713186264038086,17343.0,0.0,104,1
SLIM+SIG1,728315b5-039c-11f0-95c3-089df4bf3532,fertility,5,297,0.6666666865348816,0.14637494087219238,17367.0,0.0,104,1
SLIM+SIG1,728315b5-039c-11f0-95c3-089df4bf3532,fertility,5,298,0.6666666865348816,0.08446931838989258,17451.0,0.0,104,1
SLIM+SIG1,728315b5-039c-11f0-95c3-089df4bf3532,fertility,5,299,0.6666666865348816,0.07725858688354492,17655.0,0.0,104,1
SLIM+SIG1,728315b5-039c-11f0-95c3-089df4bf3532,fertility,5,300,0.6666666865348816,0.07074570655822754,17470.0,0.0,104,1
SLIM+SIG1,728315b5-039c-11f0-95c3-089df4bf3532,fertility,5,301,0.6666666865348816,0.0735006332397461,17719.0,0.0,104,1
SLIM+SIG1,728315b5-039c-11f0-95c3-089df4bf3532,fertility,5,302,0.6666666865348816,0.07310938835144043,17729.0,0.0,104,1
SLIM+SIG1,728315b5-039c-11f0-95c3-089df4bf3532,fertility,5,303,0.6666666865348816,0.07421088218688965,17600.0,0.0,104,1
SLIM+SIG1,728315b5-039c-11f0-95c3-089df4bf3532,fertility,5,304,0.6666666865348816,0.07490706443786621,17601.0,0.0,104,1
SLIM+SIG1,728315b5-039c-11f0-95c3-089df4bf3532,fertility,5,305,0.6666666865348816,0.07683873176574707,17452.0,0.0,104,1
SLIM+SIG1,728315b5-039c-11f0-95c3-089df4bf3532,fertility,5,306,0.6666666865348816,0.07647228240966797,17270.0,0.0,104,1
SLIM+SIG1,728315b5-039c-11f0-95c3-089df4bf3532,fertility,5,307,0.6666666865348816,0.07924914360046387,16910.0,0.0,104,1
SLIM+SIG1,728315b5-039c-11f0-95c3-089df4bf3532,fertility,5,308,0.6666666865348816,0.07751584053039551,16299.0,0.0,104,1
SLIM+SIG1,728315b5-039c-11f0-95c3-089df4bf3532,fertility,5,309,0.6666666865348816,0.07356095314025879,15916.0,0.0,104,1
SLIM+SIG1,728315b5-039c-11f0-95c3-089df4bf3532,fertility,5,310,0.6666666865348816,0.07274580001831055,15908.0,0.0,104,1
SLIM+SIG1,728315b5-039c-11f0-95c3-089df4bf3532,fertility,5,311,0.6666666865348816,0.07653951644897461,16260.0,0.0,104,1
SLIM+SIG1,728315b5-039c-11f0-95c3-089df4bf3532,fertility,5,312,0.6666666865348816,0.07315993309020996,16113.0,0.0,104,1
SLIM+SIG1,728315b5-039c-11f0-95c3-089df4bf3532,fertility,5,313,0.6666666865348816,0.0678873062133789,15913.0,0.0,104,1
SLIM+SIG1,728315b5-039c-11f0-95c3-089df4bf3532,fertility,5,314,0.6666666865348816,0.07589173316955566,15169.0,0.0,104,1
SLIM+SIG1,728315b5-039c-11f0-95c3-089df4bf3532,fertility,5,315,0.6666666865348816,0.0740351676940918,14931.0,0.0,104,1
SLIM+SIG1,728315b5-039c-11f0-95c3-089df4bf3532,fertility,5,316,0.6666666865348816,0.06945586204528809,14742.0,0.0,104,1
SLIM+SIG1,728315b5-039c-11f0-95c3-089df4bf3532,fertility,5,317,0.6666666865348816,0.07602381706237793,14885.0,0.0,104,1
SLIM+SIG1,728315b5-039c-11f0-95c3-089df4bf3532,fertility,5,318,0.6666666865348816,0.07497954368591309,15348.0,0.0,104,1
SLIM+SIG1,728315b5-039c-11f0-95c3-089df4bf3532,fertility,5,319,0.6666666865348816,0.07704496383666992,15409.0,0.0,104,1
SLIM+SIG1,728315b5-039c-11f0-95c3-089df4bf3532,fertility,5,320,0.6666666865348816,0.07178211212158203,15158.0,0.0,104,1
SLIM+SIG1,728315b5-039c-11f0-95c3-089df4bf3532,fertility,5,321,0.6666666865348816,0.07345175743103027,14912.0,0.0,104,1
SLIM+SIG1,728315b5-039c-11f0-95c3-089df4bf3532,fertility,5,322,0.6666666865348816,0.07472372055053711,15139.0,0.0,104,1
SLIM+SIG1,728315b5-039c-11f0-95c3-089df4bf3532,fertility,5,323,0.6666666865348816,0.08123064041137695,15478.0,0.0,104,1
SLIM+SIG1,728315b5-039c-11f0-95c3-089df4bf3532,fertility,5,324,0.6666666865348816,0.07514238357543945,15554.0,0.0,104,1
SLIM+SIG1,728315b5-039c-11f0-95c3-089df4bf3532,fertility,5,325,0.6666666865348816,0.07660317420959473,15036.0,0.0,104,1
SLIM+SIG1,728315b5-039c-11f0-95c3-089df4bf3532,fertility,5,326,0.6666666865348816,0.07988810539245605,15760.0,0.0,104,1
SLIM+SIG1,728315b5-039c-11f0-95c3-089df4bf3532,fertility,5,327,0.6666666865348816,0.07998895645141602,16529.0,0.0,104,1
SLIM+SIG1,728315b5-039c-11f0-95c3-089df4bf3532,fertility,5,328,0.6666666865348816,0.07598042488098145,16582.0,0.0,104,1
SLIM+SIG1,728315b5-039c-11f0-95c3-089df4bf3532,fertility,5,329,0.6666666865348816,0.07900571823120117,16396.0,0.0,104,1
SLIM+SIG1,728315b5-039c-11f0-95c3-089df4bf3532,fertility,5,330,0.6666666865348816,0.07174873352050781,15823.0,0.0,104,1
SLIM+SIG1,728315b5-039c-11f0-95c3-089df4bf3532,fertility,5,331,0.6666666865348816,0.07732915878295898,15568.0,0.0,104,1
SLIM+SIG1,728315b5-039c-11f0-95c3-089df4bf3532,fertility,5,332,0.6666666865348816,0.07445287704467773,14919.0,0.0,104,1
SLIM+SIG1,728315b5-039c-11f0-95c3-089df4bf3532,fertility,5,333,0.6666666865348816,0.07576560974121094,14722.0,0.0,104,1
SLIM+SIG1,728315b5-039c-11f0-95c3-089df4bf3532,fertility,5,334,0.6666666865348816,0.07287096977233887,14033.0,0.0,104,1
SLIM+SIG1,728315b5-039c-11f0-95c3-089df4bf3532,fertility,5,335,0.6666666865348816,0.07272195816040039,13993.0,0.0,104,1
SLIM+SIG1,728315b5-039c-11f0-95c3-089df4bf3532,fertility,5,336,0.6666666865348816,0.07534646987915039,14179.0,0.0,104,1
SLIM+SIG1,728315b5-039c-11f0-95c3-089df4bf3532,fertility,5,337,0.6666666865348816,0.06862902641296387,13792.0,0.0,104,1
SLIM+SIG1,728315b5-039c-11f0-95c3-089df4bf3532,fertility,5,338,0.6666666865348816,0.0737314224243164,13562.0,0.0,104,1
SLIM+SIG1,728315b5-039c-11f0-95c3-089df4bf3532,fertility,5,339,0.6666666865348816,0.0745396614074707,13646.0,0.0,104,1
SLIM+SIG1,728315b5-039c-11f0-95c3-089df4bf3532,fertility,5,340,0.6666666865348816,0.07525300979614258,13596.0,0.0,104,1
SLIM+SIG1,728315b5-039c-11f0-95c3-089df4bf3532,fertility,5,341,0.6666666865348816,0.0749199390411377,13298.0,0.0,104,1
SLIM+SIG1,728315b5-039c-11f0-95c3-089df4bf3532,fertility,5,342,0.6666666865348816,0.07242035865783691,13420.0,0.0,104,1
SLIM+SIG1,728315b5-039c-11f0-95c3-089df4bf3532,fertility,5,343,0.6666666865348816,0.0738532543182373,13600.0,0.0,104,1
SLIM+SIG1,728315b5-039c-11f0-95c3-089df4bf3532,fertility,5,344,0.6666666865348816,0.07600188255310059,13855.0,0.0,104,1
SLIM+SIG1,728315b5-039c-11f0-95c3-089df4bf3532,fertility,5,345,0.6666666865348816,0.07567048072814941,14201.0,0.0,104,1
SLIM+SIG1,728315b5-039c-11f0-95c3-089df4bf3532,fertility,5,346,0.6666666865348816,0.07991981506347656,14271.0,0.0,104,1
SLIM+SIG1,728315b5-039c-11f0-95c3-089df4bf3532,fertility,5,347,0.6666666865348816,0.07569670677185059,14059.0,0.0,104,1
SLIM+SIG1,728315b5-039c-11f0-95c3-089df4bf3532,fertility,5,348,0.6666666865348816,0.07373547554016113,14534.0,0.0,104,1
SLIM+SIG1,728315b5-039c-11f0-95c3-089df4bf3532,fertility,5,349,0.6666666865348816,0.07310771942138672,14714.0,0.0,104,1
SLIM+SIG1,728315b5-039c-11f0-95c3-089df4bf3532,fertility,5,350,0.6666666865348816,0.07436800003051758,14893.0,0.0,104,1
SLIM+SIG1,728315b5-039c-11f0-95c3-089df4bf3532,fertility,5,351,0.6666666865348816,0.07325553894042969,14835.0,0.0,104,1
SLIM+SIG1,728315b5-039c-11f0-95c3-089df4bf3532,fertility,5,352,0.6666666865348816,0.14936375617980957,14436.0,0.0,104,1
SLIM+SIG1,728315b5-039c-11f0-95c3-089df4bf3532,fertility,5,353,0.6666666865348816,0.07953023910522461,14219.0,0.0,104,1
SLIM+SIG1,728315b5-039c-11f0-95c3-089df4bf3532,fertility,5,354,0.6666666865348816,0.07677507400512695,14234.0,0.0,104,1
SLIM+SIG1,728315b5-039c-11f0-95c3-089df4bf3532,fertility,5,355,0.6666666865348816,0.07694768905639648,14131.0,0.0,104,1
SLIM+SIG1,728315b5-039c-11f0-95c3-089df4bf3532,fertility,5,356,0.6666666865348816,0.07523369789123535,14504.0,0.0,104,1
SLIM+SIG1,728315b5-039c-11f0-95c3-089df4bf3532,fertility,5,357,0.6666666865348816,0.07571554183959961,13932.0,0.0,104,1
SLIM+SIG1,728315b5-039c-11f0-95c3-089df4bf3532,fertility,5,358,0.6666666865348816,0.0771033763885498,13321.0,0.0,104,1
SLIM+SIG1,728315b5-039c-11f0-95c3-089df4bf3532,fertility,5,359,0.6666666865348816,0.07583165168762207,13001.0,0.0,104,1
SLIM+SIG1,728315b5-039c-11f0-95c3-089df4bf3532,fertility,5,360,0.6666666865348816,0.07289981842041016,13121.0,0.0,104,1
SLIM+SIG1,728315b5-039c-11f0-95c3-089df4bf3532,fertility,5,361,0.6666666865348816,0.07175588607788086,12878.0,0.0,104,1
SLIM+SIG1,728315b5-039c-11f0-95c3-089df4bf3532,fertility,5,362,0.6666666865348816,0.07374334335327148,12977.0,0.0,104,1
SLIM+SIG1,728315b5-039c-11f0-95c3-089df4bf3532,fertility,5,363,0.6666666865348816,0.08387541770935059,13043.0,0.0,104,1
SLIM+SIG1,728315b5-039c-11f0-95c3-089df4bf3532,fertility,5,364,0.6666666865348816,0.07300305366516113,13507.0,0.0,104,1
SLIM+SIG1,728315b5-039c-11f0-95c3-089df4bf3532,fertility,5,365,0.6666666865348816,0.07500362396240234,13544.0,0.0,104,1
SLIM+SIG1,728315b5-039c-11f0-95c3-089df4bf3532,fertility,5,366,0.6666666865348816,0.07615065574645996,13641.0,0.0,104,1
SLIM+SIG1,728315b5-039c-11f0-95c3-089df4bf3532,fertility,5,367,0.6666666865348816,0.07185792922973633,13414.0,0.0,104,1
SLIM+SIG1,728315b5-039c-11f0-95c3-089df4bf3532,fertility,5,368,0.6666666865348816,0.07472801208496094,13051.0,0.0,104,1
SLIM+SIG1,728315b5-039c-11f0-95c3-089df4bf3532,fertility,5,369,0.6666666865348816,0.07659244537353516,13386.0,0.0,104,1
SLIM+SIG1,728315b5-039c-11f0-95c3-089df4bf3532,fertility,5,370,0.6666666865348816,0.0727241039276123,13089.0,0.0,104,1
SLIM+SIG1,728315b5-039c-11f0-95c3-089df4bf3532,fertility,5,371,0.6666666865348816,0.07297945022583008,12997.0,0.0,104,1
SLIM+SIG1,728315b5-039c-11f0-95c3-089df4bf3532,fertility,5,372,0.6666666865348816,0.07372426986694336,12769.0,0.0,104,1
SLIM+SIG1,728315b5-039c-11f0-95c3-089df4bf3532,fertility,5,373,0.6666666865348816,0.07210683822631836,12743.0,0.0,104,1
SLIM+SIG1,728315b5-039c-11f0-95c3-089df4bf3532,fertility,5,374,0.6666666865348816,0.07331275939941406,13361.0,0.0,104,1
SLIM+SIG1,728315b5-039c-11f0-95c3-089df4bf3532,fertility,5,375,0.6666666865348816,0.07273149490356445,12949.0,0.0,104,1
SLIM+SIG1,728315b5-039c-11f0-95c3-089df4bf3532,fertility,5,376,0.6666666865348816,0.07172989845275879,13270.0,0.0,104,1
SLIM+SIG1,728315b5-039c-11f0-95c3-089df4bf3532,fertility,5,377,0.6666666865348816,0.07150936126708984,13398.0,0.0,104,1
SLIM+SIG1,728315b5-039c-11f0-95c3-089df4bf3532,fertility,5,378,0.6666666865348816,0.07938122749328613,13330.0,0.0,104,1
SLIM+SIG1,728315b5-039c-11f0-95c3-089df4bf3532,fertility,5,379,0.6666666865348816,0.07571291923522949,13122.0,0.0,104,1
SLIM+SIG1,728315b5-039c-11f0-95c3-089df4bf3532,fertility,5,380,0.6666666865348816,0.0691676139831543,12825.0,0.0,104,1
SLIM+SIG1,728315b5-039c-11f0-95c3-089df4bf3532,fertility,5,381,0.6666666865348816,0.08451104164123535,12192.0,0.0,104,1
SLIM+SIG1,728315b5-039c-11f0-95c3-089df4bf3532,fertility,5,382,0.6666666865348816,0.08640933036804199,12181.0,0.0,104,1
SLIM+SIG1,728315b5-039c-11f0-95c3-089df4bf3532,fertility,5,383,0.6666666865348816,0.0782008171081543,11987.0,0.0,104,1
SLIM+SIG1,728315b5-039c-11f0-95c3-089df4bf3532,fertility,5,384,0.6666666865348816,0.07740664482116699,11234.0,0.0,104,1
SLIM+SIG1,728315b5-039c-11f0-95c3-089df4bf3532,fertility,5,385,0.6666666865348816,0.07375478744506836,11097.0,0.0,104,1
SLIM+SIG1,728315b5-039c-11f0-95c3-089df4bf3532,fertility,5,386,0.6666666865348816,0.07399964332580566,10958.0,0.0,104,1
SLIM+SIG1,728315b5-039c-11f0-95c3-089df4bf3532,fertility,5,387,0.6666666865348816,0.07551336288452148,10781.0,0.0,104,1
SLIM+SIG1,728315b5-039c-11f0-95c3-089df4bf3532,fertility,5,388,0.6666666865348816,0.07351136207580566,10277.0,0.0,104,1
SLIM+SIG1,728315b5-039c-11f0-95c3-089df4bf3532,fertility,5,389,0.6666666865348816,0.07421064376831055,10050.0,0.0,104,1
SLIM+SIG1,728315b5-039c-11f0-95c3-089df4bf3532,fertility,5,390,0.6666666865348816,0.06612801551818848,9202.0,0.0,104,1
SLIM+SIG1,728315b5-039c-11f0-95c3-089df4bf3532,fertility,5,391,0.6666666865348816,0.07165265083312988,9459.0,0.0,104,1
SLIM+SIG1,728315b5-039c-11f0-95c3-089df4bf3532,fertility,5,392,0.6666666865348816,0.07340383529663086,9109.0,0.0,104,1
SLIM+SIG1,728315b5-039c-11f0-95c3-089df4bf3532,fertility,5,393,0.6666666865348816,0.06952071189880371,9270.0,0.0,104,1
SLIM+SIG1,728315b5-039c-11f0-95c3-089df4bf3532,fertility,5,394,0.6666666865348816,0.07160615921020508,9092.0,0.0,104,1
SLIM+SIG1,728315b5-039c-11f0-95c3-089df4bf3532,fertility,5,395,0.6666666865348816,0.07443833351135254,9155.0,0.0,104,1
SLIM+SIG1,728315b5-039c-11f0-95c3-089df4bf3532,fertility,5,396,0.6666666865348816,0.07159543037414551,9075.0,0.0,104,1
SLIM+SIG1,728315b5-039c-11f0-95c3-089df4bf3532,fertility,5,397,0.6666666865348816,0.07099652290344238,9520.0,0.0,104,1
SLIM+SIG1,728315b5-039c-11f0-95c3-089df4bf3532,fertility,5,398,0.6666666865348816,0.07062482833862305,10086.0,0.0,104,1
SLIM+SIG1,728315b5-039c-11f0-95c3-089df4bf3532,fertility,5,399,0.6666666865348816,0.07140636444091797,10375.0,0.0,104,1
SLIM+SIG1,728315b5-039c-11f0-95c3-089df4bf3532,fertility,5,400,0.6666666865348816,0.0715489387512207,10504.0,0.0,104,1
SLIM+SIG1,728315b5-039c-11f0-95c3-089df4bf3532,fertility,5,401,0.6666666865348816,0.0680077075958252,10584.0,0.0,104,1
SLIM+SIG1,728315b5-039c-11f0-95c3-089df4bf3532,fertility,5,402,0.6666666865348816,0.07087349891662598,11307.0,0.0,104,1
SLIM+SIG1,728315b5-039c-11f0-95c3-089df4bf3532,fertility,5,403,0.6666666865348816,0.07352232933044434,10951.0,0.0,104,1
SLIM+SIG1,728315b5-039c-11f0-95c3-089df4bf3532,fertility,5,404,0.6666666865348816,0.07101154327392578,11144.0,0.0,104,1
SLIM+SIG1,728315b5-039c-11f0-95c3-089df4bf3532,fertility,5,405,0.6666666865348816,0.06993794441223145,10945.0,0.0,104,1
SLIM+SIG1,728315b5-039c-11f0-95c3-089df4bf3532,fertility,5,406,0.6666666865348816,0.07259416580200195,11653.0,0.0,104,1
SLIM+SIG1,728315b5-039c-11f0-95c3-089df4bf3532,fertility,5,407,0.6666666865348816,0.07546186447143555,11404.0,0.0,104,1
SLIM+SIG1,728315b5-039c-11f0-95c3-089df4bf3532,fertility,5,408,0.6666666865348816,0.0680851936340332,10662.0,0.0,104,1
SLIM+SIG1,728315b5-039c-11f0-95c3-089df4bf3532,fertility,5,409,0.6666666865348816,0.07134890556335449,10449.0,0.0,104,1
SLIM+SIG1,728315b5-039c-11f0-95c3-089df4bf3532,fertility,5,410,0.6666666865348816,0.07243609428405762,10056.0,0.0,104,1
SLIM+SIG1,728315b5-039c-11f0-95c3-089df4bf3532,fertility,5,411,0.6666666865348816,0.07723212242126465,10231.0,0.0,104,1
SLIM+SIG1,728315b5-039c-11f0-95c3-089df4bf3532,fertility,5,412,0.6666666865348816,0.07768559455871582,10160.0,0.0,104,1
SLIM+SIG1,728315b5-039c-11f0-95c3-089df4bf3532,fertility,5,413,0.6666666865348816,0.14035296440124512,9785.0,0.0,104,1
SLIM+SIG1,728315b5-039c-11f0-95c3-089df4bf3532,fertility,5,414,0.6666666865348816,0.06697964668273926,9250.0,0.0,104,1
SLIM+SIG1,728315b5-039c-11f0-95c3-089df4bf3532,fertility,5,415,0.6666666865348816,0.0723261833190918,8439.0,0.0,104,1
SLIM+SIG1,728315b5-039c-11f0-95c3-089df4bf3532,fertility,5,416,0.6666666865348816,0.06971502304077148,8641.0,0.0,104,1
SLIM+SIG1,728315b5-039c-11f0-95c3-089df4bf3532,fertility,5,417,0.6666666865348816,0.06977629661560059,8284.0,0.0,104,1
SLIM+SIG1,728315b5-039c-11f0-95c3-089df4bf3532,fertility,5,418,0.6666666865348816,0.07025647163391113,9026.0,0.0,104,1
SLIM+SIG1,728315b5-039c-11f0-95c3-089df4bf3532,fertility,5,419,0.6666666865348816,0.06883049011230469,9760.0,0.0,104,1
SLIM+SIG1,728315b5-039c-11f0-95c3-089df4bf3532,fertility,5,420,0.6666666865348816,0.0705103874206543,10600.0,0.0,104,1
SLIM+SIG1,728315b5-039c-11f0-95c3-089df4bf3532,fertility,5,421,0.6666666865348816,0.07100749015808105,11026.0,0.0,104,1
SLIM+SIG1,728315b5-039c-11f0-95c3-089df4bf3532,fertility,5,422,0.6666666865348816,0.07153058052062988,10403.0,0.0,104,1
SLIM+SIG1,728315b5-039c-11f0-95c3-089df4bf3532,fertility,5,423,0.6666666865348816,0.07155084609985352,9549.0,0.0,104,1
SLIM+SIG1,728315b5-039c-11f0-95c3-089df4bf3532,fertility,5,424,0.6666666865348816,0.0745081901550293,9920.0,0.0,104,1
SLIM+SIG1,728315b5-039c-11f0-95c3-089df4bf3532,fertility,5,425,0.6666666865348816,0.07442140579223633,9970.0,0.0,104,1
SLIM+SIG1,728315b5-039c-11f0-95c3-089df4bf3532,fertility,5,426,0.6666666865348816,0.0742180347442627,9327.0,0.0,104,1
SLIM+SIG1,728315b5-039c-11f0-95c3-089df4bf3532,fertility,5,427,0.6666666865348816,0.06940078735351562,9242.0,0.0,104,1
SLIM+SIG1,728315b5-039c-11f0-95c3-089df4bf3532,fertility,5,428,0.6666666865348816,0.07383203506469727,9190.0,0.0,104,1
SLIM+SIG1,728315b5-039c-11f0-95c3-089df4bf3532,fertility,5,429,0.6666666865348816,0.06699705123901367,8555.0,0.0,104,1
SLIM+SIG1,728315b5-039c-11f0-95c3-089df4bf3532,fertility,5,430,0.6666666865348816,0.06773233413696289,7772.0,0.0,104,1
SLIM+SIG1,728315b5-039c-11f0-95c3-089df4bf3532,fertility,5,431,0.6666666865348816,0.06673550605773926,7536.0,0.0,104,1
SLIM+SIG1,728315b5-039c-11f0-95c3-089df4bf3532,fertility,5,432,0.6666666865348816,0.06622934341430664,7426.0,0.0,104,1
SLIM+SIG1,728315b5-039c-11f0-95c3-089df4bf3532,fertility,5,433,0.6666666865348816,0.0700082778930664,7530.0,0.0,104,1
SLIM+SIG1,728315b5-039c-11f0-95c3-089df4bf3532,fertility,5,434,0.6666666865348816,0.0699303150177002,7408.0,0.0,104,1
SLIM+SIG1,728315b5-039c-11f0-95c3-089df4bf3532,fertility,5,435,0.6666666865348816,0.07011580467224121,7545.0,0.0,104,1
SLIM+SIG1,728315b5-039c-11f0-95c3-089df4bf3532,fertility,5,436,0.6666666865348816,0.06614089012145996,7480.0,0.0,104,1
SLIM+SIG1,728315b5-039c-11f0-95c3-089df4bf3532,fertility,5,437,0.6666666865348816,0.0687253475189209,8270.0,0.0,104,1
SLIM+SIG1,728315b5-039c-11f0-95c3-089df4bf3532,fertility,5,438,0.6666666865348816,0.0691680908203125,7324.0,0.0,104,1
SLIM+SIG1,728315b5-039c-11f0-95c3-089df4bf3532,fertility,5,439,0.6666666865348816,0.07059907913208008,6181.0,0.0,104,1
SLIM+SIG1,728315b5-039c-11f0-95c3-089df4bf3532,fertility,5,440,0.6666666865348816,0.07390952110290527,5323.0,0.0,104,1
SLIM+SIG1,728315b5-039c-11f0-95c3-089df4bf3532,fertility,5,441,0.6666666865348816,0.07259941101074219,4705.0,0.0,104,1
SLIM+SIG1,728315b5-039c-11f0-95c3-089df4bf3532,fertility,5,442,0.6666666865348816,0.06400322914123535,5270.0,0.0,104,1
SLIM+SIG1,728315b5-039c-11f0-95c3-089df4bf3532,fertility,5,443,0.6666666865348816,0.06954813003540039,5582.0,0.0,104,1
SLIM+SIG1,728315b5-039c-11f0-95c3-089df4bf3532,fertility,5,444,0.6666666865348816,0.06931900978088379,6118.0,0.0,104,1
SLIM+SIG1,728315b5-039c-11f0-95c3-089df4bf3532,fertility,5,445,0.6666666865348816,0.07189488410949707,6300.0,0.0,104,1
SLIM+SIG1,728315b5-039c-11f0-95c3-089df4bf3532,fertility,5,446,0.6666666865348816,0.06868791580200195,7372.0,0.0,104,1
SLIM+SIG1,728315b5-039c-11f0-95c3-089df4bf3532,fertility,5,447,0.6666666865348816,0.06757998466491699,6883.0,0.0,104,1
SLIM+SIG1,728315b5-039c-11f0-95c3-089df4bf3532,fertility,5,448,0.6666666865348816,0.06858468055725098,7825.0,0.0,104,1
SLIM+SIG1,728315b5-039c-11f0-95c3-089df4bf3532,fertility,5,449,0.6666666865348816,0.0671241283416748,7723.0,0.0,104,1
SLIM+SIG1,728315b5-039c-11f0-95c3-089df4bf3532,fertility,5,450,0.6666666865348816,0.06664299964904785,8377.0,0.0,104,1
SLIM+SIG1,728315b5-039c-11f0-95c3-089df4bf3532,fertility,5,451,0.6666666865348816,0.07015085220336914,8354.0,0.0,104,1
SLIM+SIG1,728315b5-039c-11f0-95c3-089df4bf3532,fertility,5,452,0.6666666865348816,0.06821012496948242,8099.0,0.0,104,1
SLIM+SIG1,728315b5-039c-11f0-95c3-089df4bf3532,fertility,5,453,0.6666666865348816,0.06561660766601562,8232.0,0.0,104,1
SLIM+SIG1,728315b5-039c-11f0-95c3-089df4bf3532,fertility,5,454,0.6666666865348816,0.06867241859436035,8286.0,0.0,104,1
SLIM+SIG1,728315b5-039c-11f0-95c3-089df4bf3532,fertility,5,455,0.6666666865348816,0.06300592422485352,7732.0,0.0,104,1
SLIM+SIG1,728315b5-039c-11f0-95c3-089df4bf3532,fertility,5,456,0.6666666865348816,0.06891489028930664,7172.0,0.0,104,1
SLIM+SIG1,728315b5-039c-11f0-95c3-089df4bf3532,fertility,5,457,0.6666666865348816,0.06577515602111816,6349.0,0.0,104,1
SLIM+SIG1,728315b5-039c-11f0-95c3-089df4bf3532,fertility,5,458,0.6666666865348816,0.07136082649230957,5861.0,0.0,104,1
SLIM+SIG1,728315b5-039c-11f0-95c3-089df4bf3532,fertility,5,459,0.6666666865348816,0.06861257553100586,5499.0,0.0,104,1
SLIM+SIG1,728315b5-039c-11f0-95c3-089df4bf3532,fertility,5,460,0.6666666865348816,0.06983232498168945,6192.0,0.0,104,1
SLIM+SIG1,728315b5-039c-11f0-95c3-089df4bf3532,fertility,5,461,0.6666666865348816,0.06560587882995605,7053.0,0.0,104,1
SLIM+SIG1,728315b5-039c-11f0-95c3-089df4bf3532,fertility,5,462,0.6666666865348816,0.06199789047241211,8045.0,0.0,104,1
SLIM+SIG1,728315b5-039c-11f0-95c3-089df4bf3532,fertility,5,463,0.6666666865348816,0.06548523902893066,8386.0,0.0,104,1
SLIM+SIG1,728315b5-039c-11f0-95c3-089df4bf3532,fertility,5,464,0.6666666865348816,0.06873083114624023,9206.0,0.0,104,1
SLIM+SIG1,728315b5-039c-11f0-95c3-089df4bf3532,fertility,5,465,0.6666666865348816,0.06825804710388184,9068.0,0.0,104,1
SLIM+SIG1,728315b5-039c-11f0-95c3-089df4bf3532,fertility,5,466,0.6666666865348816,0.06795692443847656,8600.0,0.0,104,1
SLIM+SIG1,728315b5-039c-11f0-95c3-089df4bf3532,fertility,5,467,0.6666666865348816,0.0687253475189209,7778.0,0.0,104,1
SLIM+SIG1,728315b5-039c-11f0-95c3-089df4bf3532,fertility,5,468,0.6666666865348816,0.06488966941833496,7154.0,0.0,104,1
SLIM+SIG1,728315b5-039c-11f0-95c3-089df4bf3532,fertility,5,469,0.6666666865348816,0.06476831436157227,6467.0,0.0,104,1
SLIM+SIG1,728315b5-039c-11f0-95c3-089df4bf3532,fertility,5,470,0.6666666865348816,0.06451272964477539,6645.0,0.0,104,1
SLIM+SIG1,728315b5-039c-11f0-95c3-089df4bf3532,fertility,5,471,0.6666666865348816,0.06949138641357422,7271.0,0.0,104,1
SLIM+SIG1,728315b5-039c-11f0-95c3-089df4bf3532,fertility,5,472,0.6666666865348816,0.07352519035339355,6912.0,0.0,104,1
SLIM+SIG1,728315b5-039c-11f0-95c3-089df4bf3532,fertility,5,473,0.6666666865348816,0.06949043273925781,6945.0,0.0,104,1
SLIM+SIG1,728315b5-039c-11f0-95c3-089df4bf3532,fertility,5,474,0.6666666865348816,0.07211709022521973,6748.0,0.0,104,1
SLIM+SIG1,728315b5-039c-11f0-95c3-089df4bf3532,fertility,5,475,0.6666666865348816,0.0661318302154541,7335.0,0.0,104,1
SLIM+SIG1,728315b5-039c-11f0-95c3-089df4bf3532,fertility,5,476,0.6666666865348816,0.066497802734375,6733.0,0.0,104,1
SLIM+SIG1,728315b5-039c-11f0-95c3-089df4bf3532,fertility,5,477,0.6666666865348816,0.06710934638977051,7171.0,0.0,104,1
SLIM+SIG1,728315b5-039c-11f0-95c3-089df4bf3532,fertility,5,478,0.6666666865348816,0.0667107105255127,7038.0,0.0,104,1
SLIM+SIG1,728315b5-039c-11f0-95c3-089df4bf3532,fertility,5,479,0.6666666865348816,0.06471824645996094,7479.0,0.0,104,1
SLIM+SIG1,728315b5-039c-11f0-95c3-089df4bf3532,fertility,5,480,0.6666666865348816,0.06860685348510742,7367.0,0.0,104,1
SLIM+SIG1,728315b5-039c-11f0-95c3-089df4bf3532,fertility,5,481,0.6666666865348816,0.06598162651062012,7985.0,0.0,104,1
SLIM+SIG1,728315b5-039c-11f0-95c3-089df4bf3532,fertility,5,482,0.6666666865348816,0.06775522232055664,8345.0,0.0,104,1
SLIM+SIG1,728315b5-039c-11f0-95c3-089df4bf3532,fertility,5,483,0.6666666865348816,0.07061219215393066,7415.0,0.0,104,1
SLIM+SIG1,728315b5-039c-11f0-95c3-089df4bf3532,fertility,5,484,0.6666666865348816,0.06326508522033691,6975.0,0.0,104,1
SLIM+SIG1,728315b5-039c-11f0-95c3-089df4bf3532,fertility,5,485,0.6666666865348816,0.06372594833374023,5800.0,0.0,104,1
SLIM+SIG1,728315b5-039c-11f0-95c3-089df4bf3532,fertility,5,486,0.6666666865348816,0.06569051742553711,5420.0,0.0,104,1
SLIM+SIG1,728315b5-039c-11f0-95c3-089df4bf3532,fertility,5,487,0.6666666865348816,0.06592679023742676,6005.0,0.0,104,1
SLIM+SIG1,728315b5-039c-11f0-95c3-089df4bf3532,fertility,5,488,0.6666666865348816,0.06282758712768555,5740.0,0.0,104,1
SLIM+SIG1,728315b5-039c-11f0-95c3-089df4bf3532,fertility,5,489,0.6666666865348816,0.06731534004211426,6878.0,0.0,104,1
SLIM+SIG1,728315b5-039c-11f0-95c3-089df4bf3532,fertility,5,490,0.6666666865348816,0.06517386436462402,6885.0,0.0,104,1
SLIM+SIG1,728315b5-039c-11f0-95c3-089df4bf3532,fertility,5,491,0.6666666865348816,0.06585693359375,6701.0,0.0,104,1
SLIM+SIG1,728315b5-039c-11f0-95c3-089df4bf3532,fertility,5,492,0.6666666865348816,0.06698775291442871,6591.0,0.0,104,1
SLIM+SIG1,728315b5-039c-11f0-95c3-089df4bf3532,fertility,5,493,0.6666666865348816,0.06330418586730957,5683.0,0.0,104,1
SLIM+SIG1,728315b5-039c-11f0-95c3-089df4bf3532,fertility,5,494,0.6666666865348816,0.06387448310852051,4654.0,0.0,104,1
SLIM+SIG1,728315b5-039c-11f0-95c3-089df4bf3532,fertility,5,495,0.6666666865348816,0.062485456466674805,3893.0,0.0,104,1
SLIM+SIG1,728315b5-039c-11f0-95c3-089df4bf3532,fertility,5,496,0.6666666865348816,0.06668376922607422,3699.0,0.0,104,1
SLIM+SIG1,728315b5-039c-11f0-95c3-089df4bf3532,fertility,5,497,0.6666666865348816,0.060512542724609375,4040.0,0.0,104,1
SLIM+SIG1,728315b5-039c-11f0-95c3-089df4bf3532,fertility,5,498,0.6666666865348816,0.059401750564575195,4607.0,0.0,104,1
SLIM+SIG1,728315b5-039c-11f0-95c3-089df4bf3532,fertility,5,499,0.6666666865348816,0.06271672248840332,5387.0,0.0,104,1
SLIM+SIG1,728315b5-039c-11f0-95c3-089df4bf3532,fertility,5,500,0.6666666865348816,0.06143021583557129,5753.0,0.0,104,1
SLIM+SIG1,728315b5-039c-11f0-95c3-089df4bf3532,fertility,6,0,0.3333333432674408,0.0972442626953125,2688.0,0.20000000298023224,3,1
SLIM+SIG1,728315b5-039c-11f0-95c3-089df4bf3532,fertility,6,1,0.3333333432674408,0.09646916389465332,4841.0,0.20000000298023224,3,1
SLIM+SIG1,728315b5-039c-11f0-95c3-089df4bf3532,fertility,6,2,0.34782612323760986,0.0959775447845459,6452.0,0.3636363744735718,25,1
SLIM+SIG1,728315b5-039c-11f0-95c3-089df4bf3532,fertility,6,3,0.34782612323760986,0.09171509742736816,8577.0,0.3636363744735718,25,1
SLIM+SIG1,728315b5-039c-11f0-95c3-089df4bf3532,fertility,6,4,0.3636363744735718,0.16914629936218262,10429.0,0.20000000298023224,25,1
SLIM+SIG1,728315b5-039c-11f0-95c3-089df4bf3532,fertility,6,5,0.3636363744735718,0.09592413902282715,12903.0,0.20000000298023224,25,1
SLIM+SIG1,728315b5-039c-11f0-95c3-089df4bf3532,fertility,6,6,0.3636363744735718,0.09554171562194824,14998.0,0.20000000298023224,25,1
SLIM+SIG1,728315b5-039c-11f0-95c3-089df4bf3532,fertility,6,7,0.4000000059604645,0.09976363182067871,17217.0,0.4000000059604645,82,1
SLIM+SIG1,728315b5-039c-11f0-95c3-089df4bf3532,fertility,6,8,0.43478262424468994,0.09258294105529785,19305.0,0.1666666716337204,36,1
SLIM+SIG1,728315b5-039c-11f0-95c3-089df4bf3532,fertility,6,9,0.43478262424468994,0.08971905708312988,21482.0,0.1666666716337204,36,1
SLIM+SIG1,728315b5-039c-11f0-95c3-089df4bf3532,fertility,6,10,0.43478262424468994,0.09383964538574219,23757.0,0.1666666716337204,36,1
SLIM+SIG1,728315b5-039c-11f0-95c3-089df4bf3532,fertility,6,11,0.43478262424468994,0.05973458290100098,23973.0,0.1666666716337204,36,1
SLIM+SIG1,728315b5-039c-11f0-95c3-089df4bf3532,fertility,6,12,0.4545454680919647,0.061005592346191406,24225.0,0.125,47,1
SLIM+SIG1,728315b5-039c-11f0-95c3-089df4bf3532,fertility,6,13,0.4545454680919647,0.05973005294799805,24217.0,0.125,47,1
SLIM+SIG1,728315b5-039c-11f0-95c3-089df4bf3532,fertility,6,14,0.4800000488758087,0.06262636184692383,23596.0,0.1666666716337204,69,1
SLIM+SIG1,728315b5-039c-11f0-95c3-089df4bf3532,fertility,6,15,0.5454545021057129,0.06406068801879883,23327.0,0.13333334028720856,58,1
SLIM+SIG1,728315b5-039c-11f0-95c3-089df4bf3532,fertility,6,16,0.5454545021057129,0.06650233268737793,22919.0,0.13333334028720856,58,1
SLIM+SIG1,728315b5-039c-11f0-95c3-089df4bf3532,fertility,6,17,0.5454545021057129,0.06782722473144531,22680.0,0.13333334028720856,58,1
SLIM+SIG1,728315b5-039c-11f0-95c3-089df4bf3532,fertility,6,18,0.5454545021057129,0.0654444694519043,23144.0,0.13333334028720856,58,1
SLIM+SIG1,728315b5-039c-11f0-95c3-089df4bf3532,fertility,6,19,0.5454545021057129,0.06550383567810059,23371.0,0.13333334028720856,58,1
SLIM+SIG1,728315b5-039c-11f0-95c3-089df4bf3532,fertility,6,20,0.5454545021057129,0.06140017509460449,23220.0,0.13333334028720856,58,1
SLIM+SIG1,728315b5-039c-11f0-95c3-089df4bf3532,fertility,6,21,0.5454545021057129,0.05716228485107422,22867.0,0.13333334028720856,58,1
SLIM+SIG1,728315b5-039c-11f0-95c3-089df4bf3532,fertility,6,22,0.5454545021057129,0.0577237606048584,22524.0,0.13333334028720856,58,1
SLIM+SIG1,728315b5-039c-11f0-95c3-089df4bf3532,fertility,6,23,0.5454545021057129,0.0596165657043457,22404.0,0.13333334028720856,58,1
SLIM+SIG1,728315b5-039c-11f0-95c3-089df4bf3532,fertility,6,24,0.5454545021057129,0.06015515327453613,22006.0,0.13333334028720856,58,1
SLIM+SIG1,728315b5-039c-11f0-95c3-089df4bf3532,fertility,6,25,0.5454545021057129,0.05915045738220215,22222.0,0.13333334028720856,58,1
SLIM+SIG1,728315b5-039c-11f0-95c3-089df4bf3532,fertility,6,26,0.5454545021057129,0.05838656425476074,22252.0,0.13333334028720856,58,1
SLIM+SIG1,728315b5-039c-11f0-95c3-089df4bf3532,fertility,6,27,0.5454545021057129,0.057913780212402344,22239.0,0.13333334028720856,58,1
SLIM+SIG1,728315b5-039c-11f0-95c3-089df4bf3532,fertility,6,28,0.5454545021057129,0.058901309967041016,22369.0,0.13333334028720856,58,1
SLIM+SIG1,728315b5-039c-11f0-95c3-089df4bf3532,fertility,6,29,0.5454545021057129,0.06610774993896484,22281.0,0.13333334028720856,58,1
SLIM+SIG1,728315b5-039c-11f0-95c3-089df4bf3532,fertility,6,30,0.5454545021057129,0.05946683883666992,22380.0,0.13333334028720856,58,1
SLIM+SIG1,728315b5-039c-11f0-95c3-089df4bf3532,fertility,6,31,0.5454545021057129,0.05841994285583496,22314.0,0.13333334028720856,58,1
SLIM+SIG1,728315b5-039c-11f0-95c3-089df4bf3532,fertility,6,32,0.5454545021057129,0.05795025825500488,22270.0,0.13333334028720856,58,1
SLIM+SIG1,728315b5-039c-11f0-95c3-089df4bf3532,fertility,6,33,0.5454545021057129,0.0554196834564209,22391.0,0.13333334028720856,58,1
SLIM+SIG1,728315b5-039c-11f0-95c3-089df4bf3532,fertility,6,34,0.5454545021057129,0.05776500701904297,22336.0,0.13333334028720856,58,1
SLIM+SIG1,728315b5-039c-11f0-95c3-089df4bf3532,fertility,6,35,0.5454545021057129,0.05850410461425781,22281.0,0.13333334028720856,58,1
SLIM+SIG1,728315b5-039c-11f0-95c3-089df4bf3532,fertility,6,36,0.5454545021057129,0.05951690673828125,22325.0,0.13333334028720856,58,1
SLIM+SIG1,728315b5-039c-11f0-95c3-089df4bf3532,fertility,6,37,0.5454545021057129,0.059098005294799805,22250.0,0.13333334028720856,58,1
SLIM+SIG1,728315b5-039c-11f0-95c3-089df4bf3532,fertility,6,38,0.5454545021057129,0.05700874328613281,22248.0,0.13333334028720856,58,1
SLIM+SIG1,728315b5-039c-11f0-95c3-089df4bf3532,fertility,6,39,0.5454545021057129,0.05838274955749512,22281.0,0.13333334028720856,58,1
SLIM+SIG1,728315b5-039c-11f0-95c3-089df4bf3532,fertility,6,40,0.5454545021057129,0.05498313903808594,22226.0,0.13333334028720856,58,1
SLIM+SIG1,728315b5-039c-11f0-95c3-089df4bf3532,fertility,6,41,0.5454545021057129,0.061107635498046875,21984.0,0.13333334028720856,58,1
SLIM+SIG1,728315b5-039c-11f0-95c3-089df4bf3532,fertility,6,42,0.5454545021057129,0.06073188781738281,22204.0,0.13333334028720856,58,1
SLIM+SIG1,728315b5-039c-11f0-95c3-089df4bf3532,fertility,6,43,0.5454545021057129,0.058002471923828125,22193.0,0.13333334028720856,58,1
SLIM+SIG1,728315b5-039c-11f0-95c3-089df4bf3532,fertility,6,44,0.5454545021057129,0.06148099899291992,22272.0,0.13333334028720856,58,1
SLIM+SIG1,728315b5-039c-11f0-95c3-089df4bf3532,fertility,6,45,0.5454545021057129,0.05895400047302246,22402.0,0.13333334028720856,58,1
SLIM+SIG1,728315b5-039c-11f0-95c3-089df4bf3532,fertility,6,46,0.5454545021057129,0.05688953399658203,22226.0,0.13333334028720856,58,1
SLIM+SIG1,728315b5-039c-11f0-95c3-089df4bf3532,fertility,6,47,0.5454545021057129,0.06101393699645996,22096.0,0.13333334028720856,58,1
SLIM+SIG1,728315b5-039c-11f0-95c3-089df4bf3532,fertility,6,48,0.5454545021057129,0.0629281997680664,22160.0,0.13333334028720856,58,1
SLIM+SIG1,728315b5-039c-11f0-95c3-089df4bf3532,fertility,6,49,0.5454545021057129,0.05798912048339844,22204.0,0.13333334028720856,58,1
SLIM+SIG1,728315b5-039c-11f0-95c3-089df4bf3532,fertility,6,50,0.5454545021057129,0.057768821716308594,22261.0,0.13333334028720856,58,1
SLIM+SIG1,728315b5-039c-11f0-95c3-089df4bf3532,fertility,6,51,0.5454545021057129,0.06106400489807129,22241.0,0.13333334028720856,58,1
SLIM+SIG1,728315b5-039c-11f0-95c3-089df4bf3532,fertility,6,52,0.5454545021057129,0.05974268913269043,22216.0,0.13333334028720856,58,1
SLIM+SIG1,728315b5-039c-11f0-95c3-089df4bf3532,fertility,6,53,0.5454545021057129,0.0590972900390625,22319.0,0.13333334028720856,58,1
SLIM+SIG1,728315b5-039c-11f0-95c3-089df4bf3532,fertility,6,54,0.5454545021057129,0.0610811710357666,22288.0,0.13333334028720856,58,1
SLIM+SIG1,728315b5-039c-11f0-95c3-089df4bf3532,fertility,6,55,0.5454545021057129,0.05663108825683594,22171.0,0.13333334028720856,58,1
SLIM+SIG1,728315b5-039c-11f0-95c3-089df4bf3532,fertility,6,56,0.5454545021057129,0.05817580223083496,22316.0,0.13333334028720856,58,1
SLIM+SIG1,728315b5-039c-11f0-95c3-089df4bf3532,fertility,6,57,0.5454545021057129,0.057779550552368164,22198.0,0.13333334028720856,58,1
SLIM+SIG1,728315b5-039c-11f0-95c3-089df4bf3532,fertility,6,58,0.5454545021057129,0.05808877944946289,22274.0,0.13333334028720856,58,1
SLIM+SIG1,728315b5-039c-11f0-95c3-089df4bf3532,fertility,6,59,0.5454545021057129,0.06286859512329102,22201.0,0.13333334028720856,58,1
SLIM+SIG1,728315b5-039c-11f0-95c3-089df4bf3532,fertility,6,60,0.5454545021057129,0.061364173889160156,22124.0,0.13333334028720856,58,1
SLIM+SIG1,728315b5-039c-11f0-95c3-089df4bf3532,fertility,6,61,0.5454545021057129,0.058890342712402344,22186.0,0.13333334028720856,58,1
SLIM+SIG1,728315b5-039c-11f0-95c3-089df4bf3532,fertility,6,62,0.5454545021057129,0.061827898025512695,22351.0,0.13333334028720856,58,1
SLIM+SIG1,728315b5-039c-11f0-95c3-089df4bf3532,fertility,6,63,0.5454545021057129,0.05994415283203125,22122.0,0.13333334028720856,58,1
SLIM+SIG1,728315b5-039c-11f0-95c3-089df4bf3532,fertility,6,64,0.5454545021057129,0.06180739402770996,22175.0,0.13333334028720856,58,1
SLIM+SIG1,728315b5-039c-11f0-95c3-089df4bf3532,fertility,6,65,0.5454545021057129,0.06465506553649902,22197.0,0.13333334028720856,58,1
SLIM+SIG1,728315b5-039c-11f0-95c3-089df4bf3532,fertility,6,66,0.5454545021057129,0.06792068481445312,22195.0,0.13333334028720856,58,1
SLIM+SIG1,728315b5-039c-11f0-95c3-089df4bf3532,fertility,6,67,0.5454545021057129,0.0633542537689209,22237.0,0.13333334028720856,58,1
SLIM+SIG1,728315b5-039c-11f0-95c3-089df4bf3532,fertility,6,68,0.5454545021057129,0.060834646224975586,22215.0,0.13333334028720856,58,1
SLIM+SIG1,728315b5-039c-11f0-95c3-089df4bf3532,fertility,6,69,0.5454545021057129,0.06610703468322754,22127.0,0.13333334028720856,58,1
SLIM+SIG1,728315b5-039c-11f0-95c3-089df4bf3532,fertility,6,70,0.5454545021057129,0.0662698745727539,22149.0,0.13333334028720856,58,1
SLIM+SIG1,728315b5-039c-11f0-95c3-089df4bf3532,fertility,6,71,0.5454545021057129,0.06353640556335449,22083.0,0.13333334028720856,58,1
SLIM+SIG1,728315b5-039c-11f0-95c3-089df4bf3532,fertility,6,72,0.5454545021057129,0.062001705169677734,22052.0,0.13333334028720856,58,1
SLIM+SIG1,728315b5-039c-11f0-95c3-089df4bf3532,fertility,6,73,0.5454545021057129,0.06550908088684082,22043.0,0.13333334028720856,58,1
SLIM+SIG1,728315b5-039c-11f0-95c3-089df4bf3532,fertility,6,74,0.5454545021057129,0.058592796325683594,22098.0,0.13333334028720856,58,1
SLIM+SIG1,728315b5-039c-11f0-95c3-089df4bf3532,fertility,6,75,0.5454545021057129,0.057997703552246094,22072.0,0.13333334028720856,58,1
SLIM+SIG1,728315b5-039c-11f0-95c3-089df4bf3532,fertility,6,76,0.5454545021057129,0.05561518669128418,22173.0,0.13333334028720856,58,1
SLIM+SIG1,728315b5-039c-11f0-95c3-089df4bf3532,fertility,6,77,0.5454545021057129,0.06400370597839355,22204.0,0.13333334028720856,58,1
SLIM+SIG1,728315b5-039c-11f0-95c3-089df4bf3532,fertility,6,78,0.5454545021057129,0.059514760971069336,21962.0,0.13333334028720856,58,1
SLIM+SIG1,728315b5-039c-11f0-95c3-089df4bf3532,fertility,6,79,0.5454545021057129,0.05872607231140137,22193.0,0.13333334028720856,58,1
SLIM+SIG1,728315b5-039c-11f0-95c3-089df4bf3532,fertility,6,80,0.5454545021057129,0.05989694595336914,22094.0,0.13333334028720856,58,1
SLIM+SIG1,728315b5-039c-11f0-95c3-089df4bf3532,fertility,6,81,0.5454545021057129,0.05929136276245117,22239.0,0.13333334028720856,58,1
SLIM+SIG1,728315b5-039c-11f0-95c3-089df4bf3532,fertility,6,82,0.5454545021057129,0.06382441520690918,21995.0,0.13333334028720856,58,1
SLIM+SIG1,728315b5-039c-11f0-95c3-089df4bf3532,fertility,6,83,0.5454545021057129,0.06000328063964844,22052.0,0.13333334028720856,58,1
SLIM+SIG1,728315b5-039c-11f0-95c3-089df4bf3532,fertility,6,84,0.5454545021057129,0.06154918670654297,22239.0,0.13333334028720856,58,1
SLIM+SIG1,728315b5-039c-11f0-95c3-089df4bf3532,fertility,6,85,0.625,0.06220555305480957,21951.0,0.222222238779068,69,1
SLIM+SIG1,728315b5-039c-11f0-95c3-089df4bf3532,fertility,6,86,0.625,0.06670761108398438,21764.0,0.222222238779068,69,1
SLIM+SIG1,728315b5-039c-11f0-95c3-089df4bf3532,fertility,6,87,0.625,0.062835693359375,22006.0,0.222222238779068,69,1
SLIM+SIG1,728315b5-039c-11f0-95c3-089df4bf3532,fertility,6,88,0.625,0.06001091003417969,21819.0,0.222222238779068,69,1
SLIM+SIG1,728315b5-039c-11f0-95c3-089df4bf3532,fertility,6,89,0.625,0.06356549263000488,21733.0,0.222222238779068,69,1
SLIM+SIG1,728315b5-039c-11f0-95c3-089df4bf3532,fertility,6,90,0.625,0.05792593955993652,21863.0,0.222222238779068,69,1
SLIM+SIG1,728315b5-039c-11f0-95c3-089df4bf3532,fertility,6,91,0.625,0.06398558616638184,21918.0,0.222222238779068,69,1
SLIM+SIG1,728315b5-039c-11f0-95c3-089df4bf3532,fertility,6,92,0.625,0.06183815002441406,21874.0,0.222222238779068,69,1
SLIM+SIG1,728315b5-039c-11f0-95c3-089df4bf3532,fertility,6,93,0.625,0.0665431022644043,21698.0,0.222222238779068,69,1
SLIM+SIG1,728315b5-039c-11f0-95c3-089df4bf3532,fertility,6,94,0.625,0.06598758697509766,21755.0,0.222222238779068,69,1
SLIM+SIG1,728315b5-039c-11f0-95c3-089df4bf3532,fertility,6,95,0.625,0.0688014030456543,21858.0,0.222222238779068,69,1
SLIM+SIG1,728315b5-039c-11f0-95c3-089df4bf3532,fertility,6,96,0.625,0.0670156478881836,21759.0,0.222222238779068,69,1
SLIM+SIG1,728315b5-039c-11f0-95c3-089df4bf3532,fertility,6,97,0.6666666865348816,0.06300139427185059,21935.0,0.444444477558136,58,1
SLIM+SIG1,728315b5-039c-11f0-95c3-089df4bf3532,fertility,6,98,0.6666666865348816,0.06635785102844238,21666.0,0.444444477558136,58,1
SLIM+SIG1,728315b5-039c-11f0-95c3-089df4bf3532,fertility,6,99,0.6666666865348816,0.06818175315856934,21674.0,0.444444477558136,58,1
SLIM+SIG1,728315b5-039c-11f0-95c3-089df4bf3532,fertility,6,100,0.6666666865348816,0.07080841064453125,21793.0,0.444444477558136,58,1
SLIM+SIG1,728315b5-039c-11f0-95c3-089df4bf3532,fertility,6,101,0.6666666865348816,0.06273245811462402,21773.0,0.444444477558136,58,1
SLIM+SIG1,728315b5-039c-11f0-95c3-089df4bf3532,fertility,6,102,0.6666666865348816,0.0636286735534668,21658.0,0.444444477558136,58,1
SLIM+SIG1,728315b5-039c-11f0-95c3-089df4bf3532,fertility,6,103,0.6666666865348816,0.06003856658935547,21676.0,0.444444477558136,58,1
SLIM+SIG1,728315b5-039c-11f0-95c3-089df4bf3532,fertility,6,104,0.6666666865348816,0.06768798828125,21524.0,0.444444477558136,58,1
SLIM+SIG1,728315b5-039c-11f0-95c3-089df4bf3532,fertility,6,105,0.6666666865348816,0.0643153190612793,21790.0,0.444444477558136,58,1
SLIM+SIG1,728315b5-039c-11f0-95c3-089df4bf3532,fertility,6,106,0.6666666865348816,0.06399822235107422,21931.0,0.444444477558136,58,1
SLIM+SIG1,728315b5-039c-11f0-95c3-089df4bf3532,fertility,6,107,0.6666666865348816,0.0645439624786377,21790.0,0.444444477558136,58,1
SLIM+SIG1,728315b5-039c-11f0-95c3-089df4bf3532,fertility,6,108,0.6666666865348816,0.06954455375671387,21764.0,0.444444477558136,58,1
SLIM+SIG1,728315b5-039c-11f0-95c3-089df4bf3532,fertility,6,109,0.6666666865348816,0.06096982955932617,21799.0,0.444444477558136,58,1
SLIM+SIG1,728315b5-039c-11f0-95c3-089df4bf3532,fertility,6,110,0.6666666865348816,0.06315088272094727,21781.0,0.444444477558136,58,1
SLIM+SIG1,728315b5-039c-11f0-95c3-089df4bf3532,fertility,6,111,0.6666666865348816,0.05910944938659668,21951.0,0.444444477558136,58,1
SLIM+SIG1,728315b5-039c-11f0-95c3-089df4bf3532,fertility,6,112,0.6666666865348816,0.06389546394348145,21841.0,0.444444477558136,58,1
SLIM+SIG1,728315b5-039c-11f0-95c3-089df4bf3532,fertility,6,113,0.6666666865348816,0.0660390853881836,21856.0,0.444444477558136,58,1
SLIM+SIG1,728315b5-039c-11f0-95c3-089df4bf3532,fertility,6,114,0.6666666865348816,0.06960725784301758,21612.0,0.444444477558136,58,1
SLIM+SIG1,728315b5-039c-11f0-95c3-089df4bf3532,fertility,6,115,0.6666666865348816,0.06768989562988281,21610.0,0.444444477558136,58,1
SLIM+SIG1,728315b5-039c-11f0-95c3-089df4bf3532,fertility,6,116,0.6666666865348816,0.06746578216552734,21801.0,0.444444477558136,58,1
SLIM+SIG1,728315b5-039c-11f0-95c3-089df4bf3532,fertility,6,117,0.6666666865348816,0.06873655319213867,21885.0,0.444444477558136,58,1
SLIM+SIG1,728315b5-039c-11f0-95c3-089df4bf3532,fertility,6,118,0.6666666865348816,0.06032562255859375,21735.0,0.444444477558136,58,1
SLIM+SIG1,728315b5-039c-11f0-95c3-089df4bf3532,fertility,6,119,0.6666666865348816,0.06882953643798828,21566.0,0.444444477558136,58,1
SLIM+SIG1,728315b5-039c-11f0-95c3-089df4bf3532,fertility,6,120,0.6666666865348816,0.06974482536315918,21907.0,0.444444477558136,58,1
SLIM+SIG1,728315b5-039c-11f0-95c3-089df4bf3532,fertility,6,121,0.6666666865348816,0.06376981735229492,21678.0,0.444444477558136,58,1
SLIM+SIG1,728315b5-039c-11f0-95c3-089df4bf3532,fertility,6,122,0.6666666865348816,0.06198382377624512,21610.0,0.444444477558136,58,1
SLIM+SIG1,728315b5-039c-11f0-95c3-089df4bf3532,fertility,6,123,0.7142857313156128,0.06963062286376953,21291.0,0.2857142686843872,113,1
SLIM+SIG1,728315b5-039c-11f0-95c3-089df4bf3532,fertility,6,124,0.7142857313156128,0.06710410118103027,21603.0,0.2857142686843872,113,1
SLIM+SIG1,728315b5-039c-11f0-95c3-089df4bf3532,fertility,6,125,0.7142857313156128,0.0648036003112793,21799.0,0.2857142686843872,113,1
SLIM+SIG1,728315b5-039c-11f0-95c3-089df4bf3532,fertility,6,126,0.7142857313156128,0.06382632255554199,21841.0,0.2857142686843872,113,1
SLIM+SIG1,728315b5-039c-11f0-95c3-089df4bf3532,fertility,6,127,0.7142857313156128,0.06813549995422363,21995.0,0.2857142686843872,113,1
SLIM+SIG1,728315b5-039c-11f0-95c3-089df4bf3532,fertility,6,128,0.7142857313156128,0.06191301345825195,22001.0,0.2857142686843872,113,1
SLIM+SIG1,728315b5-039c-11f0-95c3-089df4bf3532,fertility,6,129,0.7142857313156128,0.061044931411743164,21911.0,0.2857142686843872,113,1
SLIM+SIG1,728315b5-039c-11f0-95c3-089df4bf3532,fertility,6,130,0.7142857313156128,0.07171773910522461,21931.0,0.2857142686843872,113,1
SLIM+SIG1,728315b5-039c-11f0-95c3-089df4bf3532,fertility,6,131,0.7142857313156128,0.07422709465026855,21755.0,0.2857142686843872,113,1
SLIM+SIG1,728315b5-039c-11f0-95c3-089df4bf3532,fertility,6,132,0.7142857313156128,0.07249021530151367,21900.0,0.2857142686843872,113,1
SLIM+SIG1,728315b5-039c-11f0-95c3-089df4bf3532,fertility,6,133,0.7142857313156128,0.06888747215270996,21799.0,0.2857142686843872,113,1
SLIM+SIG1,728315b5-039c-11f0-95c3-089df4bf3532,fertility,6,134,0.7142857313156128,0.07055282592773438,21953.0,0.2857142686843872,113,1
SLIM+SIG1,728315b5-039c-11f0-95c3-089df4bf3532,fertility,6,135,0.7142857313156128,0.06698727607727051,21953.0,0.2857142686843872,113,1
SLIM+SIG1,728315b5-039c-11f0-95c3-089df4bf3532,fertility,6,136,0.7142857313156128,0.06211113929748535,22017.0,0.2857142686843872,113,1
SLIM+SIG1,728315b5-039c-11f0-95c3-089df4bf3532,fertility,6,137,0.7142857313156128,0.0706479549407959,21931.0,0.2857142686843872,113,1
SLIM+SIG1,728315b5-039c-11f0-95c3-089df4bf3532,fertility,6,138,0.7142857313156128,0.0644989013671875,21986.0,0.2857142686843872,113,1
SLIM+SIG1,728315b5-039c-11f0-95c3-089df4bf3532,fertility,6,139,0.7692307829856873,0.06451249122619629,21691.0,0.0,102,1
SLIM+SIG1,728315b5-039c-11f0-95c3-089df4bf3532,fertility,6,140,0.7692307829856873,0.07220458984375,21746.0,0.0,102,1
SLIM+SIG1,728315b5-039c-11f0-95c3-089df4bf3532,fertility,6,141,0.7692307829856873,0.06905770301818848,21836.0,0.0,102,1
SLIM+SIG1,728315b5-039c-11f0-95c3-089df4bf3532,fertility,6,142,0.7692307829856873,0.06060457229614258,21869.0,0.0,102,1
SLIM+SIG1,728315b5-039c-11f0-95c3-089df4bf3532,fertility,6,143,0.7692307829856873,0.0668938159942627,21889.0,0.0,102,1
SLIM+SIG1,728315b5-039c-11f0-95c3-089df4bf3532,fertility,6,144,0.7692307829856873,0.06682634353637695,21709.0,0.0,102,1
SLIM+SIG1,728315b5-039c-11f0-95c3-089df4bf3532,fertility,6,145,0.7692307829856873,0.06385302543640137,21933.0,0.0,102,1
SLIM+SIG1,728315b5-039c-11f0-95c3-089df4bf3532,fertility,6,146,0.7692307829856873,0.06243562698364258,21737.0,0.0,102,1
SLIM+SIG1,728315b5-039c-11f0-95c3-089df4bf3532,fertility,6,147,0.7692307829856873,0.0696256160736084,21838.0,0.0,102,1
SLIM+SIG1,728315b5-039c-11f0-95c3-089df4bf3532,fertility,6,148,0.7692307829856873,0.0698394775390625,21731.0,0.0,102,1
SLIM+SIG1,728315b5-039c-11f0-95c3-089df4bf3532,fertility,6,149,0.7692307829856873,0.06594395637512207,21612.0,0.0,102,1
SLIM+SIG1,728315b5-039c-11f0-95c3-089df4bf3532,fertility,6,150,0.7692307829856873,0.06572532653808594,21753.0,0.0,102,1
SLIM+SIG1,728315b5-039c-11f0-95c3-089df4bf3532,fertility,6,151,0.7692307829856873,0.06372213363647461,21808.0,0.0,102,1
SLIM+SIG1,728315b5-039c-11f0-95c3-089df4bf3532,fertility,6,152,0.7692307829856873,0.06699943542480469,21900.0,0.0,102,1
SLIM+SIG1,728315b5-039c-11f0-95c3-089df4bf3532,fertility,6,153,0.7692307829856873,0.06171917915344238,21830.0,0.0,102,1
SLIM+SIG1,728315b5-039c-11f0-95c3-089df4bf3532,fertility,6,154,0.7692307829856873,0.06722640991210938,21843.0,0.0,102,1
SLIM+SIG1,728315b5-039c-11f0-95c3-089df4bf3532,fertility,6,155,0.7692307829856873,0.06300067901611328,21656.0,0.0,102,1
SLIM+SIG1,728315b5-039c-11f0-95c3-089df4bf3532,fertility,6,156,0.7692307829856873,0.07119011878967285,21689.0,0.0,102,1
SLIM+SIG1,728315b5-039c-11f0-95c3-089df4bf3532,fertility,6,157,0.7692307829856873,0.06638789176940918,21821.0,0.0,102,1
SLIM+SIG1,728315b5-039c-11f0-95c3-089df4bf3532,fertility,6,158,0.7692307829856873,0.06748127937316895,21480.0,0.0,102,1
SLIM+SIG1,728315b5-039c-11f0-95c3-089df4bf3532,fertility,6,159,0.7692307829856873,0.06562042236328125,21634.0,0.0,102,1
SLIM+SIG1,728315b5-039c-11f0-95c3-089df4bf3532,fertility,6,160,0.7692307829856873,0.06994390487670898,21467.0,0.0,102,1
SLIM+SIG1,728315b5-039c-11f0-95c3-089df4bf3532,fertility,6,161,0.7692307829856873,0.07500696182250977,21577.0,0.0,102,1
SLIM+SIG1,728315b5-039c-11f0-95c3-089df4bf3532,fertility,6,162,0.7692307829856873,0.07328939437866211,21425.0,0.0,102,1
SLIM+SIG1,728315b5-039c-11f0-95c3-089df4bf3532,fertility,6,163,0.7692307829856873,0.07709741592407227,21469.0,0.0,102,1
SLIM+SIG1,728315b5-039c-11f0-95c3-089df4bf3532,fertility,6,164,0.7692307829856873,0.06293821334838867,21517.0,0.0,102,1
SLIM+SIG1,728315b5-039c-11f0-95c3-089df4bf3532,fertility,6,165,0.7692307829856873,0.06499218940734863,21550.0,0.0,102,1
SLIM+SIG1,728315b5-039c-11f0-95c3-089df4bf3532,fertility,6,166,0.7692307829856873,0.06766080856323242,21700.0,0.0,102,1
SLIM+SIG1,728315b5-039c-11f0-95c3-089df4bf3532,fertility,6,167,0.7692307829856873,0.06784272193908691,21660.0,0.0,102,1
SLIM+SIG1,728315b5-039c-11f0-95c3-089df4bf3532,fertility,6,168,0.7692307829856873,0.06523394584655762,21548.0,0.0,102,1
SLIM+SIG1,728315b5-039c-11f0-95c3-089df4bf3532,fertility,6,169,0.7692307829856873,0.06891560554504395,21361.0,0.0,102,1
SLIM+SIG1,728315b5-039c-11f0-95c3-089df4bf3532,fertility,6,170,0.7692307829856873,0.06882739067077637,21748.0,0.0,102,1
SLIM+SIG1,728315b5-039c-11f0-95c3-089df4bf3532,fertility,6,171,0.7692307829856873,0.06495976448059082,21634.0,0.0,102,1
SLIM+SIG1,728315b5-039c-11f0-95c3-089df4bf3532,fertility,6,172,0.7692307829856873,0.06699252128601074,21317.0,0.0,102,1
SLIM+SIG1,728315b5-039c-11f0-95c3-089df4bf3532,fertility,6,173,0.7692307829856873,0.06393265724182129,21577.0,0.0,102,1
SLIM+SIG1,728315b5-039c-11f0-95c3-089df4bf3532,fertility,6,174,0.7692307829856873,0.07158279418945312,21676.0,0.0,102,1
SLIM+SIG1,728315b5-039c-11f0-95c3-089df4bf3532,fertility,6,175,0.7692307829856873,0.06585407257080078,21581.0,0.0,102,1
SLIM+SIG1,728315b5-039c-11f0-95c3-089df4bf3532,fertility,6,176,0.7692307829856873,0.06772112846374512,21594.0,0.0,102,1
SLIM+SIG1,728315b5-039c-11f0-95c3-089df4bf3532,fertility,6,177,0.7692307829856873,0.06597518920898438,21389.0,0.0,102,1
SLIM+SIG1,728315b5-039c-11f0-95c3-089df4bf3532,fertility,6,178,0.7692307829856873,0.07000184059143066,21576.0,0.0,102,1
SLIM+SIG1,728315b5-039c-11f0-95c3-089df4bf3532,fertility,6,179,0.7692307829856873,0.06659173965454102,21466.0,0.0,102,1
SLIM+SIG1,728315b5-039c-11f0-95c3-089df4bf3532,fertility,6,180,0.7692307829856873,0.14049220085144043,21539.0,0.0,102,1
SLIM+SIG1,728315b5-039c-11f0-95c3-089df4bf3532,fertility,6,181,0.7692307829856873,0.06561827659606934,21460.0,0.0,102,1
SLIM+SIG1,728315b5-039c-11f0-95c3-089df4bf3532,fertility,6,182,0.7692307829856873,0.06175637245178223,21381.0,0.0,102,1
SLIM+SIG1,728315b5-039c-11f0-95c3-089df4bf3532,fertility,6,183,0.7692307829856873,0.06623649597167969,21526.0,0.0,102,1
SLIM+SIG1,728315b5-039c-11f0-95c3-089df4bf3532,fertility,6,184,0.7692307829856873,0.06484699249267578,21676.0,0.0,102,1
SLIM+SIG1,728315b5-039c-11f0-95c3-089df4bf3532,fertility,6,185,0.7692307829856873,0.0657203197479248,21678.0,0.0,102,1
SLIM+SIG1,728315b5-039c-11f0-95c3-089df4bf3532,fertility,6,186,0.7692307829856873,0.06613969802856445,21522.0,0.0,102,1
SLIM+SIG1,728315b5-039c-11f0-95c3-089df4bf3532,fertility,6,187,0.7692307829856873,0.06897306442260742,21654.0,0.0,102,1
SLIM+SIG1,728315b5-039c-11f0-95c3-089df4bf3532,fertility,6,188,0.7692307829856873,0.0705113410949707,21436.0,0.0,102,1
SLIM+SIG1,728315b5-039c-11f0-95c3-089df4bf3532,fertility,6,189,0.7692307829856873,0.0670003890991211,21511.0,0.0,102,1
SLIM+SIG1,728315b5-039c-11f0-95c3-089df4bf3532,fertility,6,190,0.7692307829856873,0.0705106258392334,21667.0,0.0,102,1
SLIM+SIG1,728315b5-039c-11f0-95c3-089df4bf3532,fertility,6,191,0.7692307829856873,0.06859111785888672,21425.0,0.0,102,1
SLIM+SIG1,728315b5-039c-11f0-95c3-089df4bf3532,fertility,6,192,0.7692307829856873,0.07759785652160645,21515.0,0.0,102,1
SLIM+SIG1,728315b5-039c-11f0-95c3-089df4bf3532,fertility,6,193,0.7692307829856873,0.07372140884399414,21491.0,0.0,102,1
SLIM+SIG1,728315b5-039c-11f0-95c3-089df4bf3532,fertility,6,194,0.7692307829856873,0.06435537338256836,21469.0,0.0,102,1
SLIM+SIG1,728315b5-039c-11f0-95c3-089df4bf3532,fertility,6,195,0.7692307829856873,0.07069849967956543,21495.0,0.0,102,1
SLIM+SIG1,728315b5-039c-11f0-95c3-089df4bf3532,fertility,6,196,0.7692307829856873,0.06918811798095703,21262.0,0.0,102,1
SLIM+SIG1,728315b5-039c-11f0-95c3-089df4bf3532,fertility,6,197,0.7692307829856873,0.06784844398498535,21086.0,0.0,102,1
SLIM+SIG1,728315b5-039c-11f0-95c3-089df4bf3532,fertility,6,198,0.7692307829856873,0.06884479522705078,21163.0,0.0,102,1
SLIM+SIG1,728315b5-039c-11f0-95c3-089df4bf3532,fertility,6,199,0.7692307829856873,0.07101249694824219,21176.0,0.0,102,1
SLIM+SIG1,728315b5-039c-11f0-95c3-089df4bf3532,fertility,6,200,0.7692307829856873,0.06898307800292969,21295.0,0.0,102,1
SLIM+SIG1,728315b5-039c-11f0-95c3-089df4bf3532,fertility,6,201,0.7692307829856873,0.06297922134399414,21110.0,0.0,102,1
SLIM+SIG1,728315b5-039c-11f0-95c3-089df4bf3532,fertility,6,202,0.7692307829856873,0.06731534004211426,21259.0,0.0,102,1
SLIM+SIG1,728315b5-039c-11f0-95c3-089df4bf3532,fertility,6,203,0.7692307829856873,0.06898856163024902,21112.0,0.0,102,1
SLIM+SIG1,728315b5-039c-11f0-95c3-089df4bf3532,fertility,6,204,0.7692307829856873,0.06793618202209473,21139.0,0.0,102,1
SLIM+SIG1,728315b5-039c-11f0-95c3-089df4bf3532,fertility,6,205,0.7692307829856873,0.07158470153808594,21238.0,0.0,102,1
SLIM+SIG1,728315b5-039c-11f0-95c3-089df4bf3532,fertility,6,206,0.7692307829856873,0.06310248374938965,21394.0,0.0,102,1
SLIM+SIG1,728315b5-039c-11f0-95c3-089df4bf3532,fertility,6,207,0.7692307829856873,0.06798434257507324,21436.0,0.0,102,1
SLIM+SIG1,728315b5-039c-11f0-95c3-089df4bf3532,fertility,6,208,0.7692307829856873,0.06777024269104004,21257.0,0.0,102,1
SLIM+SIG1,728315b5-039c-11f0-95c3-089df4bf3532,fertility,6,209,0.7692307829856873,0.07025384902954102,21115.0,0.0,102,1
SLIM+SIG1,728315b5-039c-11f0-95c3-089df4bf3532,fertility,6,210,0.7692307829856873,0.06950902938842773,20923.0,0.0,102,1
SLIM+SIG1,728315b5-039c-11f0-95c3-089df4bf3532,fertility,6,211,0.7692307829856873,0.07129621505737305,20934.0,0.0,102,1
SLIM+SIG1,728315b5-039c-11f0-95c3-089df4bf3532,fertility,6,212,0.7692307829856873,0.07267403602600098,20938.0,0.0,102,1
SLIM+SIG1,728315b5-039c-11f0-95c3-089df4bf3532,fertility,6,213,0.7692307829856873,0.07212972640991211,21218.0,0.0,102,1
SLIM+SIG1,728315b5-039c-11f0-95c3-089df4bf3532,fertility,6,214,0.7692307829856873,0.06765961647033691,21332.0,0.0,102,1
SLIM+SIG1,728315b5-039c-11f0-95c3-089df4bf3532,fertility,6,215,0.7692307829856873,0.06676959991455078,21077.0,0.0,102,1
SLIM+SIG1,728315b5-039c-11f0-95c3-089df4bf3532,fertility,6,216,0.7692307829856873,0.07010841369628906,21022.0,0.0,102,1
SLIM+SIG1,728315b5-039c-11f0-95c3-089df4bf3532,fertility,6,217,0.7692307829856873,0.0695953369140625,20754.0,0.0,102,1
SLIM+SIG1,728315b5-039c-11f0-95c3-089df4bf3532,fertility,6,218,0.7692307829856873,0.06991195678710938,20611.0,0.0,102,1
SLIM+SIG1,728315b5-039c-11f0-95c3-089df4bf3532,fertility,6,219,0.7692307829856873,0.06890344619750977,20615.0,0.0,102,1
SLIM+SIG1,728315b5-039c-11f0-95c3-089df4bf3532,fertility,6,220,0.7692307829856873,0.07213997840881348,20899.0,0.0,102,1
SLIM+SIG1,728315b5-039c-11f0-95c3-089df4bf3532,fertility,6,221,0.7692307829856873,0.06762075424194336,20819.0,0.0,102,1
SLIM+SIG1,728315b5-039c-11f0-95c3-089df4bf3532,fertility,6,222,0.7692307829856873,0.07694387435913086,21026.0,0.0,102,1
SLIM+SIG1,728315b5-039c-11f0-95c3-089df4bf3532,fertility,6,223,0.7692307829856873,0.07583379745483398,20729.0,0.0,102,1
SLIM+SIG1,728315b5-039c-11f0-95c3-089df4bf3532,fertility,6,224,0.7692307829856873,0.07635831832885742,21017.0,0.0,102,1
SLIM+SIG1,728315b5-039c-11f0-95c3-089df4bf3532,fertility,6,225,0.7692307829856873,0.07129955291748047,20837.0,0.0,102,1
SLIM+SIG1,728315b5-039c-11f0-95c3-089df4bf3532,fertility,6,226,0.7692307829856873,0.06872749328613281,20793.0,0.0,102,1
SLIM+SIG1,728315b5-039c-11f0-95c3-089df4bf3532,fertility,6,227,0.7692307829856873,0.07198834419250488,20778.0,0.0,102,1
SLIM+SIG1,728315b5-039c-11f0-95c3-089df4bf3532,fertility,6,228,0.7692307829856873,0.07061243057250977,20610.0,0.0,102,1
SLIM+SIG1,728315b5-039c-11f0-95c3-089df4bf3532,fertility,6,229,0.7692307829856873,0.07316875457763672,20453.0,0.0,102,1
SLIM+SIG1,728315b5-039c-11f0-95c3-089df4bf3532,fertility,6,230,0.7692307829856873,0.07069563865661621,20538.0,0.0,102,1
SLIM+SIG1,728315b5-039c-11f0-95c3-089df4bf3532,fertility,6,231,0.7692307829856873,0.07589006423950195,20364.0,0.0,102,1
SLIM+SIG1,728315b5-039c-11f0-95c3-089df4bf3532,fertility,6,232,0.7692307829856873,0.0749359130859375,20560.0,0.0,102,1
SLIM+SIG1,728315b5-039c-11f0-95c3-089df4bf3532,fertility,6,233,0.7692307829856873,0.07462000846862793,20269.0,0.0,102,1
SLIM+SIG1,728315b5-039c-11f0-95c3-089df4bf3532,fertility,6,234,0.7692307829856873,0.07350611686706543,20348.0,0.0,102,1
SLIM+SIG1,728315b5-039c-11f0-95c3-089df4bf3532,fertility,6,235,0.7692307829856873,0.07706618309020996,20308.0,0.0,102,1
SLIM+SIG1,728315b5-039c-11f0-95c3-089df4bf3532,fertility,6,236,0.7692307829856873,0.07551360130310059,20022.0,0.0,102,1
SLIM+SIG1,728315b5-039c-11f0-95c3-089df4bf3532,fertility,6,237,0.7692307829856873,0.08027458190917969,20268.0,0.0,102,1
SLIM+SIG1,728315b5-039c-11f0-95c3-089df4bf3532,fertility,6,238,0.7692307829856873,0.07695293426513672,20053.0,0.0,102,1
SLIM+SIG1,728315b5-039c-11f0-95c3-089df4bf3532,fertility,6,239,0.7692307829856873,0.07042741775512695,20092.0,0.0,102,1
SLIM+SIG1,728315b5-039c-11f0-95c3-089df4bf3532,fertility,6,240,0.7692307829856873,0.07473111152648926,20631.0,0.0,102,1
SLIM+SIG1,728315b5-039c-11f0-95c3-089df4bf3532,fertility,6,241,0.7692307829856873,0.07057714462280273,20398.0,0.0,102,1
SLIM+SIG1,728315b5-039c-11f0-95c3-089df4bf3532,fertility,6,242,0.7692307829856873,0.06955456733703613,20261.0,0.0,102,1
SLIM+SIG1,728315b5-039c-11f0-95c3-089df4bf3532,fertility,6,243,0.7692307829856873,0.06627011299133301,20323.0,0.0,102,1
SLIM+SIG1,728315b5-039c-11f0-95c3-089df4bf3532,fertility,6,244,0.7692307829856873,0.0747227668762207,20003.0,0.0,102,1
SLIM+SIG1,728315b5-039c-11f0-95c3-089df4bf3532,fertility,6,245,0.7692307829856873,0.07022666931152344,19916.0,0.0,102,1
SLIM+SIG1,728315b5-039c-11f0-95c3-089df4bf3532,fertility,6,246,0.7692307829856873,0.07989740371704102,19974.0,0.0,102,1
SLIM+SIG1,728315b5-039c-11f0-95c3-089df4bf3532,fertility,6,247,0.7692307829856873,0.07134079933166504,19877.0,0.0,102,1
SLIM+SIG1,728315b5-039c-11f0-95c3-089df4bf3532,fertility,6,248,0.7692307829856873,0.06863594055175781,19961.0,0.0,102,1
SLIM+SIG1,728315b5-039c-11f0-95c3-089df4bf3532,fertility,6,249,0.7692307829856873,0.06899333000183105,19873.0,0.0,102,1
SLIM+SIG1,728315b5-039c-11f0-95c3-089df4bf3532,fertility,6,250,0.7692307829856873,0.07001447677612305,20068.0,0.0,102,1
SLIM+SIG1,728315b5-039c-11f0-95c3-089df4bf3532,fertility,6,251,0.7692307829856873,0.08117842674255371,20398.0,0.0,102,1
SLIM+SIG1,728315b5-039c-11f0-95c3-089df4bf3532,fertility,6,252,0.7692307829856873,0.07510256767272949,20237.0,0.0,102,1
SLIM+SIG1,728315b5-039c-11f0-95c3-089df4bf3532,fertility,6,253,0.7692307829856873,0.07725667953491211,20394.0,0.0,102,1
SLIM+SIG1,728315b5-039c-11f0-95c3-089df4bf3532,fertility,6,254,0.7692307829856873,0.07700586318969727,20623.0,0.0,102,1
SLIM+SIG1,728315b5-039c-11f0-95c3-089df4bf3532,fertility,6,255,0.7692307829856873,0.0699620246887207,20503.0,0.0,102,1
SLIM+SIG1,728315b5-039c-11f0-95c3-089df4bf3532,fertility,6,256,0.7692307829856873,0.07562255859375,20081.0,0.0,102,1
SLIM+SIG1,728315b5-039c-11f0-95c3-089df4bf3532,fertility,6,257,0.7692307829856873,0.07815814018249512,19832.0,0.0,102,1
SLIM+SIG1,728315b5-039c-11f0-95c3-089df4bf3532,fertility,6,258,0.7692307829856873,0.07467222213745117,19943.0,0.0,102,1
SLIM+SIG1,728315b5-039c-11f0-95c3-089df4bf3532,fertility,6,259,0.7692307829856873,0.0731039047241211,19746.0,0.0,102,1
SLIM+SIG1,728315b5-039c-11f0-95c3-089df4bf3532,fertility,6,260,0.7692307829856873,0.07528090476989746,19631.0,0.0,102,1
SLIM+SIG1,728315b5-039c-11f0-95c3-089df4bf3532,fertility,6,261,0.7692307829856873,0.07486438751220703,19310.0,0.0,102,1
SLIM+SIG1,728315b5-039c-11f0-95c3-089df4bf3532,fertility,6,262,0.7692307829856873,0.07393860816955566,19252.0,0.0,102,1
SLIM+SIG1,728315b5-039c-11f0-95c3-089df4bf3532,fertility,6,263,0.7692307829856873,0.14972448348999023,19185.0,0.0,102,1
SLIM+SIG1,728315b5-039c-11f0-95c3-089df4bf3532,fertility,6,264,0.7692307829856873,0.08056974411010742,18863.0,0.0,102,1
SLIM+SIG1,728315b5-039c-11f0-95c3-089df4bf3532,fertility,6,265,0.7692307829856873,0.08162522315979004,18465.0,0.0,102,1
SLIM+SIG1,728315b5-039c-11f0-95c3-089df4bf3532,fertility,6,266,0.7692307829856873,0.07381606101989746,18647.0,0.0,102,1
SLIM+SIG1,728315b5-039c-11f0-95c3-089df4bf3532,fertility,6,267,0.7692307829856873,0.07489776611328125,18604.0,0.0,102,1
SLIM+SIG1,728315b5-039c-11f0-95c3-089df4bf3532,fertility,6,268,0.7692307829856873,0.08734798431396484,18305.0,0.0,102,1
SLIM+SIG1,728315b5-039c-11f0-95c3-089df4bf3532,fertility,6,269,0.7692307829856873,0.07562494277954102,18789.0,0.0,102,1
SLIM+SIG1,728315b5-039c-11f0-95c3-089df4bf3532,fertility,6,270,0.7692307829856873,0.07872819900512695,18981.0,0.0,102,1
SLIM+SIG1,728315b5-039c-11f0-95c3-089df4bf3532,fertility,6,271,0.7692307829856873,0.0737299919128418,18571.0,0.0,102,1
SLIM+SIG1,728315b5-039c-11f0-95c3-089df4bf3532,fertility,6,272,0.7692307829856873,0.08089280128479004,19004.0,0.0,102,1
SLIM+SIG1,728315b5-039c-11f0-95c3-089df4bf3532,fertility,6,273,0.7692307829856873,0.08351397514343262,19029.0,0.0,102,1
SLIM+SIG1,728315b5-039c-11f0-95c3-089df4bf3532,fertility,6,274,0.7692307829856873,0.08355331420898438,19075.0,0.0,102,1
SLIM+SIG1,728315b5-039c-11f0-95c3-089df4bf3532,fertility,6,275,0.7692307829856873,0.07951641082763672,19119.0,0.0,102,1
SLIM+SIG1,728315b5-039c-11f0-95c3-089df4bf3532,fertility,6,276,0.7692307829856873,0.07951641082763672,19185.0,0.0,102,1
SLIM+SIG1,728315b5-039c-11f0-95c3-089df4bf3532,fertility,6,277,0.7692307829856873,0.09181690216064453,19084.0,0.0,102,1
SLIM+SIG1,728315b5-039c-11f0-95c3-089df4bf3532,fertility,6,278,0.7692307829856873,0.09332633018493652,19291.0,0.0,102,1
SLIM+SIG1,728315b5-039c-11f0-95c3-089df4bf3532,fertility,6,279,0.7692307829856873,0.0826568603515625,18798.0,0.0,102,1
SLIM+SIG1,728315b5-039c-11f0-95c3-089df4bf3532,fertility,6,280,0.7692307829856873,0.08151698112487793,18696.0,0.0,102,1
SLIM+SIG1,728315b5-039c-11f0-95c3-089df4bf3532,fertility,6,281,0.7692307829856873,0.07972526550292969,18806.0,0.0,102,1
SLIM+SIG1,728315b5-039c-11f0-95c3-089df4bf3532,fertility,6,282,0.7692307829856873,0.08055853843688965,18709.0,0.0,102,1
SLIM+SIG1,728315b5-039c-11f0-95c3-089df4bf3532,fertility,6,283,0.7692307829856873,0.07463407516479492,18872.0,0.0,102,1
SLIM+SIG1,728315b5-039c-11f0-95c3-089df4bf3532,fertility,6,284,0.7692307829856873,0.07513642311096191,18951.0,0.0,102,1
SLIM+SIG1,728315b5-039c-11f0-95c3-089df4bf3532,fertility,6,285,0.7692307829856873,0.08062314987182617,18505.0,0.0,102,1
SLIM+SIG1,728315b5-039c-11f0-95c3-089df4bf3532,fertility,6,286,0.7692307829856873,0.07465720176696777,18498.0,0.0,102,1
SLIM+SIG1,728315b5-039c-11f0-95c3-089df4bf3532,fertility,6,287,0.7692307829856873,0.07853055000305176,17896.0,0.0,102,1
SLIM+SIG1,728315b5-039c-11f0-95c3-089df4bf3532,fertility,6,288,0.7692307829856873,0.08042287826538086,18027.0,0.0,102,1
SLIM+SIG1,728315b5-039c-11f0-95c3-089df4bf3532,fertility,6,289,0.7692307829856873,0.08319807052612305,18384.0,0.0,102,1
SLIM+SIG1,728315b5-039c-11f0-95c3-089df4bf3532,fertility,6,290,0.7692307829856873,0.07564187049865723,17930.0,0.0,102,1
SLIM+SIG1,728315b5-039c-11f0-95c3-089df4bf3532,fertility,6,291,0.7692307829856873,0.07383418083190918,17842.0,0.0,102,1
SLIM+SIG1,728315b5-039c-11f0-95c3-089df4bf3532,fertility,6,292,0.7692307829856873,0.07853126525878906,18297.0,0.0,102,1
SLIM+SIG1,728315b5-039c-11f0-95c3-089df4bf3532,fertility,6,293,0.7692307829856873,0.0760040283203125,18799.0,0.0,102,1
SLIM+SIG1,728315b5-039c-11f0-95c3-089df4bf3532,fertility,6,294,0.7692307829856873,0.08127593994140625,18657.0,0.0,102,1
SLIM+SIG1,728315b5-039c-11f0-95c3-089df4bf3532,fertility,6,295,0.7692307829856873,0.0807199478149414,19219.0,0.0,102,1
SLIM+SIG1,728315b5-039c-11f0-95c3-089df4bf3532,fertility,6,296,0.7692307829856873,0.0759274959564209,18921.0,0.0,102,1
SLIM+SIG1,728315b5-039c-11f0-95c3-089df4bf3532,fertility,6,297,0.7692307829856873,0.07438278198242188,18350.0,0.0,102,1
SLIM+SIG1,728315b5-039c-11f0-95c3-089df4bf3532,fertility,6,298,0.7692307829856873,0.07525873184204102,18624.0,0.0,102,1
SLIM+SIG1,728315b5-039c-11f0-95c3-089df4bf3532,fertility,6,299,0.7692307829856873,0.07708239555358887,18332.0,0.0,102,1
SLIM+SIG1,728315b5-039c-11f0-95c3-089df4bf3532,fertility,6,300,0.7692307829856873,0.07438230514526367,17517.0,0.0,102,1
SLIM+SIG1,728315b5-039c-11f0-95c3-089df4bf3532,fertility,6,301,0.7692307829856873,0.07670283317565918,17260.0,0.0,102,1
SLIM+SIG1,728315b5-039c-11f0-95c3-089df4bf3532,fertility,6,302,0.7692307829856873,0.07838630676269531,16916.0,0.0,102,1
SLIM+SIG1,728315b5-039c-11f0-95c3-089df4bf3532,fertility,6,303,0.7692307829856873,0.07024121284484863,16353.0,0.0,102,1
SLIM+SIG1,728315b5-039c-11f0-95c3-089df4bf3532,fertility,6,304,0.7692307829856873,0.08197236061096191,16265.0,0.0,102,1
SLIM+SIG1,728315b5-039c-11f0-95c3-089df4bf3532,fertility,6,305,0.7692307829856873,0.08141446113586426,15533.0,0.0,102,1
SLIM+SIG1,728315b5-039c-11f0-95c3-089df4bf3532,fertility,6,306,0.7692307829856873,0.07579255104064941,15037.0,0.0,102,1
SLIM+SIG1,728315b5-039c-11f0-95c3-089df4bf3532,fertility,6,307,0.7692307829856873,0.07220673561096191,14947.0,0.0,102,1
SLIM+SIG1,728315b5-039c-11f0-95c3-089df4bf3532,fertility,6,308,0.7692307829856873,0.07772040367126465,15176.0,0.0,102,1
SLIM+SIG1,728315b5-039c-11f0-95c3-089df4bf3532,fertility,6,309,0.7692307829856873,0.07295083999633789,14716.0,0.0,102,1
SLIM+SIG1,728315b5-039c-11f0-95c3-089df4bf3532,fertility,6,310,0.7692307829856873,0.07875895500183105,14867.0,0.0,102,1
SLIM+SIG1,728315b5-039c-11f0-95c3-089df4bf3532,fertility,6,311,0.7692307829856873,0.07566404342651367,14959.0,0.0,102,1
SLIM+SIG1,728315b5-039c-11f0-95c3-089df4bf3532,fertility,6,312,0.7692307829856873,0.07400250434875488,14769.0,0.0,102,1
SLIM+SIG1,728315b5-039c-11f0-95c3-089df4bf3532,fertility,6,313,0.7692307829856873,0.07376933097839355,13576.0,0.0,102,1
SLIM+SIG1,728315b5-039c-11f0-95c3-089df4bf3532,fertility,6,314,0.7692307829856873,0.07307314872741699,13863.0,0.0,102,1
SLIM+SIG1,728315b5-039c-11f0-95c3-089df4bf3532,fertility,6,315,0.7692307829856873,0.07891583442687988,15190.0,0.0,102,1
SLIM+SIG1,728315b5-039c-11f0-95c3-089df4bf3532,fertility,6,316,0.7692307829856873,0.14189434051513672,14927.0,0.0,102,1
SLIM+SIG1,728315b5-039c-11f0-95c3-089df4bf3532,fertility,6,317,0.7692307829856873,0.07461309432983398,14751.0,0.0,102,1
SLIM+SIG1,728315b5-039c-11f0-95c3-089df4bf3532,fertility,6,318,0.7692307829856873,0.07592082023620605,14384.0,0.0,102,1
SLIM+SIG1,728315b5-039c-11f0-95c3-089df4bf3532,fertility,6,319,0.7692307829856873,0.07323312759399414,14667.0,0.0,102,1
SLIM+SIG1,728315b5-039c-11f0-95c3-089df4bf3532,fertility,6,320,0.7692307829856873,0.07440757751464844,14769.0,0.0,102,1
SLIM+SIG1,728315b5-039c-11f0-95c3-089df4bf3532,fertility,6,321,0.7692307829856873,0.07410836219787598,15310.0,0.0,102,1
SLIM+SIG1,728315b5-039c-11f0-95c3-089df4bf3532,fertility,6,322,0.7692307829856873,0.0721592903137207,15530.0,0.0,102,1
SLIM+SIG1,728315b5-039c-11f0-95c3-089df4bf3532,fertility,6,323,0.7692307829856873,0.07182812690734863,15291.0,0.0,102,1
SLIM+SIG1,728315b5-039c-11f0-95c3-089df4bf3532,fertility,6,324,0.7692307829856873,0.07367920875549316,15166.0,0.0,102,1
SLIM+SIG1,728315b5-039c-11f0-95c3-089df4bf3532,fertility,6,325,0.7692307829856873,0.0737149715423584,15594.0,0.0,102,1
SLIM+SIG1,728315b5-039c-11f0-95c3-089df4bf3532,fertility,6,326,0.7692307829856873,0.07318806648254395,15852.0,0.0,102,1
SLIM+SIG1,728315b5-039c-11f0-95c3-089df4bf3532,fertility,6,327,0.7692307829856873,0.07643842697143555,15808.0,0.0,102,1
SLIM+SIG1,728315b5-039c-11f0-95c3-089df4bf3532,fertility,6,328,0.7692307829856873,0.07665896415710449,15691.0,0.0,102,1
SLIM+SIG1,728315b5-039c-11f0-95c3-089df4bf3532,fertility,6,329,0.7692307829856873,0.07389593124389648,15407.0,0.0,102,1
SLIM+SIG1,728315b5-039c-11f0-95c3-089df4bf3532,fertility,6,330,0.7692307829856873,0.07119345664978027,15363.0,0.0,102,1
SLIM+SIG1,728315b5-039c-11f0-95c3-089df4bf3532,fertility,6,331,0.7692307829856873,0.07171845436096191,15689.0,0.0,102,1
SLIM+SIG1,728315b5-039c-11f0-95c3-089df4bf3532,fertility,6,332,0.7692307829856873,0.07946038246154785,15760.0,0.0,102,1
SLIM+SIG1,728315b5-039c-11f0-95c3-089df4bf3532,fertility,6,333,0.7692307829856873,0.07772493362426758,16019.0,0.0,102,1
SLIM+SIG1,728315b5-039c-11f0-95c3-089df4bf3532,fertility,6,334,0.7692307829856873,0.07262992858886719,15595.0,0.0,102,1
SLIM+SIG1,728315b5-039c-11f0-95c3-089df4bf3532,fertility,6,335,0.7692307829856873,0.07200908660888672,15333.0,0.0,102,1
SLIM+SIG1,728315b5-039c-11f0-95c3-089df4bf3532,fertility,6,336,0.7692307829856873,0.07117390632629395,14332.0,0.0,102,1
SLIM+SIG1,728315b5-039c-11f0-95c3-089df4bf3532,fertility,6,337,0.7692307829856873,0.0718526840209961,14604.0,0.0,102,1
SLIM+SIG1,728315b5-039c-11f0-95c3-089df4bf3532,fertility,6,338,0.7692307829856873,0.07482695579528809,14686.0,0.0,102,1
SLIM+SIG1,728315b5-039c-11f0-95c3-089df4bf3532,fertility,6,339,0.7692307829856873,0.07271361351013184,13729.0,0.0,102,1
SLIM+SIG1,728315b5-039c-11f0-95c3-089df4bf3532,fertility,6,340,0.7692307829856873,0.07109379768371582,13305.0,0.0,102,1
SLIM+SIG1,728315b5-039c-11f0-95c3-089df4bf3532,fertility,6,341,0.7692307829856873,0.07135701179504395,13214.0,0.0,102,1
SLIM+SIG1,728315b5-039c-11f0-95c3-089df4bf3532,fertility,6,342,0.7692307829856873,0.07000160217285156,13258.0,0.0,102,1
SLIM+SIG1,728315b5-039c-11f0-95c3-089df4bf3532,fertility,6,343,0.7692307829856873,0.07215595245361328,13376.0,0.0,102,1
SLIM+SIG1,728315b5-039c-11f0-95c3-089df4bf3532,fertility,6,344,0.7692307829856873,0.07439970970153809,13558.0,0.0,102,1
SLIM+SIG1,728315b5-039c-11f0-95c3-089df4bf3532,fertility,6,345,0.7692307829856873,0.07134628295898438,13458.0,0.0,102,1
SLIM+SIG1,728315b5-039c-11f0-95c3-089df4bf3532,fertility,6,346,0.7692307829856873,0.07375812530517578,14502.0,0.0,102,1
SLIM+SIG1,728315b5-039c-11f0-95c3-089df4bf3532,fertility,6,347,0.7692307829856873,0.07333683967590332,14803.0,0.0,102,1
SLIM+SIG1,728315b5-039c-11f0-95c3-089df4bf3532,fertility,6,348,0.7692307829856873,0.07661271095275879,15023.0,0.0,102,1
SLIM+SIG1,728315b5-039c-11f0-95c3-089df4bf3532,fertility,6,349,0.7692307829856873,0.07114434242248535,14525.0,0.0,102,1
SLIM+SIG1,728315b5-039c-11f0-95c3-089df4bf3532,fertility,6,350,0.7692307829856873,0.07200026512145996,14027.0,0.0,102,1
SLIM+SIG1,728315b5-039c-11f0-95c3-089df4bf3532,fertility,6,351,0.7692307829856873,0.07186150550842285,13794.0,0.0,102,1
SLIM+SIG1,728315b5-039c-11f0-95c3-089df4bf3532,fertility,6,352,0.7692307829856873,0.07253742218017578,13439.0,0.0,102,1
SLIM+SIG1,728315b5-039c-11f0-95c3-089df4bf3532,fertility,6,353,0.7692307829856873,0.07249164581298828,13256.0,0.0,102,1
SLIM+SIG1,728315b5-039c-11f0-95c3-089df4bf3532,fertility,6,354,0.7692307829856873,0.07173943519592285,12670.0,0.0,102,1
SLIM+SIG1,728315b5-039c-11f0-95c3-089df4bf3532,fertility,6,355,0.7692307829856873,0.07551193237304688,12226.0,0.0,102,1
SLIM+SIG1,728315b5-039c-11f0-95c3-089df4bf3532,fertility,6,356,0.7692307829856873,0.0717153549194336,11803.0,0.0,102,1
SLIM+SIG1,728315b5-039c-11f0-95c3-089df4bf3532,fertility,6,357,0.7692307829856873,0.06820940971374512,10978.0,0.0,102,1
SLIM+SIG1,728315b5-039c-11f0-95c3-089df4bf3532,fertility,6,358,0.7692307829856873,0.06710553169250488,10278.0,0.0,102,1
SLIM+SIG1,728315b5-039c-11f0-95c3-089df4bf3532,fertility,6,359,0.7692307829856873,0.06961417198181152,10597.0,0.0,102,1
SLIM+SIG1,728315b5-039c-11f0-95c3-089df4bf3532,fertility,6,360,0.7692307829856873,0.07311511039733887,9756.0,0.0,102,1
SLIM+SIG1,728315b5-039c-11f0-95c3-089df4bf3532,fertility,6,361,0.7692307829856873,0.07443428039550781,9129.0,0.0,102,1
SLIM+SIG1,728315b5-039c-11f0-95c3-089df4bf3532,fertility,6,362,0.7692307829856873,0.07883381843566895,9042.0,0.0,102,1
SLIM+SIG1,728315b5-039c-11f0-95c3-089df4bf3532,fertility,6,363,0.7692307829856873,0.08194684982299805,9099.0,0.0,102,1
SLIM+SIG1,728315b5-039c-11f0-95c3-089df4bf3532,fertility,6,364,0.7692307829856873,0.07183289527893066,9095.0,0.0,102,1
SLIM+SIG1,728315b5-039c-11f0-95c3-089df4bf3532,fertility,6,365,0.7692307829856873,0.0691061019897461,9143.0,0.0,102,1
SLIM+SIG1,728315b5-039c-11f0-95c3-089df4bf3532,fertility,6,366,0.7692307829856873,0.07255053520202637,9411.0,0.0,102,1
SLIM+SIG1,728315b5-039c-11f0-95c3-089df4bf3532,fertility,6,367,0.7692307829856873,0.0745701789855957,9538.0,0.0,102,1
SLIM+SIG1,728315b5-039c-11f0-95c3-089df4bf3532,fertility,6,368,0.7692307829856873,0.07353329658508301,9510.0,0.0,102,1
SLIM+SIG1,728315b5-039c-11f0-95c3-089df4bf3532,fertility,6,369,0.7692307829856873,0.06998229026794434,9317.0,0.0,102,1
SLIM+SIG1,728315b5-039c-11f0-95c3-089df4bf3532,fertility,6,370,0.7692307829856873,0.07059454917907715,9832.0,0.0,102,1
SLIM+SIG1,728315b5-039c-11f0-95c3-089df4bf3532,fertility,6,371,0.7692307829856873,0.07662677764892578,9997.0,0.0,102,1
SLIM+SIG1,728315b5-039c-11f0-95c3-089df4bf3532,fertility,6,372,0.7692307829856873,0.08061051368713379,10502.0,0.0,102,1
SLIM+SIG1,728315b5-039c-11f0-95c3-089df4bf3532,fertility,6,373,0.7692307829856873,0.07199907302856445,10065.0,0.0,102,1
SLIM+SIG1,728315b5-039c-11f0-95c3-089df4bf3532,fertility,6,374,0.7692307829856873,0.07418346405029297,9640.0,0.0,102,1
SLIM+SIG1,728315b5-039c-11f0-95c3-089df4bf3532,fertility,6,375,0.7692307829856873,0.07054996490478516,9412.0,0.0,102,1
SLIM+SIG1,728315b5-039c-11f0-95c3-089df4bf3532,fertility,6,376,0.7692307829856873,0.07001042366027832,9408.0,0.0,102,1
SLIM+SIG1,728315b5-039c-11f0-95c3-089df4bf3532,fertility,6,377,0.7692307829856873,0.145050048828125,8193.0,0.0,102,1
SLIM+SIG1,728315b5-039c-11f0-95c3-089df4bf3532,fertility,6,378,0.7692307829856873,0.07074522972106934,7469.0,0.0,102,1
SLIM+SIG1,728315b5-039c-11f0-95c3-089df4bf3532,fertility,6,379,0.7692307829856873,0.07337737083435059,7105.0,0.0,102,1
SLIM+SIG1,728315b5-039c-11f0-95c3-089df4bf3532,fertility,6,380,0.7692307829856873,0.06872868537902832,6284.0,0.0,102,1
SLIM+SIG1,728315b5-039c-11f0-95c3-089df4bf3532,fertility,6,381,0.7692307829856873,0.0688471794128418,6198.0,0.0,102,1
SLIM+SIG1,728315b5-039c-11f0-95c3-089df4bf3532,fertility,6,382,0.7692307829856873,0.06974148750305176,5609.0,0.0,102,1
SLIM+SIG1,728315b5-039c-11f0-95c3-089df4bf3532,fertility,6,383,0.7692307829856873,0.07000041007995605,5138.0,0.0,102,1
SLIM+SIG1,728315b5-039c-11f0-95c3-089df4bf3532,fertility,6,384,0.7692307829856873,0.06852245330810547,4894.0,0.0,102,1
SLIM+SIG1,728315b5-039c-11f0-95c3-089df4bf3532,fertility,6,385,0.7692307829856873,0.06902170181274414,5552.0,0.0,102,1
SLIM+SIG1,728315b5-039c-11f0-95c3-089df4bf3532,fertility,6,386,0.7692307829856873,0.06710529327392578,5576.0,0.0,102,1
SLIM+SIG1,728315b5-039c-11f0-95c3-089df4bf3532,fertility,6,387,0.7692307829856873,0.06873869895935059,5793.0,0.0,102,1
SLIM+SIG1,728315b5-039c-11f0-95c3-089df4bf3532,fertility,6,388,0.7692307829856873,0.07192873954772949,5940.0,0.0,102,1
SLIM+SIG1,728315b5-039c-11f0-95c3-089df4bf3532,fertility,6,389,0.7692307829856873,0.06950950622558594,5097.0,0.0,102,1
SLIM+SIG1,728315b5-039c-11f0-95c3-089df4bf3532,fertility,6,390,0.7692307829856873,0.08205938339233398,5170.0,0.0,102,1
SLIM+SIG1,728315b5-039c-11f0-95c3-089df4bf3532,fertility,6,391,0.7692307829856873,0.07256555557250977,5388.0,0.0,102,1
SLIM+SIG1,728315b5-039c-11f0-95c3-089df4bf3532,fertility,6,392,0.7692307829856873,0.06462979316711426,5625.0,0.0,102,1
SLIM+SIG1,728315b5-039c-11f0-95c3-089df4bf3532,fertility,6,393,0.7692307829856873,0.06437492370605469,6089.0,0.0,102,1
SLIM+SIG1,728315b5-039c-11f0-95c3-089df4bf3532,fertility,6,394,0.7692307829856873,0.07296156883239746,6279.0,0.0,102,1
SLIM+SIG1,728315b5-039c-11f0-95c3-089df4bf3532,fertility,6,395,0.7692307829856873,0.06615471839904785,6408.0,0.0,102,1
SLIM+SIG1,728315b5-039c-11f0-95c3-089df4bf3532,fertility,6,396,0.7692307829856873,0.06834554672241211,6370.0,0.0,102,1
SLIM+SIG1,728315b5-039c-11f0-95c3-089df4bf3532,fertility,6,397,0.7692307829856873,0.06996941566467285,7314.0,0.0,102,1
SLIM+SIG1,728315b5-039c-11f0-95c3-089df4bf3532,fertility,6,398,0.7692307829856873,0.06982016563415527,7039.0,0.0,102,1
SLIM+SIG1,728315b5-039c-11f0-95c3-089df4bf3532,fertility,6,399,0.7692307829856873,0.06765985488891602,6383.0,0.0,102,1
SLIM+SIG1,728315b5-039c-11f0-95c3-089df4bf3532,fertility,6,400,0.7692307829856873,0.06957888603210449,6898.0,0.0,102,1
SLIM+SIG1,728315b5-039c-11f0-95c3-089df4bf3532,fertility,6,401,0.7692307829856873,0.06869792938232422,7279.0,0.0,102,1
SLIM+SIG1,728315b5-039c-11f0-95c3-089df4bf3532,fertility,6,402,0.7692307829856873,0.06684660911560059,6927.0,0.0,102,1
SLIM+SIG1,728315b5-039c-11f0-95c3-089df4bf3532,fertility,6,403,0.7692307829856873,0.06898903846740723,6874.0,0.0,102,1
SLIM+SIG1,728315b5-039c-11f0-95c3-089df4bf3532,fertility,6,404,0.7692307829856873,0.07362246513366699,7378.0,0.0,102,1
SLIM+SIG1,728315b5-039c-11f0-95c3-089df4bf3532,fertility,6,405,0.7692307829856873,0.064666748046875,7222.0,0.0,102,1
SLIM+SIG1,728315b5-039c-11f0-95c3-089df4bf3532,fertility,6,406,0.7692307829856873,0.06513333320617676,7884.0,0.0,102,1
SLIM+SIG1,728315b5-039c-11f0-95c3-089df4bf3532,fertility,6,407,0.7692307829856873,0.06551456451416016,7849.0,0.0,102,1
SLIM+SIG1,728315b5-039c-11f0-95c3-089df4bf3532,fertility,6,408,0.7692307829856873,0.07015252113342285,8927.0,0.0,102,1
SLIM+SIG1,728315b5-039c-11f0-95c3-089df4bf3532,fertility,6,409,0.7692307829856873,0.06946229934692383,8548.0,0.0,102,1
SLIM+SIG1,728315b5-039c-11f0-95c3-089df4bf3532,fertility,6,410,0.7692307829856873,0.06763768196105957,8403.0,0.0,102,1
SLIM+SIG1,728315b5-039c-11f0-95c3-089df4bf3532,fertility,6,411,0.7692307829856873,0.06971406936645508,8312.0,0.0,102,1
SLIM+SIG1,728315b5-039c-11f0-95c3-089df4bf3532,fertility,6,412,0.7692307829856873,0.06343865394592285,8332.0,0.0,102,1
SLIM+SIG1,728315b5-039c-11f0-95c3-089df4bf3532,fertility,6,413,0.7692307829856873,0.06951117515563965,7508.0,0.0,102,1
SLIM+SIG1,728315b5-039c-11f0-95c3-089df4bf3532,fertility,6,414,0.7692307829856873,0.07090091705322266,6419.0,0.0,102,1
SLIM+SIG1,728315b5-039c-11f0-95c3-089df4bf3532,fertility,6,415,0.7692307829856873,0.06902456283569336,6199.0,0.0,102,1
SLIM+SIG1,728315b5-039c-11f0-95c3-089df4bf3532,fertility,6,416,0.7692307829856873,0.06934332847595215,6124.0,0.0,102,1
SLIM+SIG1,728315b5-039c-11f0-95c3-089df4bf3532,fertility,6,417,0.7692307829856873,0.0655660629272461,5805.0,0.0,102,1
SLIM+SIG1,728315b5-039c-11f0-95c3-089df4bf3532,fertility,6,418,0.7692307829856873,0.07024049758911133,5853.0,0.0,102,1
SLIM+SIG1,728315b5-039c-11f0-95c3-089df4bf3532,fertility,6,419,0.7692307829856873,0.06611442565917969,6617.0,0.0,102,1
SLIM+SIG1,728315b5-039c-11f0-95c3-089df4bf3532,fertility,6,420,0.7692307829856873,0.07235312461853027,6595.0,0.0,102,1
SLIM+SIG1,728315b5-039c-11f0-95c3-089df4bf3532,fertility,6,421,0.7692307829856873,0.07145476341247559,5816.0,0.0,102,1
SLIM+SIG1,728315b5-039c-11f0-95c3-089df4bf3532,fertility,6,422,0.7692307829856873,0.06930875778198242,5429.0,0.0,102,1
SLIM+SIG1,728315b5-039c-11f0-95c3-089df4bf3532,fertility,6,423,0.7692307829856873,0.0690157413482666,5805.0,0.0,102,1
SLIM+SIG1,728315b5-039c-11f0-95c3-089df4bf3532,fertility,6,424,0.7692307829856873,0.07076740264892578,6588.0,0.0,102,1
SLIM+SIG1,728315b5-039c-11f0-95c3-089df4bf3532,fertility,6,425,0.7692307829856873,0.07086396217346191,6782.0,0.0,102,1
SLIM+SIG1,728315b5-039c-11f0-95c3-089df4bf3532,fertility,6,426,0.7692307829856873,0.06821680068969727,6080.0,0.0,102,1
SLIM+SIG1,728315b5-039c-11f0-95c3-089df4bf3532,fertility,6,427,0.7692307829856873,0.07371830940246582,6267.0,0.0,102,1
SLIM+SIG1,728315b5-039c-11f0-95c3-089df4bf3532,fertility,6,428,0.7692307829856873,0.07160758972167969,6608.0,0.0,102,1
SLIM+SIG1,728315b5-039c-11f0-95c3-089df4bf3532,fertility,6,429,0.7692307829856873,0.07145547866821289,6564.0,0.0,102,1
SLIM+SIG1,728315b5-039c-11f0-95c3-089df4bf3532,fertility,6,430,0.7692307829856873,0.07056307792663574,6731.0,0.0,102,1
SLIM+SIG1,728315b5-039c-11f0-95c3-089df4bf3532,fertility,6,431,0.7692307829856873,0.06337738037109375,6944.0,0.0,102,1
SLIM+SIG1,728315b5-039c-11f0-95c3-089df4bf3532,fertility,6,432,0.7692307829856873,0.06461501121520996,6960.0,0.0,102,1
SLIM+SIG1,728315b5-039c-11f0-95c3-089df4bf3532,fertility,6,433,0.7692307829856873,0.06410408020019531,6434.0,0.0,102,1
SLIM+SIG1,728315b5-039c-11f0-95c3-089df4bf3532,fertility,6,434,0.7692307829856873,0.06852364540100098,6339.0,0.0,102,1
SLIM+SIG1,728315b5-039c-11f0-95c3-089df4bf3532,fertility,6,435,0.7692307829856873,0.06409335136413574,6264.0,0.0,102,1
SLIM+SIG1,728315b5-039c-11f0-95c3-089df4bf3532,fertility,6,436,0.7692307829856873,0.06889891624450684,6679.0,0.0,102,1
SLIM+SIG1,728315b5-039c-11f0-95c3-089df4bf3532,fertility,6,437,0.7692307829856873,0.08393621444702148,7756.0,0.0,102,1
SLIM+SIG1,728315b5-039c-11f0-95c3-089df4bf3532,fertility,6,438,0.7692307829856873,0.07149577140808105,8641.0,0.0,102,1
SLIM+SIG1,728315b5-039c-11f0-95c3-089df4bf3532,fertility,6,439,0.7692307829856873,0.07060360908508301,8779.0,0.0,102,1
SLIM+SIG1,728315b5-039c-11f0-95c3-089df4bf3532,fertility,6,440,0.7692307829856873,0.07499885559082031,9263.0,0.0,102,1
SLIM+SIG1,728315b5-039c-11f0-95c3-089df4bf3532,fertility,6,441,0.7692307829856873,0.0705103874206543,8735.0,0.0,102,1
SLIM+SIG1,728315b5-039c-11f0-95c3-089df4bf3532,fertility,6,442,0.7692307829856873,0.07353496551513672,8354.0,0.0,102,1
SLIM+SIG1,728315b5-039c-11f0-95c3-089df4bf3532,fertility,6,443,0.7692307829856873,0.07260727882385254,8196.0,0.0,102,1
SLIM+SIG1,728315b5-039c-11f0-95c3-089df4bf3532,fertility,6,444,0.7692307829856873,0.06999993324279785,6676.0,0.0,102,1
SLIM+SIG1,728315b5-039c-11f0-95c3-089df4bf3532,fertility,6,445,0.7692307829856873,0.06910228729248047,5699.0,0.0,102,1
SLIM+SIG1,728315b5-039c-11f0-95c3-089df4bf3532,fertility,6,446,0.7692307829856873,0.06904077529907227,4936.0,0.0,102,1
SLIM+SIG1,728315b5-039c-11f0-95c3-089df4bf3532,fertility,6,447,0.7692307829856873,0.07102298736572266,3975.0,0.0,102,1
SLIM+SIG1,728315b5-039c-11f0-95c3-089df4bf3532,fertility,6,448,0.7692307829856873,0.06666898727416992,3711.0,0.0,102,1
SLIM+SIG1,728315b5-039c-11f0-95c3-089df4bf3532,fertility,6,449,0.7692307829856873,0.06575489044189453,3606.0,0.0,102,1
SLIM+SIG1,728315b5-039c-11f0-95c3-089df4bf3532,fertility,6,450,0.7692307829856873,0.06389451026916504,3910.0,0.0,102,1
SLIM+SIG1,728315b5-039c-11f0-95c3-089df4bf3532,fertility,6,451,0.7692307829856873,0.0674290657043457,4542.0,0.0,102,1
SLIM+SIG1,728315b5-039c-11f0-95c3-089df4bf3532,fertility,6,452,0.7692307829856873,0.0651712417602539,4958.0,0.0,102,1
SLIM+SIG1,728315b5-039c-11f0-95c3-089df4bf3532,fertility,6,453,0.7692307829856873,0.06173825263977051,5990.0,0.0,102,1
SLIM+SIG1,728315b5-039c-11f0-95c3-089df4bf3532,fertility,6,454,0.7692307829856873,0.06665492057800293,6082.0,0.0,102,1
SLIM+SIG1,728315b5-039c-11f0-95c3-089df4bf3532,fertility,6,455,0.7692307829856873,0.06972050666809082,7315.0,0.0,102,1
SLIM+SIG1,728315b5-039c-11f0-95c3-089df4bf3532,fertility,6,456,0.7692307829856873,0.07098388671875,7403.0,0.0,102,1
SLIM+SIG1,728315b5-039c-11f0-95c3-089df4bf3532,fertility,6,457,0.7692307829856873,0.06573033332824707,7023.0,0.0,102,1
SLIM+SIG1,728315b5-039c-11f0-95c3-089df4bf3532,fertility,6,458,0.7692307829856873,0.058145761489868164,6258.0,0.0,102,1
SLIM+SIG1,728315b5-039c-11f0-95c3-089df4bf3532,fertility,6,459,0.7692307829856873,0.0638890266418457,6464.0,0.0,102,1
SLIM+SIG1,728315b5-039c-11f0-95c3-089df4bf3532,fertility,6,460,0.7692307829856873,0.0626220703125,5445.0,0.0,102,1
SLIM+SIG1,728315b5-039c-11f0-95c3-089df4bf3532,fertility,6,461,0.7692307829856873,0.06171131134033203,4779.0,0.0,102,1
SLIM+SIG1,728315b5-039c-11f0-95c3-089df4bf3532,fertility,6,462,0.7692307829856873,0.05999875068664551,4199.0,0.0,102,1
SLIM+SIG1,728315b5-039c-11f0-95c3-089df4bf3532,fertility,6,463,0.7692307829856873,0.061721086502075195,3539.0,0.0,102,1
SLIM+SIG1,728315b5-039c-11f0-95c3-089df4bf3532,fertility,6,464,0.7692307829856873,0.0665128231048584,3455.0,0.0,102,1
SLIM+SIG1,728315b5-039c-11f0-95c3-089df4bf3532,fertility,6,465,0.7692307829856873,0.06702589988708496,3570.0,0.0,102,1
SLIM+SIG1,728315b5-039c-11f0-95c3-089df4bf3532,fertility,6,466,0.7692307829856873,0.06772184371948242,3207.0,0.0,102,1
SLIM+SIG1,728315b5-039c-11f0-95c3-089df4bf3532,fertility,6,467,0.7692307829856873,0.06361842155456543,2670.0,0.0,102,1
SLIM+SIG1,728315b5-039c-11f0-95c3-089df4bf3532,fertility,6,468,0.7692307829856873,0.06099367141723633,2698.0,0.0,102,1
SLIM+SIG1,728315b5-039c-11f0-95c3-089df4bf3532,fertility,6,469,0.7692307829856873,0.06060361862182617,2052.0,0.0,102,1
SLIM+SIG1,728315b5-039c-11f0-95c3-089df4bf3532,fertility,6,470,0.7692307829856873,0.06024599075317383,2074.0,0.0,102,1
SLIM+SIG1,728315b5-039c-11f0-95c3-089df4bf3532,fertility,6,471,0.7692307829856873,0.06096291542053223,2254.0,0.0,102,1
SLIM+SIG1,728315b5-039c-11f0-95c3-089df4bf3532,fertility,6,472,0.7692307829856873,0.05961275100708008,2789.0,0.0,102,1
SLIM+SIG1,728315b5-039c-11f0-95c3-089df4bf3532,fertility,6,473,0.7692307829856873,0.05899953842163086,2461.0,0.0,102,1
SLIM+SIG1,728315b5-039c-11f0-95c3-089df4bf3532,fertility,6,474,0.7692307829856873,0.06079864501953125,2481.0,0.0,102,1
SLIM+SIG1,728315b5-039c-11f0-95c3-089df4bf3532,fertility,6,475,0.7692307829856873,0.05720019340515137,2283.0,0.0,102,1
SLIM+SIG1,728315b5-039c-11f0-95c3-089df4bf3532,fertility,6,476,0.7692307829856873,0.06171250343322754,2250.0,0.0,102,1
SLIM+SIG1,728315b5-039c-11f0-95c3-089df4bf3532,fertility,6,477,0.7692307829856873,0.05813264846801758,2393.0,0.0,102,1
SLIM+SIG1,728315b5-039c-11f0-95c3-089df4bf3532,fertility,6,478,0.7692307829856873,0.06000709533691406,1878.0,0.0,102,1
SLIM+SIG1,728315b5-039c-11f0-95c3-089df4bf3532,fertility,6,479,0.7692307829856873,0.058628082275390625,1964.0,0.0,102,1
SLIM+SIG1,728315b5-039c-11f0-95c3-089df4bf3532,fertility,6,480,0.7692307829856873,0.06341075897216797,2756.0,0.0,102,1
SLIM+SIG1,728315b5-039c-11f0-95c3-089df4bf3532,fertility,6,481,0.7692307829856873,0.06000065803527832,3251.0,0.0,102,1
SLIM+SIG1,728315b5-039c-11f0-95c3-089df4bf3532,fertility,6,482,0.7692307829856873,0.0665292739868164,3482.0,0.0,102,1
SLIM+SIG1,728315b5-039c-11f0-95c3-089df4bf3532,fertility,6,483,0.7692307829856873,0.0614013671875,4065.0,0.0,102,1
SLIM+SIG1,728315b5-039c-11f0-95c3-089df4bf3532,fertility,6,484,0.7692307829856873,0.0624079704284668,3196.0,0.0,102,1
SLIM+SIG1,728315b5-039c-11f0-95c3-089df4bf3532,fertility,6,485,0.7692307829856873,0.06664347648620605,2811.0,0.0,102,1
SLIM+SIG1,728315b5-039c-11f0-95c3-089df4bf3532,fertility,6,486,0.7692307829856873,0.0680396556854248,3077.0,0.0,102,1
SLIM+SIG1,728315b5-039c-11f0-95c3-089df4bf3532,fertility,6,487,0.7692307829856873,0.06066131591796875,2976.0,0.0,102,1
SLIM+SIG1,728315b5-039c-11f0-95c3-089df4bf3532,fertility,6,488,0.7692307829856873,0.13194799423217773,2866.0,0.0,102,1
SLIM+SIG1,728315b5-039c-11f0-95c3-089df4bf3532,fertility,6,489,0.7692307829856873,0.06092667579650879,2899.0,0.0,102,1
SLIM+SIG1,728315b5-039c-11f0-95c3-089df4bf3532,fertility,6,490,0.7692307829856873,0.05840563774108887,2505.0,0.0,102,1
SLIM+SIG1,728315b5-039c-11f0-95c3-089df4bf3532,fertility,6,491,0.7692307829856873,0.05926156044006348,2877.0,0.0,102,1
SLIM+SIG1,728315b5-039c-11f0-95c3-089df4bf3532,fertility,6,492,0.7692307829856873,0.05673027038574219,2536.0,0.0,102,1
SLIM+SIG1,728315b5-039c-11f0-95c3-089df4bf3532,fertility,6,493,0.7692307829856873,0.057900428771972656,2723.0,0.0,102,1
SLIM+SIG1,728315b5-039c-11f0-95c3-089df4bf3532,fertility,6,494,0.7692307829856873,0.05783820152282715,3319.0,0.0,102,1
SLIM+SIG1,728315b5-039c-11f0-95c3-089df4bf3532,fertility,6,495,0.7692307829856873,0.05901765823364258,3229.0,0.0,102,1
SLIM+SIG1,728315b5-039c-11f0-95c3-089df4bf3532,fertility,6,496,0.7692307829856873,0.06089925765991211,2998.0,0.0,102,1
SLIM+SIG1,728315b5-039c-11f0-95c3-089df4bf3532,fertility,6,497,0.7692307829856873,0.0609583854675293,2954.0,0.0,102,1
SLIM+SIG1,728315b5-039c-11f0-95c3-089df4bf3532,fertility,6,498,0.7692307829856873,0.05802750587463379,2613.0,0.0,102,1
SLIM+SIG1,728315b5-039c-11f0-95c3-089df4bf3532,fertility,6,499,0.7692307829856873,0.05964851379394531,2228.0,0.0,102,1
SLIM+SIG1,728315b5-039c-11f0-95c3-089df4bf3532,fertility,6,500,0.7692307829856873,0.054618120193481445,2030.0,0.0,102,1
SLIM+SIG1,728315b5-039c-11f0-95c3-089df4bf3532,fertility,7,0,0.3809524178504944,0.09987568855285645,2680.0,0.222222238779068,3,1
SLIM+SIG1,728315b5-039c-11f0-95c3-089df4bf3532,fertility,7,1,0.3809524178504944,0.09217023849487305,5229.0,0.222222238779068,3,1
SLIM+SIG1,728315b5-039c-11f0-95c3-089df4bf3532,fertility,7,2,0.3809524178504944,0.08688783645629883,7848.0,0.222222238779068,3,1
SLIM+SIG1,728315b5-039c-11f0-95c3-089df4bf3532,fertility,7,3,0.3809524178504944,0.0857243537902832,9434.0,0.222222238779068,3,1
SLIM+SIG1,728315b5-039c-11f0-95c3-089df4bf3532,fertility,7,4,0.3809524178504944,0.09247326850891113,11355.0,0.222222238779068,3,1
SLIM+SIG1,728315b5-039c-11f0-95c3-089df4bf3532,fertility,7,5,0.3870967924594879,0.09023261070251465,13595.0,0.2666666805744171,62,1
SLIM+SIG1,728315b5-039c-11f0-95c3-089df4bf3532,fertility,7,6,0.3999999761581421,0.093994140625,14906.0,0.0,47,1
SLIM+SIG1,728315b5-039c-11f0-95c3-089df4bf3532,fertility,7,7,0.4705882668495178,0.09583449363708496,16348.0,0.0,58,1
SLIM+SIG1,728315b5-039c-11f0-95c3-089df4bf3532,fertility,7,8,0.4705882668495178,0.08983564376831055,18105.0,0.0,58,1
SLIM+SIG1,728315b5-039c-11f0-95c3-089df4bf3532,fertility,7,9,0.4705882668495178,0.09484648704528809,19563.0,0.0,58,1
SLIM+SIG1,728315b5-039c-11f0-95c3-089df4bf3532,fertility,7,10,0.4705882668495178,0.09498834609985352,21594.0,0.0,58,1
SLIM+SIG1,728315b5-039c-11f0-95c3-089df4bf3532,fertility,7,11,0.4705882668495178,0.07061934471130371,21480.0,0.0,58,1
SLIM+SIG1,728315b5-039c-11f0-95c3-089df4bf3532,fertility,7,12,0.4705882668495178,0.0765373706817627,22179.0,0.0,58,1
SLIM+SIG1,728315b5-039c-11f0-95c3-089df4bf3532,fertility,7,13,0.4705882668495178,0.07162189483642578,22105.0,0.0,58,1
SLIM+SIG1,728315b5-039c-11f0-95c3-089df4bf3532,fertility,7,14,0.4705882668495178,0.06473684310913086,22261.0,0.0,58,1
SLIM+SIG1,728315b5-039c-11f0-95c3-089df4bf3532,fertility,7,15,0.4705882668495178,0.06440520286560059,22601.0,0.0,58,1
SLIM+SIG1,728315b5-039c-11f0-95c3-089df4bf3532,fertility,7,16,0.4705882668495178,0.06300020217895508,22526.0,0.0,58,1
SLIM+SIG1,728315b5-039c-11f0-95c3-089df4bf3532,fertility,7,17,0.4705882668495178,0.05994081497192383,22707.0,0.0,58,1
SLIM+SIG1,728315b5-039c-11f0-95c3-089df4bf3532,fertility,7,18,0.4705882668495178,0.058852195739746094,22535.0,0.0,58,1
SLIM+SIG1,728315b5-039c-11f0-95c3-089df4bf3532,fertility,7,19,0.4705882668495178,0.055025577545166016,22600.0,0.0,58,1
SLIM+SIG1,728315b5-039c-11f0-95c3-089df4bf3532,fertility,7,20,0.4705882668495178,0.059515953063964844,22575.0,0.0,58,1
SLIM+SIG1,728315b5-039c-11f0-95c3-089df4bf3532,fertility,7,21,0.4705882668495178,0.060999155044555664,22441.0,0.0,58,1
SLIM+SIG1,728315b5-039c-11f0-95c3-089df4bf3532,fertility,7,22,0.4705882668495178,0.05910325050354004,22541.0,0.0,58,1
SLIM+SIG1,728315b5-039c-11f0-95c3-089df4bf3532,fertility,7,23,0.4705882668495178,0.05923628807067871,22443.0,0.0,58,1
SLIM+SIG1,728315b5-039c-11f0-95c3-089df4bf3532,fertility,7,24,0.4705882668495178,0.05672049522399902,22705.0,0.0,58,1
SLIM+SIG1,728315b5-039c-11f0-95c3-089df4bf3532,fertility,7,25,0.5,0.0570979118347168,22658.0,0.0,69,1
SLIM+SIG1,728315b5-039c-11f0-95c3-089df4bf3532,fertility,7,26,0.5,0.05913567543029785,22796.0,0.0,69,1
SLIM+SIG1,728315b5-039c-11f0-95c3-089df4bf3532,fertility,7,27,0.5,0.06076240539550781,22571.0,0.0,69,1
SLIM+SIG1,728315b5-039c-11f0-95c3-089df4bf3532,fertility,7,28,0.5,0.06402730941772461,22728.0,0.0,69,1
SLIM+SIG1,728315b5-039c-11f0-95c3-089df4bf3532,fertility,7,29,0.5,0.06710028648376465,22680.0,0.0,69,1
SLIM+SIG1,728315b5-039c-11f0-95c3-089df4bf3532,fertility,7,30,0.5,0.06367826461791992,22577.0,0.0,69,1
SLIM+SIG1,728315b5-039c-11f0-95c3-089df4bf3532,fertility,7,31,0.5,0.061113595962524414,22766.0,0.0,69,1
SLIM+SIG1,728315b5-039c-11f0-95c3-089df4bf3532,fertility,7,32,0.5,0.059592247009277344,22756.0,0.0,69,1
SLIM+SIG1,728315b5-039c-11f0-95c3-089df4bf3532,fertility,7,33,0.5,0.06755208969116211,22768.0,0.0,69,1
SLIM+SIG1,728315b5-039c-11f0-95c3-089df4bf3532,fertility,7,34,0.5,0.0689992904663086,22542.0,0.0,69,1
SLIM+SIG1,728315b5-039c-11f0-95c3-089df4bf3532,fertility,7,35,0.5,0.06901860237121582,22520.0,0.0,69,1
SLIM+SIG1,728315b5-039c-11f0-95c3-089df4bf3532,fertility,7,36,0.5,0.06752467155456543,22450.0,0.0,69,1
SLIM+SIG1,728315b5-039c-11f0-95c3-089df4bf3532,fertility,7,37,0.5,0.06254982948303223,22680.0,0.0,69,1
SLIM+SIG1,728315b5-039c-11f0-95c3-089df4bf3532,fertility,7,38,0.5,0.061080217361450195,22715.0,0.0,69,1
SLIM+SIG1,728315b5-039c-11f0-95c3-089df4bf3532,fertility,7,39,0.5,0.05978751182556152,22693.0,0.0,69,1
SLIM+SIG1,728315b5-039c-11f0-95c3-089df4bf3532,fertility,7,40,0.5,0.05622458457946777,22814.0,0.0,69,1
SLIM+SIG1,728315b5-039c-11f0-95c3-089df4bf3532,fertility,7,41,0.5333333611488342,0.056745290756225586,22693.0,0.3333333432674408,102,1
SLIM+SIG1,728315b5-039c-11f0-95c3-089df4bf3532,fertility,7,42,0.5333333611488342,0.06000995635986328,22644.0,0.3333333432674408,102,1
SLIM+SIG1,728315b5-039c-11f0-95c3-089df4bf3532,fertility,7,43,0.5333333611488342,0.06322598457336426,22810.0,0.3333333432674408,102,1
SLIM+SIG1,728315b5-039c-11f0-95c3-089df4bf3532,fertility,7,44,0.5333333611488342,0.06065201759338379,22804.0,0.3333333432674408,102,1
SLIM+SIG1,728315b5-039c-11f0-95c3-089df4bf3532,fertility,7,45,0.5333333611488342,0.06377601623535156,22754.0,0.3333333432674408,102,1
SLIM+SIG1,728315b5-039c-11f0-95c3-089df4bf3532,fertility,7,46,0.5333333611488342,0.06759929656982422,22738.0,0.3333333432674408,102,1
SLIM+SIG1,728315b5-039c-11f0-95c3-089df4bf3532,fertility,7,47,0.5333333611488342,0.06491875648498535,22770.0,0.3333333432674408,102,1
SLIM+SIG1,728315b5-039c-11f0-95c3-089df4bf3532,fertility,7,48,0.5333333611488342,0.06329512596130371,22691.0,0.3333333432674408,102,1
SLIM+SIG1,728315b5-039c-11f0-95c3-089df4bf3532,fertility,7,49,0.5333333611488342,0.06176304817199707,22690.0,0.3333333432674408,102,1
SLIM+SIG1,728315b5-039c-11f0-95c3-089df4bf3532,fertility,7,50,0.5333333611488342,0.0625619888305664,22510.0,0.3333333432674408,102,1
SLIM+SIG1,728315b5-039c-11f0-95c3-089df4bf3532,fertility,7,51,0.5333333611488342,0.06438183784484863,22577.0,0.3333333432674408,102,1
SLIM+SIG1,728315b5-039c-11f0-95c3-089df4bf3532,fertility,7,52,0.5333333611488342,0.06275463104248047,22503.0,0.3333333432674408,102,1
SLIM+SIG1,728315b5-039c-11f0-95c3-089df4bf3532,fertility,7,53,0.5333333611488342,0.06061363220214844,22488.0,0.3333333432674408,102,1
SLIM+SIG1,728315b5-039c-11f0-95c3-089df4bf3532,fertility,7,54,0.5333333611488342,0.05916595458984375,22462.0,0.3333333432674408,102,1
SLIM+SIG1,728315b5-039c-11f0-95c3-089df4bf3532,fertility,7,55,0.5333333611488342,0.06162381172180176,22517.0,0.3333333432674408,102,1
SLIM+SIG1,728315b5-039c-11f0-95c3-089df4bf3532,fertility,7,56,0.5333333611488342,0.05727958679199219,22480.0,0.3333333432674408,102,1
SLIM+SIG1,728315b5-039c-11f0-95c3-089df4bf3532,fertility,7,57,0.5333333611488342,0.05776476860046387,22397.0,0.3333333432674408,102,1
SLIM+SIG1,728315b5-039c-11f0-95c3-089df4bf3532,fertility,7,58,0.5333333611488342,0.05910468101501465,22590.0,0.3333333432674408,102,1
SLIM+SIG1,728315b5-039c-11f0-95c3-089df4bf3532,fertility,7,59,0.5333333611488342,0.055896759033203125,22531.0,0.3333333432674408,102,1
SLIM+SIG1,728315b5-039c-11f0-95c3-089df4bf3532,fertility,7,60,0.5333333611488342,0.060764312744140625,22433.0,0.3333333432674408,102,1
SLIM+SIG1,728315b5-039c-11f0-95c3-089df4bf3532,fertility,7,61,0.5333333611488342,0.062005043029785156,22472.0,0.3333333432674408,102,1
SLIM+SIG1,728315b5-039c-11f0-95c3-089df4bf3532,fertility,7,62,0.5333333611488342,0.05683445930480957,22462.0,0.3333333432674408,102,1
SLIM+SIG1,728315b5-039c-11f0-95c3-089df4bf3532,fertility,7,63,0.5333333611488342,0.06384444236755371,22491.0,0.3333333432674408,102,1
SLIM+SIG1,728315b5-039c-11f0-95c3-089df4bf3532,fertility,7,64,0.5333333611488342,0.0598912239074707,22403.0,0.3333333432674408,102,1
SLIM+SIG1,728315b5-039c-11f0-95c3-089df4bf3532,fertility,7,65,0.5333333611488342,0.06172370910644531,22329.0,0.3333333432674408,102,1
SLIM+SIG1,728315b5-039c-11f0-95c3-089df4bf3532,fertility,7,66,0.5333333611488342,0.06059002876281738,22419.0,0.3333333432674408,102,1
SLIM+SIG1,728315b5-039c-11f0-95c3-089df4bf3532,fertility,7,67,0.5333333611488342,0.05824613571166992,22389.0,0.3333333432674408,102,1
SLIM+SIG1,728315b5-039c-11f0-95c3-089df4bf3532,fertility,7,68,0.5333333611488342,0.06094861030578613,22385.0,0.3333333432674408,102,1
SLIM+SIG1,728315b5-039c-11f0-95c3-089df4bf3532,fertility,7,69,0.5333333611488342,0.06143665313720703,22415.0,0.3333333432674408,102,1
SLIM+SIG1,728315b5-039c-11f0-95c3-089df4bf3532,fertility,7,70,0.5333333611488342,0.06161952018737793,22340.0,0.3333333432674408,102,1
SLIM+SIG1,728315b5-039c-11f0-95c3-089df4bf3532,fertility,7,71,0.5333333611488342,0.058753252029418945,22383.0,0.3333333432674408,102,1
SLIM+SIG1,728315b5-039c-11f0-95c3-089df4bf3532,fertility,7,72,0.5333333611488342,0.060120582580566406,22410.0,0.3333333432674408,102,1
SLIM+SIG1,728315b5-039c-11f0-95c3-089df4bf3532,fertility,7,73,0.5333333611488342,0.05651235580444336,22327.0,0.3333333432674408,102,1
SLIM+SIG1,728315b5-039c-11f0-95c3-089df4bf3532,fertility,7,74,0.5333333611488342,0.06237387657165527,22379.0,0.3333333432674408,102,1
SLIM+SIG1,728315b5-039c-11f0-95c3-089df4bf3532,fertility,7,75,0.5333333611488342,0.05977678298950195,22365.0,0.3333333432674408,102,1
SLIM+SIG1,728315b5-039c-11f0-95c3-089df4bf3532,fertility,7,76,0.5333333611488342,0.06484413146972656,22308.0,0.3333333432674408,102,1
SLIM+SIG1,728315b5-039c-11f0-95c3-089df4bf3532,fertility,7,77,0.5333333611488342,0.06431460380554199,22226.0,0.3333333432674408,102,1
SLIM+SIG1,728315b5-039c-11f0-95c3-089df4bf3532,fertility,7,78,0.5333333611488342,0.0625152587890625,22350.0,0.3333333432674408,102,1
SLIM+SIG1,728315b5-039c-11f0-95c3-089df4bf3532,fertility,7,79,0.5333333611488342,0.06451988220214844,22310.0,0.3333333432674408,102,1
SLIM+SIG1,728315b5-039c-11f0-95c3-089df4bf3532,fertility,7,80,0.5333333611488342,0.07081437110900879,22201.0,0.3333333432674408,102,1
SLIM+SIG1,728315b5-039c-11f0-95c3-089df4bf3532,fertility,7,81,0.5333333611488342,0.06942939758300781,22252.0,0.3333333432674408,102,1
SLIM+SIG1,728315b5-039c-11f0-95c3-089df4bf3532,fertility,7,82,0.5333333611488342,0.061751365661621094,22259.0,0.3333333432674408,102,1
SLIM+SIG1,728315b5-039c-11f0-95c3-089df4bf3532,fertility,7,83,0.5333333611488342,0.06299996376037598,22141.0,0.3333333432674408,102,1
SLIM+SIG1,728315b5-039c-11f0-95c3-089df4bf3532,fertility,7,84,0.5333333611488342,0.06163167953491211,22202.0,0.3333333432674408,102,1
SLIM+SIG1,728315b5-039c-11f0-95c3-089df4bf3532,fertility,7,85,0.5333333611488342,0.06061148643493652,22220.0,0.3333333432674408,102,1
SLIM+SIG1,728315b5-039c-11f0-95c3-089df4bf3532,fertility,7,86,0.5333333611488342,0.062104225158691406,22182.0,0.3333333432674408,102,1
SLIM+SIG1,728315b5-039c-11f0-95c3-089df4bf3532,fertility,7,87,0.5333333611488342,0.061033010482788086,22208.0,0.3333333432674408,102,1
SLIM+SIG1,728315b5-039c-11f0-95c3-089df4bf3532,fertility,7,88,0.5333333611488342,0.06205177307128906,22198.0,0.3333333432674408,102,1
SLIM+SIG1,728315b5-039c-11f0-95c3-089df4bf3532,fertility,7,89,0.5333333611488342,0.058931589126586914,22278.0,0.3333333432674408,102,1
SLIM+SIG1,728315b5-039c-11f0-95c3-089df4bf3532,fertility,7,90,0.5333333611488342,0.061511993408203125,22252.0,0.3333333432674408,102,1
SLIM+SIG1,728315b5-039c-11f0-95c3-089df4bf3532,fertility,7,91,0.5333333611488342,0.060890913009643555,22201.0,0.3333333432674408,102,1
SLIM+SIG1,728315b5-039c-11f0-95c3-089df4bf3532,fertility,7,92,0.5333333611488342,0.06462311744689941,22282.0,0.3333333432674408,102,1
SLIM+SIG1,728315b5-039c-11f0-95c3-089df4bf3532,fertility,7,93,0.5333333611488342,0.0626833438873291,22276.0,0.3333333432674408,102,1
SLIM+SIG1,728315b5-039c-11f0-95c3-089df4bf3532,fertility,7,94,0.5333333611488342,0.05800485610961914,22014.0,0.3333333432674408,102,1
SLIM+SIG1,728315b5-039c-11f0-95c3-089df4bf3532,fertility,7,95,0.5333333611488342,0.06150197982788086,22238.0,0.3333333432674408,102,1
SLIM+SIG1,728315b5-039c-11f0-95c3-089df4bf3532,fertility,7,96,0.5333333611488342,0.06004929542541504,22295.0,0.3333333432674408,102,1
SLIM+SIG1,728315b5-039c-11f0-95c3-089df4bf3532,fertility,7,97,0.5333333611488342,0.05871725082397461,22358.0,0.3333333432674408,102,1
SLIM+SIG1,728315b5-039c-11f0-95c3-089df4bf3532,fertility,7,98,0.5333333611488342,0.06072664260864258,22418.0,0.3333333432674408,102,1
SLIM+SIG1,728315b5-039c-11f0-95c3-089df4bf3532,fertility,7,99,0.5333333611488342,0.05999946594238281,22278.0,0.3333333432674408,102,1
SLIM+SIG1,728315b5-039c-11f0-95c3-089df4bf3532,fertility,7,100,0.5333333611488342,0.06266188621520996,22218.0,0.3333333432674408,102,1
SLIM+SIG1,728315b5-039c-11f0-95c3-089df4bf3532,fertility,7,101,0.5333333611488342,0.06408262252807617,22207.0,0.3333333432674408,102,1
SLIM+SIG1,728315b5-039c-11f0-95c3-089df4bf3532,fertility,7,102,0.5333333611488342,0.05910897254943848,22272.0,0.3333333432674408,102,1
SLIM+SIG1,728315b5-039c-11f0-95c3-089df4bf3532,fertility,7,103,0.5333333611488342,0.06061387062072754,22326.0,0.3333333432674408,102,1
SLIM+SIG1,728315b5-039c-11f0-95c3-089df4bf3532,fertility,7,104,0.5333333611488342,0.05810046195983887,22204.0,0.3333333432674408,102,1
SLIM+SIG1,728315b5-039c-11f0-95c3-089df4bf3532,fertility,7,105,0.5333333611488342,0.06121563911437988,22029.0,0.3333333432674408,102,1
SLIM+SIG1,728315b5-039c-11f0-95c3-089df4bf3532,fertility,7,106,0.5333333611488342,0.06372809410095215,22108.0,0.3333333432674408,102,1
SLIM+SIG1,728315b5-039c-11f0-95c3-089df4bf3532,fertility,7,107,0.5333333611488342,0.0631415843963623,22210.0,0.3333333432674408,102,1
SLIM+SIG1,728315b5-039c-11f0-95c3-089df4bf3532,fertility,7,108,0.5333333611488342,0.06652259826660156,22100.0,0.3333333432674408,102,1
SLIM+SIG1,728315b5-039c-11f0-95c3-089df4bf3532,fertility,7,109,0.5333333611488342,0.05910468101501465,22273.0,0.3333333432674408,102,1
SLIM+SIG1,728315b5-039c-11f0-95c3-089df4bf3532,fertility,7,110,0.5333333611488342,0.05911111831665039,22265.0,0.3333333432674408,102,1
SLIM+SIG1,728315b5-039c-11f0-95c3-089df4bf3532,fertility,7,111,0.5333333611488342,0.059624671936035156,22100.0,0.3333333432674408,102,1
SLIM+SIG1,728315b5-039c-11f0-95c3-089df4bf3532,fertility,7,112,0.5333333611488342,0.06409931182861328,22193.0,0.3333333432674408,102,1
SLIM+SIG1,728315b5-039c-11f0-95c3-089df4bf3532,fertility,7,113,0.5333333611488342,0.0606236457824707,22068.0,0.3333333432674408,102,1
SLIM+SIG1,728315b5-039c-11f0-95c3-089df4bf3532,fertility,7,114,0.5333333611488342,0.06588530540466309,22169.0,0.3333333432674408,102,1
SLIM+SIG1,728315b5-039c-11f0-95c3-089df4bf3532,fertility,7,115,0.5333333611488342,0.06561779975891113,22086.0,0.3333333432674408,102,1
SLIM+SIG1,728315b5-039c-11f0-95c3-089df4bf3532,fertility,7,116,0.5333333611488342,0.06368374824523926,22152.0,0.3333333432674408,102,1
SLIM+SIG1,728315b5-039c-11f0-95c3-089df4bf3532,fertility,7,117,0.5333333611488342,0.06367015838623047,22025.0,0.3333333432674408,102,1
SLIM+SIG1,728315b5-039c-11f0-95c3-089df4bf3532,fertility,7,118,0.5333333611488342,0.06300187110900879,22105.0,0.3333333432674408,102,1
SLIM+SIG1,728315b5-039c-11f0-95c3-089df4bf3532,fertility,7,119,0.5333333611488342,0.06104111671447754,22140.0,0.3333333432674408,102,1
SLIM+SIG1,728315b5-039c-11f0-95c3-089df4bf3532,fertility,7,120,0.5333333611488342,0.06261801719665527,22186.0,0.3333333432674408,102,1
SLIM+SIG1,728315b5-039c-11f0-95c3-089df4bf3532,fertility,7,121,0.5333333611488342,0.06509065628051758,21939.0,0.3333333432674408,102,1
SLIM+SIG1,728315b5-039c-11f0-95c3-089df4bf3532,fertility,7,122,0.5333333611488342,0.0626375675201416,21993.0,0.3333333432674408,102,1
SLIM+SIG1,728315b5-039c-11f0-95c3-089df4bf3532,fertility,7,123,0.5333333611488342,0.06617379188537598,22139.0,0.3333333432674408,102,1
SLIM+SIG1,728315b5-039c-11f0-95c3-089df4bf3532,fertility,7,124,0.5333333611488342,0.06356382369995117,22018.0,0.3333333432674408,102,1
SLIM+SIG1,728315b5-039c-11f0-95c3-089df4bf3532,fertility,7,125,0.5333333611488342,0.06359267234802246,21976.0,0.3333333432674408,102,1
SLIM+SIG1,728315b5-039c-11f0-95c3-089df4bf3532,fertility,7,126,0.5333333611488342,0.06342649459838867,22012.0,0.3333333432674408,102,1
SLIM+SIG1,728315b5-039c-11f0-95c3-089df4bf3532,fertility,7,127,0.5333333611488342,0.06671380996704102,21977.0,0.3333333432674408,102,1
SLIM+SIG1,728315b5-039c-11f0-95c3-089df4bf3532,fertility,7,128,0.5333333611488342,0.06365370750427246,22129.0,0.3333333432674408,102,1
SLIM+SIG1,728315b5-039c-11f0-95c3-089df4bf3532,fertility,7,129,0.5333333611488342,0.06200242042541504,21794.0,0.3333333432674408,102,1
SLIM+SIG1,728315b5-039c-11f0-95c3-089df4bf3532,fertility,7,130,0.5333333611488342,0.06163620948791504,22055.0,0.3333333432674408,102,1
SLIM+SIG1,728315b5-039c-11f0-95c3-089df4bf3532,fertility,7,131,0.5333333611488342,0.0622100830078125,22110.0,0.3333333432674408,102,1
SLIM+SIG1,728315b5-039c-11f0-95c3-089df4bf3532,fertility,7,132,0.5333333611488342,0.060164451599121094,21820.0,0.3333333432674408,102,1
SLIM+SIG1,728315b5-039c-11f0-95c3-089df4bf3532,fertility,7,133,0.5333333611488342,0.06273770332336426,21798.0,0.3333333432674408,102,1
SLIM+SIG1,728315b5-039c-11f0-95c3-089df4bf3532,fertility,7,134,0.5333333611488342,0.06521248817443848,21990.0,0.3333333432674408,102,1
SLIM+SIG1,728315b5-039c-11f0-95c3-089df4bf3532,fertility,7,135,0.5333333611488342,0.13497304916381836,21926.0,0.3333333432674408,102,1
SLIM+SIG1,728315b5-039c-11f0-95c3-089df4bf3532,fertility,7,136,0.5333333611488342,0.06550812721252441,21788.0,0.3333333432674408,102,1
SLIM+SIG1,728315b5-039c-11f0-95c3-089df4bf3532,fertility,7,137,0.5333333611488342,0.07401680946350098,21754.0,0.3333333432674408,102,1
SLIM+SIG1,728315b5-039c-11f0-95c3-089df4bf3532,fertility,7,138,0.5333333611488342,0.07352161407470703,21965.0,0.3333333432674408,102,1
SLIM+SIG1,728315b5-039c-11f0-95c3-089df4bf3532,fertility,7,139,0.5333333611488342,0.06302404403686523,22063.0,0.3333333432674408,102,1
SLIM+SIG1,728315b5-039c-11f0-95c3-089df4bf3532,fertility,7,140,0.5333333611488342,0.0669107437133789,21827.0,0.3333333432674408,102,1
SLIM+SIG1,728315b5-039c-11f0-95c3-089df4bf3532,fertility,7,141,0.5333333611488342,0.06354355812072754,21791.0,0.3333333432674408,102,1
SLIM+SIG1,728315b5-039c-11f0-95c3-089df4bf3532,fertility,7,142,0.5333333611488342,0.06682109832763672,21720.0,0.3333333432674408,102,1
SLIM+SIG1,728315b5-039c-11f0-95c3-089df4bf3532,fertility,7,143,0.5333333611488342,0.06710243225097656,21920.0,0.3333333432674408,102,1
SLIM+SIG1,728315b5-039c-11f0-95c3-089df4bf3532,fertility,7,144,0.5333333611488342,0.0642085075378418,21951.0,0.3333333432674408,102,1
SLIM+SIG1,728315b5-039c-11f0-95c3-089df4bf3532,fertility,7,145,0.5454545617103577,0.06860232353210449,21798.0,0.0,113,1
SLIM+SIG1,728315b5-039c-11f0-95c3-089df4bf3532,fertility,7,146,0.5454545617103577,0.07070326805114746,21874.0,0.0,113,1
SLIM+SIG1,728315b5-039c-11f0-95c3-089df4bf3532,fertility,7,147,0.5454545617103577,0.0701298713684082,21998.0,0.0,113,1
SLIM+SIG1,728315b5-039c-11f0-95c3-089df4bf3532,fertility,7,148,0.5454545617103577,0.0657200813293457,22010.0,0.0,113,1
SLIM+SIG1,728315b5-039c-11f0-95c3-089df4bf3532,fertility,7,149,0.5454545617103577,0.06337118148803711,22243.0,0.0,113,1
SLIM+SIG1,728315b5-039c-11f0-95c3-089df4bf3532,fertility,7,150,0.5454545617103577,0.06611299514770508,22049.0,0.0,113,1
SLIM+SIG1,728315b5-039c-11f0-95c3-089df4bf3532,fertility,7,151,0.5454545617103577,0.06461143493652344,21995.0,0.0,113,1
SLIM+SIG1,728315b5-039c-11f0-95c3-089df4bf3532,fertility,7,152,0.5454545617103577,0.06889772415161133,21850.0,0.0,113,1
SLIM+SIG1,728315b5-039c-11f0-95c3-089df4bf3532,fertility,7,153,0.5454545617103577,0.06701421737670898,21777.0,0.0,113,1
SLIM+SIG1,728315b5-039c-11f0-95c3-089df4bf3532,fertility,7,154,0.5454545617103577,0.0708000659942627,21750.0,0.0,113,1
SLIM+SIG1,728315b5-039c-11f0-95c3-089df4bf3532,fertility,7,155,0.5454545617103577,0.06850910186767578,21602.0,0.0,113,1
SLIM+SIG1,728315b5-039c-11f0-95c3-089df4bf3532,fertility,7,156,0.5454545617103577,0.06700992584228516,21630.0,0.0,113,1
SLIM+SIG1,728315b5-039c-11f0-95c3-089df4bf3532,fertility,7,157,0.5714285373687744,0.06575584411621094,21595.0,0.0,113,1
SLIM+SIG1,728315b5-039c-11f0-95c3-089df4bf3532,fertility,7,158,0.5714285373687744,0.0637366771697998,21615.0,0.0,113,1
SLIM+SIG1,728315b5-039c-11f0-95c3-089df4bf3532,fertility,7,159,0.5714285373687744,0.06653308868408203,21593.0,0.0,113,1
SLIM+SIG1,728315b5-039c-11f0-95c3-089df4bf3532,fertility,7,160,0.5714285373687744,0.06491732597351074,21601.0,0.0,113,1
SLIM+SIG1,728315b5-039c-11f0-95c3-089df4bf3532,fertility,7,161,0.5714285373687744,0.06582450866699219,21513.0,0.0,113,1
SLIM+SIG1,728315b5-039c-11f0-95c3-089df4bf3532,fertility,7,162,0.5714285373687744,0.06712722778320312,21607.0,0.0,113,1
SLIM+SIG1,728315b5-039c-11f0-95c3-089df4bf3532,fertility,7,163,0.5714285373687744,0.06307864189147949,21761.0,0.0,113,1
SLIM+SIG1,728315b5-039c-11f0-95c3-089df4bf3532,fertility,7,164,0.5714285373687744,0.06565570831298828,21710.0,0.0,113,1
SLIM+SIG1,728315b5-039c-11f0-95c3-089df4bf3532,fertility,7,165,0.5714285373687744,0.0650017261505127,21567.0,0.0,113,1
SLIM+SIG1,728315b5-039c-11f0-95c3-089df4bf3532,fertility,7,166,0.5714285373687744,0.06866168975830078,21611.0,0.0,113,1
SLIM+SIG1,728315b5-039c-11f0-95c3-089df4bf3532,fertility,7,167,0.5714285373687744,0.07291579246520996,21647.0,0.0,113,1
SLIM+SIG1,728315b5-039c-11f0-95c3-089df4bf3532,fertility,7,168,0.5714285373687744,0.06582999229431152,21728.0,0.0,113,1
SLIM+SIG1,728315b5-039c-11f0-95c3-089df4bf3532,fertility,7,169,0.5714285373687744,0.06535887718200684,21482.0,0.0,113,1
SLIM+SIG1,728315b5-039c-11f0-95c3-089df4bf3532,fertility,7,170,0.5714285373687744,0.06628227233886719,21431.0,0.0,113,1
SLIM+SIG1,728315b5-039c-11f0-95c3-089df4bf3532,fertility,7,171,0.5714285373687744,0.06731271743774414,21563.0,0.0,113,1
SLIM+SIG1,728315b5-039c-11f0-95c3-089df4bf3532,fertility,7,172,0.5714285373687744,0.06869626045227051,21601.0,0.0,113,1
SLIM+SIG1,728315b5-039c-11f0-95c3-089df4bf3532,fertility,7,173,0.5714285373687744,0.07019472122192383,21517.0,0.0,113,1
SLIM+SIG1,728315b5-039c-11f0-95c3-089df4bf3532,fertility,7,174,0.5714285373687744,0.06792235374450684,21669.0,0.0,113,1
SLIM+SIG1,728315b5-039c-11f0-95c3-089df4bf3532,fertility,7,175,0.5714285373687744,0.06599640846252441,21312.0,0.0,113,1
SLIM+SIG1,728315b5-039c-11f0-95c3-089df4bf3532,fertility,7,176,0.5714285373687744,0.06879854202270508,21543.0,0.0,113,1
SLIM+SIG1,728315b5-039c-11f0-95c3-089df4bf3532,fertility,7,177,0.5714285373687744,0.0742044448852539,21371.0,0.0,113,1
SLIM+SIG1,728315b5-039c-11f0-95c3-089df4bf3532,fertility,7,178,0.5714285373687744,0.07622194290161133,21253.0,0.0,113,1
SLIM+SIG1,728315b5-039c-11f0-95c3-089df4bf3532,fertility,7,179,0.5714285373687744,0.06853008270263672,21444.0,0.0,113,1
SLIM+SIG1,728315b5-039c-11f0-95c3-089df4bf3532,fertility,7,180,0.5714285373687744,0.06505680084228516,21680.0,0.0,113,1
SLIM+SIG1,728315b5-039c-11f0-95c3-089df4bf3532,fertility,7,181,0.5714285373687744,0.06691932678222656,21623.0,0.0,113,1
SLIM+SIG1,728315b5-039c-11f0-95c3-089df4bf3532,fertility,7,182,0.5714285373687744,0.06684303283691406,21480.0,0.0,113,1
SLIM+SIG1,728315b5-039c-11f0-95c3-089df4bf3532,fertility,7,183,0.5714285373687744,0.06656765937805176,21405.0,0.0,113,1
SLIM+SIG1,728315b5-039c-11f0-95c3-089df4bf3532,fertility,7,184,0.5714285373687744,0.0671842098236084,21493.0,0.0,113,1
SLIM+SIG1,728315b5-039c-11f0-95c3-089df4bf3532,fertility,7,185,0.5714285373687744,0.06831908226013184,21240.0,0.0,113,1
SLIM+SIG1,728315b5-039c-11f0-95c3-089df4bf3532,fertility,7,186,0.5714285373687744,0.06894183158874512,21387.0,0.0,113,1
SLIM+SIG1,728315b5-039c-11f0-95c3-089df4bf3532,fertility,7,187,0.5714285373687744,0.06851840019226074,21264.0,0.0,113,1
SLIM+SIG1,728315b5-039c-11f0-95c3-089df4bf3532,fertility,7,188,0.5714285373687744,0.06700873374938965,21448.0,0.0,113,1
SLIM+SIG1,728315b5-039c-11f0-95c3-089df4bf3532,fertility,7,189,0.5714285373687744,0.06502866744995117,21112.0,0.0,113,1
SLIM+SIG1,728315b5-039c-11f0-95c3-089df4bf3532,fertility,7,190,0.5714285373687744,0.07172083854675293,21352.0,0.0,113,1
SLIM+SIG1,728315b5-039c-11f0-95c3-089df4bf3532,fertility,7,191,0.5714285373687744,0.06838011741638184,21130.0,0.0,113,1
SLIM+SIG1,728315b5-039c-11f0-95c3-089df4bf3532,fertility,7,192,0.5714285373687744,0.0685570240020752,20875.0,0.0,113,1
SLIM+SIG1,728315b5-039c-11f0-95c3-089df4bf3532,fertility,7,193,0.5714285373687744,0.07004070281982422,21086.0,0.0,113,1
SLIM+SIG1,728315b5-039c-11f0-95c3-089df4bf3532,fertility,7,194,0.5714285373687744,0.06649255752563477,21282.0,0.0,113,1
SLIM+SIG1,728315b5-039c-11f0-95c3-089df4bf3532,fertility,7,195,0.5714285373687744,0.06963396072387695,21280.0,0.0,113,1
SLIM+SIG1,728315b5-039c-11f0-95c3-089df4bf3532,fertility,7,196,0.5714285373687744,0.0696253776550293,21255.0,0.0,113,1
SLIM+SIG1,728315b5-039c-11f0-95c3-089df4bf3532,fertility,7,197,0.5714285373687744,0.06750893592834473,21088.0,0.0,113,1
SLIM+SIG1,728315b5-039c-11f0-95c3-089df4bf3532,fertility,7,198,0.5714285373687744,0.0717616081237793,21147.0,0.0,113,1
SLIM+SIG1,728315b5-039c-11f0-95c3-089df4bf3532,fertility,7,199,0.5714285373687744,0.06585240364074707,21306.0,0.0,113,1
SLIM+SIG1,728315b5-039c-11f0-95c3-089df4bf3532,fertility,7,200,0.5714285373687744,0.06487560272216797,21163.0,0.0,113,1
SLIM+SIG1,728315b5-039c-11f0-95c3-089df4bf3532,fertility,7,201,0.5714285373687744,0.06812405586242676,21251.0,0.0,113,1
SLIM+SIG1,728315b5-039c-11f0-95c3-089df4bf3532,fertility,7,202,0.5714285373687744,0.06806135177612305,21222.0,0.0,113,1
SLIM+SIG1,728315b5-039c-11f0-95c3-089df4bf3532,fertility,7,203,0.5714285373687744,0.07138419151306152,21209.0,0.0,113,1
SLIM+SIG1,728315b5-039c-11f0-95c3-089df4bf3532,fertility,7,204,0.5714285373687744,0.06857013702392578,21271.0,0.0,113,1
SLIM+SIG1,728315b5-039c-11f0-95c3-089df4bf3532,fertility,7,205,0.5714285373687744,0.06963753700256348,21249.0,0.0,113,1
SLIM+SIG1,728315b5-039c-11f0-95c3-089df4bf3532,fertility,7,206,0.5714285373687744,0.06787109375,21253.0,0.0,113,1
SLIM+SIG1,728315b5-039c-11f0-95c3-089df4bf3532,fertility,7,207,0.5714285373687744,0.07111740112304688,21211.0,0.0,113,1
SLIM+SIG1,728315b5-039c-11f0-95c3-089df4bf3532,fertility,7,208,0.5714285373687744,0.08060216903686523,21306.0,0.0,113,1
SLIM+SIG1,728315b5-039c-11f0-95c3-089df4bf3532,fertility,7,209,0.5714285373687744,0.07220268249511719,21314.0,0.0,113,1
SLIM+SIG1,728315b5-039c-11f0-95c3-089df4bf3532,fertility,7,210,0.5714285373687744,0.06833553314208984,21185.0,0.0,113,1
SLIM+SIG1,728315b5-039c-11f0-95c3-089df4bf3532,fertility,7,211,0.5714285373687744,0.07195425033569336,21422.0,0.0,113,1
SLIM+SIG1,728315b5-039c-11f0-95c3-089df4bf3532,fertility,7,212,0.5714285373687744,0.07160115242004395,21118.0,0.0,113,1
SLIM+SIG1,728315b5-039c-11f0-95c3-089df4bf3532,fertility,7,213,0.5714285373687744,0.06883072853088379,21123.0,0.0,113,1
SLIM+SIG1,728315b5-039c-11f0-95c3-089df4bf3532,fertility,7,214,0.5714285373687744,0.07168412208557129,21132.0,0.0,113,1
SLIM+SIG1,728315b5-039c-11f0-95c3-089df4bf3532,fertility,7,215,0.5714285373687744,0.07293319702148438,21060.0,0.0,113,1
SLIM+SIG1,728315b5-039c-11f0-95c3-089df4bf3532,fertility,7,216,0.5714285373687744,0.0709230899810791,21062.0,0.0,113,1
SLIM+SIG1,728315b5-039c-11f0-95c3-089df4bf3532,fertility,7,217,0.5714285373687744,0.06794857978820801,20928.0,0.0,113,1
SLIM+SIG1,728315b5-039c-11f0-95c3-089df4bf3532,fertility,7,218,0.5714285373687744,0.07201170921325684,20906.0,0.0,113,1
SLIM+SIG1,728315b5-039c-11f0-95c3-089df4bf3532,fertility,7,219,0.5714285373687744,0.06880474090576172,21024.0,0.0,113,1
SLIM+SIG1,728315b5-039c-11f0-95c3-089df4bf3532,fertility,7,220,0.5714285373687744,0.06644654273986816,20985.0,0.0,113,1
SLIM+SIG1,728315b5-039c-11f0-95c3-089df4bf3532,fertility,7,221,0.5714285373687744,0.06805658340454102,20859.0,0.0,113,1
SLIM+SIG1,728315b5-039c-11f0-95c3-089df4bf3532,fertility,7,222,0.5714285373687744,0.06810545921325684,20753.0,0.0,113,1
SLIM+SIG1,728315b5-039c-11f0-95c3-089df4bf3532,fertility,7,223,0.5714285373687744,0.07456445693969727,21070.0,0.0,113,1
SLIM+SIG1,728315b5-039c-11f0-95c3-089df4bf3532,fertility,7,224,0.5714285373687744,0.07161378860473633,20979.0,0.0,113,1
SLIM+SIG1,728315b5-039c-11f0-95c3-089df4bf3532,fertility,7,225,0.5714285373687744,0.06830549240112305,20954.0,0.0,113,1
SLIM+SIG1,728315b5-039c-11f0-95c3-089df4bf3532,fertility,7,226,0.5714285373687744,0.07037663459777832,20975.0,0.0,113,1
SLIM+SIG1,728315b5-039c-11f0-95c3-089df4bf3532,fertility,7,227,0.5714285373687744,0.0708320140838623,20762.0,0.0,113,1
SLIM+SIG1,728315b5-039c-11f0-95c3-089df4bf3532,fertility,7,228,0.5714285373687744,0.0709531307220459,20935.0,0.0,113,1
SLIM+SIG1,728315b5-039c-11f0-95c3-089df4bf3532,fertility,7,229,0.5714285373687744,0.07301139831542969,20975.0,0.0,113,1
SLIM+SIG1,728315b5-039c-11f0-95c3-089df4bf3532,fertility,7,230,0.5714285373687744,0.07610607147216797,20874.0,0.0,113,1
SLIM+SIG1,728315b5-039c-11f0-95c3-089df4bf3532,fertility,7,231,0.5714285373687744,0.0715939998626709,20553.0,0.0,113,1
SLIM+SIG1,728315b5-039c-11f0-95c3-089df4bf3532,fertility,7,232,0.5714285373687744,0.06872725486755371,20623.0,0.0,113,1
SLIM+SIG1,728315b5-039c-11f0-95c3-089df4bf3532,fertility,7,233,0.5714285373687744,0.06705713272094727,20430.0,0.0,113,1
SLIM+SIG1,728315b5-039c-11f0-95c3-089df4bf3532,fertility,7,234,0.5714285373687744,0.06760096549987793,20241.0,0.0,113,1
SLIM+SIG1,728315b5-039c-11f0-95c3-089df4bf3532,fertility,7,235,0.5714285373687744,0.06904387474060059,20383.0,0.0,113,1
SLIM+SIG1,728315b5-039c-11f0-95c3-089df4bf3532,fertility,7,236,0.5714285373687744,0.07311511039733887,20474.0,0.0,113,1
SLIM+SIG1,728315b5-039c-11f0-95c3-089df4bf3532,fertility,7,237,0.5714285373687744,0.0731973648071289,20322.0,0.0,113,1
SLIM+SIG1,728315b5-039c-11f0-95c3-089df4bf3532,fertility,7,238,0.5714285373687744,0.08167123794555664,20533.0,0.0,113,1
SLIM+SIG1,728315b5-039c-11f0-95c3-089df4bf3532,fertility,7,239,0.5714285373687744,0.07412910461425781,20500.0,0.0,113,1
SLIM+SIG1,728315b5-039c-11f0-95c3-089df4bf3532,fertility,7,240,0.5714285373687744,0.07627582550048828,20217.0,0.0,113,1
SLIM+SIG1,728315b5-039c-11f0-95c3-089df4bf3532,fertility,7,241,0.5714285373687744,0.06991744041442871,20341.0,0.0,113,1
SLIM+SIG1,728315b5-039c-11f0-95c3-089df4bf3532,fertility,7,242,0.5714285373687744,0.14124178886413574,20177.0,0.0,113,1
SLIM+SIG1,728315b5-039c-11f0-95c3-089df4bf3532,fertility,7,243,0.5714285373687744,0.0700995922088623,20098.0,0.0,113,1
SLIM+SIG1,728315b5-039c-11f0-95c3-089df4bf3532,fertility,7,244,0.5714285373687744,0.07452654838562012,20040.0,0.0,113,1
SLIM+SIG1,728315b5-039c-11f0-95c3-089df4bf3532,fertility,7,245,0.5714285373687744,0.07159924507141113,19994.0,0.0,113,1
SLIM+SIG1,728315b5-039c-11f0-95c3-089df4bf3532,fertility,7,246,0.5714285373687744,0.07000446319580078,20197.0,0.0,113,1
SLIM+SIG1,728315b5-039c-11f0-95c3-089df4bf3532,fertility,7,247,0.5714285373687744,0.07451462745666504,20454.0,0.0,113,1
SLIM+SIG1,728315b5-039c-11f0-95c3-089df4bf3532,fertility,7,248,0.5714285373687744,0.07056164741516113,20252.0,0.0,113,1
SLIM+SIG1,728315b5-039c-11f0-95c3-089df4bf3532,fertility,7,249,0.5714285373687744,0.06871747970581055,20381.0,0.0,113,1
SLIM+SIG1,728315b5-039c-11f0-95c3-089df4bf3532,fertility,7,250,0.5714285373687744,0.07102751731872559,20227.0,0.0,113,1
SLIM+SIG1,728315b5-039c-11f0-95c3-089df4bf3532,fertility,7,251,0.5714285373687744,0.06965279579162598,19803.0,0.0,113,1
SLIM+SIG1,728315b5-039c-11f0-95c3-089df4bf3532,fertility,7,252,0.5714285373687744,0.07460784912109375,19891.0,0.0,113,1
SLIM+SIG1,728315b5-039c-11f0-95c3-089df4bf3532,fertility,7,253,0.5714285373687744,0.07456612586975098,19913.0,0.0,113,1
SLIM+SIG1,728315b5-039c-11f0-95c3-089df4bf3532,fertility,7,254,0.5714285373687744,0.07236909866333008,19678.0,0.0,113,1
SLIM+SIG1,728315b5-039c-11f0-95c3-089df4bf3532,fertility,7,255,0.5714285373687744,0.06971955299377441,19605.0,0.0,113,1
SLIM+SIG1,728315b5-039c-11f0-95c3-089df4bf3532,fertility,7,256,0.5714285373687744,0.06985998153686523,19592.0,0.0,113,1
SLIM+SIG1,728315b5-039c-11f0-95c3-089df4bf3532,fertility,7,257,0.5714285373687744,0.07079434394836426,19335.0,0.0,113,1
SLIM+SIG1,728315b5-039c-11f0-95c3-089df4bf3532,fertility,7,258,0.5714285373687744,0.07317137718200684,19330.0,0.0,113,1
SLIM+SIG1,728315b5-039c-11f0-95c3-089df4bf3532,fertility,7,259,0.5714285373687744,0.07051420211791992,19691.0,0.0,113,1
SLIM+SIG1,728315b5-039c-11f0-95c3-089df4bf3532,fertility,7,260,0.5714285373687744,0.07361292839050293,19744.0,0.0,113,1
SLIM+SIG1,728315b5-039c-11f0-95c3-089df4bf3532,fertility,7,261,0.5714285373687744,0.07289934158325195,19757.0,0.0,113,1
SLIM+SIG1,728315b5-039c-11f0-95c3-089df4bf3532,fertility,7,262,0.5714285373687744,0.07452893257141113,19968.0,0.0,113,1
SLIM+SIG1,728315b5-039c-11f0-95c3-089df4bf3532,fertility,7,263,0.5714285373687744,0.07449746131896973,19847.0,0.0,113,1
SLIM+SIG1,728315b5-039c-11f0-95c3-089df4bf3532,fertility,7,264,0.5714285373687744,0.0724785327911377,19741.0,0.0,113,1
SLIM+SIG1,728315b5-039c-11f0-95c3-089df4bf3532,fertility,7,265,0.5714285373687744,0.07316422462463379,19640.0,0.0,113,1
SLIM+SIG1,728315b5-039c-11f0-95c3-089df4bf3532,fertility,7,266,0.5714285373687744,0.07958507537841797,19391.0,0.0,113,1
SLIM+SIG1,728315b5-039c-11f0-95c3-089df4bf3532,fertility,7,267,0.5714285373687744,0.07823038101196289,19635.0,0.0,113,1
SLIM+SIG1,728315b5-039c-11f0-95c3-089df4bf3532,fertility,7,268,0.5714285373687744,0.07256698608398438,19555.0,0.0,113,1
SLIM+SIG1,728315b5-039c-11f0-95c3-089df4bf3532,fertility,7,269,0.5714285373687744,0.07236194610595703,19591.0,0.0,113,1
SLIM+SIG1,728315b5-039c-11f0-95c3-089df4bf3532,fertility,7,270,0.5714285373687744,0.06990694999694824,19598.0,0.0,113,1
SLIM+SIG1,728315b5-039c-11f0-95c3-089df4bf3532,fertility,7,271,0.5714285373687744,0.06783628463745117,19402.0,0.0,113,1
SLIM+SIG1,728315b5-039c-11f0-95c3-089df4bf3532,fertility,7,272,0.5714285373687744,0.06919527053833008,19292.0,0.0,113,1
SLIM+SIG1,728315b5-039c-11f0-95c3-089df4bf3532,fertility,7,273,0.5714285373687744,0.06624460220336914,19359.0,0.0,113,1
SLIM+SIG1,728315b5-039c-11f0-95c3-089df4bf3532,fertility,7,274,0.5714285373687744,0.07141280174255371,19625.0,0.0,113,1
SLIM+SIG1,728315b5-039c-11f0-95c3-089df4bf3532,fertility,7,275,0.5714285373687744,0.06872129440307617,19658.0,0.0,113,1
SLIM+SIG1,728315b5-039c-11f0-95c3-089df4bf3532,fertility,7,276,0.5714285373687744,0.07110738754272461,19530.0,0.0,113,1
SLIM+SIG1,728315b5-039c-11f0-95c3-089df4bf3532,fertility,7,277,0.5714285373687744,0.07950735092163086,19073.0,0.0,113,1
SLIM+SIG1,728315b5-039c-11f0-95c3-089df4bf3532,fertility,7,278,0.5714285373687744,0.07345819473266602,18949.0,0.0,113,1
SLIM+SIG1,728315b5-039c-11f0-95c3-089df4bf3532,fertility,7,279,0.5714285373687744,0.07446455955505371,19015.0,0.0,113,1
SLIM+SIG1,728315b5-039c-11f0-95c3-089df4bf3532,fertility,7,280,0.5714285373687744,0.0733492374420166,18419.0,0.0,113,1
SLIM+SIG1,728315b5-039c-11f0-95c3-089df4bf3532,fertility,7,281,0.5714285373687744,0.07088065147399902,18324.0,0.0,113,1
SLIM+SIG1,728315b5-039c-11f0-95c3-089df4bf3532,fertility,7,282,0.5714285373687744,0.07203888893127441,17920.0,0.0,113,1
SLIM+SIG1,728315b5-039c-11f0-95c3-089df4bf3532,fertility,7,283,0.5714285373687744,0.07661056518554688,17510.0,0.0,113,1
SLIM+SIG1,728315b5-039c-11f0-95c3-089df4bf3532,fertility,7,284,0.5714285373687744,0.07241272926330566,17997.0,0.0,113,1
SLIM+SIG1,728315b5-039c-11f0-95c3-089df4bf3532,fertility,7,285,0.5714285373687744,0.0729055404663086,17997.0,0.0,113,1
SLIM+SIG1,728315b5-039c-11f0-95c3-089df4bf3532,fertility,7,286,0.5714285373687744,0.07145524024963379,17750.0,0.0,113,1
SLIM+SIG1,728315b5-039c-11f0-95c3-089df4bf3532,fertility,7,287,0.5714285373687744,0.07383871078491211,18160.0,0.0,113,1
SLIM+SIG1,728315b5-039c-11f0-95c3-089df4bf3532,fertility,7,288,0.5714285373687744,0.07163214683532715,18476.0,0.0,113,1
SLIM+SIG1,728315b5-039c-11f0-95c3-089df4bf3532,fertility,7,289,0.5714285373687744,0.06894874572753906,17867.0,0.0,113,1
SLIM+SIG1,728315b5-039c-11f0-95c3-089df4bf3532,fertility,7,290,0.5714285373687744,0.07000899314880371,17971.0,0.0,113,1
SLIM+SIG1,728315b5-039c-11f0-95c3-089df4bf3532,fertility,7,291,0.5714285373687744,0.07100391387939453,17935.0,0.0,113,1
SLIM+SIG1,728315b5-039c-11f0-95c3-089df4bf3532,fertility,7,292,0.5714285373687744,0.07610225677490234,17326.0,0.0,113,1
SLIM+SIG1,728315b5-039c-11f0-95c3-089df4bf3532,fertility,7,293,0.5714285373687744,0.07382631301879883,17274.0,0.0,113,1
SLIM+SIG1,728315b5-039c-11f0-95c3-089df4bf3532,fertility,7,294,0.5714285373687744,0.07372641563415527,17551.0,0.0,113,1
SLIM+SIG1,728315b5-039c-11f0-95c3-089df4bf3532,fertility,7,295,0.5714285373687744,0.0760653018951416,17742.0,0.0,113,1
SLIM+SIG1,728315b5-039c-11f0-95c3-089df4bf3532,fertility,7,296,0.5714285373687744,0.0765383243560791,17167.0,0.0,113,1
SLIM+SIG1,728315b5-039c-11f0-95c3-089df4bf3532,fertility,7,297,0.5714285373687744,0.07351469993591309,16233.0,0.0,113,1
SLIM+SIG1,728315b5-039c-11f0-95c3-089df4bf3532,fertility,7,298,0.5714285373687744,0.07283663749694824,16259.0,0.0,113,1
SLIM+SIG1,728315b5-039c-11f0-95c3-089df4bf3532,fertility,7,299,0.5714285373687744,0.14487004280090332,16710.0,0.0,113,1
SLIM+SIG1,728315b5-039c-11f0-95c3-089df4bf3532,fertility,7,300,0.5714285373687744,0.07715582847595215,16706.0,0.0,113,1
SLIM+SIG1,728315b5-039c-11f0-95c3-089df4bf3532,fertility,7,301,0.5714285373687744,0.07484149932861328,16911.0,0.0,113,1
SLIM+SIG1,728315b5-039c-11f0-95c3-089df4bf3532,fertility,7,302,0.5714285373687744,0.07550334930419922,15988.0,0.0,113,1
SLIM+SIG1,728315b5-039c-11f0-95c3-089df4bf3532,fertility,7,303,0.5714285373687744,0.07435083389282227,16049.0,0.0,113,1
SLIM+SIG1,728315b5-039c-11f0-95c3-089df4bf3532,fertility,7,304,0.5714285373687744,0.07483839988708496,15955.0,0.0,113,1
SLIM+SIG1,728315b5-039c-11f0-95c3-089df4bf3532,fertility,7,305,0.5714285373687744,0.07587480545043945,15053.0,0.0,113,1
SLIM+SIG1,728315b5-039c-11f0-95c3-089df4bf3532,fertility,7,306,0.5714285373687744,0.07781791687011719,14793.0,0.0,113,1
SLIM+SIG1,728315b5-039c-11f0-95c3-089df4bf3532,fertility,7,307,0.5714285373687744,0.0719003677368164,14064.0,0.0,113,1
SLIM+SIG1,728315b5-039c-11f0-95c3-089df4bf3532,fertility,7,308,0.5714285373687744,0.07771730422973633,14373.0,0.0,113,1
SLIM+SIG1,728315b5-039c-11f0-95c3-089df4bf3532,fertility,7,309,0.5714285373687744,0.07252621650695801,14744.0,0.0,113,1
SLIM+SIG1,728315b5-039c-11f0-95c3-089df4bf3532,fertility,7,310,0.5714285373687744,0.07492780685424805,15605.0,0.0,113,1
SLIM+SIG1,728315b5-039c-11f0-95c3-089df4bf3532,fertility,7,311,0.5714285373687744,0.07436847686767578,16030.0,0.0,113,1
SLIM+SIG1,728315b5-039c-11f0-95c3-089df4bf3532,fertility,7,312,0.5714285373687744,0.07784223556518555,16380.0,0.0,113,1
SLIM+SIG1,728315b5-039c-11f0-95c3-089df4bf3532,fertility,7,313,0.5714285373687744,0.07716035842895508,17086.0,0.0,113,1
SLIM+SIG1,728315b5-039c-11f0-95c3-089df4bf3532,fertility,7,314,0.5714285373687744,0.07575082778930664,16791.0,0.0,113,1
SLIM+SIG1,728315b5-039c-11f0-95c3-089df4bf3532,fertility,7,315,0.5714285373687744,0.07312321662902832,17062.0,0.0,113,1
SLIM+SIG1,728315b5-039c-11f0-95c3-089df4bf3532,fertility,7,316,0.5714285373687744,0.07144689559936523,16131.0,0.0,113,1
SLIM+SIG1,728315b5-039c-11f0-95c3-089df4bf3532,fertility,7,317,0.5714285373687744,0.07640647888183594,15986.0,0.0,113,1
SLIM+SIG1,728315b5-039c-11f0-95c3-089df4bf3532,fertility,7,318,0.5714285373687744,0.06987953186035156,16544.0,0.0,113,1
SLIM+SIG1,728315b5-039c-11f0-95c3-089df4bf3532,fertility,7,319,0.5714285373687744,0.07218003273010254,16306.0,0.0,113,1
SLIM+SIG1,728315b5-039c-11f0-95c3-089df4bf3532,fertility,7,320,0.5714285373687744,0.07373785972595215,15755.0,0.0,113,1
SLIM+SIG1,728315b5-039c-11f0-95c3-089df4bf3532,fertility,7,321,0.5714285373687744,0.07381725311279297,15595.0,0.0,113,1
SLIM+SIG1,728315b5-039c-11f0-95c3-089df4bf3532,fertility,7,322,0.5714285373687744,0.08047771453857422,14875.0,0.0,113,1
SLIM+SIG1,728315b5-039c-11f0-95c3-089df4bf3532,fertility,7,323,0.5714285373687744,0.08297467231750488,14408.0,0.0,113,1
SLIM+SIG1,728315b5-039c-11f0-95c3-089df4bf3532,fertility,7,324,0.5714285373687744,0.07388997077941895,13788.0,0.0,113,1
SLIM+SIG1,728315b5-039c-11f0-95c3-089df4bf3532,fertility,7,325,0.5714285373687744,0.07497048377990723,13223.0,0.0,113,1
SLIM+SIG1,728315b5-039c-11f0-95c3-089df4bf3532,fertility,7,326,0.5714285373687744,0.08063387870788574,12520.0,0.0,113,1
SLIM+SIG1,728315b5-039c-11f0-95c3-089df4bf3532,fertility,7,327,0.5714285373687744,0.07456231117248535,12558.0,0.0,113,1
SLIM+SIG1,728315b5-039c-11f0-95c3-089df4bf3532,fertility,7,328,0.5714285373687744,0.07931995391845703,12052.0,0.0,113,1
SLIM+SIG1,728315b5-039c-11f0-95c3-089df4bf3532,fertility,7,329,0.5714285373687744,0.07464408874511719,11672.0,0.0,113,1
SLIM+SIG1,728315b5-039c-11f0-95c3-089df4bf3532,fertility,7,330,0.5714285373687744,0.07770466804504395,11554.0,0.0,113,1
SLIM+SIG1,728315b5-039c-11f0-95c3-089df4bf3532,fertility,7,331,0.5714285373687744,0.07297587394714355,12099.0,0.0,113,1
SLIM+SIG1,728315b5-039c-11f0-95c3-089df4bf3532,fertility,7,332,0.5714285373687744,0.0715022087097168,11869.0,0.0,113,1
SLIM+SIG1,728315b5-039c-11f0-95c3-089df4bf3532,fertility,7,333,0.5714285373687744,0.07600021362304688,11260.0,0.0,113,1
SLIM+SIG1,728315b5-039c-11f0-95c3-089df4bf3532,fertility,7,334,0.5714285373687744,0.07875776290893555,12069.0,0.0,113,1
SLIM+SIG1,728315b5-039c-11f0-95c3-089df4bf3532,fertility,7,335,0.5714285373687744,0.08051013946533203,12758.0,0.0,113,1
SLIM+SIG1,728315b5-039c-11f0-95c3-089df4bf3532,fertility,7,336,0.5714285373687744,0.07485175132751465,11852.0,0.0,113,1
SLIM+SIG1,728315b5-039c-11f0-95c3-089df4bf3532,fertility,7,337,0.5714285373687744,0.07411456108093262,13293.0,0.0,113,1
SLIM+SIG1,728315b5-039c-11f0-95c3-089df4bf3532,fertility,7,338,0.5714285373687744,0.07512450218200684,13277.0,0.0,113,1
SLIM+SIG1,728315b5-039c-11f0-95c3-089df4bf3532,fertility,7,339,0.5714285373687744,0.07470870018005371,12625.0,0.0,113,1
SLIM+SIG1,728315b5-039c-11f0-95c3-089df4bf3532,fertility,7,340,0.5714285373687744,0.06975340843200684,11879.0,0.0,113,1
SLIM+SIG1,728315b5-039c-11f0-95c3-089df4bf3532,fertility,7,341,0.5714285373687744,0.07316303253173828,12310.0,0.0,113,1
SLIM+SIG1,728315b5-039c-11f0-95c3-089df4bf3532,fertility,7,342,0.5714285373687744,0.07381200790405273,12181.0,0.0,113,1
SLIM+SIG1,728315b5-039c-11f0-95c3-089df4bf3532,fertility,7,343,0.5714285373687744,0.07342958450317383,11826.0,0.0,113,1
SLIM+SIG1,728315b5-039c-11f0-95c3-089df4bf3532,fertility,7,344,0.5714285373687744,0.07272458076477051,11212.0,0.0,113,1
SLIM+SIG1,728315b5-039c-11f0-95c3-089df4bf3532,fertility,7,345,0.5714285373687744,0.07071757316589355,10754.0,0.0,113,1
SLIM+SIG1,728315b5-039c-11f0-95c3-089df4bf3532,fertility,7,346,0.5714285373687744,0.0726618766784668,10941.0,0.0,113,1
SLIM+SIG1,728315b5-039c-11f0-95c3-089df4bf3532,fertility,7,347,0.5714285373687744,0.07360720634460449,11261.0,0.0,113,1
SLIM+SIG1,728315b5-039c-11f0-95c3-089df4bf3532,fertility,7,348,0.5714285373687744,0.07362914085388184,11338.0,0.0,113,1
SLIM+SIG1,728315b5-039c-11f0-95c3-089df4bf3532,fertility,7,349,0.5714285373687744,0.07447004318237305,11330.0,0.0,113,1
SLIM+SIG1,728315b5-039c-11f0-95c3-089df4bf3532,fertility,7,350,0.5714285373687744,0.0734567642211914,11305.0,0.0,113,1
SLIM+SIG1,728315b5-039c-11f0-95c3-089df4bf3532,fertility,7,351,0.5714285373687744,0.08324074745178223,11238.0,0.0,113,1
SLIM+SIG1,728315b5-039c-11f0-95c3-089df4bf3532,fertility,7,352,0.5714285373687744,0.07424378395080566,11238.0,0.0,113,1
SLIM+SIG1,728315b5-039c-11f0-95c3-089df4bf3532,fertility,7,353,0.5714285373687744,0.07309126853942871,10420.0,0.0,113,1
SLIM+SIG1,728315b5-039c-11f0-95c3-089df4bf3532,fertility,7,354,0.5714285373687744,0.07177615165710449,10128.0,0.0,113,1
SLIM+SIG1,728315b5-039c-11f0-95c3-089df4bf3532,fertility,7,355,0.5714285373687744,0.07544970512390137,9611.0,0.0,113,1
SLIM+SIG1,728315b5-039c-11f0-95c3-089df4bf3532,fertility,7,356,0.5714285373687744,0.0726168155670166,9692.0,0.0,113,1
SLIM+SIG1,728315b5-039c-11f0-95c3-089df4bf3532,fertility,7,357,0.5714285373687744,0.07094502449035645,9549.0,0.0,113,1
SLIM+SIG1,728315b5-039c-11f0-95c3-089df4bf3532,fertility,7,358,0.5714285373687744,0.06997537612915039,9991.0,0.0,113,1
SLIM+SIG1,728315b5-039c-11f0-95c3-089df4bf3532,fertility,7,359,0.5714285373687744,0.06963253021240234,10703.0,0.0,113,1
SLIM+SIG1,728315b5-039c-11f0-95c3-089df4bf3532,fertility,7,360,0.5714285373687744,0.07353472709655762,12503.0,0.0,113,1
SLIM+SIG1,728315b5-039c-11f0-95c3-089df4bf3532,fertility,7,361,0.5714285373687744,0.1517033576965332,12869.0,0.0,113,1
SLIM+SIG1,728315b5-039c-11f0-95c3-089df4bf3532,fertility,7,362,0.5714285373687744,0.07259273529052734,12963.0,0.0,113,1
SLIM+SIG1,728315b5-039c-11f0-95c3-089df4bf3532,fertility,7,363,0.5714285373687744,0.07103157043457031,12521.0,0.0,113,1
SLIM+SIG1,728315b5-039c-11f0-95c3-089df4bf3532,fertility,7,364,0.5714285373687744,0.07300448417663574,11817.0,0.0,113,1
SLIM+SIG1,728315b5-039c-11f0-95c3-089df4bf3532,fertility,7,365,0.5714285373687744,0.0703125,11480.0,0.0,113,1
SLIM+SIG1,728315b5-039c-11f0-95c3-089df4bf3532,fertility,7,366,0.5714285373687744,0.06994223594665527,10468.0,0.0,113,1
SLIM+SIG1,728315b5-039c-11f0-95c3-089df4bf3532,fertility,7,367,0.5714285373687744,0.06745171546936035,10028.0,0.0,113,1
SLIM+SIG1,728315b5-039c-11f0-95c3-089df4bf3532,fertility,7,368,0.5714285373687744,0.06870794296264648,8688.0,0.0,113,1
SLIM+SIG1,728315b5-039c-11f0-95c3-089df4bf3532,fertility,7,369,0.5714285373687744,0.07171750068664551,8504.0,0.0,113,1
SLIM+SIG1,728315b5-039c-11f0-95c3-089df4bf3532,fertility,7,370,0.5714285373687744,0.0675203800201416,7936.0,0.0,113,1
SLIM+SIG1,728315b5-039c-11f0-95c3-089df4bf3532,fertility,7,371,0.5714285373687744,0.06837677955627441,8510.0,0.0,113,1
SLIM+SIG1,728315b5-039c-11f0-95c3-089df4bf3532,fertility,7,372,0.5714285373687744,0.0681004524230957,7837.0,0.0,113,1
SLIM+SIG1,728315b5-039c-11f0-95c3-089df4bf3532,fertility,7,373,0.5714285373687744,0.07061529159545898,8130.0,0.0,113,1
SLIM+SIG1,728315b5-039c-11f0-95c3-089df4bf3532,fertility,7,374,0.5714285373687744,0.06902766227722168,7985.0,0.0,113,1
SLIM+SIG1,728315b5-039c-11f0-95c3-089df4bf3532,fertility,7,375,0.5714285373687744,0.07324695587158203,7668.0,0.0,113,1
SLIM+SIG1,728315b5-039c-11f0-95c3-089df4bf3532,fertility,7,376,0.5714285373687744,0.06591081619262695,6743.0,0.0,113,1
SLIM+SIG1,728315b5-039c-11f0-95c3-089df4bf3532,fertility,7,377,0.5714285373687744,0.07028436660766602,7289.0,0.0,113,1
SLIM+SIG1,728315b5-039c-11f0-95c3-089df4bf3532,fertility,7,378,0.5714285373687744,0.06763172149658203,7507.0,0.0,113,1
SLIM+SIG1,728315b5-039c-11f0-95c3-089df4bf3532,fertility,7,379,0.5714285373687744,0.0743253231048584,7540.0,0.0,113,1
SLIM+SIG1,728315b5-039c-11f0-95c3-089df4bf3532,fertility,7,380,0.5714285373687744,0.07561135292053223,6458.0,0.0,113,1
SLIM+SIG1,728315b5-039c-11f0-95c3-089df4bf3532,fertility,7,381,0.5714285373687744,0.0652470588684082,6960.0,0.0,113,1
SLIM+SIG1,728315b5-039c-11f0-95c3-089df4bf3532,fertility,7,382,0.5714285373687744,0.07201266288757324,6588.0,0.0,113,1
SLIM+SIG1,728315b5-039c-11f0-95c3-089df4bf3532,fertility,7,383,0.5714285373687744,0.0706183910369873,6667.0,0.0,113,1
SLIM+SIG1,728315b5-039c-11f0-95c3-089df4bf3532,fertility,7,384,0.5714285373687744,0.06737375259399414,5875.0,0.0,113,1
SLIM+SIG1,728315b5-039c-11f0-95c3-089df4bf3532,fertility,7,385,0.5714285373687744,0.06832599639892578,6049.0,0.0,113,1
SLIM+SIG1,728315b5-039c-11f0-95c3-089df4bf3532,fertility,7,386,0.5714285373687744,0.06828832626342773,7424.0,0.0,113,1
SLIM+SIG1,728315b5-039c-11f0-95c3-089df4bf3532,fertility,7,387,0.5714285373687744,0.06610918045043945,7983.0,0.0,113,1
SLIM+SIG1,728315b5-039c-11f0-95c3-089df4bf3532,fertility,7,388,0.5714285373687744,0.06710362434387207,7840.0,0.0,113,1
SLIM+SIG1,728315b5-039c-11f0-95c3-089df4bf3532,fertility,7,389,0.5714285373687744,0.06779646873474121,8117.0,0.0,113,1
SLIM+SIG1,728315b5-039c-11f0-95c3-089df4bf3532,fertility,7,390,0.5714285373687744,0.06768250465393066,8972.0,0.0,113,1
SLIM+SIG1,728315b5-039c-11f0-95c3-089df4bf3532,fertility,7,391,0.5714285373687744,0.06914925575256348,9250.0,0.0,113,1
SLIM+SIG1,728315b5-039c-11f0-95c3-089df4bf3532,fertility,7,392,0.5714285373687744,0.06752920150756836,9252.0,0.0,113,1
SLIM+SIG1,728315b5-039c-11f0-95c3-089df4bf3532,fertility,7,393,0.5714285373687744,0.0668332576751709,7939.0,0.0,113,1
SLIM+SIG1,728315b5-039c-11f0-95c3-089df4bf3532,fertility,7,394,0.5714285373687744,0.0670013427734375,7136.0,0.0,113,1
SLIM+SIG1,728315b5-039c-11f0-95c3-089df4bf3532,fertility,7,395,0.5714285373687744,0.06959342956542969,6480.0,0.0,113,1
SLIM+SIG1,728315b5-039c-11f0-95c3-089df4bf3532,fertility,7,396,0.5714285373687744,0.06573176383972168,5620.0,0.0,113,1
SLIM+SIG1,728315b5-039c-11f0-95c3-089df4bf3532,fertility,7,397,0.5714285373687744,0.0690920352935791,5488.0,0.0,113,1
SLIM+SIG1,728315b5-039c-11f0-95c3-089df4bf3532,fertility,7,398,0.5714285373687744,0.06496691703796387,5407.0,0.0,113,1
SLIM+SIG1,728315b5-039c-11f0-95c3-089df4bf3532,fertility,7,399,0.5714285373687744,0.06655120849609375,4252.0,0.0,113,1
SLIM+SIG1,728315b5-039c-11f0-95c3-089df4bf3532,fertility,7,400,0.5714285373687744,0.07102155685424805,4111.0,0.0,113,1
SLIM+SIG1,728315b5-039c-11f0-95c3-089df4bf3532,fertility,7,401,0.5714285373687744,0.06552886962890625,4410.0,0.0,113,1
SLIM+SIG1,728315b5-039c-11f0-95c3-089df4bf3532,fertility,7,402,0.5714285373687744,0.06259393692016602,4769.0,0.0,113,1
SLIM+SIG1,728315b5-039c-11f0-95c3-089df4bf3532,fertility,7,403,0.5714285373687744,0.06521821022033691,5495.0,0.0,113,1
SLIM+SIG1,728315b5-039c-11f0-95c3-089df4bf3532,fertility,7,404,0.5714285373687744,0.06754064559936523,5165.0,0.0,113,1
SLIM+SIG1,728315b5-039c-11f0-95c3-089df4bf3532,fertility,7,405,0.5714285373687744,0.06470489501953125,5684.0,0.0,113,1
SLIM+SIG1,728315b5-039c-11f0-95c3-089df4bf3532,fertility,7,406,0.5714285373687744,0.06628203392028809,7299.0,0.0,113,1
SLIM+SIG1,728315b5-039c-11f0-95c3-089df4bf3532,fertility,7,407,0.5714285373687744,0.06583571434020996,7369.0,0.0,113,1
SLIM+SIG1,728315b5-039c-11f0-95c3-089df4bf3532,fertility,7,408,0.5714285373687744,0.0685114860534668,7158.0,0.0,113,1
SLIM+SIG1,728315b5-039c-11f0-95c3-089df4bf3532,fertility,7,409,0.5714285373687744,0.06712722778320312,5880.0,0.0,113,1
SLIM+SIG1,728315b5-039c-11f0-95c3-089df4bf3532,fertility,7,410,0.5714285373687744,0.0694122314453125,6423.0,0.0,113,1
SLIM+SIG1,728315b5-039c-11f0-95c3-089df4bf3532,fertility,7,411,0.5714285373687744,0.0763697624206543,6137.0,0.0,113,1
SLIM+SIG1,728315b5-039c-11f0-95c3-089df4bf3532,fertility,7,412,0.5714285373687744,0.07235264778137207,5398.0,0.0,113,1
SLIM+SIG1,728315b5-039c-11f0-95c3-089df4bf3532,fertility,7,413,0.5714285373687744,0.0654442310333252,4971.0,0.0,113,1
SLIM+SIG1,728315b5-039c-11f0-95c3-089df4bf3532,fertility,7,414,0.5714285373687744,0.06387472152709961,4234.0,0.0,113,1
SLIM+SIG1,728315b5-039c-11f0-95c3-089df4bf3532,fertility,7,415,0.5714285373687744,0.06658506393432617,3374.0,0.0,113,1
SLIM+SIG1,728315b5-039c-11f0-95c3-089df4bf3532,fertility,7,416,0.5714285373687744,0.062264204025268555,3660.0,0.0,113,1
SLIM+SIG1,728315b5-039c-11f0-95c3-089df4bf3532,fertility,7,417,0.5714285373687744,0.06262469291687012,3132.0,0.0,113,1
SLIM+SIG1,728315b5-039c-11f0-95c3-089df4bf3532,fertility,7,418,0.5714285373687744,0.062484025955200195,3389.0,0.0,113,1
SLIM+SIG1,728315b5-039c-11f0-95c3-089df4bf3532,fertility,7,419,0.5714285373687744,0.06721782684326172,3625.0,0.0,113,1
SLIM+SIG1,728315b5-039c-11f0-95c3-089df4bf3532,fertility,7,420,0.5714285373687744,0.06461930274963379,4328.0,0.0,113,1
SLIM+SIG1,728315b5-039c-11f0-95c3-089df4bf3532,fertility,7,421,0.5714285373687744,0.06572937965393066,3735.0,0.0,113,1
SLIM+SIG1,728315b5-039c-11f0-95c3-089df4bf3532,fertility,7,422,0.5714285373687744,0.06389117240905762,2945.0,0.0,113,1
SLIM+SIG1,728315b5-039c-11f0-95c3-089df4bf3532,fertility,7,423,0.5714285373687744,0.06194305419921875,2932.0,0.0,113,1
SLIM+SIG1,728315b5-039c-11f0-95c3-089df4bf3532,fertility,7,424,0.5714285373687744,0.0645589828491211,2901.0,0.0,113,1
SLIM+SIG1,728315b5-039c-11f0-95c3-089df4bf3532,fertility,7,425,0.5714285373687744,0.061995506286621094,3207.0,0.0,113,1
SLIM+SIG1,728315b5-039c-11f0-95c3-089df4bf3532,fertility,7,426,0.5714285373687744,0.06482863426208496,3537.0,0.0,113,1
SLIM+SIG1,728315b5-039c-11f0-95c3-089df4bf3532,fertility,7,427,0.5714285373687744,0.06464171409606934,3754.0,0.0,113,1
SLIM+SIG1,728315b5-039c-11f0-95c3-089df4bf3532,fertility,7,428,0.5714285373687744,0.0671079158782959,4839.0,0.0,113,1
SLIM+SIG1,728315b5-039c-11f0-95c3-089df4bf3532,fertility,7,429,0.5714285373687744,0.06570553779602051,6016.0,0.0,113,1
SLIM+SIG1,728315b5-039c-11f0-95c3-089df4bf3532,fertility,7,430,0.5714285373687744,0.06287026405334473,6724.0,0.0,113,1
SLIM+SIG1,728315b5-039c-11f0-95c3-089df4bf3532,fertility,7,431,0.5714285373687744,0.06328034400939941,7120.0,0.0,113,1
SLIM+SIG1,728315b5-039c-11f0-95c3-089df4bf3532,fertility,7,432,0.5714285373687744,0.06570053100585938,6506.0,0.0,113,1
SLIM+SIG1,728315b5-039c-11f0-95c3-089df4bf3532,fertility,7,433,0.5714285373687744,0.06713414192199707,5622.0,0.0,113,1
SLIM+SIG1,728315b5-039c-11f0-95c3-089df4bf3532,fertility,7,434,0.5714285373687744,0.06098365783691406,5527.0,0.0,113,1
SLIM+SIG1,728315b5-039c-11f0-95c3-089df4bf3532,fertility,7,435,0.5714285373687744,0.06551003456115723,4918.0,0.0,113,1
SLIM+SIG1,728315b5-039c-11f0-95c3-089df4bf3532,fertility,7,436,0.5714285373687744,0.06207847595214844,4744.0,0.0,113,1
SLIM+SIG1,728315b5-039c-11f0-95c3-089df4bf3532,fertility,7,437,0.5714285373687744,0.06581592559814453,4949.0,0.0,113,1
SLIM+SIG1,728315b5-039c-11f0-95c3-089df4bf3532,fertility,7,438,0.5714285373687744,0.06340622901916504,5279.0,0.0,113,1
SLIM+SIG1,728315b5-039c-11f0-95c3-089df4bf3532,fertility,7,439,0.5714285373687744,0.06712698936462402,4364.0,0.0,113,1
SLIM+SIG1,728315b5-039c-11f0-95c3-089df4bf3532,fertility,7,440,0.5714285373687744,0.06171274185180664,3405.0,0.0,113,1
SLIM+SIG1,728315b5-039c-11f0-95c3-089df4bf3532,fertility,7,441,0.5714285373687744,0.06393694877624512,3583.0,0.0,113,1
SLIM+SIG1,728315b5-039c-11f0-95c3-089df4bf3532,fertility,7,442,0.5714285373687744,0.06790351867675781,3372.0,0.0,113,1
SLIM+SIG1,728315b5-039c-11f0-95c3-089df4bf3532,fertility,7,443,0.5714285373687744,0.06962871551513672,3660.0,0.0,113,1
SLIM+SIG1,728315b5-039c-11f0-95c3-089df4bf3532,fertility,7,444,0.5714285373687744,0.07081151008605957,4353.0,0.0,113,1
SLIM+SIG1,728315b5-039c-11f0-95c3-089df4bf3532,fertility,7,445,0.5714285373687744,0.06690454483032227,4001.0,0.0,113,1
SLIM+SIG1,728315b5-039c-11f0-95c3-089df4bf3532,fertility,7,446,0.5714285373687744,0.06426596641540527,3616.0,0.0,113,1
SLIM+SIG1,728315b5-039c-11f0-95c3-089df4bf3532,fertility,7,447,0.5714285373687744,0.06073641777038574,2890.0,0.0,113,1
SLIM+SIG1,728315b5-039c-11f0-95c3-089df4bf3532,fertility,7,448,0.5714285373687744,0.06600522994995117,2419.0,0.0,113,1
SLIM+SIG1,728315b5-039c-11f0-95c3-089df4bf3532,fertility,7,449,0.5714285373687744,0.06540608406066895,2571.0,0.0,113,1
SLIM+SIG1,728315b5-039c-11f0-95c3-089df4bf3532,fertility,7,450,0.5714285373687744,0.06477499008178711,3064.0,0.0,113,1
SLIM+SIG1,728315b5-039c-11f0-95c3-089df4bf3532,fertility,7,451,0.5714285373687744,0.05878949165344238,3253.0,0.0,113,1
SLIM+SIG1,728315b5-039c-11f0-95c3-089df4bf3532,fertility,7,452,0.5714285373687744,0.05931735038757324,3042.0,0.0,113,1
SLIM+SIG1,728315b5-039c-11f0-95c3-089df4bf3532,fertility,7,453,0.5714285373687744,0.06381702423095703,4483.0,0.0,113,1
SLIM+SIG1,728315b5-039c-11f0-95c3-089df4bf3532,fertility,7,454,0.5714285373687744,0.060039520263671875,4914.0,0.0,113,1
SLIM+SIG1,728315b5-039c-11f0-95c3-089df4bf3532,fertility,7,455,0.5714285373687744,0.1450941562652588,5044.0,0.0,113,1
SLIM+SIG1,728315b5-039c-11f0-95c3-089df4bf3532,fertility,7,456,0.5714285373687744,0.06700515747070312,4749.0,0.0,113,1
SLIM+SIG1,728315b5-039c-11f0-95c3-089df4bf3532,fertility,7,457,0.5714285373687744,0.06250762939453125,4351.0,0.0,113,1
SLIM+SIG1,728315b5-039c-11f0-95c3-089df4bf3532,fertility,7,458,0.5714285373687744,0.0659639835357666,4483.0,0.0,113,1
SLIM+SIG1,728315b5-039c-11f0-95c3-089df4bf3532,fertility,7,459,0.5714285373687744,0.06310796737670898,3438.0,0.0,113,1
SLIM+SIG1,728315b5-039c-11f0-95c3-089df4bf3532,fertility,7,460,0.5714285373687744,0.06199336051940918,3134.0,0.0,113,1
SLIM+SIG1,728315b5-039c-11f0-95c3-089df4bf3532,fertility,7,461,0.5714285373687744,0.06461310386657715,2672.0,0.0,113,1
SLIM+SIG1,728315b5-039c-11f0-95c3-089df4bf3532,fertility,7,462,0.5714285373687744,0.062113285064697266,2421.0,0.0,113,1
SLIM+SIG1,728315b5-039c-11f0-95c3-089df4bf3532,fertility,7,463,0.5714285373687744,0.06076645851135254,2525.0,0.0,113,1
SLIM+SIG1,728315b5-039c-11f0-95c3-089df4bf3532,fertility,7,464,0.5714285373687744,0.06145954132080078,3088.0,0.0,113,1
SLIM+SIG1,728315b5-039c-11f0-95c3-089df4bf3532,fertility,7,465,0.5714285373687744,0.059990882873535156,3409.0,0.0,113,1
SLIM+SIG1,728315b5-039c-11f0-95c3-089df4bf3532,fertility,7,466,0.5714285373687744,0.06072258949279785,3633.0,0.0,113,1
SLIM+SIG1,728315b5-039c-11f0-95c3-089df4bf3532,fertility,7,467,0.5714285373687744,0.058960914611816406,3884.0,0.0,113,1
SLIM+SIG1,728315b5-039c-11f0-95c3-089df4bf3532,fertility,7,468,0.5714285373687744,0.05971074104309082,4219.0,0.0,113,1
SLIM+SIG1,728315b5-039c-11f0-95c3-089df4bf3532,fertility,7,469,0.5714285373687744,0.06307244300842285,4188.0,0.0,113,1
SLIM+SIG1,728315b5-039c-11f0-95c3-089df4bf3532,fertility,7,470,0.5714285373687744,0.05733776092529297,3376.0,0.0,113,1
SLIM+SIG1,728315b5-039c-11f0-95c3-089df4bf3532,fertility,7,471,0.5714285373687744,0.058681488037109375,2868.0,0.0,113,1
SLIM+SIG1,728315b5-039c-11f0-95c3-089df4bf3532,fertility,7,472,0.5714285373687744,0.06200385093688965,3110.0,0.0,113,1
SLIM+SIG1,728315b5-039c-11f0-95c3-089df4bf3532,fertility,7,473,0.5714285373687744,0.06276726722717285,2824.0,0.0,113,1
SLIM+SIG1,728315b5-039c-11f0-95c3-089df4bf3532,fertility,7,474,0.5714285373687744,0.06018662452697754,3361.0,0.0,113,1
SLIM+SIG1,728315b5-039c-11f0-95c3-089df4bf3532,fertility,7,475,0.5714285373687744,0.06137895584106445,3988.0,0.0,113,1
SLIM+SIG1,728315b5-039c-11f0-95c3-089df4bf3532,fertility,7,476,0.5714285373687744,0.07016491889953613,4659.0,0.0,113,1
SLIM+SIG1,728315b5-039c-11f0-95c3-089df4bf3532,fertility,7,477,0.5714285373687744,0.060741424560546875,4835.0,0.0,113,1
SLIM+SIG1,728315b5-039c-11f0-95c3-089df4bf3532,fertility,7,478,0.5714285373687744,0.06224417686462402,4285.0,0.0,113,1
SLIM+SIG1,728315b5-039c-11f0-95c3-089df4bf3532,fertility,7,479,0.5714285373687744,0.06072592735290527,4166.0,0.0,113,1
SLIM+SIG1,728315b5-039c-11f0-95c3-089df4bf3532,fertility,7,480,0.5714285373687744,0.06061100959777832,4100.0,0.0,113,1
SLIM+SIG1,728315b5-039c-11f0-95c3-089df4bf3532,fertility,7,481,0.5714285373687744,0.061231374740600586,3277.0,0.0,113,1
SLIM+SIG1,728315b5-039c-11f0-95c3-089df4bf3532,fertility,7,482,0.5714285373687744,0.05862092971801758,3031.0,0.0,113,1
SLIM+SIG1,728315b5-039c-11f0-95c3-089df4bf3532,fertility,7,483,0.5714285373687744,0.06519961357116699,3790.0,0.0,113,1
SLIM+SIG1,728315b5-039c-11f0-95c3-089df4bf3532,fertility,7,484,0.5714285373687744,0.0621943473815918,3570.0,0.0,113,1
SLIM+SIG1,728315b5-039c-11f0-95c3-089df4bf3532,fertility,7,485,0.5714285373687744,0.06178784370422363,3603.0,0.0,113,1
SLIM+SIG1,728315b5-039c-11f0-95c3-089df4bf3532,fertility,7,486,0.5714285373687744,0.061391353607177734,4241.0,0.0,113,1
SLIM+SIG1,728315b5-039c-11f0-95c3-089df4bf3532,fertility,7,487,0.5714285373687744,0.0616297721862793,4714.0,0.0,113,1
SLIM+SIG1,728315b5-039c-11f0-95c3-089df4bf3532,fertility,7,488,0.5714285373687744,0.0617218017578125,5704.0,0.0,113,1
SLIM+SIG1,728315b5-039c-11f0-95c3-089df4bf3532,fertility,7,489,0.5714285373687744,0.06165361404418945,6707.0,0.0,113,1
SLIM+SIG1,728315b5-039c-11f0-95c3-089df4bf3532,fertility,7,490,0.5714285373687744,0.061177730560302734,6683.0,0.0,113,1
SLIM+SIG1,728315b5-039c-11f0-95c3-089df4bf3532,fertility,7,491,0.5714285373687744,0.05989432334899902,6709.0,0.0,113,1
SLIM+SIG1,728315b5-039c-11f0-95c3-089df4bf3532,fertility,7,492,0.5714285373687744,0.06382274627685547,6311.0,0.0,113,1
SLIM+SIG1,728315b5-039c-11f0-95c3-089df4bf3532,fertility,7,493,0.5714285373687744,0.06479811668395996,5743.0,0.0,113,1
SLIM+SIG1,728315b5-039c-11f0-95c3-089df4bf3532,fertility,7,494,0.5714285373687744,0.06415224075317383,4881.0,0.0,113,1
SLIM+SIG1,728315b5-039c-11f0-95c3-089df4bf3532,fertility,7,495,0.5714285373687744,0.06394076347351074,4615.0,0.0,113,1
SLIM+SIG1,728315b5-039c-11f0-95c3-089df4bf3532,fertility,7,496,0.5714285373687744,0.06284427642822266,4318.0,0.0,113,1
SLIM+SIG1,728315b5-039c-11f0-95c3-089df4bf3532,fertility,7,497,0.5714285373687744,0.05916190147399902,4681.0,0.0,113,1
SLIM+SIG1,728315b5-039c-11f0-95c3-089df4bf3532,fertility,7,498,0.5714285373687744,0.060718536376953125,4879.0,0.0,113,1
SLIM+SIG1,728315b5-039c-11f0-95c3-089df4bf3532,fertility,7,499,0.5714285373687744,0.06222128868103027,4780.0,0.0,113,1
SLIM+SIG1,728315b5-039c-11f0-95c3-089df4bf3532,fertility,7,500,0.5714285373687744,0.06124234199523926,4461.0,0.0,113,1
SLIM+SIG1,728315b5-039c-11f0-95c3-089df4bf3532,fertility,8,0,0.3030303120613098,0.10301637649536133,2684.0,0.2857142984867096,3,1
SLIM+SIG1,728315b5-039c-11f0-95c3-089df4bf3532,fertility,8,1,0.38461539149284363,0.09166097640991211,5070.0,0.3333333432674408,14,1
SLIM+SIG1,728315b5-039c-11f0-95c3-089df4bf3532,fertility,8,2,0.38461539149284363,0.0956258773803711,7457.0,0.3333333432674408,14,1
SLIM+SIG1,728315b5-039c-11f0-95c3-089df4bf3532,fertility,8,3,0.38461539149284363,0.09101319313049316,9234.0,0.3333333432674408,14,1
SLIM+SIG1,728315b5-039c-11f0-95c3-089df4bf3532,fertility,8,4,0.38461539149284363,0.09281730651855469,11319.0,0.3333333432674408,14,1
SLIM+SIG1,728315b5-039c-11f0-95c3-089df4bf3532,fertility,8,5,0.38461539149284363,0.10084676742553711,13540.0,0.3333333432674408,14,1
SLIM+SIG1,728315b5-039c-11f0-95c3-089df4bf3532,fertility,8,6,0.38461539149284363,0.0990896224975586,15430.0,0.3333333432674408,14,1
SLIM+SIG1,728315b5-039c-11f0-95c3-089df4bf3532,fertility,8,7,0.38461539149284363,0.09131073951721191,16671.0,0.3333333432674408,14,1
SLIM+SIG1,728315b5-039c-11f0-95c3-089df4bf3532,fertility,8,8,0.4166666567325592,0.0914449691772461,18943.0,0.3636363744735718,58,1
SLIM+SIG1,728315b5-039c-11f0-95c3-089df4bf3532,fertility,8,9,0.4166666567325592,0.0926513671875,20878.0,0.3636363744735718,58,1
SLIM+SIG1,728315b5-039c-11f0-95c3-089df4bf3532,fertility,8,10,0.4166666567325592,0.08772659301757812,21715.0,0.3636363744735718,58,1
SLIM+SIG1,728315b5-039c-11f0-95c3-089df4bf3532,fertility,8,11,0.4166666567325592,0.07275032997131348,22661.0,0.3636363744735718,58,1
SLIM+SIG1,728315b5-039c-11f0-95c3-089df4bf3532,fertility,8,12,0.4166666567325592,0.07252001762390137,23716.0,0.3636363744735718,58,1
SLIM+SIG1,728315b5-039c-11f0-95c3-089df4bf3532,fertility,8,13,0.4285714626312256,0.0736091136932373,25605.0,0.3333333432674408,113,1
SLIM+SIG1,728315b5-039c-11f0-95c3-089df4bf3532,fertility,8,14,0.4285714626312256,0.06354999542236328,25960.0,0.3333333432674408,113,1
SLIM+SIG1,728315b5-039c-11f0-95c3-089df4bf3532,fertility,8,15,0.4285714626312256,0.05989646911621094,27016.0,0.3333333432674408,113,1
SLIM+SIG1,728315b5-039c-11f0-95c3-089df4bf3532,fertility,8,16,0.4285714626312256,0.05482769012451172,27002.0,0.3333333432674408,113,1
SLIM+SIG1,728315b5-039c-11f0-95c3-089df4bf3532,fertility,8,17,0.4285714626312256,0.059005022048950195,24931.0,0.3333333432674408,113,1
SLIM+SIG1,728315b5-039c-11f0-95c3-089df4bf3532,fertility,8,18,0.4800000488758087,0.05672645568847656,23370.0,0.3076923191547394,102,1
SLIM+SIG1,728315b5-039c-11f0-95c3-089df4bf3532,fertility,8,19,0.4800000488758087,0.05484199523925781,22659.0,0.3076923191547394,102,1
SLIM+SIG1,728315b5-039c-11f0-95c3-089df4bf3532,fertility,8,20,0.4800000488758087,0.05746030807495117,22490.0,0.3076923191547394,102,1
SLIM+SIG1,728315b5-039c-11f0-95c3-089df4bf3532,fertility,8,21,0.4800000488758087,0.055613040924072266,22514.0,0.3076923191547394,102,1
SLIM+SIG1,728315b5-039c-11f0-95c3-089df4bf3532,fertility,8,22,0.4800000488758087,0.059008121490478516,22437.0,0.3076923191547394,102,1
SLIM+SIG1,728315b5-039c-11f0-95c3-089df4bf3532,fertility,8,23,0.4800000488758087,0.057253122329711914,22479.0,0.3076923191547394,102,1
SLIM+SIG1,728315b5-039c-11f0-95c3-089df4bf3532,fertility,8,24,0.4800000488758087,0.06159377098083496,22435.0,0.3076923191547394,102,1
SLIM+SIG1,728315b5-039c-11f0-95c3-089df4bf3532,fertility,8,25,0.4800000488758087,0.061981916427612305,22424.0,0.3076923191547394,102,1
SLIM+SIG1,728315b5-039c-11f0-95c3-089df4bf3532,fertility,8,26,0.4800000488758087,0.0596156120300293,22415.0,0.3076923191547394,102,1
SLIM+SIG1,728315b5-039c-11f0-95c3-089df4bf3532,fertility,8,27,0.4800000488758087,0.0592195987701416,22490.0,0.3076923191547394,102,1
SLIM+SIG1,728315b5-039c-11f0-95c3-089df4bf3532,fertility,8,28,0.4800000488758087,0.05861616134643555,22426.0,0.3076923191547394,102,1
SLIM+SIG1,728315b5-039c-11f0-95c3-089df4bf3532,fertility,8,29,0.4800000488758087,0.059937477111816406,22494.0,0.3076923191547394,102,1
SLIM+SIG1,728315b5-039c-11f0-95c3-089df4bf3532,fertility,8,30,0.4800000488758087,0.05789756774902344,22514.0,0.3076923191547394,102,1
SLIM+SIG1,728315b5-039c-11f0-95c3-089df4bf3532,fertility,8,31,0.4800000488758087,0.05753278732299805,22534.0,0.3076923191547394,102,1
SLIM+SIG1,728315b5-039c-11f0-95c3-089df4bf3532,fertility,8,32,0.4800000488758087,0.058101654052734375,22446.0,0.3076923191547394,102,1
SLIM+SIG1,728315b5-039c-11f0-95c3-089df4bf3532,fertility,8,33,0.4800000488758087,0.057762861251831055,22402.0,0.3076923191547394,102,1
SLIM+SIG1,728315b5-039c-11f0-95c3-089df4bf3532,fertility,8,34,0.4800000488758087,0.05872344970703125,22435.0,0.3076923191547394,102,1
SLIM+SIG1,728315b5-039c-11f0-95c3-089df4bf3532,fertility,8,35,0.4800000488758087,0.055994510650634766,22457.0,0.3076923191547394,102,1
SLIM+SIG1,728315b5-039c-11f0-95c3-089df4bf3532,fertility,8,36,0.5,0.06239795684814453,22424.0,0.3076923191547394,113,1
SLIM+SIG1,728315b5-039c-11f0-95c3-089df4bf3532,fertility,8,37,0.5,0.06323647499084473,22426.0,0.3076923191547394,113,1
SLIM+SIG1,728315b5-039c-11f0-95c3-089df4bf3532,fertility,8,38,0.5,0.06572127342224121,22391.0,0.3076923191547394,113,1
SLIM+SIG1,728315b5-039c-11f0-95c3-089df4bf3532,fertility,8,39,0.5,0.05952811241149902,22237.0,0.3076923191547394,113,1
SLIM+SIG1,728315b5-039c-11f0-95c3-089df4bf3532,fertility,8,40,0.5,0.059995174407958984,22292.0,0.3076923191547394,113,1
SLIM+SIG1,728315b5-039c-11f0-95c3-089df4bf3532,fertility,8,41,0.5,0.058493614196777344,22457.0,0.3076923191547394,113,1
SLIM+SIG1,728315b5-039c-11f0-95c3-089df4bf3532,fertility,8,42,0.5,0.058081626892089844,22413.0,0.3076923191547394,113,1
SLIM+SIG1,728315b5-039c-11f0-95c3-089df4bf3532,fertility,8,43,0.5,0.05651354789733887,22424.0,0.3076923191547394,113,1
SLIM+SIG1,728315b5-039c-11f0-95c3-089df4bf3532,fertility,8,44,0.5,0.057401180267333984,22424.0,0.3076923191547394,113,1
SLIM+SIG1,728315b5-039c-11f0-95c3-089df4bf3532,fertility,8,45,0.5,0.06010150909423828,22468.0,0.3076923191547394,113,1
SLIM+SIG1,728315b5-039c-11f0-95c3-089df4bf3532,fertility,8,46,0.5,0.06061863899230957,22393.0,0.3076923191547394,113,1
SLIM+SIG1,728315b5-039c-11f0-95c3-089df4bf3532,fertility,8,47,0.5,0.057233572006225586,22358.0,0.3076923191547394,113,1
SLIM+SIG1,728315b5-039c-11f0-95c3-089df4bf3532,fertility,8,48,0.5,0.05769491195678711,22369.0,0.3076923191547394,113,1
SLIM+SIG1,728315b5-039c-11f0-95c3-089df4bf3532,fertility,8,49,0.5,0.0583500862121582,22314.0,0.3076923191547394,113,1
SLIM+SIG1,728315b5-039c-11f0-95c3-089df4bf3532,fertility,8,50,0.5,0.06010174751281738,22292.0,0.3076923191547394,113,1
SLIM+SIG1,728315b5-039c-11f0-95c3-089df4bf3532,fertility,8,51,0.5,0.059865713119506836,22360.0,0.3076923191547394,113,1
SLIM+SIG1,728315b5-039c-11f0-95c3-089df4bf3532,fertility,8,52,0.5,0.06020832061767578,22336.0,0.3076923191547394,113,1
SLIM+SIG1,728315b5-039c-11f0-95c3-089df4bf3532,fertility,8,53,0.5,0.05881786346435547,22391.0,0.3076923191547394,113,1
SLIM+SIG1,728315b5-039c-11f0-95c3-089df4bf3532,fertility,8,54,0.5,0.058615922927856445,22303.0,0.3076923191547394,113,1
SLIM+SIG1,728315b5-039c-11f0-95c3-089df4bf3532,fertility,8,55,0.5,0.06111407279968262,22325.0,0.3076923191547394,113,1
SLIM+SIG1,728315b5-039c-11f0-95c3-089df4bf3532,fertility,8,56,0.5,0.057833194732666016,22369.0,0.3076923191547394,113,1
SLIM+SIG1,728315b5-039c-11f0-95c3-089df4bf3532,fertility,8,57,0.5,0.0592188835144043,22371.0,0.3076923191547394,113,1
SLIM+SIG1,728315b5-039c-11f0-95c3-089df4bf3532,fertility,8,58,0.5,0.05816650390625,22342.0,0.3076923191547394,113,1
SLIM+SIG1,728315b5-039c-11f0-95c3-089df4bf3532,fertility,8,59,0.5,0.05773520469665527,22333.0,0.3076923191547394,113,1
SLIM+SIG1,728315b5-039c-11f0-95c3-089df4bf3532,fertility,8,60,0.5,0.057515621185302734,22296.0,0.3076923191547394,113,1
SLIM+SIG1,728315b5-039c-11f0-95c3-089df4bf3532,fertility,8,61,0.5,0.05799221992492676,22340.0,0.3076923191547394,113,1
SLIM+SIG1,728315b5-039c-11f0-95c3-089df4bf3532,fertility,8,62,0.5,0.06100797653198242,22261.0,0.3076923191547394,113,1
SLIM+SIG1,728315b5-039c-11f0-95c3-089df4bf3532,fertility,8,63,0.5,0.06176590919494629,22349.0,0.3076923191547394,113,1
SLIM+SIG1,728315b5-039c-11f0-95c3-089df4bf3532,fertility,8,64,0.5,0.058005571365356445,22292.0,0.3076923191547394,113,1
SLIM+SIG1,728315b5-039c-11f0-95c3-089df4bf3532,fertility,8,65,0.5,0.05489706993103027,22270.0,0.3076923191547394,113,1
SLIM+SIG1,728315b5-039c-11f0-95c3-089df4bf3532,fertility,8,66,0.5,0.058948516845703125,22195.0,0.3076923191547394,113,1
SLIM+SIG1,728315b5-039c-11f0-95c3-089df4bf3532,fertility,8,67,0.5,0.059587717056274414,22263.0,0.3076923191547394,113,1
SLIM+SIG1,728315b5-039c-11f0-95c3-089df4bf3532,fertility,8,68,0.5,0.060619354248046875,22228.0,0.3076923191547394,113,1
SLIM+SIG1,728315b5-039c-11f0-95c3-089df4bf3532,fertility,8,69,0.5,0.05806326866149902,22206.0,0.3076923191547394,113,1
SLIM+SIG1,728315b5-039c-11f0-95c3-089df4bf3532,fertility,8,70,0.5,0.05799722671508789,22314.0,0.3076923191547394,113,1
SLIM+SIG1,728315b5-039c-11f0-95c3-089df4bf3532,fertility,8,71,0.5,0.05887484550476074,22314.0,0.3076923191547394,113,1
SLIM+SIG1,728315b5-039c-11f0-95c3-089df4bf3532,fertility,8,72,0.5,0.06016397476196289,22193.0,0.3076923191547394,113,1
SLIM+SIG1,728315b5-039c-11f0-95c3-089df4bf3532,fertility,8,73,0.5,0.06382608413696289,22316.0,0.3076923191547394,113,1
SLIM+SIG1,728315b5-039c-11f0-95c3-089df4bf3532,fertility,8,74,0.5,0.0624392032623291,22325.0,0.3076923191547394,113,1
SLIM+SIG1,728315b5-039c-11f0-95c3-089df4bf3532,fertility,8,75,0.5,0.059064626693725586,22259.0,0.3076923191547394,113,1
SLIM+SIG1,728315b5-039c-11f0-95c3-089df4bf3532,fertility,8,76,0.5,0.0628671646118164,22283.0,0.3076923191547394,113,1
SLIM+SIG1,728315b5-039c-11f0-95c3-089df4bf3532,fertility,8,77,0.5,0.061814069747924805,22281.0,0.3076923191547394,113,1
SLIM+SIG1,728315b5-039c-11f0-95c3-089df4bf3532,fertility,8,78,0.5,0.05999898910522461,22195.0,0.3076923191547394,113,1
SLIM+SIG1,728315b5-039c-11f0-95c3-089df4bf3532,fertility,8,79,0.5,0.059766292572021484,22171.0,0.3076923191547394,113,1
SLIM+SIG1,728315b5-039c-11f0-95c3-089df4bf3532,fertility,8,80,0.5,0.06400370597839355,22160.0,0.3076923191547394,113,1
SLIM+SIG1,728315b5-039c-11f0-95c3-089df4bf3532,fertility,8,81,0.5,0.06189608573913574,22098.0,0.3076923191547394,113,1
SLIM+SIG1,728315b5-039c-11f0-95c3-089df4bf3532,fertility,8,82,0.5,0.06283903121948242,22083.0,0.3076923191547394,113,1
SLIM+SIG1,728315b5-039c-11f0-95c3-089df4bf3532,fertility,8,83,0.5,0.06088590621948242,22215.0,0.3076923191547394,113,1
SLIM+SIG1,728315b5-039c-11f0-95c3-089df4bf3532,fertility,8,84,0.5,0.05961298942565918,22204.0,0.3076923191547394,113,1
SLIM+SIG1,728315b5-039c-11f0-95c3-089df4bf3532,fertility,8,85,0.5,0.05750584602355957,22274.0,0.3076923191547394,113,1
SLIM+SIG1,728315b5-039c-11f0-95c3-089df4bf3532,fertility,8,86,0.5,0.05630683898925781,22226.0,0.3076923191547394,113,1
SLIM+SIG1,728315b5-039c-11f0-95c3-089df4bf3532,fertility,8,87,0.5,0.05784940719604492,22171.0,0.3076923191547394,113,1
SLIM+SIG1,728315b5-039c-11f0-95c3-089df4bf3532,fertility,8,88,0.5,0.06690359115600586,22160.0,0.3076923191547394,113,1
SLIM+SIG1,728315b5-039c-11f0-95c3-089df4bf3532,fertility,8,89,0.5,0.06050705909729004,22160.0,0.3076923191547394,113,1
SLIM+SIG1,728315b5-039c-11f0-95c3-089df4bf3532,fertility,8,90,0.5,0.06080293655395508,22116.0,0.3076923191547394,113,1
SLIM+SIG1,728315b5-039c-11f0-95c3-089df4bf3532,fertility,8,91,0.5,0.058995723724365234,22160.0,0.3076923191547394,113,1
SLIM+SIG1,728315b5-039c-11f0-95c3-089df4bf3532,fertility,8,92,0.5,0.058853864669799805,22149.0,0.3076923191547394,113,1
SLIM+SIG1,728315b5-039c-11f0-95c3-089df4bf3532,fertility,8,93,0.5,0.06217312812805176,22116.0,0.3076923191547394,113,1
SLIM+SIG1,728315b5-039c-11f0-95c3-089df4bf3532,fertility,8,94,0.5,0.059697866439819336,22241.0,0.3076923191547394,113,1
SLIM+SIG1,728315b5-039c-11f0-95c3-089df4bf3532,fertility,8,95,0.5,0.059618234634399414,22129.0,0.3076923191547394,113,1
SLIM+SIG1,728315b5-039c-11f0-95c3-089df4bf3532,fertility,8,96,0.5,0.061899423599243164,21940.0,0.3076923191547394,113,1
SLIM+SIG1,728315b5-039c-11f0-95c3-089df4bf3532,fertility,8,97,0.5,0.06153082847595215,22050.0,0.3076923191547394,113,1
SLIM+SIG1,728315b5-039c-11f0-95c3-089df4bf3532,fertility,8,98,0.5,0.06354999542236328,22138.0,0.3076923191547394,113,1
SLIM+SIG1,728315b5-039c-11f0-95c3-089df4bf3532,fertility,8,99,0.5,0.05968070030212402,22094.0,0.3076923191547394,113,1
SLIM+SIG1,728315b5-039c-11f0-95c3-089df4bf3532,fertility,8,100,0.5,0.06172895431518555,22030.0,0.3076923191547394,113,1
SLIM+SIG1,728315b5-039c-11f0-95c3-089df4bf3532,fertility,8,101,0.5,0.06411910057067871,22149.0,0.3076923191547394,113,1
SLIM+SIG1,728315b5-039c-11f0-95c3-089df4bf3532,fertility,8,102,0.5,0.1355133056640625,22127.0,0.3076923191547394,113,1
SLIM+SIG1,728315b5-039c-11f0-95c3-089df4bf3532,fertility,8,103,0.5,0.0622105598449707,22008.0,0.3076923191547394,113,1
SLIM+SIG1,728315b5-039c-11f0-95c3-089df4bf3532,fertility,8,104,0.5,0.06566882133483887,21946.0,0.3076923191547394,113,1
SLIM+SIG1,728315b5-039c-11f0-95c3-089df4bf3532,fertility,8,105,0.5,0.06421041488647461,22060.0,0.3076923191547394,113,1
SLIM+SIG1,728315b5-039c-11f0-95c3-089df4bf3532,fertility,8,106,0.5,0.06792521476745605,22149.0,0.3076923191547394,113,1
SLIM+SIG1,728315b5-039c-11f0-95c3-089df4bf3532,fertility,8,107,0.5,0.06703829765319824,22151.0,0.3076923191547394,113,1
SLIM+SIG1,728315b5-039c-11f0-95c3-089df4bf3532,fertility,8,108,0.5,0.0639495849609375,22061.0,0.3076923191547394,113,1
SLIM+SIG1,728315b5-039c-11f0-95c3-089df4bf3532,fertility,8,109,0.5,0.06290149688720703,22133.0,0.3076923191547394,113,1
SLIM+SIG1,728315b5-039c-11f0-95c3-089df4bf3532,fertility,8,110,0.5,0.06375432014465332,22254.0,0.3076923191547394,113,1
SLIM+SIG1,728315b5-039c-11f0-95c3-089df4bf3532,fertility,8,111,0.5,0.06092023849487305,22021.0,0.3076923191547394,113,1
SLIM+SIG1,728315b5-039c-11f0-95c3-089df4bf3532,fertility,8,112,0.5,0.06286954879760742,22153.0,0.3076923191547394,113,1
SLIM+SIG1,728315b5-039c-11f0-95c3-089df4bf3532,fertility,8,113,0.5,0.06282186508178711,22050.0,0.3076923191547394,113,1
SLIM+SIG1,728315b5-039c-11f0-95c3-089df4bf3532,fertility,8,114,0.5,0.05853414535522461,22050.0,0.3076923191547394,113,1
SLIM+SIG1,728315b5-039c-11f0-95c3-089df4bf3532,fertility,8,115,0.5,0.06800222396850586,22085.0,0.3076923191547394,113,1
SLIM+SIG1,728315b5-039c-11f0-95c3-089df4bf3532,fertility,8,116,0.5,0.06610369682312012,22153.0,0.3076923191547394,113,1
SLIM+SIG1,728315b5-039c-11f0-95c3-089df4bf3532,fertility,8,117,0.5,0.06004023551940918,21918.0,0.3076923191547394,113,1
SLIM+SIG1,728315b5-039c-11f0-95c3-089df4bf3532,fertility,8,118,0.5,0.0630033016204834,21995.0,0.3076923191547394,113,1
SLIM+SIG1,728315b5-039c-11f0-95c3-089df4bf3532,fertility,8,119,0.5,0.0624239444732666,22039.0,0.3076923191547394,113,1
SLIM+SIG1,728315b5-039c-11f0-95c3-089df4bf3532,fertility,8,120,0.5,0.06710958480834961,21997.0,0.3076923191547394,113,1
SLIM+SIG1,728315b5-039c-11f0-95c3-089df4bf3532,fertility,8,121,0.5,0.06310319900512695,21953.0,0.3076923191547394,113,1
SLIM+SIG1,728315b5-039c-11f0-95c3-089df4bf3532,fertility,8,122,0.5,0.05883216857910156,22039.0,0.3076923191547394,113,1
SLIM+SIG1,728315b5-039c-11f0-95c3-089df4bf3532,fertility,8,123,0.5,0.0640096664428711,22008.0,0.3076923191547394,113,1
SLIM+SIG1,728315b5-039c-11f0-95c3-089df4bf3532,fertility,8,124,0.5,0.05960679054260254,22094.0,0.3076923191547394,113,1
SLIM+SIG1,728315b5-039c-11f0-95c3-089df4bf3532,fertility,8,125,0.5,0.06284141540527344,22094.0,0.3076923191547394,113,1
SLIM+SIG1,728315b5-039c-11f0-95c3-089df4bf3532,fertility,8,126,0.5,0.0631101131439209,21940.0,0.3076923191547394,113,1
SLIM+SIG1,728315b5-039c-11f0-95c3-089df4bf3532,fertility,8,127,0.5,0.061933040618896484,22019.0,0.3076923191547394,113,1
SLIM+SIG1,728315b5-039c-11f0-95c3-089df4bf3532,fertility,8,128,0.5,0.06061720848083496,21995.0,0.3076923191547394,113,1
SLIM+SIG1,728315b5-039c-11f0-95c3-089df4bf3532,fertility,8,129,0.5,0.0650472640991211,21799.0,0.3076923191547394,113,1
SLIM+SIG1,728315b5-039c-11f0-95c3-089df4bf3532,fertility,8,130,0.5,0.06464529037475586,21759.0,0.3076923191547394,113,1
SLIM+SIG1,728315b5-039c-11f0-95c3-089df4bf3532,fertility,8,131,0.5,0.06374692916870117,21884.0,0.3076923191547394,113,1
SLIM+SIG1,728315b5-039c-11f0-95c3-089df4bf3532,fertility,8,132,0.5,0.06313657760620117,22002.0,0.3076923191547394,113,1
SLIM+SIG1,728315b5-039c-11f0-95c3-089df4bf3532,fertility,8,133,0.5,0.06483936309814453,22057.0,0.3076923191547394,113,1
SLIM+SIG1,728315b5-039c-11f0-95c3-089df4bf3532,fertility,8,134,0.5,0.06277275085449219,22024.0,0.3076923191547394,113,1
SLIM+SIG1,728315b5-039c-11f0-95c3-089df4bf3532,fertility,8,135,0.5,0.06500506401062012,21866.0,0.3076923191547394,113,1
SLIM+SIG1,728315b5-039c-11f0-95c3-089df4bf3532,fertility,8,136,0.5,0.06107068061828613,22011.0,0.3076923191547394,113,1
SLIM+SIG1,728315b5-039c-11f0-95c3-089df4bf3532,fertility,8,137,0.5,0.06461763381958008,21936.0,0.3076923191547394,113,1
SLIM+SIG1,728315b5-039c-11f0-95c3-089df4bf3532,fertility,8,138,0.5,0.061617374420166016,21903.0,0.3076923191547394,113,1
SLIM+SIG1,728315b5-039c-11f0-95c3-089df4bf3532,fertility,8,139,0.5,0.06988000869750977,21813.0,0.3076923191547394,113,1
SLIM+SIG1,728315b5-039c-11f0-95c3-089df4bf3532,fertility,8,140,0.5,0.07239580154418945,21723.0,0.3076923191547394,113,1
SLIM+SIG1,728315b5-039c-11f0-95c3-089df4bf3532,fertility,8,141,0.5,0.06754708290100098,21735.0,0.3076923191547394,113,1
SLIM+SIG1,728315b5-039c-11f0-95c3-089df4bf3532,fertility,8,142,0.5,0.06903219223022461,21873.0,0.3076923191547394,113,1
SLIM+SIG1,728315b5-039c-11f0-95c3-089df4bf3532,fertility,8,143,0.5,0.06462430953979492,21719.0,0.3076923191547394,113,1
SLIM+SIG1,728315b5-039c-11f0-95c3-089df4bf3532,fertility,8,144,0.5,0.06611323356628418,21805.0,0.3076923191547394,113,1
SLIM+SIG1,728315b5-039c-11f0-95c3-089df4bf3532,fertility,8,145,0.5,0.06782722473144531,21850.0,0.3076923191547394,113,1
SLIM+SIG1,728315b5-039c-11f0-95c3-089df4bf3532,fertility,8,146,0.5,0.063720703125,21849.0,0.3076923191547394,113,1
SLIM+SIG1,728315b5-039c-11f0-95c3-089df4bf3532,fertility,8,147,0.5,0.0644831657409668,21787.0,0.3076923191547394,113,1
SLIM+SIG1,728315b5-039c-11f0-95c3-089df4bf3532,fertility,8,148,0.5,0.06296801567077637,21915.0,0.3076923191547394,113,1
SLIM+SIG1,728315b5-039c-11f0-95c3-089df4bf3532,fertility,8,149,0.5,0.06509947776794434,21853.0,0.3076923191547394,113,1
SLIM+SIG1,728315b5-039c-11f0-95c3-089df4bf3532,fertility,8,150,0.5,0.06774163246154785,21964.0,0.3076923191547394,113,1
SLIM+SIG1,728315b5-039c-11f0-95c3-089df4bf3532,fertility,8,151,0.5,0.0628969669342041,21988.0,0.3076923191547394,113,1
SLIM+SIG1,728315b5-039c-11f0-95c3-089df4bf3532,fertility,8,152,0.5,0.0631105899810791,21911.0,0.3076923191547394,113,1
SLIM+SIG1,728315b5-039c-11f0-95c3-089df4bf3532,fertility,8,153,0.5,0.06371808052062988,21861.0,0.3076923191547394,113,1
SLIM+SIG1,728315b5-039c-11f0-95c3-089df4bf3532,fertility,8,154,0.5,0.06339812278747559,21802.0,0.3076923191547394,113,1
SLIM+SIG1,728315b5-039c-11f0-95c3-089df4bf3532,fertility,8,155,0.5,0.06313514709472656,21713.0,0.3076923191547394,113,1
SLIM+SIG1,728315b5-039c-11f0-95c3-089df4bf3532,fertility,8,156,0.5,0.06825542449951172,21757.0,0.3076923191547394,113,1
SLIM+SIG1,728315b5-039c-11f0-95c3-089df4bf3532,fertility,8,157,0.5,0.06754827499389648,21767.0,0.3076923191547394,113,1
SLIM+SIG1,728315b5-039c-11f0-95c3-089df4bf3532,fertility,8,158,0.5,0.06321334838867188,21710.0,0.3076923191547394,113,1
SLIM+SIG1,728315b5-039c-11f0-95c3-089df4bf3532,fertility,8,159,0.5,0.06175732612609863,21760.0,0.3076923191547394,113,1
SLIM+SIG1,728315b5-039c-11f0-95c3-089df4bf3532,fertility,8,160,0.5,0.06577944755554199,21752.0,0.3076923191547394,113,1
SLIM+SIG1,728315b5-039c-11f0-95c3-089df4bf3532,fertility,8,161,0.5,0.06599974632263184,21707.0,0.3076923191547394,113,1
SLIM+SIG1,728315b5-039c-11f0-95c3-089df4bf3532,fertility,8,162,0.5,0.0688934326171875,21689.0,0.3076923191547394,113,1
SLIM+SIG1,728315b5-039c-11f0-95c3-089df4bf3532,fertility,8,163,0.5,0.06483149528503418,21709.0,0.3076923191547394,113,1
SLIM+SIG1,728315b5-039c-11f0-95c3-089df4bf3532,fertility,8,164,0.5,0.062209367752075195,21679.0,0.3076923191547394,113,1
SLIM+SIG1,728315b5-039c-11f0-95c3-089df4bf3532,fertility,8,165,0.5,0.0667264461517334,21623.0,0.3076923191547394,113,1
SLIM+SIG1,728315b5-039c-11f0-95c3-089df4bf3532,fertility,8,166,0.5,0.07083368301391602,21595.0,0.3076923191547394,113,1
SLIM+SIG1,728315b5-039c-11f0-95c3-089df4bf3532,fertility,8,167,0.5,0.06810688972473145,21601.0,0.3076923191547394,113,1
SLIM+SIG1,728315b5-039c-11f0-95c3-089df4bf3532,fertility,8,168,0.5,0.0652008056640625,21867.0,0.3076923191547394,113,1
SLIM+SIG1,728315b5-039c-11f0-95c3-089df4bf3532,fertility,8,169,0.5,0.06390857696533203,21727.0,0.3076923191547394,113,1
SLIM+SIG1,728315b5-039c-11f0-95c3-089df4bf3532,fertility,8,170,0.5,0.06316471099853516,21818.0,0.3076923191547394,113,1
SLIM+SIG1,728315b5-039c-11f0-95c3-089df4bf3532,fertility,8,171,0.5,0.06773829460144043,21656.0,0.3076923191547394,113,1
SLIM+SIG1,728315b5-039c-11f0-95c3-089df4bf3532,fertility,8,172,0.5,0.06994843482971191,21672.0,0.3076923191547394,113,1
SLIM+SIG1,728315b5-039c-11f0-95c3-089df4bf3532,fertility,8,173,0.5,0.06693577766418457,21464.0,0.3076923191547394,113,1
SLIM+SIG1,728315b5-039c-11f0-95c3-089df4bf3532,fertility,8,174,0.5,0.06762146949768066,21316.0,0.3076923191547394,113,1
SLIM+SIG1,728315b5-039c-11f0-95c3-089df4bf3532,fertility,8,175,0.5,0.0694427490234375,21495.0,0.3076923191547394,113,1
SLIM+SIG1,728315b5-039c-11f0-95c3-089df4bf3532,fertility,8,176,0.5,0.05899810791015625,21508.0,0.3076923191547394,113,1
SLIM+SIG1,728315b5-039c-11f0-95c3-089df4bf3532,fertility,8,177,0.5,0.06538677215576172,21679.0,0.3076923191547394,113,1
SLIM+SIG1,728315b5-039c-11f0-95c3-089df4bf3532,fertility,8,178,0.5,0.06360554695129395,21736.0,0.3076923191547394,113,1
SLIM+SIG1,728315b5-039c-11f0-95c3-089df4bf3532,fertility,8,179,0.5,0.06792831420898438,21483.0,0.3076923191547394,113,1
SLIM+SIG1,728315b5-039c-11f0-95c3-089df4bf3532,fertility,8,180,0.5,0.06350851058959961,21484.0,0.3076923191547394,113,1
SLIM+SIG1,728315b5-039c-11f0-95c3-089df4bf3532,fertility,8,181,0.5,0.06772136688232422,21623.0,0.3076923191547394,113,1
SLIM+SIG1,728315b5-039c-11f0-95c3-089df4bf3532,fertility,8,182,0.5,0.06990575790405273,21568.0,0.3076923191547394,113,1
SLIM+SIG1,728315b5-039c-11f0-95c3-089df4bf3532,fertility,8,183,0.5,0.0671083927154541,21584.0,0.3076923191547394,113,1
SLIM+SIG1,728315b5-039c-11f0-95c3-089df4bf3532,fertility,8,184,0.5,0.06540250778198242,21550.0,0.3076923191547394,113,1
SLIM+SIG1,728315b5-039c-11f0-95c3-089df4bf3532,fertility,8,185,0.5,0.066619873046875,21539.0,0.3076923191547394,113,1
SLIM+SIG1,728315b5-039c-11f0-95c3-089df4bf3532,fertility,8,186,0.5,0.0634763240814209,21564.0,0.3076923191547394,113,1
SLIM+SIG1,728315b5-039c-11f0-95c3-089df4bf3532,fertility,8,187,0.5,0.07051992416381836,21424.0,0.3076923191547394,113,1
SLIM+SIG1,728315b5-039c-11f0-95c3-089df4bf3532,fertility,8,188,0.5,0.06952905654907227,21391.0,0.3076923191547394,113,1
SLIM+SIG1,728315b5-039c-11f0-95c3-089df4bf3532,fertility,8,189,0.5,0.0670928955078125,21283.0,0.3076923191547394,113,1
SLIM+SIG1,728315b5-039c-11f0-95c3-089df4bf3532,fertility,8,190,0.5,0.06667041778564453,21244.0,0.3076923191547394,113,1
SLIM+SIG1,728315b5-039c-11f0-95c3-089df4bf3532,fertility,8,191,0.5,0.07079577445983887,21309.0,0.3076923191547394,113,1
SLIM+SIG1,728315b5-039c-11f0-95c3-089df4bf3532,fertility,8,192,0.5,0.07310938835144043,21274.0,0.3076923191547394,113,1
SLIM+SIG1,728315b5-039c-11f0-95c3-089df4bf3532,fertility,8,193,0.5,0.0675206184387207,21161.0,0.3076923191547394,113,1
SLIM+SIG1,728315b5-039c-11f0-95c3-089df4bf3532,fertility,8,194,0.5,0.0696249008178711,21036.0,0.3076923191547394,113,1
SLIM+SIG1,728315b5-039c-11f0-95c3-089df4bf3532,fertility,8,195,0.5,0.06952142715454102,21036.0,0.3076923191547394,113,1
SLIM+SIG1,728315b5-039c-11f0-95c3-089df4bf3532,fertility,8,196,0.5,0.06333184242248535,21215.0,0.3076923191547394,113,1
SLIM+SIG1,728315b5-039c-11f0-95c3-089df4bf3532,fertility,8,197,0.5,0.06861591339111328,21348.0,0.3076923191547394,113,1
SLIM+SIG1,728315b5-039c-11f0-95c3-089df4bf3532,fertility,8,198,0.5,0.06674528121948242,21308.0,0.3076923191547394,113,1
SLIM+SIG1,728315b5-039c-11f0-95c3-089df4bf3532,fertility,8,199,0.5,0.06910181045532227,21313.0,0.3076923191547394,113,1
SLIM+SIG1,728315b5-039c-11f0-95c3-089df4bf3532,fertility,8,200,0.5,0.0719294548034668,21114.0,0.3076923191547394,113,1
SLIM+SIG1,728315b5-039c-11f0-95c3-089df4bf3532,fertility,8,201,0.5,0.06492185592651367,21454.0,0.3076923191547394,113,1
SLIM+SIG1,728315b5-039c-11f0-95c3-089df4bf3532,fertility,8,202,0.5,0.06596016883850098,21272.0,0.3076923191547394,113,1
SLIM+SIG1,728315b5-039c-11f0-95c3-089df4bf3532,fertility,8,203,0.5,0.07925844192504883,21343.0,0.3076923191547394,113,1
SLIM+SIG1,728315b5-039c-11f0-95c3-089df4bf3532,fertility,8,204,0.5,0.06722450256347656,21336.0,0.3076923191547394,113,1
SLIM+SIG1,728315b5-039c-11f0-95c3-089df4bf3532,fertility,8,205,0.5,0.06973123550415039,21329.0,0.3076923191547394,113,1
SLIM+SIG1,728315b5-039c-11f0-95c3-089df4bf3532,fertility,8,206,0.5,0.07116866111755371,21220.0,0.3076923191547394,113,1
SLIM+SIG1,728315b5-039c-11f0-95c3-089df4bf3532,fertility,8,207,0.5,0.06783676147460938,21154.0,0.3076923191547394,113,1
SLIM+SIG1,728315b5-039c-11f0-95c3-089df4bf3532,fertility,8,208,0.5,0.06941461563110352,21298.0,0.3076923191547394,113,1
SLIM+SIG1,728315b5-039c-11f0-95c3-089df4bf3532,fertility,8,209,0.5,0.06499838829040527,21491.0,0.3076923191547394,113,1
SLIM+SIG1,728315b5-039c-11f0-95c3-089df4bf3532,fertility,8,210,0.5,0.06864333152770996,21496.0,0.3076923191547394,113,1
SLIM+SIG1,728315b5-039c-11f0-95c3-089df4bf3532,fertility,8,211,0.5,0.06872391700744629,21321.0,0.3076923191547394,113,1
SLIM+SIG1,728315b5-039c-11f0-95c3-089df4bf3532,fertility,8,212,0.5,0.06611227989196777,21539.0,0.3076923191547394,113,1
SLIM+SIG1,728315b5-039c-11f0-95c3-089df4bf3532,fertility,8,213,0.5,0.06692194938659668,21279.0,0.3076923191547394,113,1
SLIM+SIG1,728315b5-039c-11f0-95c3-089df4bf3532,fertility,8,214,0.5,0.0695180892944336,21242.0,0.3076923191547394,113,1
SLIM+SIG1,728315b5-039c-11f0-95c3-089df4bf3532,fertility,8,215,0.5,0.07651472091674805,21199.0,0.3076923191547394,113,1
SLIM+SIG1,728315b5-039c-11f0-95c3-089df4bf3532,fertility,8,216,0.5,0.07089734077453613,21246.0,0.3076923191547394,113,1
SLIM+SIG1,728315b5-039c-11f0-95c3-089df4bf3532,fertility,8,217,0.5,0.06896686553955078,21266.0,0.3076923191547394,113,1
SLIM+SIG1,728315b5-039c-11f0-95c3-089df4bf3532,fertility,8,218,0.5,0.06952571868896484,21210.0,0.3076923191547394,113,1
SLIM+SIG1,728315b5-039c-11f0-95c3-089df4bf3532,fertility,8,219,0.5,0.06901240348815918,21163.0,0.3076923191547394,113,1
SLIM+SIG1,728315b5-039c-11f0-95c3-089df4bf3532,fertility,8,220,0.5,0.06963419914245605,21265.0,0.3076923191547394,113,1
SLIM+SIG1,728315b5-039c-11f0-95c3-089df4bf3532,fertility,8,221,0.5,0.06699275970458984,20965.0,0.3076923191547394,113,1
SLIM+SIG1,728315b5-039c-11f0-95c3-089df4bf3532,fertility,8,222,0.5,0.0662851333618164,20933.0,0.3076923191547394,113,1
SLIM+SIG1,728315b5-039c-11f0-95c3-089df4bf3532,fertility,8,223,0.5,0.06649017333984375,20748.0,0.3076923191547394,113,1
SLIM+SIG1,728315b5-039c-11f0-95c3-089df4bf3532,fertility,8,224,0.5,0.06893229484558105,20879.0,0.3076923191547394,113,1
SLIM+SIG1,728315b5-039c-11f0-95c3-089df4bf3532,fertility,8,225,0.5,0.06769967079162598,20778.0,0.3076923191547394,113,1
SLIM+SIG1,728315b5-039c-11f0-95c3-089df4bf3532,fertility,8,226,0.5,0.06688427925109863,20976.0,0.3076923191547394,113,1
SLIM+SIG1,728315b5-039c-11f0-95c3-089df4bf3532,fertility,8,227,0.5,0.06688523292541504,20985.0,0.3076923191547394,113,1
SLIM+SIG1,728315b5-039c-11f0-95c3-089df4bf3532,fertility,8,228,0.5,0.06999802589416504,20861.0,0.3076923191547394,113,1
SLIM+SIG1,728315b5-039c-11f0-95c3-089df4bf3532,fertility,8,229,0.5,0.0683128833770752,20616.0,0.3076923191547394,113,1
SLIM+SIG1,728315b5-039c-11f0-95c3-089df4bf3532,fertility,8,230,0.5,0.06988239288330078,20677.0,0.3076923191547394,113,1
SLIM+SIG1,728315b5-039c-11f0-95c3-089df4bf3532,fertility,8,231,0.5,0.07083392143249512,20699.0,0.3076923191547394,113,1
SLIM+SIG1,728315b5-039c-11f0-95c3-089df4bf3532,fertility,8,232,0.5,0.07400727272033691,20595.0,0.3076923191547394,113,1
SLIM+SIG1,728315b5-039c-11f0-95c3-089df4bf3532,fertility,8,233,0.5,0.07856917381286621,20560.0,0.3076923191547394,113,1
SLIM+SIG1,728315b5-039c-11f0-95c3-089df4bf3532,fertility,8,234,0.5,0.08257222175598145,20508.0,0.3076923191547394,113,1
SLIM+SIG1,728315b5-039c-11f0-95c3-089df4bf3532,fertility,8,235,0.5,0.14248180389404297,20510.0,0.3076923191547394,113,1
SLIM+SIG1,728315b5-039c-11f0-95c3-089df4bf3532,fertility,8,236,0.5,0.06800127029418945,20738.0,0.3076923191547394,113,1
SLIM+SIG1,728315b5-039c-11f0-95c3-089df4bf3532,fertility,8,237,0.5,0.07079339027404785,20813.0,0.3076923191547394,113,1
SLIM+SIG1,728315b5-039c-11f0-95c3-089df4bf3532,fertility,8,238,0.5,0.07057976722717285,21064.0,0.3076923191547394,113,1
SLIM+SIG1,728315b5-039c-11f0-95c3-089df4bf3532,fertility,8,239,0.5,0.07024407386779785,20690.0,0.3076923191547394,113,1
SLIM+SIG1,728315b5-039c-11f0-95c3-089df4bf3532,fertility,8,240,0.5,0.07477831840515137,20460.0,0.3076923191547394,113,1
SLIM+SIG1,728315b5-039c-11f0-95c3-089df4bf3532,fertility,8,241,0.5,0.07373189926147461,20085.0,0.3076923191547394,113,1
SLIM+SIG1,728315b5-039c-11f0-95c3-089df4bf3532,fertility,8,242,0.5,0.06969809532165527,20114.0,0.3076923191547394,113,1
SLIM+SIG1,728315b5-039c-11f0-95c3-089df4bf3532,fertility,8,243,0.5,0.07200002670288086,19902.0,0.3076923191547394,113,1
SLIM+SIG1,728315b5-039c-11f0-95c3-089df4bf3532,fertility,8,244,0.5,0.06848907470703125,20111.0,0.3076923191547394,113,1
SLIM+SIG1,728315b5-039c-11f0-95c3-089df4bf3532,fertility,8,245,0.5,0.07073116302490234,20102.0,0.3076923191547394,113,1
SLIM+SIG1,728315b5-039c-11f0-95c3-089df4bf3532,fertility,8,246,0.5,0.07625246047973633,20469.0,0.3076923191547394,113,1
SLIM+SIG1,728315b5-039c-11f0-95c3-089df4bf3532,fertility,8,247,0.5,0.07232403755187988,20199.0,0.3076923191547394,113,1
SLIM+SIG1,728315b5-039c-11f0-95c3-089df4bf3532,fertility,8,248,0.5,0.07266783714294434,20153.0,0.3076923191547394,113,1
SLIM+SIG1,728315b5-039c-11f0-95c3-089df4bf3532,fertility,8,249,0.5,0.07114601135253906,19998.0,0.3076923191547394,113,1
SLIM+SIG1,728315b5-039c-11f0-95c3-089df4bf3532,fertility,8,250,0.5,0.07831311225891113,19844.0,0.3076923191547394,113,1
SLIM+SIG1,728315b5-039c-11f0-95c3-089df4bf3532,fertility,8,251,0.5,0.06989431381225586,20154.0,0.3076923191547394,113,1
SLIM+SIG1,728315b5-039c-11f0-95c3-089df4bf3532,fertility,8,252,0.5,0.06927919387817383,20296.0,0.3076923191547394,113,1
SLIM+SIG1,728315b5-039c-11f0-95c3-089df4bf3532,fertility,8,253,0.5,0.07237768173217773,20202.0,0.3076923191547394,113,1
SLIM+SIG1,728315b5-039c-11f0-95c3-089df4bf3532,fertility,8,254,0.5,0.07125496864318848,20097.0,0.3076923191547394,113,1
SLIM+SIG1,728315b5-039c-11f0-95c3-089df4bf3532,fertility,8,255,0.5,0.07825040817260742,20154.0,0.3076923191547394,113,1
SLIM+SIG1,728315b5-039c-11f0-95c3-089df4bf3532,fertility,8,256,0.5,0.07365083694458008,20142.0,0.3076923191547394,113,1
SLIM+SIG1,728315b5-039c-11f0-95c3-089df4bf3532,fertility,8,257,0.5,0.07318925857543945,20437.0,0.3076923191547394,113,1
SLIM+SIG1,728315b5-039c-11f0-95c3-089df4bf3532,fertility,8,258,0.5,0.07044124603271484,20386.0,0.3076923191547394,113,1
SLIM+SIG1,728315b5-039c-11f0-95c3-089df4bf3532,fertility,8,259,0.5,0.07262110710144043,20510.0,0.3076923191547394,113,1
SLIM+SIG1,728315b5-039c-11f0-95c3-089df4bf3532,fertility,8,260,0.5,0.07186031341552734,20585.0,0.3076923191547394,113,1
SLIM+SIG1,728315b5-039c-11f0-95c3-089df4bf3532,fertility,8,261,0.5,0.07575702667236328,20550.0,0.3076923191547394,113,1
SLIM+SIG1,728315b5-039c-11f0-95c3-089df4bf3532,fertility,8,262,0.5,0.07978296279907227,20505.0,0.3076923191547394,113,1
SLIM+SIG1,728315b5-039c-11f0-95c3-089df4bf3532,fertility,8,263,0.5,0.07572698593139648,20634.0,0.3076923191547394,113,1
SLIM+SIG1,728315b5-039c-11f0-95c3-089df4bf3532,fertility,8,264,0.5,0.07202696800231934,20553.0,0.3076923191547394,113,1
SLIM+SIG1,728315b5-039c-11f0-95c3-089df4bf3532,fertility,8,265,0.5,0.06997323036193848,20508.0,0.3076923191547394,113,1
SLIM+SIG1,728315b5-039c-11f0-95c3-089df4bf3532,fertility,8,266,0.5,0.07389402389526367,20211.0,0.3076923191547394,113,1
SLIM+SIG1,728315b5-039c-11f0-95c3-089df4bf3532,fertility,8,267,0.5,0.0748281478881836,20123.0,0.3076923191547394,113,1
SLIM+SIG1,728315b5-039c-11f0-95c3-089df4bf3532,fertility,8,268,0.5,0.07182836532592773,19875.0,0.3076923191547394,113,1
SLIM+SIG1,728315b5-039c-11f0-95c3-089df4bf3532,fertility,8,269,0.5,0.07165384292602539,20018.0,0.3076923191547394,113,1
SLIM+SIG1,728315b5-039c-11f0-95c3-089df4bf3532,fertility,8,270,0.5,0.06899857521057129,20143.0,0.3076923191547394,113,1
SLIM+SIG1,728315b5-039c-11f0-95c3-089df4bf3532,fertility,8,271,0.5,0.07289838790893555,20174.0,0.3076923191547394,113,1
SLIM+SIG1,728315b5-039c-11f0-95c3-089df4bf3532,fertility,8,272,0.5,0.06777739524841309,20274.0,0.3076923191547394,113,1
SLIM+SIG1,728315b5-039c-11f0-95c3-089df4bf3532,fertility,8,273,0.5,0.06711626052856445,20491.0,0.3076923191547394,113,1
SLIM+SIG1,728315b5-039c-11f0-95c3-089df4bf3532,fertility,8,274,0.5,0.06878018379211426,20427.0,0.3076923191547394,113,1
SLIM+SIG1,728315b5-039c-11f0-95c3-089df4bf3532,fertility,8,275,0.5,0.07135701179504395,20156.0,0.3076923191547394,113,1
SLIM+SIG1,728315b5-039c-11f0-95c3-089df4bf3532,fertility,8,276,0.5,0.06906437873840332,20178.0,0.3076923191547394,113,1
SLIM+SIG1,728315b5-039c-11f0-95c3-089df4bf3532,fertility,8,277,0.5,0.07313370704650879,20332.0,0.3076923191547394,113,1
SLIM+SIG1,728315b5-039c-11f0-95c3-089df4bf3532,fertility,8,278,0.5,0.07478165626525879,19745.0,0.3076923191547394,113,1
SLIM+SIG1,728315b5-039c-11f0-95c3-089df4bf3532,fertility,8,279,0.5,0.07693147659301758,19373.0,0.3076923191547394,113,1
SLIM+SIG1,728315b5-039c-11f0-95c3-089df4bf3532,fertility,8,280,0.5,0.0750114917755127,19057.0,0.3076923191547394,113,1
SLIM+SIG1,728315b5-039c-11f0-95c3-089df4bf3532,fertility,8,281,0.5,0.0749201774597168,18794.0,0.3076923191547394,113,1
SLIM+SIG1,728315b5-039c-11f0-95c3-089df4bf3532,fertility,8,282,0.5,0.07532215118408203,19020.0,0.3076923191547394,113,1
SLIM+SIG1,728315b5-039c-11f0-95c3-089df4bf3532,fertility,8,283,0.5,0.07269859313964844,19071.0,0.3076923191547394,113,1
SLIM+SIG1,728315b5-039c-11f0-95c3-089df4bf3532,fertility,8,284,0.5,0.07072830200195312,19273.0,0.3076923191547394,113,1
SLIM+SIG1,728315b5-039c-11f0-95c3-089df4bf3532,fertility,8,285,0.5,0.07613325119018555,19323.0,0.3076923191547394,113,1
SLIM+SIG1,728315b5-039c-11f0-95c3-089df4bf3532,fertility,8,286,0.5,0.06882500648498535,19522.0,0.3076923191547394,113,1
SLIM+SIG1,728315b5-039c-11f0-95c3-089df4bf3532,fertility,8,287,0.5,0.07454943656921387,19755.0,0.3076923191547394,113,1
SLIM+SIG1,728315b5-039c-11f0-95c3-089df4bf3532,fertility,8,288,0.5,0.0718083381652832,19587.0,0.3076923191547394,113,1
SLIM+SIG1,728315b5-039c-11f0-95c3-089df4bf3532,fertility,8,289,0.5,0.07346558570861816,19691.0,0.3076923191547394,113,1
SLIM+SIG1,728315b5-039c-11f0-95c3-089df4bf3532,fertility,8,290,0.5,0.08718562126159668,19804.0,0.3076923191547394,113,1
SLIM+SIG1,728315b5-039c-11f0-95c3-089df4bf3532,fertility,8,291,0.5,0.08045387268066406,20031.0,0.3076923191547394,113,1
SLIM+SIG1,728315b5-039c-11f0-95c3-089df4bf3532,fertility,8,292,0.5,0.07009053230285645,19966.0,0.3076923191547394,113,1
SLIM+SIG1,728315b5-039c-11f0-95c3-089df4bf3532,fertility,8,293,0.5,0.07526826858520508,19847.0,0.3076923191547394,113,1
SLIM+SIG1,728315b5-039c-11f0-95c3-089df4bf3532,fertility,8,294,0.5,0.0717158317565918,19563.0,0.3076923191547394,113,1
SLIM+SIG1,728315b5-039c-11f0-95c3-089df4bf3532,fertility,8,295,0.5,0.07623052597045898,19990.0,0.3076923191547394,113,1
SLIM+SIG1,728315b5-039c-11f0-95c3-089df4bf3532,fertility,8,296,0.5,0.07251667976379395,19851.0,0.3076923191547394,113,1
SLIM+SIG1,728315b5-039c-11f0-95c3-089df4bf3532,fertility,8,297,0.5,0.07500433921813965,20089.0,0.3076923191547394,113,1
SLIM+SIG1,728315b5-039c-11f0-95c3-089df4bf3532,fertility,8,298,0.5,0.07151269912719727,19681.0,0.3076923191547394,113,1
SLIM+SIG1,728315b5-039c-11f0-95c3-089df4bf3532,fertility,8,299,0.5,0.07136988639831543,19388.0,0.3076923191547394,113,1
SLIM+SIG1,728315b5-039c-11f0-95c3-089df4bf3532,fertility,8,300,0.5,0.07290434837341309,19291.0,0.3076923191547394,113,1
SLIM+SIG1,728315b5-039c-11f0-95c3-089df4bf3532,fertility,8,301,0.5,0.15763616561889648,19219.0,0.3076923191547394,113,1
SLIM+SIG1,728315b5-039c-11f0-95c3-089df4bf3532,fertility,8,302,0.5,0.07715559005737305,18787.0,0.3076923191547394,113,1
SLIM+SIG1,728315b5-039c-11f0-95c3-089df4bf3532,fertility,8,303,0.5,0.07571792602539062,18861.0,0.3076923191547394,113,1
SLIM+SIG1,728315b5-039c-11f0-95c3-089df4bf3532,fertility,8,304,0.5,0.07677173614501953,18536.0,0.3076923191547394,113,1
SLIM+SIG1,728315b5-039c-11f0-95c3-089df4bf3532,fertility,8,305,0.5,0.07521843910217285,18307.0,0.3076923191547394,113,1
SLIM+SIG1,728315b5-039c-11f0-95c3-089df4bf3532,fertility,8,306,0.5,0.07777976989746094,18436.0,0.3076923191547394,113,1
SLIM+SIG1,728315b5-039c-11f0-95c3-089df4bf3532,fertility,8,307,0.5,0.07875704765319824,18554.0,0.3076923191547394,113,1
SLIM+SIG1,728315b5-039c-11f0-95c3-089df4bf3532,fertility,8,308,0.5,0.07683014869689941,17985.0,0.3076923191547394,113,1
SLIM+SIG1,728315b5-039c-11f0-95c3-089df4bf3532,fertility,8,309,0.5,0.0783073902130127,17829.0,0.3076923191547394,113,1
SLIM+SIG1,728315b5-039c-11f0-95c3-089df4bf3532,fertility,8,310,0.5,0.08280134201049805,18395.0,0.3076923191547394,113,1
SLIM+SIG1,728315b5-039c-11f0-95c3-089df4bf3532,fertility,8,311,0.5,0.07484006881713867,18227.0,0.3076923191547394,113,1
SLIM+SIG1,728315b5-039c-11f0-95c3-089df4bf3532,fertility,8,312,0.5,0.07590413093566895,17933.0,0.3076923191547394,113,1
SLIM+SIG1,728315b5-039c-11f0-95c3-089df4bf3532,fertility,8,313,0.5,0.07860064506530762,17877.0,0.3076923191547394,113,1
SLIM+SIG1,728315b5-039c-11f0-95c3-089df4bf3532,fertility,8,314,0.5,0.07902073860168457,17380.0,0.3076923191547394,113,1
SLIM+SIG1,728315b5-039c-11f0-95c3-089df4bf3532,fertility,8,315,0.5,0.07929182052612305,17290.0,0.3076923191547394,113,1
SLIM+SIG1,728315b5-039c-11f0-95c3-089df4bf3532,fertility,8,316,0.5,0.08315658569335938,17398.0,0.3076923191547394,113,1
SLIM+SIG1,728315b5-039c-11f0-95c3-089df4bf3532,fertility,8,317,0.5,0.08343148231506348,17441.0,0.3076923191547394,113,1
SLIM+SIG1,728315b5-039c-11f0-95c3-089df4bf3532,fertility,8,318,0.5,0.07729554176330566,17421.0,0.3076923191547394,113,1
SLIM+SIG1,728315b5-039c-11f0-95c3-089df4bf3532,fertility,8,319,0.5,0.07697534561157227,17774.0,0.3076923191547394,113,1
SLIM+SIG1,728315b5-039c-11f0-95c3-089df4bf3532,fertility,8,320,0.5,0.0751197338104248,17755.0,0.3076923191547394,113,1
SLIM+SIG1,728315b5-039c-11f0-95c3-089df4bf3532,fertility,8,321,0.5,0.07671833038330078,18043.0,0.3076923191547394,113,1
SLIM+SIG1,728315b5-039c-11f0-95c3-089df4bf3532,fertility,8,322,0.5,0.07269406318664551,18033.0,0.3076923191547394,113,1
SLIM+SIG1,728315b5-039c-11f0-95c3-089df4bf3532,fertility,8,323,0.5,0.07373261451721191,17672.0,0.3076923191547394,113,1
SLIM+SIG1,728315b5-039c-11f0-95c3-089df4bf3532,fertility,8,324,0.5,0.07800173759460449,17434.0,0.3076923191547394,113,1
SLIM+SIG1,728315b5-039c-11f0-95c3-089df4bf3532,fertility,8,325,0.5,0.07509756088256836,16777.0,0.3076923191547394,113,1
SLIM+SIG1,728315b5-039c-11f0-95c3-089df4bf3532,fertility,8,326,0.5,0.07347679138183594,16332.0,0.3076923191547394,113,1
SLIM+SIG1,728315b5-039c-11f0-95c3-089df4bf3532,fertility,8,327,0.5,0.07372689247131348,16414.0,0.3076923191547394,113,1
SLIM+SIG1,728315b5-039c-11f0-95c3-089df4bf3532,fertility,8,328,0.5,0.07510852813720703,16583.0,0.3076923191547394,113,1
SLIM+SIG1,728315b5-039c-11f0-95c3-089df4bf3532,fertility,8,329,0.5,0.07401537895202637,15793.0,0.3076923191547394,113,1
SLIM+SIG1,728315b5-039c-11f0-95c3-089df4bf3532,fertility,8,330,0.5,0.07163834571838379,16630.0,0.3076923191547394,113,1
SLIM+SIG1,728315b5-039c-11f0-95c3-089df4bf3532,fertility,8,331,0.5,0.07572078704833984,16377.0,0.3076923191547394,113,1
SLIM+SIG1,728315b5-039c-11f0-95c3-089df4bf3532,fertility,8,332,0.5,0.07399606704711914,16875.0,0.3076923191547394,113,1
SLIM+SIG1,728315b5-039c-11f0-95c3-089df4bf3532,fertility,8,333,0.5,0.07689785957336426,16690.0,0.3076923191547394,113,1
SLIM+SIG1,728315b5-039c-11f0-95c3-089df4bf3532,fertility,8,334,0.5,0.07474637031555176,16573.0,0.3076923191547394,113,1
SLIM+SIG1,728315b5-039c-11f0-95c3-089df4bf3532,fertility,8,335,0.5,0.07798457145690918,16762.0,0.3076923191547394,113,1
SLIM+SIG1,728315b5-039c-11f0-95c3-089df4bf3532,fertility,8,336,0.5,0.07295036315917969,17283.0,0.3076923191547394,113,1
SLIM+SIG1,728315b5-039c-11f0-95c3-089df4bf3532,fertility,8,337,0.5,0.07050824165344238,17147.0,0.3076923191547394,113,1
SLIM+SIG1,728315b5-039c-11f0-95c3-089df4bf3532,fertility,8,338,0.5,0.0715794563293457,17196.0,0.3076923191547394,113,1
SLIM+SIG1,728315b5-039c-11f0-95c3-089df4bf3532,fertility,8,339,0.5,0.07340431213378906,16802.0,0.3076923191547394,113,1
SLIM+SIG1,728315b5-039c-11f0-95c3-089df4bf3532,fertility,8,340,0.5,0.07109808921813965,17255.0,0.3076923191547394,113,1
SLIM+SIG1,728315b5-039c-11f0-95c3-089df4bf3532,fertility,8,341,0.5,0.08164334297180176,17495.0,0.3076923191547394,113,1
SLIM+SIG1,728315b5-039c-11f0-95c3-089df4bf3532,fertility,8,342,0.5,0.08365368843078613,17556.0,0.3076923191547394,113,1
SLIM+SIG1,728315b5-039c-11f0-95c3-089df4bf3532,fertility,8,343,0.5,0.08771634101867676,17353.0,0.3076923191547394,113,1
SLIM+SIG1,728315b5-039c-11f0-95c3-089df4bf3532,fertility,8,344,0.5,0.10154509544372559,17438.0,0.3076923191547394,113,1
SLIM+SIG1,728315b5-039c-11f0-95c3-089df4bf3532,fertility,8,345,0.5,0.09449291229248047,17088.0,0.3076923191547394,113,1
SLIM+SIG1,728315b5-039c-11f0-95c3-089df4bf3532,fertility,8,346,0.5,0.08409261703491211,17059.0,0.3076923191547394,113,1
SLIM+SIG1,728315b5-039c-11f0-95c3-089df4bf3532,fertility,8,347,0.5,0.08023381233215332,17115.0,0.3076923191547394,113,1
SLIM+SIG1,728315b5-039c-11f0-95c3-089df4bf3532,fertility,8,348,0.5,0.07552933692932129,17072.0,0.3076923191547394,113,1
SLIM+SIG1,728315b5-039c-11f0-95c3-089df4bf3532,fertility,8,349,0.5,0.07655858993530273,16726.0,0.3076923191547394,113,1
SLIM+SIG1,728315b5-039c-11f0-95c3-089df4bf3532,fertility,8,350,0.5,0.07149171829223633,16311.0,0.3076923191547394,113,1
SLIM+SIG1,728315b5-039c-11f0-95c3-089df4bf3532,fertility,8,351,0.5,0.07470846176147461,15818.0,0.3076923191547394,113,1
SLIM+SIG1,728315b5-039c-11f0-95c3-089df4bf3532,fertility,8,352,0.5,0.07703375816345215,15437.0,0.3076923191547394,113,1
SLIM+SIG1,728315b5-039c-11f0-95c3-089df4bf3532,fertility,8,353,0.5,0.07451462745666504,15081.0,0.3076923191547394,113,1
SLIM+SIG1,728315b5-039c-11f0-95c3-089df4bf3532,fertility,8,354,0.5,0.07366490364074707,14929.0,0.3076923191547394,113,1
SLIM+SIG1,728315b5-039c-11f0-95c3-089df4bf3532,fertility,8,355,0.5,0.07772636413574219,14300.0,0.3076923191547394,113,1
SLIM+SIG1,728315b5-039c-11f0-95c3-089df4bf3532,fertility,8,356,0.5,0.0702812671661377,13936.0,0.3076923191547394,113,1
SLIM+SIG1,728315b5-039c-11f0-95c3-089df4bf3532,fertility,8,357,0.5,0.07541036605834961,14063.0,0.3076923191547394,113,1
SLIM+SIG1,728315b5-039c-11f0-95c3-089df4bf3532,fertility,8,358,0.5,0.07355904579162598,13088.0,0.3076923191547394,113,1
SLIM+SIG1,728315b5-039c-11f0-95c3-089df4bf3532,fertility,8,359,0.5,0.07305788993835449,13016.0,0.3076923191547394,113,1
SLIM+SIG1,728315b5-039c-11f0-95c3-089df4bf3532,fertility,8,360,0.5,0.07129049301147461,13682.0,0.3076923191547394,113,1
SLIM+SIG1,728315b5-039c-11f0-95c3-089df4bf3532,fertility,8,361,0.5,0.07887029647827148,14058.0,0.3076923191547394,113,1
SLIM+SIG1,728315b5-039c-11f0-95c3-089df4bf3532,fertility,8,362,0.5,0.07361650466918945,14114.0,0.3076923191547394,113,1
SLIM+SIG1,728315b5-039c-11f0-95c3-089df4bf3532,fertility,8,363,0.5,0.13755178451538086,13951.0,0.3076923191547394,113,1
SLIM+SIG1,728315b5-039c-11f0-95c3-089df4bf3532,fertility,8,364,0.5,0.07177042961120605,13665.0,0.3076923191547394,113,1
SLIM+SIG1,728315b5-039c-11f0-95c3-089df4bf3532,fertility,8,365,0.5,0.0749349594116211,14672.0,0.3076923191547394,113,1
SLIM+SIG1,728315b5-039c-11f0-95c3-089df4bf3532,fertility,8,366,0.5,0.07700085639953613,15521.0,0.3076923191547394,113,1
SLIM+SIG1,728315b5-039c-11f0-95c3-089df4bf3532,fertility,8,367,0.5,0.07094383239746094,15728.0,0.3076923191547394,113,1
SLIM+SIG1,728315b5-039c-11f0-95c3-089df4bf3532,fertility,8,368,0.5,0.07263326644897461,15655.0,0.3076923191547394,113,1
SLIM+SIG1,728315b5-039c-11f0-95c3-089df4bf3532,fertility,8,369,0.5,0.07791495323181152,15411.0,0.3076923191547394,113,1
SLIM+SIG1,728315b5-039c-11f0-95c3-089df4bf3532,fertility,8,370,0.5,0.08058571815490723,14412.0,0.3076923191547394,113,1
SLIM+SIG1,728315b5-039c-11f0-95c3-089df4bf3532,fertility,8,371,0.5,0.08083009719848633,14063.0,0.3076923191547394,113,1
SLIM+SIG1,728315b5-039c-11f0-95c3-089df4bf3532,fertility,8,372,0.5,0.07848644256591797,12928.0,0.3076923191547394,113,1
SLIM+SIG1,728315b5-039c-11f0-95c3-089df4bf3532,fertility,8,373,0.5,0.07455086708068848,12743.0,0.3076923191547394,113,1
SLIM+SIG1,728315b5-039c-11f0-95c3-089df4bf3532,fertility,8,374,0.5,0.07790136337280273,11872.0,0.3076923191547394,113,1
SLIM+SIG1,728315b5-039c-11f0-95c3-089df4bf3532,fertility,8,375,0.5,0.07537341117858887,11592.0,0.3076923191547394,113,1
SLIM+SIG1,728315b5-039c-11f0-95c3-089df4bf3532,fertility,8,376,0.5,0.07383179664611816,12090.0,0.3076923191547394,113,1
SLIM+SIG1,728315b5-039c-11f0-95c3-089df4bf3532,fertility,8,377,0.5,0.07454967498779297,11404.0,0.3076923191547394,113,1
SLIM+SIG1,728315b5-039c-11f0-95c3-089df4bf3532,fertility,8,378,0.5,0.07373619079589844,11328.0,0.3076923191547394,113,1
SLIM+SIG1,728315b5-039c-11f0-95c3-089df4bf3532,fertility,8,379,0.5,0.07226204872131348,10888.0,0.3076923191547394,113,1
SLIM+SIG1,728315b5-039c-11f0-95c3-089df4bf3532,fertility,8,380,0.5,0.07073521614074707,10495.0,0.3076923191547394,113,1
SLIM+SIG1,728315b5-039c-11f0-95c3-089df4bf3532,fertility,8,381,0.5,0.07683873176574707,10730.0,0.3076923191547394,113,1
SLIM+SIG1,728315b5-039c-11f0-95c3-089df4bf3532,fertility,8,382,0.5,0.07473182678222656,10651.0,0.3076923191547394,113,1
SLIM+SIG1,728315b5-039c-11f0-95c3-089df4bf3532,fertility,8,383,0.5,0.07328176498413086,9945.0,0.3076923191547394,113,1
SLIM+SIG1,728315b5-039c-11f0-95c3-089df4bf3532,fertility,8,384,0.5,0.07351279258728027,10178.0,0.3076923191547394,113,1
SLIM+SIG1,728315b5-039c-11f0-95c3-089df4bf3532,fertility,8,385,0.5,0.06984186172485352,10345.0,0.3076923191547394,113,1
SLIM+SIG1,728315b5-039c-11f0-95c3-089df4bf3532,fertility,8,386,0.5,0.07360720634460449,10617.0,0.3076923191547394,113,1
SLIM+SIG1,728315b5-039c-11f0-95c3-089df4bf3532,fertility,8,387,0.5,0.07622456550598145,10320.0,0.3076923191547394,113,1
SLIM+SIG1,728315b5-039c-11f0-95c3-089df4bf3532,fertility,8,388,0.5,0.07158446311950684,10340.0,0.3076923191547394,113,1
SLIM+SIG1,728315b5-039c-11f0-95c3-089df4bf3532,fertility,8,389,0.5,0.07469058036804199,10529.0,0.3076923191547394,113,1
SLIM+SIG1,728315b5-039c-11f0-95c3-089df4bf3532,fertility,8,390,0.5,0.07184481620788574,10290.0,0.3076923191547394,113,1
SLIM+SIG1,728315b5-039c-11f0-95c3-089df4bf3532,fertility,8,391,0.5,0.06912398338317871,10040.0,0.3076923191547394,113,1
SLIM+SIG1,728315b5-039c-11f0-95c3-089df4bf3532,fertility,8,392,0.5,0.07265615463256836,9850.0,0.3076923191547394,113,1
SLIM+SIG1,728315b5-039c-11f0-95c3-089df4bf3532,fertility,8,393,0.5,0.07244658470153809,9992.0,0.3076923191547394,113,1
SLIM+SIG1,728315b5-039c-11f0-95c3-089df4bf3532,fertility,8,394,0.5,0.0691828727722168,10678.0,0.3076923191547394,113,1
SLIM+SIG1,728315b5-039c-11f0-95c3-089df4bf3532,fertility,8,395,0.5,0.07613778114318848,10857.0,0.3076923191547394,113,1
SLIM+SIG1,728315b5-039c-11f0-95c3-089df4bf3532,fertility,8,396,0.5,0.07391142845153809,11399.0,0.3076923191547394,113,1
SLIM+SIG1,728315b5-039c-11f0-95c3-089df4bf3532,fertility,8,397,0.5,0.07352066040039062,11647.0,0.3076923191547394,113,1
SLIM+SIG1,728315b5-039c-11f0-95c3-089df4bf3532,fertility,8,398,0.5,0.07355999946594238,11708.0,0.3076923191547394,113,1
SLIM+SIG1,728315b5-039c-11f0-95c3-089df4bf3532,fertility,8,399,0.5,0.0727231502532959,12184.0,0.3076923191547394,113,1
SLIM+SIG1,728315b5-039c-11f0-95c3-089df4bf3532,fertility,8,400,0.5,0.0783853530883789,11676.0,0.3076923191547394,113,1
SLIM+SIG1,728315b5-039c-11f0-95c3-089df4bf3532,fertility,8,401,0.5,0.07648992538452148,11616.0,0.3076923191547394,113,1
SLIM+SIG1,728315b5-039c-11f0-95c3-089df4bf3532,fertility,8,402,0.5,0.07530641555786133,11174.0,0.3076923191547394,113,1
SLIM+SIG1,728315b5-039c-11f0-95c3-089df4bf3532,fertility,8,403,0.5,0.07261300086975098,10360.0,0.3076923191547394,113,1
SLIM+SIG1,728315b5-039c-11f0-95c3-089df4bf3532,fertility,8,404,0.5,0.07171893119812012,9890.0,0.3076923191547394,113,1
SLIM+SIG1,728315b5-039c-11f0-95c3-089df4bf3532,fertility,8,405,0.5,0.07072806358337402,9041.0,0.3076923191547394,113,1
SLIM+SIG1,728315b5-039c-11f0-95c3-089df4bf3532,fertility,8,406,0.5,0.06893539428710938,9472.0,0.3076923191547394,113,1
SLIM+SIG1,728315b5-039c-11f0-95c3-089df4bf3532,fertility,8,407,0.5,0.07122421264648438,9696.0,0.3076923191547394,113,1
SLIM+SIG1,728315b5-039c-11f0-95c3-089df4bf3532,fertility,8,408,0.5,0.07108616828918457,9290.0,0.3076923191547394,113,1
SLIM+SIG1,728315b5-039c-11f0-95c3-089df4bf3532,fertility,8,409,0.5,0.07193565368652344,8491.0,0.3076923191547394,113,1
SLIM+SIG1,728315b5-039c-11f0-95c3-089df4bf3532,fertility,8,410,0.5,0.07009315490722656,7675.0,0.3076923191547394,113,1
SLIM+SIG1,728315b5-039c-11f0-95c3-089df4bf3532,fertility,8,411,0.5,0.06961464881896973,7398.0,0.3076923191547394,113,1
SLIM+SIG1,728315b5-039c-11f0-95c3-089df4bf3532,fertility,8,412,0.5,0.06966710090637207,6442.0,0.3076923191547394,113,1
SLIM+SIG1,728315b5-039c-11f0-95c3-089df4bf3532,fertility,8,413,0.5,0.0680074691772461,6663.0,0.3076923191547394,113,1
SLIM+SIG1,728315b5-039c-11f0-95c3-089df4bf3532,fertility,8,414,0.5,0.07252240180969238,6940.0,0.3076923191547394,113,1
SLIM+SIG1,728315b5-039c-11f0-95c3-089df4bf3532,fertility,8,415,0.5,0.0707235336303711,7411.0,0.3076923191547394,113,1
SLIM+SIG1,728315b5-039c-11f0-95c3-089df4bf3532,fertility,8,416,0.5,0.07383227348327637,6540.0,0.3076923191547394,113,1
SLIM+SIG1,728315b5-039c-11f0-95c3-089df4bf3532,fertility,8,417,0.5,0.06841516494750977,6683.0,0.3076923191547394,113,1
SLIM+SIG1,728315b5-039c-11f0-95c3-089df4bf3532,fertility,8,418,0.5,0.06887316703796387,7961.0,0.3076923191547394,113,1
SLIM+SIG1,728315b5-039c-11f0-95c3-089df4bf3532,fertility,8,419,0.5,0.06775546073913574,9756.0,0.3076923191547394,113,1
SLIM+SIG1,728315b5-039c-11f0-95c3-089df4bf3532,fertility,8,420,0.5,0.06862902641296387,10044.0,0.3076923191547394,113,1
SLIM+SIG1,728315b5-039c-11f0-95c3-089df4bf3532,fertility,8,421,0.5,0.06961917877197266,9494.0,0.3076923191547394,113,1
SLIM+SIG1,728315b5-039c-11f0-95c3-089df4bf3532,fertility,8,422,0.5,0.07351326942443848,8853.0,0.3076923191547394,113,1
SLIM+SIG1,728315b5-039c-11f0-95c3-089df4bf3532,fertility,8,423,0.5,0.06963372230529785,8169.0,0.3076923191547394,113,1
SLIM+SIG1,728315b5-039c-11f0-95c3-089df4bf3532,fertility,8,424,0.5,0.0689094066619873,7501.0,0.3076923191547394,113,1
SLIM+SIG1,728315b5-039c-11f0-95c3-089df4bf3532,fertility,8,425,0.5,0.06981682777404785,6423.0,0.3076923191547394,113,1
SLIM+SIG1,728315b5-039c-11f0-95c3-089df4bf3532,fertility,8,426,0.5,0.06897282600402832,6346.0,0.3076923191547394,113,1
SLIM+SIG1,728315b5-039c-11f0-95c3-089df4bf3532,fertility,8,427,0.5,0.06726431846618652,6247.0,0.3076923191547394,113,1
SLIM+SIG1,728315b5-039c-11f0-95c3-089df4bf3532,fertility,8,428,0.5,0.06956171989440918,5795.0,0.3076923191547394,113,1
SLIM+SIG1,728315b5-039c-11f0-95c3-089df4bf3532,fertility,8,429,0.5,0.0668649673461914,6773.0,0.3076923191547394,113,1
SLIM+SIG1,728315b5-039c-11f0-95c3-089df4bf3532,fertility,8,430,0.5,0.07234454154968262,6600.0,0.3076923191547394,113,1
SLIM+SIG1,728315b5-039c-11f0-95c3-089df4bf3532,fertility,8,431,0.5,0.07171082496643066,7316.0,0.3076923191547394,113,1
SLIM+SIG1,728315b5-039c-11f0-95c3-089df4bf3532,fertility,8,432,0.5,0.06885576248168945,7811.0,0.3076923191547394,113,1
SLIM+SIG1,728315b5-039c-11f0-95c3-089df4bf3532,fertility,8,433,0.5,0.06985831260681152,7268.0,0.3076923191547394,113,1
SLIM+SIG1,728315b5-039c-11f0-95c3-089df4bf3532,fertility,8,434,0.5,0.06493091583251953,8288.0,0.3076923191547394,113,1
SLIM+SIG1,728315b5-039c-11f0-95c3-089df4bf3532,fertility,8,435,0.5,0.0673830509185791,8512.0,0.3076923191547394,113,1
SLIM+SIG1,728315b5-039c-11f0-95c3-089df4bf3532,fertility,8,436,0.5,0.06695079803466797,8262.0,0.3076923191547394,113,1
SLIM+SIG1,728315b5-039c-11f0-95c3-089df4bf3532,fertility,8,437,0.5,0.06822037696838379,8358.0,0.3076923191547394,113,1
SLIM+SIG1,728315b5-039c-11f0-95c3-089df4bf3532,fertility,8,438,0.5,0.0705406665802002,8638.0,0.3076923191547394,113,1
SLIM+SIG1,728315b5-039c-11f0-95c3-089df4bf3532,fertility,8,439,0.5,0.0680227279663086,8763.0,0.3076923191547394,113,1
SLIM+SIG1,728315b5-039c-11f0-95c3-089df4bf3532,fertility,8,440,0.5,0.07352566719055176,8939.0,0.3076923191547394,113,1
SLIM+SIG1,728315b5-039c-11f0-95c3-089df4bf3532,fertility,8,441,0.5,0.06899905204772949,8689.0,0.3076923191547394,113,1
SLIM+SIG1,728315b5-039c-11f0-95c3-089df4bf3532,fertility,8,442,0.5,0.13428735733032227,8682.0,0.3076923191547394,113,1
SLIM+SIG1,728315b5-039c-11f0-95c3-089df4bf3532,fertility,8,443,0.5,0.06524133682250977,8513.0,0.3076923191547394,113,1
SLIM+SIG1,728315b5-039c-11f0-95c3-089df4bf3532,fertility,8,444,0.5,0.07168078422546387,9105.0,0.3076923191547394,113,1
SLIM+SIG1,728315b5-039c-11f0-95c3-089df4bf3532,fertility,8,445,0.5,0.06752157211303711,9169.0,0.3076923191547394,113,1
SLIM+SIG1,728315b5-039c-11f0-95c3-089df4bf3532,fertility,8,446,0.5,0.06908273696899414,8082.0,0.3076923191547394,113,1
SLIM+SIG1,728315b5-039c-11f0-95c3-089df4bf3532,fertility,8,447,0.5,0.0666189193725586,7545.0,0.3076923191547394,113,1
SLIM+SIG1,728315b5-039c-11f0-95c3-089df4bf3532,fertility,8,448,0.5,0.06698036193847656,7575.0,0.3076923191547394,113,1
SLIM+SIG1,728315b5-039c-11f0-95c3-089df4bf3532,fertility,8,449,0.5,0.06989550590515137,8039.0,0.3076923191547394,113,1
SLIM+SIG1,728315b5-039c-11f0-95c3-089df4bf3532,fertility,8,450,0.5,0.06471610069274902,7869.0,0.3076923191547394,113,1
SLIM+SIG1,728315b5-039c-11f0-95c3-089df4bf3532,fertility,8,451,0.5,0.06482219696044922,7787.0,0.3076923191547394,113,1
SLIM+SIG1,728315b5-039c-11f0-95c3-089df4bf3532,fertility,8,452,0.5,0.06990718841552734,6858.0,0.3076923191547394,113,1
SLIM+SIG1,728315b5-039c-11f0-95c3-089df4bf3532,fertility,8,453,0.5,0.068511962890625,6306.0,0.3076923191547394,113,1
SLIM+SIG1,728315b5-039c-11f0-95c3-089df4bf3532,fertility,8,454,0.5,0.06890869140625,5844.0,0.3076923191547394,113,1
SLIM+SIG1,728315b5-039c-11f0-95c3-089df4bf3532,fertility,8,455,0.5,0.0657198429107666,5516.0,0.3076923191547394,113,1
SLIM+SIG1,728315b5-039c-11f0-95c3-089df4bf3532,fertility,8,456,0.5,0.06092357635498047,5286.0,0.3076923191547394,113,1
SLIM+SIG1,728315b5-039c-11f0-95c3-089df4bf3532,fertility,8,457,0.5,0.06650543212890625,6342.0,0.3076923191547394,113,1
SLIM+SIG1,728315b5-039c-11f0-95c3-089df4bf3532,fertility,8,458,0.5,0.07158803939819336,6366.0,0.3076923191547394,113,1
SLIM+SIG1,728315b5-039c-11f0-95c3-089df4bf3532,fertility,8,459,0.5,0.06799793243408203,5783.0,0.3076923191547394,113,1
SLIM+SIG1,728315b5-039c-11f0-95c3-089df4bf3532,fertility,8,460,0.5,0.0665276050567627,5596.0,0.3076923191547394,113,1
SLIM+SIG1,728315b5-039c-11f0-95c3-089df4bf3532,fertility,8,461,0.5,0.0743556022644043,5574.0,0.3076923191547394,113,1
SLIM+SIG1,728315b5-039c-11f0-95c3-089df4bf3532,fertility,8,462,0.5,0.07062196731567383,5495.0,0.3076923191547394,113,1
SLIM+SIG1,728315b5-039c-11f0-95c3-089df4bf3532,fertility,8,463,0.5,0.0625762939453125,5836.0,0.3076923191547394,113,1
SLIM+SIG1,728315b5-039c-11f0-95c3-089df4bf3532,fertility,8,464,0.5,0.06193900108337402,6080.0,0.3076923191547394,113,1
SLIM+SIG1,728315b5-039c-11f0-95c3-089df4bf3532,fertility,8,465,0.5,0.0621037483215332,5242.0,0.3076923191547394,113,1
SLIM+SIG1,728315b5-039c-11f0-95c3-089df4bf3532,fertility,8,466,0.5,0.06572842597961426,5638.0,0.3076923191547394,113,1
SLIM+SIG1,728315b5-039c-11f0-95c3-089df4bf3532,fertility,8,467,0.5,0.06562495231628418,5792.0,0.3076923191547394,113,1
SLIM+SIG1,728315b5-039c-11f0-95c3-089df4bf3532,fertility,8,468,0.5,0.07200407981872559,6496.0,0.3076923191547394,113,1
SLIM+SIG1,728315b5-039c-11f0-95c3-089df4bf3532,fertility,8,469,0.5,0.06656408309936523,7244.0,0.3076923191547394,113,1
SLIM+SIG1,728315b5-039c-11f0-95c3-089df4bf3532,fertility,8,470,0.5,0.06972932815551758,6650.0,0.3076923191547394,113,1
SLIM+SIG1,728315b5-039c-11f0-95c3-089df4bf3532,fertility,8,471,0.5,0.06910824775695801,6775.0,0.3076923191547394,113,1
SLIM+SIG1,728315b5-039c-11f0-95c3-089df4bf3532,fertility,8,472,0.5,0.06278729438781738,5686.0,0.3076923191547394,113,1
SLIM+SIG1,728315b5-039c-11f0-95c3-089df4bf3532,fertility,8,473,0.5,0.06483936309814453,5101.0,0.3076923191547394,113,1
SLIM+SIG1,728315b5-039c-11f0-95c3-089df4bf3532,fertility,8,474,0.5,0.06731104850769043,5052.0,0.3076923191547394,113,1
SLIM+SIG1,728315b5-039c-11f0-95c3-089df4bf3532,fertility,8,475,0.5,0.06534695625305176,4975.0,0.3076923191547394,113,1
SLIM+SIG1,728315b5-039c-11f0-95c3-089df4bf3532,fertility,8,476,0.5,0.0647268295288086,4502.0,0.3076923191547394,113,1
SLIM+SIG1,728315b5-039c-11f0-95c3-089df4bf3532,fertility,8,477,0.5,0.06211113929748535,3763.0,0.3076923191547394,113,1
SLIM+SIG1,728315b5-039c-11f0-95c3-089df4bf3532,fertility,8,478,0.5,0.06371331214904785,3262.0,0.3076923191547394,113,1
SLIM+SIG1,728315b5-039c-11f0-95c3-089df4bf3532,fertility,8,479,0.5,0.06073451042175293,2877.0,0.3076923191547394,113,1
SLIM+SIG1,728315b5-039c-11f0-95c3-089df4bf3532,fertility,8,480,0.5,0.0620121955871582,2844.0,0.3076923191547394,113,1
SLIM+SIG1,728315b5-039c-11f0-95c3-089df4bf3532,fertility,8,481,0.5,0.06376886367797852,2681.0,0.3076923191547394,113,1
SLIM+SIG1,728315b5-039c-11f0-95c3-089df4bf3532,fertility,8,482,0.5,0.05853390693664551,1865.0,0.3076923191547394,113,1
SLIM+SIG1,728315b5-039c-11f0-95c3-089df4bf3532,fertility,8,483,0.5,0.05601954460144043,1876.0,0.3076923191547394,113,1
SLIM+SIG1,728315b5-039c-11f0-95c3-089df4bf3532,fertility,8,484,0.5,0.06371045112609863,2283.0,0.3076923191547394,113,1
SLIM+SIG1,728315b5-039c-11f0-95c3-089df4bf3532,fertility,8,485,0.5,0.06194567680358887,3515.0,0.3076923191547394,113,1
SLIM+SIG1,728315b5-039c-11f0-95c3-089df4bf3532,fertility,8,486,0.5,0.06254911422729492,4045.0,0.3076923191547394,113,1
SLIM+SIG1,728315b5-039c-11f0-95c3-089df4bf3532,fertility,8,487,0.5,0.058565378189086914,5041.0,0.3076923191547394,113,1
SLIM+SIG1,728315b5-039c-11f0-95c3-089df4bf3532,fertility,8,488,0.5,0.06211233139038086,5255.0,0.3076923191547394,113,1
SLIM+SIG1,728315b5-039c-11f0-95c3-089df4bf3532,fertility,8,489,0.5,0.06578874588012695,5297.0,0.3076923191547394,113,1
SLIM+SIG1,728315b5-039c-11f0-95c3-089df4bf3532,fertility,8,490,0.5,0.06352615356445312,4571.0,0.3076923191547394,113,1
SLIM+SIG1,728315b5-039c-11f0-95c3-089df4bf3532,fertility,8,491,0.5,0.06400799751281738,4967.0,0.3076923191547394,113,1
SLIM+SIG1,728315b5-039c-11f0-95c3-089df4bf3532,fertility,8,492,0.5,0.06485605239868164,5099.0,0.3076923191547394,113,1
SLIM+SIG1,728315b5-039c-11f0-95c3-089df4bf3532,fertility,8,493,0.5,0.07012081146240234,4868.0,0.3076923191547394,113,1
SLIM+SIG1,728315b5-039c-11f0-95c3-089df4bf3532,fertility,8,494,0.5,0.06525516510009766,4307.0,0.3076923191547394,113,1
SLIM+SIG1,728315b5-039c-11f0-95c3-089df4bf3532,fertility,8,495,0.5,0.06441926956176758,3614.0,0.3076923191547394,113,1
SLIM+SIG1,728315b5-039c-11f0-95c3-089df4bf3532,fertility,8,496,0.5,0.0648493766784668,3658.0,0.3076923191547394,113,1
SLIM+SIG1,728315b5-039c-11f0-95c3-089df4bf3532,fertility,8,497,0.5,0.06100034713745117,3647.0,0.3076923191547394,113,1
SLIM+SIG1,728315b5-039c-11f0-95c3-089df4bf3532,fertility,8,498,0.5,0.06320357322692871,3836.0,0.3076923191547394,113,1
SLIM+SIG1,728315b5-039c-11f0-95c3-089df4bf3532,fertility,8,499,0.5,0.0652170181274414,3768.0,0.3076923191547394,113,1
SLIM+SIG1,728315b5-039c-11f0-95c3-089df4bf3532,fertility,8,500,0.5,0.06229424476623535,3515.0,0.3076923191547394,113,1
SLIM+SIG1,728315b5-039c-11f0-95c3-089df4bf3532,fertility,9,0,0.3870967924594879,0.10314202308654785,2680.0,0.0,63,1
SLIM+SIG1,728315b5-039c-11f0-95c3-089df4bf3532,fertility,9,1,0.4000000059604645,0.09041142463684082,5550.0,0.1538461595773697,74,1
SLIM+SIG1,728315b5-039c-11f0-95c3-089df4bf3532,fertility,9,2,0.5,0.09145164489746094,8012.0,0.25,25,1
SLIM+SIG1,728315b5-039c-11f0-95c3-089df4bf3532,fertility,9,3,0.5,0.0899653434753418,10764.0,0.25,25,1
SLIM+SIG1,728315b5-039c-11f0-95c3-089df4bf3532,fertility,9,4,0.5,0.09077334403991699,13720.0,0.25,25,1
SLIM+SIG1,728315b5-039c-11f0-95c3-089df4bf3532,fertility,9,5,0.5,0.09361696243286133,17202.0,0.25,25,1
SLIM+SIG1,728315b5-039c-11f0-95c3-089df4bf3532,fertility,9,6,0.5,0.09472537040710449,19775.0,0.25,25,1
SLIM+SIG1,728315b5-039c-11f0-95c3-089df4bf3532,fertility,9,7,0.5,0.09784626960754395,23856.0,0.25,25,1
SLIM+SIG1,728315b5-039c-11f0-95c3-089df4bf3532,fertility,9,8,0.5,0.09856390953063965,27102.0,0.25,25,1
SLIM+SIG1,728315b5-039c-11f0-95c3-089df4bf3532,fertility,9,9,0.5,0.09645295143127441,29532.0,0.25,25,1
SLIM+SIG1,728315b5-039c-11f0-95c3-089df4bf3532,fertility,9,10,0.5,0.08673310279846191,30467.0,0.25,25,1
SLIM+SIG1,728315b5-039c-11f0-95c3-089df4bf3532,fertility,9,11,0.5,0.06600356101989746,30615.0,0.25,25,1
SLIM+SIG1,728315b5-039c-11f0-95c3-089df4bf3532,fertility,9,12,0.5,0.05965828895568848,30529.0,0.25,25,1
SLIM+SIG1,728315b5-039c-11f0-95c3-089df4bf3532,fertility,9,13,0.5,0.05971026420593262,31333.0,0.25,25,1
SLIM+SIG1,728315b5-039c-11f0-95c3-089df4bf3532,fertility,9,14,0.5,0.061219215393066406,31597.0,0.25,25,1
SLIM+SIG1,728315b5-039c-11f0-95c3-089df4bf3532,fertility,9,15,0.5,0.058751583099365234,31251.0,0.25,25,1
SLIM+SIG1,728315b5-039c-11f0-95c3-089df4bf3532,fertility,9,16,0.5,0.058225154876708984,30357.0,0.25,25,1
SLIM+SIG1,728315b5-039c-11f0-95c3-089df4bf3532,fertility,9,17,0.5,0.06173229217529297,29768.0,0.25,25,1
SLIM+SIG1,728315b5-039c-11f0-95c3-089df4bf3532,fertility,9,18,0.5,0.05954718589782715,29140.0,0.25,25,1
SLIM+SIG1,728315b5-039c-11f0-95c3-089df4bf3532,fertility,9,19,0.5,0.06023240089416504,27932.0,0.25,25,1
SLIM+SIG1,728315b5-039c-11f0-95c3-089df4bf3532,fertility,9,20,0.5,0.06721186637878418,24954.0,0.25,25,1
SLIM+SIG1,728315b5-039c-11f0-95c3-089df4bf3532,fertility,9,21,0.5,0.06678175926208496,23344.0,0.25,25,1
SLIM+SIG1,728315b5-039c-11f0-95c3-089df4bf3532,fertility,9,22,0.5333333611488342,0.06130266189575195,22509.0,0.2857142686843872,104,1
SLIM+SIG1,728315b5-039c-11f0-95c3-089df4bf3532,fertility,9,23,0.5333333611488342,0.06073808670043945,22799.0,0.2857142686843872,104,1
SLIM+SIG1,728315b5-039c-11f0-95c3-089df4bf3532,fertility,9,24,0.5333333611488342,0.06205940246582031,23133.0,0.2857142686843872,104,1
SLIM+SIG1,728315b5-039c-11f0-95c3-089df4bf3532,fertility,9,25,0.5333333611488342,0.05727815628051758,23878.0,0.2857142686843872,104,1
SLIM+SIG1,728315b5-039c-11f0-95c3-089df4bf3532,fertility,9,26,0.5333333611488342,0.06049656867980957,24367.0,0.2857142686843872,104,1
SLIM+SIG1,728315b5-039c-11f0-95c3-089df4bf3532,fertility,9,27,0.5333333611488342,0.05922675132751465,25325.0,0.2857142686843872,104,1
SLIM+SIG1,728315b5-039c-11f0-95c3-089df4bf3532,fertility,9,28,0.5333333611488342,0.06162667274475098,25473.0,0.2857142686843872,104,1
SLIM+SIG1,728315b5-039c-11f0-95c3-089df4bf3532,fertility,9,29,0.5333333611488342,0.06254053115844727,24451.0,0.2857142686843872,104,1
SLIM+SIG1,728315b5-039c-11f0-95c3-089df4bf3532,fertility,9,30,0.5333333611488342,0.0590059757232666,23270.0,0.2857142686843872,104,1
SLIM+SIG1,728315b5-039c-11f0-95c3-089df4bf3532,fertility,9,31,0.5333333611488342,0.0626225471496582,22978.0,0.2857142686843872,104,1
SLIM+SIG1,728315b5-039c-11f0-95c3-089df4bf3532,fertility,9,32,0.5333333611488342,0.057477712631225586,22794.0,0.2857142686843872,104,1
SLIM+SIG1,728315b5-039c-11f0-95c3-089df4bf3532,fertility,9,33,0.5333333611488342,0.06250643730163574,22741.0,0.2857142686843872,104,1
SLIM+SIG1,728315b5-039c-11f0-95c3-089df4bf3532,fertility,9,34,0.5333333611488342,0.06080484390258789,22827.0,0.2857142686843872,104,1
SLIM+SIG1,728315b5-039c-11f0-95c3-089df4bf3532,fertility,9,35,0.5333333611488342,0.05711865425109863,22899.0,0.2857142686843872,104,1
SLIM+SIG1,728315b5-039c-11f0-95c3-089df4bf3532,fertility,9,36,0.5333333611488342,0.06198477745056152,22833.0,0.2857142686843872,104,1
SLIM+SIG1,728315b5-039c-11f0-95c3-089df4bf3532,fertility,9,37,0.5333333611488342,0.06060361862182617,22798.0,0.2857142686843872,104,1
SLIM+SIG1,728315b5-039c-11f0-95c3-089df4bf3532,fertility,9,38,0.5333333611488342,0.05913662910461426,22772.0,0.2857142686843872,104,1
SLIM+SIG1,728315b5-039c-11f0-95c3-089df4bf3532,fertility,9,39,0.5333333611488342,0.06075263023376465,22758.0,0.2857142686843872,104,1
SLIM+SIG1,728315b5-039c-11f0-95c3-089df4bf3532,fertility,9,40,0.5333333611488342,0.0631711483001709,22829.0,0.2857142686843872,104,1
SLIM+SIG1,728315b5-039c-11f0-95c3-089df4bf3532,fertility,9,41,0.5333333611488342,0.05405735969543457,22822.0,0.2857142686843872,104,1
SLIM+SIG1,728315b5-039c-11f0-95c3-089df4bf3532,fertility,9,42,0.5714285373687744,0.058358192443847656,22822.0,0.2857142686843872,115,1
SLIM+SIG1,728315b5-039c-11f0-95c3-089df4bf3532,fertility,9,43,0.5714285373687744,0.059149742126464844,22844.0,0.2857142686843872,115,1
SLIM+SIG1,728315b5-039c-11f0-95c3-089df4bf3532,fertility,9,44,0.5714285373687744,0.0570065975189209,22840.0,0.2857142686843872,115,1
SLIM+SIG1,728315b5-039c-11f0-95c3-089df4bf3532,fertility,9,45,0.5714285373687744,0.06090116500854492,22868.0,0.2857142686843872,115,1
SLIM+SIG1,728315b5-039c-11f0-95c3-089df4bf3532,fertility,9,46,0.5714285373687744,0.05878257751464844,22796.0,0.2857142686843872,115,1
SLIM+SIG1,728315b5-039c-11f0-95c3-089df4bf3532,fertility,9,47,0.5714285373687744,0.057674407958984375,22754.0,0.2857142686843872,115,1
SLIM+SIG1,728315b5-039c-11f0-95c3-089df4bf3532,fertility,9,48,0.5714285373687744,0.060027122497558594,22791.0,0.2857142686843872,115,1
SLIM+SIG1,728315b5-039c-11f0-95c3-089df4bf3532,fertility,9,49,0.5714285373687744,0.0625147819519043,22798.0,0.2857142686843872,115,1
SLIM+SIG1,728315b5-039c-11f0-95c3-089df4bf3532,fertility,9,50,0.5714285373687744,0.06111288070678711,22785.0,0.2857142686843872,115,1
SLIM+SIG1,728315b5-039c-11f0-95c3-089df4bf3532,fertility,9,51,0.5714285373687744,0.060646772384643555,22681.0,0.2857142686843872,115,1
SLIM+SIG1,728315b5-039c-11f0-95c3-089df4bf3532,fertility,9,52,0.5714285373687744,0.06385660171508789,22787.0,0.2857142686843872,115,1
SLIM+SIG1,728315b5-039c-11f0-95c3-089df4bf3532,fertility,9,53,0.5714285373687744,0.05710339546203613,22715.0,0.2857142686843872,115,1
SLIM+SIG1,728315b5-039c-11f0-95c3-089df4bf3532,fertility,9,54,0.5714285373687744,0.06190800666809082,22770.0,0.2857142686843872,115,1
SLIM+SIG1,728315b5-039c-11f0-95c3-089df4bf3532,fertility,9,55,0.5714285373687744,0.06305265426635742,22807.0,0.2857142686843872,115,1
SLIM+SIG1,728315b5-039c-11f0-95c3-089df4bf3532,fertility,9,56,0.5714285373687744,0.06675004959106445,22787.0,0.2857142686843872,115,1
SLIM+SIG1,728315b5-039c-11f0-95c3-089df4bf3532,fertility,9,57,0.5714285373687744,0.06431746482849121,22787.0,0.2857142686843872,115,1
SLIM+SIG1,728315b5-039c-11f0-95c3-089df4bf3532,fertility,9,58,0.5714285373687744,0.061983346939086914,22901.0,0.2857142686843872,115,1
SLIM+SIG1,728315b5-039c-11f0-95c3-089df4bf3532,fertility,9,59,0.5714285373687744,0.06250214576721191,22730.0,0.2857142686843872,115,1
SLIM+SIG1,728315b5-039c-11f0-95c3-089df4bf3532,fertility,9,60,0.5714285373687744,0.059511423110961914,22789.0,0.2857142686843872,115,1
SLIM+SIG1,728315b5-039c-11f0-95c3-089df4bf3532,fertility,9,61,0.5714285373687744,0.06322693824768066,22798.0,0.2857142686843872,115,1
SLIM+SIG1,728315b5-039c-11f0-95c3-089df4bf3532,fertility,9,62,0.5714285373687744,0.0646216869354248,22651.0,0.2857142686843872,115,1
SLIM+SIG1,728315b5-039c-11f0-95c3-089df4bf3532,fertility,9,63,0.5714285373687744,0.06563973426818848,22625.0,0.2857142686843872,115,1
SLIM+SIG1,728315b5-039c-11f0-95c3-089df4bf3532,fertility,9,64,0.5714285373687744,0.060891151428222656,22739.0,0.2857142686843872,115,1
SLIM+SIG1,728315b5-039c-11f0-95c3-089df4bf3532,fertility,9,65,0.5714285373687744,0.06458163261413574,22654.0,0.2857142686843872,115,1
SLIM+SIG1,728315b5-039c-11f0-95c3-089df4bf3532,fertility,9,66,0.5714285373687744,0.0635838508605957,22713.0,0.2857142686843872,115,1
SLIM+SIG1,728315b5-039c-11f0-95c3-089df4bf3532,fertility,9,67,0.5714285373687744,0.06300163269042969,22721.0,0.2857142686843872,115,1
SLIM+SIG1,728315b5-039c-11f0-95c3-089df4bf3532,fertility,9,68,0.5714285373687744,0.06384062767028809,22662.0,0.2857142686843872,115,1
SLIM+SIG1,728315b5-039c-11f0-95c3-089df4bf3532,fertility,9,69,0.5714285373687744,0.06410384178161621,22655.0,0.2857142686843872,115,1
SLIM+SIG1,728315b5-039c-11f0-95c3-089df4bf3532,fertility,9,70,0.5714285373687744,0.05989265441894531,22620.0,0.2857142686843872,115,1
SLIM+SIG1,728315b5-039c-11f0-95c3-089df4bf3532,fertility,9,71,0.5714285373687744,0.06068778038024902,22629.0,0.2857142686843872,115,1
SLIM+SIG1,728315b5-039c-11f0-95c3-089df4bf3532,fertility,9,72,0.5714285373687744,0.06310796737670898,22620.0,0.2857142686843872,115,1
SLIM+SIG1,728315b5-039c-11f0-95c3-089df4bf3532,fertility,9,73,0.5714285373687744,0.061173439025878906,22675.0,0.2857142686843872,115,1
SLIM+SIG1,728315b5-039c-11f0-95c3-089df4bf3532,fertility,9,74,0.5714285373687744,0.06489109992980957,22664.0,0.2857142686843872,115,1
SLIM+SIG1,728315b5-039c-11f0-95c3-089df4bf3532,fertility,9,75,0.5714285373687744,0.06212878227233887,22603.0,0.2857142686843872,115,1
SLIM+SIG1,728315b5-039c-11f0-95c3-089df4bf3532,fertility,9,76,0.5714285373687744,0.06247115135192871,22690.0,0.2857142686843872,115,1
SLIM+SIG1,728315b5-039c-11f0-95c3-089df4bf3532,fertility,9,77,0.5714285373687744,0.06351041793823242,22699.0,0.2857142686843872,115,1
SLIM+SIG1,728315b5-039c-11f0-95c3-089df4bf3532,fertility,9,78,0.5714285373687744,0.06043052673339844,22559.0,0.2857142686843872,115,1
SLIM+SIG1,728315b5-039c-11f0-95c3-089df4bf3532,fertility,9,79,0.5714285373687744,0.06151604652404785,22587.0,0.2857142686843872,115,1
SLIM+SIG1,728315b5-039c-11f0-95c3-089df4bf3532,fertility,9,80,0.5714285373687744,0.06236600875854492,22572.0,0.2857142686843872,115,1
SLIM+SIG1,728315b5-039c-11f0-95c3-089df4bf3532,fertility,9,81,0.5714285373687744,0.06125140190124512,22565.0,0.2857142686843872,115,1
SLIM+SIG1,728315b5-039c-11f0-95c3-089df4bf3532,fertility,9,82,0.5714285373687744,0.06305074691772461,22686.0,0.2857142686843872,115,1
SLIM+SIG1,728315b5-039c-11f0-95c3-089df4bf3532,fertility,9,83,0.5714285373687744,0.059474945068359375,22554.0,0.2857142686843872,115,1
SLIM+SIG1,728315b5-039c-11f0-95c3-089df4bf3532,fertility,9,84,0.5714285373687744,0.059613943099975586,22651.0,0.2857142686843872,115,1
SLIM+SIG1,728315b5-039c-11f0-95c3-089df4bf3532,fertility,9,85,0.5714285373687744,0.06027102470397949,22638.0,0.2857142686843872,115,1
SLIM+SIG1,728315b5-039c-11f0-95c3-089df4bf3532,fertility,9,86,0.5714285373687744,0.06110191345214844,22607.0,0.2857142686843872,115,1
SLIM+SIG1,728315b5-039c-11f0-95c3-089df4bf3532,fertility,9,87,0.5714285373687744,0.059760093688964844,22673.0,0.2857142686843872,115,1
SLIM+SIG1,728315b5-039c-11f0-95c3-089df4bf3532,fertility,9,88,0.5714285373687744,0.06211376190185547,22605.0,0.2857142686843872,115,1
SLIM+SIG1,728315b5-039c-11f0-95c3-089df4bf3532,fertility,9,89,0.5714285373687744,0.06645798683166504,22535.0,0.2857142686843872,115,1
SLIM+SIG1,728315b5-039c-11f0-95c3-089df4bf3532,fertility,9,90,0.5714285373687744,0.06584572792053223,22527.0,0.2857142686843872,115,1
SLIM+SIG1,728315b5-039c-11f0-95c3-089df4bf3532,fertility,9,91,0.5714285373687744,0.0636293888092041,22617.0,0.2857142686843872,115,1
SLIM+SIG1,728315b5-039c-11f0-95c3-089df4bf3532,fertility,9,92,0.5714285373687744,0.0595393180847168,22557.0,0.2857142686843872,115,1
SLIM+SIG1,728315b5-039c-11f0-95c3-089df4bf3532,fertility,9,93,0.5714285373687744,0.06163644790649414,22484.0,0.2857142686843872,115,1
SLIM+SIG1,728315b5-039c-11f0-95c3-089df4bf3532,fertility,9,94,0.5714285373687744,0.06199955940246582,22523.0,0.2857142686843872,115,1
SLIM+SIG1,728315b5-039c-11f0-95c3-089df4bf3532,fertility,9,95,0.5714285373687744,0.059712886810302734,22441.0,0.2857142686843872,115,1
SLIM+SIG1,728315b5-039c-11f0-95c3-089df4bf3532,fertility,9,96,0.5714285373687744,0.06172633171081543,22561.0,0.2857142686843872,115,1
SLIM+SIG1,728315b5-039c-11f0-95c3-089df4bf3532,fertility,9,97,0.5714285373687744,0.06512570381164551,22552.0,0.2857142686843872,115,1
SLIM+SIG1,728315b5-039c-11f0-95c3-089df4bf3532,fertility,9,98,0.5714285373687744,0.06023120880126953,22442.0,0.2857142686843872,115,1
SLIM+SIG1,728315b5-039c-11f0-95c3-089df4bf3532,fertility,9,99,0.5714285373687744,0.06010794639587402,22539.0,0.2857142686843872,115,1
SLIM+SIG1,728315b5-039c-11f0-95c3-089df4bf3532,fertility,9,100,0.5714285373687744,0.06577277183532715,22468.0,0.2857142686843872,115,1
SLIM+SIG1,728315b5-039c-11f0-95c3-089df4bf3532,fertility,9,101,0.5714285373687744,0.058908700942993164,22587.0,0.2857142686843872,115,1
SLIM+SIG1,728315b5-039c-11f0-95c3-089df4bf3532,fertility,9,102,0.5714285373687744,0.05699586868286133,22534.0,0.2857142686843872,115,1
SLIM+SIG1,728315b5-039c-11f0-95c3-089df4bf3532,fertility,9,103,0.5714285373687744,0.058747053146362305,22594.0,0.2857142686843872,115,1
SLIM+SIG1,728315b5-039c-11f0-95c3-089df4bf3532,fertility,9,104,0.5714285373687744,0.12936735153198242,22581.0,0.2857142686843872,115,1
SLIM+SIG1,728315b5-039c-11f0-95c3-089df4bf3532,fertility,9,105,0.5714285373687744,0.061837196350097656,22234.0,0.2857142686843872,115,1
SLIM+SIG1,728315b5-039c-11f0-95c3-089df4bf3532,fertility,9,106,0.5714285373687744,0.06770992279052734,22482.0,0.2857142686843872,115,1
SLIM+SIG1,728315b5-039c-11f0-95c3-089df4bf3532,fertility,9,107,0.5714285373687744,0.06400585174560547,22536.0,0.2857142686843872,115,1
SLIM+SIG1,728315b5-039c-11f0-95c3-089df4bf3532,fertility,9,108,0.5714285373687744,0.05866575241088867,22488.0,0.2857142686843872,115,1
SLIM+SIG1,728315b5-039c-11f0-95c3-089df4bf3532,fertility,9,109,0.5714285373687744,0.06113886833190918,22442.0,0.2857142686843872,115,1
SLIM+SIG1,728315b5-039c-11f0-95c3-089df4bf3532,fertility,9,110,0.5714285373687744,0.06477832794189453,22447.0,0.2857142686843872,115,1
SLIM+SIG1,728315b5-039c-11f0-95c3-089df4bf3532,fertility,9,111,0.5714285373687744,0.06037116050720215,22596.0,0.2857142686843872,115,1
SLIM+SIG1,728315b5-039c-11f0-95c3-089df4bf3532,fertility,9,112,0.5714285373687744,0.06406831741333008,22457.0,0.2857142686843872,115,1
SLIM+SIG1,728315b5-039c-11f0-95c3-089df4bf3532,fertility,9,113,0.5714285373687744,0.060951948165893555,22495.0,0.2857142686843872,115,1
SLIM+SIG1,728315b5-039c-11f0-95c3-089df4bf3532,fertility,9,114,0.5714285373687744,0.06361913681030273,22539.0,0.2857142686843872,115,1
SLIM+SIG1,728315b5-039c-11f0-95c3-089df4bf3532,fertility,9,115,0.5714285373687744,0.061263322830200195,22484.0,0.2857142686843872,115,1
SLIM+SIG1,728315b5-039c-11f0-95c3-089df4bf3532,fertility,9,116,0.5714285373687744,0.06283426284790039,22326.0,0.2857142686843872,115,1
SLIM+SIG1,728315b5-039c-11f0-95c3-089df4bf3532,fertility,9,117,0.5714285373687744,0.06111311912536621,22544.0,0.2857142686843872,115,1
SLIM+SIG1,728315b5-039c-11f0-95c3-089df4bf3532,fertility,9,118,0.5714285373687744,0.061448097229003906,22333.0,0.2857142686843872,115,1
SLIM+SIG1,728315b5-039c-11f0-95c3-089df4bf3532,fertility,9,119,0.5714285373687744,0.06545472145080566,22532.0,0.2857142686843872,115,1
SLIM+SIG1,728315b5-039c-11f0-95c3-089df4bf3532,fertility,9,120,0.5714285373687744,0.062226295471191406,22442.0,0.2857142686843872,115,1
SLIM+SIG1,728315b5-039c-11f0-95c3-089df4bf3532,fertility,9,121,0.5714285373687744,0.06171607971191406,22345.0,0.2857142686843872,115,1
SLIM+SIG1,728315b5-039c-11f0-95c3-089df4bf3532,fertility,9,122,0.5714285373687744,0.06857013702392578,22278.0,0.2857142686843872,115,1
SLIM+SIG1,728315b5-039c-11f0-95c3-089df4bf3532,fertility,9,123,0.5714285373687744,0.06861257553100586,22433.0,0.2857142686843872,115,1
SLIM+SIG1,728315b5-039c-11f0-95c3-089df4bf3532,fertility,9,124,0.5714285373687744,0.062191009521484375,22438.0,0.2857142686843872,115,1
SLIM+SIG1,728315b5-039c-11f0-95c3-089df4bf3532,fertility,9,125,0.5714285373687744,0.062026023864746094,22484.0,0.2857142686843872,115,1
SLIM+SIG1,728315b5-039c-11f0-95c3-089df4bf3532,fertility,9,126,0.5714285373687744,0.06415557861328125,22420.0,0.2857142686843872,115,1
SLIM+SIG1,728315b5-039c-11f0-95c3-089df4bf3532,fertility,9,127,0.5714285373687744,0.06682825088500977,22416.0,0.2857142686843872,115,1
SLIM+SIG1,728315b5-039c-11f0-95c3-089df4bf3532,fertility,9,128,0.5714285373687744,0.06394195556640625,22368.0,0.2857142686843872,115,1
SLIM+SIG1,728315b5-039c-11f0-95c3-089df4bf3532,fertility,9,129,0.5714285373687744,0.06589531898498535,22322.0,0.2857142686843872,115,1
SLIM+SIG1,728315b5-039c-11f0-95c3-089df4bf3532,fertility,9,130,0.5714285373687744,0.06351065635681152,22360.0,0.2857142686843872,115,1
SLIM+SIG1,728315b5-039c-11f0-95c3-089df4bf3532,fertility,9,131,0.5714285373687744,0.06500983238220215,22437.0,0.2857142686843872,115,1
SLIM+SIG1,728315b5-039c-11f0-95c3-089df4bf3532,fertility,9,132,0.5714285373687744,0.06399869918823242,22269.0,0.2857142686843872,115,1
SLIM+SIG1,728315b5-039c-11f0-95c3-089df4bf3532,fertility,9,133,0.5714285373687744,0.0638573169708252,22343.0,0.2857142686843872,115,1
SLIM+SIG1,728315b5-039c-11f0-95c3-089df4bf3532,fertility,9,134,0.5714285373687744,0.0646216869354248,22357.0,0.2857142686843872,115,1
SLIM+SIG1,728315b5-039c-11f0-95c3-089df4bf3532,fertility,9,135,0.5714285373687744,0.06102156639099121,22274.0,0.2857142686843872,115,1
SLIM+SIG1,728315b5-039c-11f0-95c3-089df4bf3532,fertility,9,136,0.5714285373687744,0.061829566955566406,22287.0,0.2857142686843872,115,1
SLIM+SIG1,728315b5-039c-11f0-95c3-089df4bf3532,fertility,9,137,0.5714285373687744,0.06621503829956055,22361.0,0.2857142686843872,115,1
SLIM+SIG1,728315b5-039c-11f0-95c3-089df4bf3532,fertility,9,138,0.5714285373687744,0.06317687034606934,22331.0,0.2857142686843872,115,1
SLIM+SIG1,728315b5-039c-11f0-95c3-089df4bf3532,fertility,9,139,0.5714285373687744,0.06373047828674316,22398.0,0.2857142686843872,115,1
SLIM+SIG1,728315b5-039c-11f0-95c3-089df4bf3532,fertility,9,140,0.5714285373687744,0.06481170654296875,22290.0,0.2857142686843872,115,1
SLIM+SIG1,728315b5-039c-11f0-95c3-089df4bf3532,fertility,9,141,0.5714285373687744,0.06482553482055664,22345.0,0.2857142686843872,115,1
SLIM+SIG1,728315b5-039c-11f0-95c3-089df4bf3532,fertility,9,142,0.5714285373687744,0.06273937225341797,22207.0,0.2857142686843872,115,1
SLIM+SIG1,728315b5-039c-11f0-95c3-089df4bf3532,fertility,9,143,0.5714285373687744,0.06489109992980957,22179.0,0.2857142686843872,115,1
SLIM+SIG1,728315b5-039c-11f0-95c3-089df4bf3532,fertility,9,144,0.5714285373687744,0.06262898445129395,22264.0,0.2857142686843872,115,1
SLIM+SIG1,728315b5-039c-11f0-95c3-089df4bf3532,fertility,9,145,0.5714285373687744,0.061731576919555664,22374.0,0.2857142686843872,115,1
SLIM+SIG1,728315b5-039c-11f0-95c3-089df4bf3532,fertility,9,146,0.5714285373687744,0.0688931941986084,22387.0,0.2857142686843872,115,1
SLIM+SIG1,728315b5-039c-11f0-95c3-089df4bf3532,fertility,9,147,0.5714285373687744,0.06855106353759766,22240.0,0.2857142686843872,115,1
SLIM+SIG1,728315b5-039c-11f0-95c3-089df4bf3532,fertility,9,148,0.5714285373687744,0.06955170631408691,22167.0,0.2857142686843872,115,1
SLIM+SIG1,728315b5-039c-11f0-95c3-089df4bf3532,fertility,9,149,0.5714285373687744,0.06990814208984375,22106.0,0.2857142686843872,115,1
SLIM+SIG1,728315b5-039c-11f0-95c3-089df4bf3532,fertility,9,150,0.5714285373687744,0.07083630561828613,22158.0,0.2857142686843872,115,1
SLIM+SIG1,728315b5-039c-11f0-95c3-089df4bf3532,fertility,9,151,0.5714285373687744,0.0617678165435791,22075.0,0.2857142686843872,115,1
SLIM+SIG1,728315b5-039c-11f0-95c3-089df4bf3532,fertility,9,152,0.5714285373687744,0.06000661849975586,22152.0,0.2857142686843872,115,1
SLIM+SIG1,728315b5-039c-11f0-95c3-089df4bf3532,fertility,9,153,0.5714285373687744,0.06871628761291504,22045.0,0.2857142686843872,115,1
SLIM+SIG1,728315b5-039c-11f0-95c3-089df4bf3532,fertility,9,154,0.5714285373687744,0.0697174072265625,22211.0,0.2857142686843872,115,1
SLIM+SIG1,728315b5-039c-11f0-95c3-089df4bf3532,fertility,9,155,0.5714285373687744,0.06774663925170898,22194.0,0.2857142686843872,115,1
SLIM+SIG1,728315b5-039c-11f0-95c3-089df4bf3532,fertility,9,156,0.5714285373687744,0.06673097610473633,22298.0,0.2857142686843872,115,1
SLIM+SIG1,728315b5-039c-11f0-95c3-089df4bf3532,fertility,9,157,0.5714285373687744,0.06247568130493164,22219.0,0.2857142686843872,115,1
SLIM+SIG1,728315b5-039c-11f0-95c3-089df4bf3532,fertility,9,158,0.5714285373687744,0.06400108337402344,22109.0,0.2857142686843872,115,1
SLIM+SIG1,728315b5-039c-11f0-95c3-089df4bf3532,fertility,9,159,0.5714285373687744,0.06461405754089355,22243.0,0.2857142686843872,115,1
SLIM+SIG1,728315b5-039c-11f0-95c3-089df4bf3532,fertility,9,160,0.5714285373687744,0.06886816024780273,22221.0,0.2857142686843872,115,1
SLIM+SIG1,728315b5-039c-11f0-95c3-089df4bf3532,fertility,9,161,0.5714285373687744,0.06300806999206543,22195.0,0.2857142686843872,115,1
SLIM+SIG1,728315b5-039c-11f0-95c3-089df4bf3532,fertility,9,162,0.5714285373687744,0.06595826148986816,21963.0,0.2857142686843872,115,1
SLIM+SIG1,728315b5-039c-11f0-95c3-089df4bf3532,fertility,9,163,0.5714285373687744,0.06673336029052734,22028.0,0.2857142686843872,115,1
SLIM+SIG1,728315b5-039c-11f0-95c3-089df4bf3532,fertility,9,164,0.5714285373687744,0.06962347030639648,21948.0,0.2857142686843872,115,1
SLIM+SIG1,728315b5-039c-11f0-95c3-089df4bf3532,fertility,9,165,0.5714285373687744,0.06801533699035645,22176.0,0.2857142686843872,115,1
SLIM+SIG1,728315b5-039c-11f0-95c3-089df4bf3532,fertility,9,166,0.5714285373687744,0.06851077079772949,22134.0,0.2857142686843872,115,1
SLIM+SIG1,728315b5-039c-11f0-95c3-089df4bf3532,fertility,9,167,0.5714285373687744,0.06687068939208984,22020.0,0.2857142686843872,115,1
SLIM+SIG1,728315b5-039c-11f0-95c3-089df4bf3532,fertility,9,168,0.5714285373687744,0.0682227611541748,22105.0,0.2857142686843872,115,1
SLIM+SIG1,728315b5-039c-11f0-95c3-089df4bf3532,fertility,9,169,0.5714285373687744,0.06773638725280762,21999.0,0.2857142686843872,115,1
SLIM+SIG1,728315b5-039c-11f0-95c3-089df4bf3532,fertility,9,170,0.5714285373687744,0.06461787223815918,21859.0,0.2857142686843872,115,1
SLIM+SIG1,728315b5-039c-11f0-95c3-089df4bf3532,fertility,9,171,0.5714285373687744,0.06797909736633301,21902.0,0.2857142686843872,115,1
SLIM+SIG1,728315b5-039c-11f0-95c3-089df4bf3532,fertility,9,172,0.5714285373687744,0.06804037094116211,21840.0,0.2857142686843872,115,1
SLIM+SIG1,728315b5-039c-11f0-95c3-089df4bf3532,fertility,9,173,0.5714285373687744,0.06170916557312012,21940.0,0.2857142686843872,115,1
SLIM+SIG1,728315b5-039c-11f0-95c3-089df4bf3532,fertility,9,174,0.5714285373687744,0.06821227073669434,22021.0,0.2857142686843872,115,1
SLIM+SIG1,728315b5-039c-11f0-95c3-089df4bf3532,fertility,9,175,0.5714285373687744,0.06972026824951172,21772.0,0.2857142686843872,115,1
SLIM+SIG1,728315b5-039c-11f0-95c3-089df4bf3532,fertility,9,176,0.5714285373687744,0.06418490409851074,21848.0,0.2857142686843872,115,1
SLIM+SIG1,728315b5-039c-11f0-95c3-089df4bf3532,fertility,9,177,0.5714285373687744,0.06616091728210449,21766.0,0.2857142686843872,115,1
SLIM+SIG1,728315b5-039c-11f0-95c3-089df4bf3532,fertility,9,178,0.5714285373687744,0.07180070877075195,21821.0,0.2857142686843872,115,1
SLIM+SIG1,728315b5-039c-11f0-95c3-089df4bf3532,fertility,9,179,0.5714285373687744,0.06512022018432617,21964.0,0.2857142686843872,115,1
SLIM+SIG1,728315b5-039c-11f0-95c3-089df4bf3532,fertility,9,180,0.5714285373687744,0.07117724418640137,21969.0,0.2857142686843872,115,1
SLIM+SIG1,728315b5-039c-11f0-95c3-089df4bf3532,fertility,9,181,0.5714285373687744,0.06401896476745605,21948.0,0.2857142686843872,115,1
SLIM+SIG1,728315b5-039c-11f0-95c3-089df4bf3532,fertility,9,182,0.5714285373687744,0.06495189666748047,22060.0,0.2857142686843872,115,1
SLIM+SIG1,728315b5-039c-11f0-95c3-089df4bf3532,fertility,9,183,0.5714285373687744,0.06782841682434082,22071.0,0.2857142686843872,115,1
SLIM+SIG1,728315b5-039c-11f0-95c3-089df4bf3532,fertility,9,184,0.5714285373687744,0.06717848777770996,21861.0,0.2857142686843872,115,1
SLIM+SIG1,728315b5-039c-11f0-95c3-089df4bf3532,fertility,9,185,0.5714285373687744,0.06997823715209961,22082.0,0.2857142686843872,115,1
SLIM+SIG1,728315b5-039c-11f0-95c3-089df4bf3532,fertility,9,186,0.5714285373687744,0.07163214683532715,22052.0,0.2857142686843872,115,1
SLIM+SIG1,728315b5-039c-11f0-95c3-089df4bf3532,fertility,9,187,0.5714285373687744,0.07437300682067871,21838.0,0.2857142686843872,115,1
SLIM+SIG1,728315b5-039c-11f0-95c3-089df4bf3532,fertility,9,188,0.5714285373687744,0.07054281234741211,21885.0,0.2857142686843872,115,1
SLIM+SIG1,728315b5-039c-11f0-95c3-089df4bf3532,fertility,9,189,0.5714285373687744,0.06384658813476562,21840.0,0.2857142686843872,115,1
SLIM+SIG1,728315b5-039c-11f0-95c3-089df4bf3532,fertility,9,190,0.5714285373687744,0.0690603256225586,21966.0,0.2857142686843872,115,1
SLIM+SIG1,728315b5-039c-11f0-95c3-089df4bf3532,fertility,9,191,0.5714285373687744,0.06829833984375,21972.0,0.2857142686843872,115,1
SLIM+SIG1,728315b5-039c-11f0-95c3-089df4bf3532,fertility,9,192,0.5714285373687744,0.06914258003234863,21832.0,0.2857142686843872,115,1
SLIM+SIG1,728315b5-039c-11f0-95c3-089df4bf3532,fertility,9,193,0.5714285373687744,0.06961703300476074,21830.0,0.2857142686843872,115,1
SLIM+SIG1,728315b5-039c-11f0-95c3-089df4bf3532,fertility,9,194,0.5714285373687744,0.06600427627563477,21944.0,0.2857142686843872,115,1
SLIM+SIG1,728315b5-039c-11f0-95c3-089df4bf3532,fertility,9,195,0.5714285373687744,0.06902551651000977,22049.0,0.2857142686843872,115,1
SLIM+SIG1,728315b5-039c-11f0-95c3-089df4bf3532,fertility,9,196,0.5714285373687744,0.06653165817260742,21773.0,0.2857142686843872,115,1
SLIM+SIG1,728315b5-039c-11f0-95c3-089df4bf3532,fertility,9,197,0.5714285373687744,0.0709991455078125,21868.0,0.2857142686843872,115,1
SLIM+SIG1,728315b5-039c-11f0-95c3-089df4bf3532,fertility,9,198,0.5714285373687744,0.0738363265991211,21844.0,0.2857142686843872,115,1
SLIM+SIG1,728315b5-039c-11f0-95c3-089df4bf3532,fertility,9,199,0.5714285373687744,0.06763458251953125,21876.0,0.2857142686843872,115,1
SLIM+SIG1,728315b5-039c-11f0-95c3-089df4bf3532,fertility,9,200,0.5714285373687744,0.07059550285339355,21792.0,0.2857142686843872,115,1
SLIM+SIG1,728315b5-039c-11f0-95c3-089df4bf3532,fertility,9,201,0.5714285373687744,0.06636905670166016,21840.0,0.2857142686843872,115,1
SLIM+SIG1,728315b5-039c-11f0-95c3-089df4bf3532,fertility,9,202,0.5714285373687744,0.06785726547241211,21823.0,0.2857142686843872,115,1
SLIM+SIG1,728315b5-039c-11f0-95c3-089df4bf3532,fertility,9,203,0.5714285373687744,0.06672120094299316,21636.0,0.2857142686843872,115,1
SLIM+SIG1,728315b5-039c-11f0-95c3-089df4bf3532,fertility,9,204,0.5714285373687744,0.07100415229797363,21670.0,0.2857142686843872,115,1
SLIM+SIG1,728315b5-039c-11f0-95c3-089df4bf3532,fertility,9,205,0.5714285373687744,0.07140803337097168,21661.0,0.2857142686843872,115,1
SLIM+SIG1,728315b5-039c-11f0-95c3-089df4bf3532,fertility,9,206,0.5714285373687744,0.07248258590698242,21822.0,0.2857142686843872,115,1
SLIM+SIG1,728315b5-039c-11f0-95c3-089df4bf3532,fertility,9,207,0.5714285373687744,0.06769919395446777,21773.0,0.2857142686843872,115,1
SLIM+SIG1,728315b5-039c-11f0-95c3-089df4bf3532,fertility,9,208,0.5714285373687744,0.07355690002441406,21754.0,0.2857142686843872,115,1
SLIM+SIG1,728315b5-039c-11f0-95c3-089df4bf3532,fertility,9,209,0.5714285373687744,0.07022905349731445,21555.0,0.2857142686843872,115,1
SLIM+SIG1,728315b5-039c-11f0-95c3-089df4bf3532,fertility,9,210,0.5714285373687744,0.0716555118560791,21287.0,0.2857142686843872,115,1
SLIM+SIG1,728315b5-039c-11f0-95c3-089df4bf3532,fertility,9,211,0.5714285373687744,0.07006049156188965,21598.0,0.2857142686843872,115,1
SLIM+SIG1,728315b5-039c-11f0-95c3-089df4bf3532,fertility,9,212,0.5714285373687744,0.06755208969116211,21573.0,0.2857142686843872,115,1
SLIM+SIG1,728315b5-039c-11f0-95c3-089df4bf3532,fertility,9,213,0.5714285373687744,0.07047152519226074,21564.0,0.2857142686843872,115,1
SLIM+SIG1,728315b5-039c-11f0-95c3-089df4bf3532,fertility,9,214,0.5714285373687744,0.06818675994873047,21680.0,0.2857142686843872,115,1
SLIM+SIG1,728315b5-039c-11f0-95c3-089df4bf3532,fertility,9,215,0.5714285373687744,0.06711792945861816,21595.0,0.2857142686843872,115,1
SLIM+SIG1,728315b5-039c-11f0-95c3-089df4bf3532,fertility,9,216,0.5714285373687744,0.07363009452819824,21721.0,0.2857142686843872,115,1
SLIM+SIG1,728315b5-039c-11f0-95c3-089df4bf3532,fertility,9,217,0.5714285373687744,0.08079361915588379,21693.0,0.2857142686843872,115,1
SLIM+SIG1,728315b5-039c-11f0-95c3-089df4bf3532,fertility,9,218,0.5714285373687744,0.07172346115112305,21580.0,0.2857142686843872,115,1
SLIM+SIG1,728315b5-039c-11f0-95c3-089df4bf3532,fertility,9,219,0.5714285373687744,0.06860876083374023,21291.0,0.2857142686843872,115,1
SLIM+SIG1,728315b5-039c-11f0-95c3-089df4bf3532,fertility,9,220,0.5714285373687744,0.06761789321899414,21331.0,0.2857142686843872,115,1
SLIM+SIG1,728315b5-039c-11f0-95c3-089df4bf3532,fertility,9,221,0.5714285373687744,0.0708320140838623,21370.0,0.2857142686843872,115,1
SLIM+SIG1,728315b5-039c-11f0-95c3-089df4bf3532,fertility,9,222,0.5714285373687744,0.07290077209472656,21023.0,0.2857142686843872,115,1
SLIM+SIG1,728315b5-039c-11f0-95c3-089df4bf3532,fertility,9,223,0.5714285373687744,0.0717935562133789,21357.0,0.2857142686843872,115,1
SLIM+SIG1,728315b5-039c-11f0-95c3-089df4bf3532,fertility,9,224,0.5714285373687744,0.07149434089660645,21370.0,0.2857142686843872,115,1
SLIM+SIG1,728315b5-039c-11f0-95c3-089df4bf3532,fertility,9,225,0.5714285373687744,0.07218694686889648,21324.0,0.2857142686843872,115,1
SLIM+SIG1,728315b5-039c-11f0-95c3-089df4bf3532,fertility,9,226,0.5714285373687744,0.07163000106811523,21124.0,0.2857142686843872,115,1
SLIM+SIG1,728315b5-039c-11f0-95c3-089df4bf3532,fertility,9,227,0.5714285373687744,0.06590795516967773,21154.0,0.2857142686843872,115,1
SLIM+SIG1,728315b5-039c-11f0-95c3-089df4bf3532,fertility,9,228,0.5714285373687744,0.07092976570129395,21277.0,0.2857142686843872,115,1
SLIM+SIG1,728315b5-039c-11f0-95c3-089df4bf3532,fertility,9,229,0.5714285373687744,0.07189798355102539,21336.0,0.2857142686843872,115,1
SLIM+SIG1,728315b5-039c-11f0-95c3-089df4bf3532,fertility,9,230,0.5714285373687744,0.06375670433044434,21153.0,0.2857142686843872,115,1
SLIM+SIG1,728315b5-039c-11f0-95c3-089df4bf3532,fertility,9,231,0.5714285373687744,0.07351350784301758,21302.0,0.2857142686843872,115,1
SLIM+SIG1,728315b5-039c-11f0-95c3-089df4bf3532,fertility,9,232,0.5714285373687744,0.07590985298156738,21318.0,0.2857142686843872,115,1
SLIM+SIG1,728315b5-039c-11f0-95c3-089df4bf3532,fertility,9,233,0.5714285373687744,0.07296133041381836,21183.0,0.2857142686843872,115,1
SLIM+SIG1,728315b5-039c-11f0-95c3-089df4bf3532,fertility,9,234,0.5714285373687744,0.0769503116607666,20933.0,0.2857142686843872,115,1
SLIM+SIG1,728315b5-039c-11f0-95c3-089df4bf3532,fertility,9,235,0.5714285373687744,0.07361531257629395,20820.0,0.2857142686843872,115,1
SLIM+SIG1,728315b5-039c-11f0-95c3-089df4bf3532,fertility,9,236,0.5714285373687744,0.07210993766784668,20641.0,0.2857142686843872,115,1
SLIM+SIG1,728315b5-039c-11f0-95c3-089df4bf3532,fertility,9,237,0.5714285373687744,0.07361435890197754,20691.0,0.2857142686843872,115,1
SLIM+SIG1,728315b5-039c-11f0-95c3-089df4bf3532,fertility,9,238,0.5714285373687744,0.07711958885192871,20589.0,0.2857142686843872,115,1
SLIM+SIG1,728315b5-039c-11f0-95c3-089df4bf3532,fertility,9,239,0.5714285373687744,0.07794404029846191,20509.0,0.2857142686843872,115,1
SLIM+SIG1,728315b5-039c-11f0-95c3-089df4bf3532,fertility,9,240,0.5714285373687744,0.07099795341491699,21002.0,0.2857142686843872,115,1
SLIM+SIG1,728315b5-039c-11f0-95c3-089df4bf3532,fertility,9,241,0.5714285373687744,0.06799936294555664,20832.0,0.2857142686843872,115,1
SLIM+SIG1,728315b5-039c-11f0-95c3-089df4bf3532,fertility,9,242,0.5714285373687744,0.07290172576904297,20671.0,0.2857142686843872,115,1
SLIM+SIG1,728315b5-039c-11f0-95c3-089df4bf3532,fertility,9,243,0.5714285373687744,0.0728607177734375,20385.0,0.2857142686843872,115,1
SLIM+SIG1,728315b5-039c-11f0-95c3-089df4bf3532,fertility,9,244,0.5714285373687744,0.13950800895690918,20172.0,0.2857142686843872,115,1
SLIM+SIG1,728315b5-039c-11f0-95c3-089df4bf3532,fertility,9,245,0.5714285373687744,0.07766556739807129,20164.0,0.2857142686843872,115,1
SLIM+SIG1,728315b5-039c-11f0-95c3-089df4bf3532,fertility,9,246,0.5714285373687744,0.0760648250579834,20084.0,0.2857142686843872,115,1
SLIM+SIG1,728315b5-039c-11f0-95c3-089df4bf3532,fertility,9,247,0.5714285373687744,0.07991886138916016,19887.0,0.2857142686843872,115,1
SLIM+SIG1,728315b5-039c-11f0-95c3-089df4bf3532,fertility,9,248,0.5714285373687744,0.07378125190734863,19665.0,0.2857142686843872,115,1
SLIM+SIG1,728315b5-039c-11f0-95c3-089df4bf3532,fertility,9,249,0.5714285373687744,0.07857894897460938,19368.0,0.2857142686843872,115,1
SLIM+SIG1,728315b5-039c-11f0-95c3-089df4bf3532,fertility,9,250,0.5714285373687744,0.07452702522277832,19547.0,0.2857142686843872,115,1
SLIM+SIG1,728315b5-039c-11f0-95c3-089df4bf3532,fertility,9,251,0.5714285373687744,0.07332706451416016,19956.0,0.2857142686843872,115,1
SLIM+SIG1,728315b5-039c-11f0-95c3-089df4bf3532,fertility,9,252,0.5714285373687744,0.07261133193969727,19913.0,0.2857142686843872,115,1
SLIM+SIG1,728315b5-039c-11f0-95c3-089df4bf3532,fertility,9,253,0.5714285373687744,0.07184147834777832,20180.0,0.2857142686843872,115,1
SLIM+SIG1,728315b5-039c-11f0-95c3-089df4bf3532,fertility,9,254,0.5714285373687744,0.07293128967285156,20511.0,0.2857142686843872,115,1
SLIM+SIG1,728315b5-039c-11f0-95c3-089df4bf3532,fertility,9,255,0.5714285373687744,0.07310724258422852,20450.0,0.2857142686843872,115,1
SLIM+SIG1,728315b5-039c-11f0-95c3-089df4bf3532,fertility,9,256,0.5714285373687744,0.07561540603637695,19927.0,0.2857142686843872,115,1
SLIM+SIG1,728315b5-039c-11f0-95c3-089df4bf3532,fertility,9,257,0.5714285373687744,0.07672452926635742,19926.0,0.2857142686843872,115,1
SLIM+SIG1,728315b5-039c-11f0-95c3-089df4bf3532,fertility,9,258,0.5714285373687744,0.0746908187866211,19581.0,0.2857142686843872,115,1
SLIM+SIG1,728315b5-039c-11f0-95c3-089df4bf3532,fertility,9,259,0.5714285373687744,0.07052111625671387,19471.0,0.2857142686843872,115,1
SLIM+SIG1,728315b5-039c-11f0-95c3-089df4bf3532,fertility,9,260,0.5714285373687744,0.07750797271728516,19701.0,0.2857142686843872,115,1
SLIM+SIG1,728315b5-039c-11f0-95c3-089df4bf3532,fertility,9,261,0.5714285373687744,0.07651281356811523,19570.0,0.2857142686843872,115,1
SLIM+SIG1,728315b5-039c-11f0-95c3-089df4bf3532,fertility,9,262,0.5714285373687744,0.07555294036865234,19821.0,0.2857142686843872,115,1
SLIM+SIG1,728315b5-039c-11f0-95c3-089df4bf3532,fertility,9,263,0.5714285373687744,0.0764918327331543,19898.0,0.2857142686843872,115,1
SLIM+SIG1,728315b5-039c-11f0-95c3-089df4bf3532,fertility,9,264,0.5714285373687744,0.07939624786376953,19902.0,0.2857142686843872,115,1
SLIM+SIG1,728315b5-039c-11f0-95c3-089df4bf3532,fertility,9,265,0.5714285373687744,0.07860398292541504,19783.0,0.2857142686843872,115,1
SLIM+SIG1,728315b5-039c-11f0-95c3-089df4bf3532,fertility,9,266,0.5714285373687744,0.07672977447509766,19923.0,0.2857142686843872,115,1
SLIM+SIG1,728315b5-039c-11f0-95c3-089df4bf3532,fertility,9,267,0.5714285373687744,0.07541394233703613,19832.0,0.2857142686843872,115,1
SLIM+SIG1,728315b5-039c-11f0-95c3-089df4bf3532,fertility,9,268,0.5714285373687744,0.07898545265197754,19592.0,0.2857142686843872,115,1
SLIM+SIG1,728315b5-039c-11f0-95c3-089df4bf3532,fertility,9,269,0.5714285373687744,0.07710695266723633,19242.0,0.2857142686843872,115,1
SLIM+SIG1,728315b5-039c-11f0-95c3-089df4bf3532,fertility,9,270,0.5714285373687744,0.07171964645385742,19236.0,0.2857142686843872,115,1
SLIM+SIG1,728315b5-039c-11f0-95c3-089df4bf3532,fertility,9,271,0.5714285373687744,0.07786273956298828,19106.0,0.2857142686843872,115,1
SLIM+SIG1,728315b5-039c-11f0-95c3-089df4bf3532,fertility,9,272,0.5714285373687744,0.07354617118835449,18799.0,0.2857142686843872,115,1
SLIM+SIG1,728315b5-039c-11f0-95c3-089df4bf3532,fertility,9,273,0.5714285373687744,0.07734179496765137,18262.0,0.2857142686843872,115,1
SLIM+SIG1,728315b5-039c-11f0-95c3-089df4bf3532,fertility,9,274,0.5714285373687744,0.08450841903686523,18963.0,0.2857142686843872,115,1
SLIM+SIG1,728315b5-039c-11f0-95c3-089df4bf3532,fertility,9,275,0.5714285373687744,0.07364320755004883,18904.0,0.2857142686843872,115,1
SLIM+SIG1,728315b5-039c-11f0-95c3-089df4bf3532,fertility,9,276,0.5714285373687744,0.07609272003173828,19265.0,0.2857142686843872,115,1
SLIM+SIG1,728315b5-039c-11f0-95c3-089df4bf3532,fertility,9,277,0.5714285373687744,0.07813215255737305,19811.0,0.2857142686843872,115,1
SLIM+SIG1,728315b5-039c-11f0-95c3-089df4bf3532,fertility,9,278,0.5714285373687744,0.07862401008605957,19835.0,0.2857142686843872,115,1
SLIM+SIG1,728315b5-039c-11f0-95c3-089df4bf3532,fertility,9,279,0.5714285373687744,0.07362198829650879,19692.0,0.2857142686843872,115,1
SLIM+SIG1,728315b5-039c-11f0-95c3-089df4bf3532,fertility,9,280,0.5714285373687744,0.07281804084777832,19685.0,0.2857142686843872,115,1
SLIM+SIG1,728315b5-039c-11f0-95c3-089df4bf3532,fertility,9,281,0.5714285373687744,0.07364678382873535,19473.0,0.2857142686843872,115,1
SLIM+SIG1,728315b5-039c-11f0-95c3-089df4bf3532,fertility,9,282,0.5714285373687744,0.07209968566894531,19622.0,0.2857142686843872,115,1
SLIM+SIG1,728315b5-039c-11f0-95c3-089df4bf3532,fertility,9,283,0.5714285373687744,0.07181644439697266,19444.0,0.2857142686843872,115,1
SLIM+SIG1,728315b5-039c-11f0-95c3-089df4bf3532,fertility,9,284,0.5714285373687744,0.07451605796813965,19527.0,0.2857142686843872,115,1
SLIM+SIG1,728315b5-039c-11f0-95c3-089df4bf3532,fertility,9,285,0.5714285373687744,0.07002425193786621,19488.0,0.2857142686843872,115,1
SLIM+SIG1,728315b5-039c-11f0-95c3-089df4bf3532,fertility,9,286,0.5714285373687744,0.07262969017028809,19953.0,0.2857142686843872,115,1
SLIM+SIG1,728315b5-039c-11f0-95c3-089df4bf3532,fertility,9,287,0.5714285373687744,0.07750511169433594,19715.0,0.2857142686843872,115,1
SLIM+SIG1,728315b5-039c-11f0-95c3-089df4bf3532,fertility,9,288,0.5714285373687744,0.07556700706481934,19652.0,0.2857142686843872,115,1
SLIM+SIG1,728315b5-039c-11f0-95c3-089df4bf3532,fertility,9,289,0.5714285373687744,0.07446050643920898,19638.0,0.2857142686843872,115,1
SLIM+SIG1,728315b5-039c-11f0-95c3-089df4bf3532,fertility,9,290,0.5714285373687744,0.0746917724609375,19569.0,0.2857142686843872,115,1
SLIM+SIG1,728315b5-039c-11f0-95c3-089df4bf3532,fertility,9,291,0.5714285373687744,0.07251429557800293,19240.0,0.2857142686843872,115,1
SLIM+SIG1,728315b5-039c-11f0-95c3-089df4bf3532,fertility,9,292,0.5714285373687744,0.07493376731872559,19132.0,0.2857142686843872,115,1
SLIM+SIG1,728315b5-039c-11f0-95c3-089df4bf3532,fertility,9,293,0.5714285373687744,0.07109785079956055,19204.0,0.2857142686843872,115,1
SLIM+SIG1,728315b5-039c-11f0-95c3-089df4bf3532,fertility,9,294,0.5714285373687744,0.07267069816589355,18793.0,0.2857142686843872,115,1
SLIM+SIG1,728315b5-039c-11f0-95c3-089df4bf3532,fertility,9,295,0.5714285373687744,0.07387590408325195,19185.0,0.2857142686843872,115,1
SLIM+SIG1,728315b5-039c-11f0-95c3-089df4bf3532,fertility,9,296,0.5714285373687744,0.07982134819030762,19648.0,0.2857142686843872,115,1
SLIM+SIG1,728315b5-039c-11f0-95c3-089df4bf3532,fertility,9,297,0.5714285373687744,0.07317566871643066,19293.0,0.2857142686843872,115,1
SLIM+SIG1,728315b5-039c-11f0-95c3-089df4bf3532,fertility,9,298,0.5714285373687744,0.07410597801208496,18451.0,0.2857142686843872,115,1
SLIM+SIG1,728315b5-039c-11f0-95c3-089df4bf3532,fertility,9,299,0.5714285373687744,0.0768277645111084,18210.0,0.2857142686843872,115,1
SLIM+SIG1,728315b5-039c-11f0-95c3-089df4bf3532,fertility,9,300,0.5714285373687744,0.07772159576416016,17647.0,0.2857142686843872,115,1
SLIM+SIG1,728315b5-039c-11f0-95c3-089df4bf3532,fertility,9,301,0.5714285373687744,0.08193731307983398,17883.0,0.2857142686843872,115,1
SLIM+SIG1,728315b5-039c-11f0-95c3-089df4bf3532,fertility,9,302,0.5714285373687744,0.0808877944946289,17289.0,0.2857142686843872,115,1
SLIM+SIG1,728315b5-039c-11f0-95c3-089df4bf3532,fertility,9,303,0.5714285373687744,0.0773472785949707,16539.0,0.2857142686843872,115,1
SLIM+SIG1,728315b5-039c-11f0-95c3-089df4bf3532,fertility,9,304,0.5714285373687744,0.07184791564941406,16522.0,0.2857142686843872,115,1
SLIM+SIG1,728315b5-039c-11f0-95c3-089df4bf3532,fertility,9,305,0.5714285373687744,0.07958650588989258,16065.0,0.2857142686843872,115,1
SLIM+SIG1,728315b5-039c-11f0-95c3-089df4bf3532,fertility,9,306,0.5714285373687744,0.14870524406433105,15616.0,0.2857142686843872,115,1
SLIM+SIG1,728315b5-039c-11f0-95c3-089df4bf3532,fertility,9,307,0.5714285373687744,0.07602047920227051,15740.0,0.2857142686843872,115,1
SLIM+SIG1,728315b5-039c-11f0-95c3-089df4bf3532,fertility,9,308,0.5714285373687744,0.07669973373413086,15600.0,0.2857142686843872,115,1
SLIM+SIG1,728315b5-039c-11f0-95c3-089df4bf3532,fertility,9,309,0.5714285373687744,0.07672595977783203,16082.0,0.2857142686843872,115,1
SLIM+SIG1,728315b5-039c-11f0-95c3-089df4bf3532,fertility,9,310,0.5714285373687744,0.07500100135803223,15064.0,0.2857142686843872,115,1
SLIM+SIG1,728315b5-039c-11f0-95c3-089df4bf3532,fertility,9,311,0.5714285373687744,0.07273697853088379,14753.0,0.2857142686843872,115,1
SLIM+SIG1,728315b5-039c-11f0-95c3-089df4bf3532,fertility,9,312,0.5714285373687744,0.07854437828063965,15320.0,0.2857142686843872,115,1
SLIM+SIG1,728315b5-039c-11f0-95c3-089df4bf3532,fertility,9,313,0.5714285373687744,0.07319307327270508,15553.0,0.2857142686843872,115,1
SLIM+SIG1,728315b5-039c-11f0-95c3-089df4bf3532,fertility,9,314,0.5714285373687744,0.0741279125213623,16012.0,0.2857142686843872,115,1
SLIM+SIG1,728315b5-039c-11f0-95c3-089df4bf3532,fertility,9,315,0.5714285373687744,0.07980871200561523,16082.0,0.2857142686843872,115,1
SLIM+SIG1,728315b5-039c-11f0-95c3-089df4bf3532,fertility,9,316,0.5714285373687744,0.0729668140411377,15352.0,0.2857142686843872,115,1
SLIM+SIG1,728315b5-039c-11f0-95c3-089df4bf3532,fertility,9,317,0.5714285373687744,0.07973408699035645,15130.0,0.2857142686843872,115,1
SLIM+SIG1,728315b5-039c-11f0-95c3-089df4bf3532,fertility,9,318,0.5714285373687744,0.0810542106628418,15277.0,0.2857142686843872,115,1
SLIM+SIG1,728315b5-039c-11f0-95c3-089df4bf3532,fertility,9,319,0.5714285373687744,0.07200217247009277,15178.0,0.2857142686843872,115,1
SLIM+SIG1,728315b5-039c-11f0-95c3-089df4bf3532,fertility,9,320,0.5714285373687744,0.07583403587341309,15598.0,0.2857142686843872,115,1
SLIM+SIG1,728315b5-039c-11f0-95c3-089df4bf3532,fertility,9,321,0.5714285373687744,0.07474637031555176,15111.0,0.2857142686843872,115,1
SLIM+SIG1,728315b5-039c-11f0-95c3-089df4bf3532,fertility,9,322,0.5714285373687744,0.07748246192932129,15762.0,0.2857142686843872,115,1
SLIM+SIG1,728315b5-039c-11f0-95c3-089df4bf3532,fertility,9,323,0.5714285373687744,0.07638192176818848,15540.0,0.2857142686843872,115,1
SLIM+SIG1,728315b5-039c-11f0-95c3-089df4bf3532,fertility,9,324,0.5714285373687744,0.07551407814025879,15032.0,0.2857142686843872,115,1
SLIM+SIG1,728315b5-039c-11f0-95c3-089df4bf3532,fertility,9,325,0.5714285373687744,0.08035111427307129,14430.0,0.2857142686843872,115,1
SLIM+SIG1,728315b5-039c-11f0-95c3-089df4bf3532,fertility,9,326,0.5714285373687744,0.0755164623260498,14219.0,0.2857142686843872,115,1
SLIM+SIG1,728315b5-039c-11f0-95c3-089df4bf3532,fertility,9,327,0.5714285373687744,0.08173918724060059,14549.0,0.2857142686843872,115,1
SLIM+SIG1,728315b5-039c-11f0-95c3-089df4bf3532,fertility,9,328,0.5714285373687744,0.08849978446960449,15173.0,0.2857142686843872,115,1
SLIM+SIG1,728315b5-039c-11f0-95c3-089df4bf3532,fertility,9,329,0.5714285373687744,0.07768654823303223,15403.0,0.2857142686843872,115,1
SLIM+SIG1,728315b5-039c-11f0-95c3-089df4bf3532,fertility,9,330,0.5714285373687744,0.07761883735656738,15082.0,0.2857142686843872,115,1
SLIM+SIG1,728315b5-039c-11f0-95c3-089df4bf3532,fertility,9,331,0.5714285373687744,0.0766148567199707,14733.0,0.2857142686843872,115,1
SLIM+SIG1,728315b5-039c-11f0-95c3-089df4bf3532,fertility,9,332,0.5714285373687744,0.08050990104675293,15691.0,0.2857142686843872,115,1
SLIM+SIG1,728315b5-039c-11f0-95c3-089df4bf3532,fertility,9,333,0.5714285373687744,0.07502937316894531,15315.0,0.2857142686843872,115,1
SLIM+SIG1,728315b5-039c-11f0-95c3-089df4bf3532,fertility,9,334,0.5714285373687744,0.07098746299743652,15621.0,0.2857142686843872,115,1
SLIM+SIG1,728315b5-039c-11f0-95c3-089df4bf3532,fertility,9,335,0.5714285373687744,0.07757234573364258,15854.0,0.2857142686843872,115,1
SLIM+SIG1,728315b5-039c-11f0-95c3-089df4bf3532,fertility,9,336,0.5714285373687744,0.07105016708374023,15570.0,0.2857142686843872,115,1
SLIM+SIG1,728315b5-039c-11f0-95c3-089df4bf3532,fertility,9,337,0.5714285373687744,0.07335543632507324,16493.0,0.2857142686843872,115,1
SLIM+SIG1,728315b5-039c-11f0-95c3-089df4bf3532,fertility,9,338,0.5714285373687744,0.08051037788391113,15712.0,0.2857142686843872,115,1
SLIM+SIG1,728315b5-039c-11f0-95c3-089df4bf3532,fertility,9,339,0.5714285373687744,0.07451248168945312,15844.0,0.2857142686843872,115,1
SLIM+SIG1,728315b5-039c-11f0-95c3-089df4bf3532,fertility,9,340,0.5714285373687744,0.07607507705688477,15413.0,0.2857142686843872,115,1
SLIM+SIG1,728315b5-039c-11f0-95c3-089df4bf3532,fertility,9,341,0.5714285373687744,0.07737922668457031,15239.0,0.2857142686843872,115,1
SLIM+SIG1,728315b5-039c-11f0-95c3-089df4bf3532,fertility,9,342,0.5714285373687744,0.0771026611328125,14900.0,0.2857142686843872,115,1
SLIM+SIG1,728315b5-039c-11f0-95c3-089df4bf3532,fertility,9,343,0.5714285373687744,0.07382869720458984,14776.0,0.2857142686843872,115,1
SLIM+SIG1,728315b5-039c-11f0-95c3-089df4bf3532,fertility,9,344,0.5714285373687744,0.0788428783416748,14395.0,0.2857142686843872,115,1
SLIM+SIG1,728315b5-039c-11f0-95c3-089df4bf3532,fertility,9,345,0.5714285373687744,0.07895970344543457,14082.0,0.2857142686843872,115,1
SLIM+SIG1,728315b5-039c-11f0-95c3-089df4bf3532,fertility,9,346,0.5714285373687744,0.07410883903503418,13334.0,0.2857142686843872,115,1
SLIM+SIG1,728315b5-039c-11f0-95c3-089df4bf3532,fertility,9,347,0.5714285373687744,0.0778043270111084,13384.0,0.2857142686843872,115,1
SLIM+SIG1,728315b5-039c-11f0-95c3-089df4bf3532,fertility,9,348,0.5714285373687744,0.07583165168762207,13067.0,0.2857142686843872,115,1
SLIM+SIG1,728315b5-039c-11f0-95c3-089df4bf3532,fertility,9,349,0.5714285373687744,0.077606201171875,13426.0,0.2857142686843872,115,1
SLIM+SIG1,728315b5-039c-11f0-95c3-089df4bf3532,fertility,9,350,0.5714285373687744,0.0756235122680664,13085.0,0.2857142686843872,115,1
SLIM+SIG1,728315b5-039c-11f0-95c3-089df4bf3532,fertility,9,351,0.5714285373687744,0.07467865943908691,13688.0,0.2857142686843872,115,1
SLIM+SIG1,728315b5-039c-11f0-95c3-089df4bf3532,fertility,9,352,0.5714285373687744,0.07571101188659668,13254.0,0.2857142686843872,115,1
SLIM+SIG1,728315b5-039c-11f0-95c3-089df4bf3532,fertility,9,353,0.5714285373687744,0.07861137390136719,12698.0,0.2857142686843872,115,1
SLIM+SIG1,728315b5-039c-11f0-95c3-089df4bf3532,fertility,9,354,0.5714285373687744,0.0738823413848877,12807.0,0.2857142686843872,115,1
SLIM+SIG1,728315b5-039c-11f0-95c3-089df4bf3532,fertility,9,355,0.5714285373687744,0.07834172248840332,12362.0,0.2857142686843872,115,1
SLIM+SIG1,728315b5-039c-11f0-95c3-089df4bf3532,fertility,9,356,0.5714285373687744,0.15125823020935059,12482.0,0.2857142686843872,115,1
SLIM+SIG1,728315b5-039c-11f0-95c3-089df4bf3532,fertility,9,357,0.5714285373687744,0.07430601119995117,11813.0,0.2857142686843872,115,1
SLIM+SIG1,728315b5-039c-11f0-95c3-089df4bf3532,fertility,9,358,0.5714285373687744,0.07723164558410645,11272.0,0.2857142686843872,115,1
SLIM+SIG1,728315b5-039c-11f0-95c3-089df4bf3532,fertility,9,359,0.5714285373687744,0.07527709007263184,11117.0,0.2857142686843872,115,1
SLIM+SIG1,728315b5-039c-11f0-95c3-089df4bf3532,fertility,9,360,0.5714285373687744,0.07854008674621582,10647.0,0.2857142686843872,115,1
SLIM+SIG1,728315b5-039c-11f0-95c3-089df4bf3532,fertility,9,361,0.5714285373687744,0.07255792617797852,9534.0,0.2857142686843872,115,1
SLIM+SIG1,728315b5-039c-11f0-95c3-089df4bf3532,fertility,9,362,0.5714285373687744,0.07807779312133789,9594.0,0.2857142686843872,115,1
SLIM+SIG1,728315b5-039c-11f0-95c3-089df4bf3532,fertility,9,363,0.5714285373687744,0.07600092887878418,9634.0,0.2857142686843872,115,1
SLIM+SIG1,728315b5-039c-11f0-95c3-089df4bf3532,fertility,9,364,0.5714285373687744,0.07570219039916992,9756.0,0.2857142686843872,115,1
SLIM+SIG1,728315b5-039c-11f0-95c3-089df4bf3532,fertility,9,365,0.5714285373687744,0.07230973243713379,9670.0,0.2857142686843872,115,1
SLIM+SIG1,728315b5-039c-11f0-95c3-089df4bf3532,fertility,9,366,0.5714285373687744,0.07076597213745117,10163.0,0.2857142686843872,115,1
SLIM+SIG1,728315b5-039c-11f0-95c3-089df4bf3532,fertility,9,367,0.5714285373687744,0.06910848617553711,9833.0,0.2857142686843872,115,1
SLIM+SIG1,728315b5-039c-11f0-95c3-089df4bf3532,fertility,9,368,0.5714285373687744,0.07379031181335449,9807.0,0.2857142686843872,115,1
SLIM+SIG1,728315b5-039c-11f0-95c3-089df4bf3532,fertility,9,369,0.5714285373687744,0.0724494457244873,8149.0,0.2857142686843872,115,1
SLIM+SIG1,728315b5-039c-11f0-95c3-089df4bf3532,fertility,9,370,0.5714285373687744,0.07245588302612305,7718.0,0.2857142686843872,115,1
SLIM+SIG1,728315b5-039c-11f0-95c3-089df4bf3532,fertility,9,371,0.5714285373687744,0.06966781616210938,7659.0,0.2857142686843872,115,1
SLIM+SIG1,728315b5-039c-11f0-95c3-089df4bf3532,fertility,9,372,0.5714285373687744,0.07065558433532715,8163.0,0.2857142686843872,115,1
SLIM+SIG1,728315b5-039c-11f0-95c3-089df4bf3532,fertility,9,373,0.5714285373687744,0.06727337837219238,9194.0,0.2857142686843872,115,1
SLIM+SIG1,728315b5-039c-11f0-95c3-089df4bf3532,fertility,9,374,0.5714285373687744,0.07100629806518555,9423.0,0.2857142686843872,115,1
SLIM+SIG1,728315b5-039c-11f0-95c3-089df4bf3532,fertility,9,375,0.5714285373687744,0.07379388809204102,9613.0,0.2857142686843872,115,1
SLIM+SIG1,728315b5-039c-11f0-95c3-089df4bf3532,fertility,9,376,0.5714285373687744,0.07171988487243652,10050.0,0.2857142686843872,115,1
SLIM+SIG1,728315b5-039c-11f0-95c3-089df4bf3532,fertility,9,377,0.5714285373687744,0.06876373291015625,10783.0,0.2857142686843872,115,1
SLIM+SIG1,728315b5-039c-11f0-95c3-089df4bf3532,fertility,9,378,0.5714285373687744,0.06740665435791016,9823.0,0.2857142686843872,115,1
SLIM+SIG1,728315b5-039c-11f0-95c3-089df4bf3532,fertility,9,379,0.5714285373687744,0.07071709632873535,10505.0,0.2857142686843872,115,1
SLIM+SIG1,728315b5-039c-11f0-95c3-089df4bf3532,fertility,9,380,0.5714285373687744,0.07551312446594238,11578.0,0.2857142686843872,115,1
SLIM+SIG1,728315b5-039c-11f0-95c3-089df4bf3532,fertility,9,381,0.5714285373687744,0.0760488510131836,11274.0,0.2857142686843872,115,1
SLIM+SIG1,728315b5-039c-11f0-95c3-089df4bf3532,fertility,9,382,0.5714285373687744,0.07055187225341797,11680.0,0.2857142686843872,115,1
SLIM+SIG1,728315b5-039c-11f0-95c3-089df4bf3532,fertility,9,383,0.5714285373687744,0.07901120185852051,10449.0,0.2857142686843872,115,1
SLIM+SIG1,728315b5-039c-11f0-95c3-089df4bf3532,fertility,9,384,0.5714285373687744,0.07602643966674805,10075.0,0.2857142686843872,115,1
SLIM+SIG1,728315b5-039c-11f0-95c3-089df4bf3532,fertility,9,385,0.5714285373687744,0.06819367408752441,9411.0,0.2857142686843872,115,1
SLIM+SIG1,728315b5-039c-11f0-95c3-089df4bf3532,fertility,9,386,0.5714285373687744,0.06851410865783691,8598.0,0.2857142686843872,115,1
SLIM+SIG1,728315b5-039c-11f0-95c3-089df4bf3532,fertility,9,387,0.5714285373687744,0.07144331932067871,8001.0,0.2857142686843872,115,1
SLIM+SIG1,728315b5-039c-11f0-95c3-089df4bf3532,fertility,9,388,0.5714285373687744,0.07470369338989258,8254.0,0.2857142686843872,115,1
SLIM+SIG1,728315b5-039c-11f0-95c3-089df4bf3532,fertility,9,389,0.5714285373687744,0.0680992603302002,8466.0,0.2857142686843872,115,1
SLIM+SIG1,728315b5-039c-11f0-95c3-089df4bf3532,fertility,9,390,0.5714285373687744,0.06930661201477051,8391.0,0.2857142686843872,115,1
SLIM+SIG1,728315b5-039c-11f0-95c3-089df4bf3532,fertility,9,391,0.5714285373687744,0.07291197776794434,8431.0,0.2857142686843872,115,1
SLIM+SIG1,728315b5-039c-11f0-95c3-089df4bf3532,fertility,9,392,0.5714285373687744,0.07126116752624512,8045.0,0.2857142686843872,115,1
SLIM+SIG1,728315b5-039c-11f0-95c3-089df4bf3532,fertility,9,393,0.5714285373687744,0.0714406967163086,8692.0,0.2857142686843872,115,1
SLIM+SIG1,728315b5-039c-11f0-95c3-089df4bf3532,fertility,9,394,0.5714285373687744,0.07151937484741211,9178.0,0.2857142686843872,115,1
SLIM+SIG1,728315b5-039c-11f0-95c3-089df4bf3532,fertility,9,395,0.5714285373687744,0.0705099105834961,10065.0,0.2857142686843872,115,1
SLIM+SIG1,728315b5-039c-11f0-95c3-089df4bf3532,fertility,9,396,0.5714285373687744,0.07010197639465332,10333.0,0.2857142686843872,115,1
SLIM+SIG1,728315b5-039c-11f0-95c3-089df4bf3532,fertility,9,397,0.5714285373687744,0.07448911666870117,10660.0,0.2857142686843872,115,1
SLIM+SIG1,728315b5-039c-11f0-95c3-089df4bf3532,fertility,9,398,0.5714285373687744,0.07170534133911133,10901.0,0.2857142686843872,115,1
SLIM+SIG1,728315b5-039c-11f0-95c3-089df4bf3532,fertility,9,399,0.5714285373687744,0.07583951950073242,11161.0,0.2857142686843872,115,1
SLIM+SIG1,728315b5-039c-11f0-95c3-089df4bf3532,fertility,9,400,0.5714285373687744,0.07300138473510742,10270.0,0.2857142686843872,115,1
SLIM+SIG1,728315b5-039c-11f0-95c3-089df4bf3532,fertility,9,401,0.5714285373687744,0.07483100891113281,10042.0,0.2857142686843872,115,1
SLIM+SIG1,728315b5-039c-11f0-95c3-089df4bf3532,fertility,9,402,0.5714285373687744,0.07212424278259277,9539.0,0.2857142686843872,115,1
SLIM+SIG1,728315b5-039c-11f0-95c3-089df4bf3532,fertility,9,403,0.5714285373687744,0.07461810111999512,9643.0,0.2857142686843872,115,1
SLIM+SIG1,728315b5-039c-11f0-95c3-089df4bf3532,fertility,9,404,0.5714285373687744,0.07223033905029297,8848.0,0.2857142686843872,115,1
SLIM+SIG1,728315b5-039c-11f0-95c3-089df4bf3532,fertility,9,405,0.5714285373687744,0.06968259811401367,7691.0,0.2857142686843872,115,1
SLIM+SIG1,728315b5-039c-11f0-95c3-089df4bf3532,fertility,9,406,0.5714285373687744,0.07172369956970215,7532.0,0.2857142686843872,115,1
SLIM+SIG1,728315b5-039c-11f0-95c3-089df4bf3532,fertility,9,407,0.5714285373687744,0.07201385498046875,7545.0,0.2857142686843872,115,1
SLIM+SIG1,728315b5-039c-11f0-95c3-089df4bf3532,fertility,9,408,0.5714285373687744,0.07090401649475098,7401.0,0.2857142686843872,115,1
SLIM+SIG1,728315b5-039c-11f0-95c3-089df4bf3532,fertility,9,409,0.5714285373687744,0.07274341583251953,7571.0,0.2857142686843872,115,1
SLIM+SIG1,728315b5-039c-11f0-95c3-089df4bf3532,fertility,9,410,0.5714285373687744,0.06972432136535645,7342.0,0.2857142686843872,115,1
SLIM+SIG1,728315b5-039c-11f0-95c3-089df4bf3532,fertility,9,411,0.5714285373687744,0.0728914737701416,7801.0,0.2857142686843872,115,1
SLIM+SIG1,728315b5-039c-11f0-95c3-089df4bf3532,fertility,9,412,0.5714285373687744,0.07024931907653809,7163.0,0.2857142686843872,115,1
SLIM+SIG1,728315b5-039c-11f0-95c3-089df4bf3532,fertility,9,413,0.5714285373687744,0.07726764678955078,8208.0,0.2857142686843872,115,1
SLIM+SIG1,728315b5-039c-11f0-95c3-089df4bf3532,fertility,9,414,0.5714285373687744,0.07275247573852539,9001.0,0.2857142686843872,115,1
SLIM+SIG1,728315b5-039c-11f0-95c3-089df4bf3532,fertility,9,415,0.5714285373687744,0.06919455528259277,9587.0,0.2857142686843872,115,1
SLIM+SIG1,728315b5-039c-11f0-95c3-089df4bf3532,fertility,9,416,0.5714285373687744,0.07271647453308105,9363.0,0.2857142686843872,115,1
SLIM+SIG1,728315b5-039c-11f0-95c3-089df4bf3532,fertility,9,417,0.5714285373687744,0.07554817199707031,9664.0,0.2857142686843872,115,1
SLIM+SIG1,728315b5-039c-11f0-95c3-089df4bf3532,fertility,9,418,0.5714285373687744,0.07456445693969727,9039.0,0.2857142686843872,115,1
SLIM+SIG1,728315b5-039c-11f0-95c3-089df4bf3532,fertility,9,419,0.5714285373687744,0.07230949401855469,9258.0,0.2857142686843872,115,1
SLIM+SIG1,728315b5-039c-11f0-95c3-089df4bf3532,fertility,9,420,0.5714285373687744,0.0727083683013916,8962.0,0.2857142686843872,115,1
SLIM+SIG1,728315b5-039c-11f0-95c3-089df4bf3532,fertility,9,421,0.5714285373687744,0.07073163986206055,9020.0,0.2857142686843872,115,1
SLIM+SIG1,728315b5-039c-11f0-95c3-089df4bf3532,fertility,9,422,0.5714285373687744,0.07022976875305176,8612.0,0.2857142686843872,115,1
SLIM+SIG1,728315b5-039c-11f0-95c3-089df4bf3532,fertility,9,423,0.5714285373687744,0.06966018676757812,8297.0,0.2857142686843872,115,1
SLIM+SIG1,728315b5-039c-11f0-95c3-089df4bf3532,fertility,9,424,0.5714285373687744,0.0695340633392334,8437.0,0.2857142686843872,115,1
SLIM+SIG1,728315b5-039c-11f0-95c3-089df4bf3532,fertility,9,425,0.5714285373687744,0.06658267974853516,8249.0,0.2857142686843872,115,1
SLIM+SIG1,728315b5-039c-11f0-95c3-089df4bf3532,fertility,9,426,0.5714285373687744,0.1355147361755371,9041.0,0.2857142686843872,115,1
SLIM+SIG1,728315b5-039c-11f0-95c3-089df4bf3532,fertility,9,427,0.5714285373687744,0.0705101490020752,9589.0,0.2857142686843872,115,1
SLIM+SIG1,728315b5-039c-11f0-95c3-089df4bf3532,fertility,9,428,0.5714285373687744,0.0682525634765625,9240.0,0.2857142686843872,115,1
SLIM+SIG1,728315b5-039c-11f0-95c3-089df4bf3532,fertility,9,429,0.5714285373687744,0.07352495193481445,8538.0,0.2857142686843872,115,1
SLIM+SIG1,728315b5-039c-11f0-95c3-089df4bf3532,fertility,9,430,0.5714285373687744,0.07062244415283203,8184.0,0.2857142686843872,115,1
SLIM+SIG1,728315b5-039c-11f0-95c3-089df4bf3532,fertility,9,431,0.5714285373687744,0.06712651252746582,7477.0,0.2857142686843872,115,1
SLIM+SIG1,728315b5-039c-11f0-95c3-089df4bf3532,fertility,9,432,0.5833333134651184,0.06853222846984863,6575.0,0.20000000298023224,82,1
SLIM+SIG1,728315b5-039c-11f0-95c3-089df4bf3532,fertility,9,433,0.5833333134651184,0.06976318359375,6382.0,0.20000000298023224,82,1
SLIM+SIG1,728315b5-039c-11f0-95c3-089df4bf3532,fertility,9,434,0.5833333134651184,0.06899094581604004,5708.0,0.20000000298023224,82,1
SLIM+SIG1,728315b5-039c-11f0-95c3-089df4bf3532,fertility,9,435,0.5833333134651184,0.07288527488708496,5499.0,0.20000000298023224,82,1
SLIM+SIG1,728315b5-039c-11f0-95c3-089df4bf3532,fertility,9,436,0.5833333134651184,0.07083010673522949,5322.0,0.20000000298023224,82,1
SLIM+SIG1,728315b5-039c-11f0-95c3-089df4bf3532,fertility,9,437,0.5833333134651184,0.06984162330627441,5036.0,0.20000000298023224,82,1
SLIM+SIG1,728315b5-039c-11f0-95c3-089df4bf3532,fertility,9,438,0.5833333134651184,0.06894683837890625,5097.0,0.20000000298023224,82,1
SLIM+SIG1,728315b5-039c-11f0-95c3-089df4bf3532,fertility,9,439,0.5833333134651184,0.06578254699707031,5092.0,0.20000000298023224,82,1
SLIM+SIG1,728315b5-039c-11f0-95c3-089df4bf3532,fertility,9,440,0.5833333134651184,0.0675363540649414,4607.0,0.20000000298023224,82,1
SLIM+SIG1,728315b5-039c-11f0-95c3-089df4bf3532,fertility,9,441,0.5833333134651184,0.0750880241394043,4784.0,0.20000000298023224,82,1
SLIM+SIG1,728315b5-039c-11f0-95c3-089df4bf3532,fertility,9,442,0.5833333134651184,0.06929349899291992,4888.0,0.20000000298023224,82,1
SLIM+SIG1,728315b5-039c-11f0-95c3-089df4bf3532,fertility,9,443,0.5833333134651184,0.07059526443481445,4943.0,0.20000000298023224,82,1
SLIM+SIG1,728315b5-039c-11f0-95c3-089df4bf3532,fertility,9,444,0.5833333134651184,0.06957650184631348,4898.0,0.20000000298023224,82,1
SLIM+SIG1,728315b5-039c-11f0-95c3-089df4bf3532,fertility,9,445,0.5833333134651184,0.07172942161560059,4488.0,0.20000000298023224,82,1
SLIM+SIG1,728315b5-039c-11f0-95c3-089df4bf3532,fertility,9,446,0.5833333134651184,0.06877470016479492,4034.0,0.20000000298023224,82,1
SLIM+SIG1,728315b5-039c-11f0-95c3-089df4bf3532,fertility,9,447,0.5833333134651184,0.0664970874786377,3806.0,0.20000000298023224,82,1
SLIM+SIG1,728315b5-039c-11f0-95c3-089df4bf3532,fertility,9,448,0.5833333134651184,0.059499502182006836,4173.0,0.20000000298023224,82,1
SLIM+SIG1,728315b5-039c-11f0-95c3-089df4bf3532,fertility,9,449,0.5833333134651184,0.06877827644348145,3477.0,0.20000000298023224,82,1
SLIM+SIG1,728315b5-039c-11f0-95c3-089df4bf3532,fertility,9,450,0.5833333134651184,0.06953883171081543,3958.0,0.20000000298023224,82,1
SLIM+SIG1,728315b5-039c-11f0-95c3-089df4bf3532,fertility,9,451,0.5833333134651184,0.06601953506469727,3231.0,0.20000000298023224,82,1
SLIM+SIG1,728315b5-039c-11f0-95c3-089df4bf3532,fertility,9,452,0.5833333134651184,0.06655025482177734,3433.0,0.20000000298023224,82,1
SLIM+SIG1,728315b5-039c-11f0-95c3-089df4bf3532,fertility,9,453,0.5833333134651184,0.06958699226379395,2957.0,0.20000000298023224,82,1
SLIM+SIG1,728315b5-039c-11f0-95c3-089df4bf3532,fertility,9,454,0.5833333134651184,0.062088966369628906,3118.0,0.20000000298023224,82,1
SLIM+SIG1,728315b5-039c-11f0-95c3-089df4bf3532,fertility,9,455,0.5833333134651184,0.06470227241516113,3204.0,0.20000000298023224,82,1
SLIM+SIG1,728315b5-039c-11f0-95c3-089df4bf3532,fertility,9,456,0.5833333134651184,0.0647275447845459,3239.0,0.20000000298023224,82,1
SLIM+SIG1,728315b5-039c-11f0-95c3-089df4bf3532,fertility,9,457,0.5833333134651184,0.06501054763793945,3739.0,0.20000000298023224,82,1
SLIM+SIG1,728315b5-039c-11f0-95c3-089df4bf3532,fertility,9,458,0.5833333134651184,0.06482195854187012,4690.0,0.20000000298023224,82,1
SLIM+SIG1,728315b5-039c-11f0-95c3-089df4bf3532,fertility,9,459,0.5833333134651184,0.06762099266052246,4314.0,0.20000000298023224,82,1
SLIM+SIG1,728315b5-039c-11f0-95c3-089df4bf3532,fertility,9,460,0.5833333134651184,0.06717324256896973,3869.0,0.20000000298023224,82,1
SLIM+SIG1,728315b5-039c-11f0-95c3-089df4bf3532,fertility,9,461,0.5833333134651184,0.06772327423095703,3134.0,0.20000000298023224,82,1
SLIM+SIG1,728315b5-039c-11f0-95c3-089df4bf3532,fertility,9,462,0.5833333134651184,0.06371307373046875,2907.0,0.20000000298023224,82,1
SLIM+SIG1,728315b5-039c-11f0-95c3-089df4bf3532,fertility,9,463,0.5833333134651184,0.06355738639831543,2350.0,0.20000000298023224,82,1
SLIM+SIG1,728315b5-039c-11f0-95c3-089df4bf3532,fertility,9,464,0.5833333134651184,0.0659797191619873,2508.0,0.20000000298023224,82,1
SLIM+SIG1,728315b5-039c-11f0-95c3-089df4bf3532,fertility,9,465,0.5833333134651184,0.0647268295288086,2302.0,0.20000000298023224,82,1
SLIM+SIG1,728315b5-039c-11f0-95c3-089df4bf3532,fertility,9,466,0.5833333134651184,0.06336045265197754,2101.0,0.20000000298023224,82,1
SLIM+SIG1,728315b5-039c-11f0-95c3-089df4bf3532,fertility,9,467,0.5833333134651184,0.061878204345703125,2091.0,0.20000000298023224,82,1
SLIM+SIG1,728315b5-039c-11f0-95c3-089df4bf3532,fertility,9,468,0.5833333134651184,0.06572508811950684,2056.0,0.20000000298023224,82,1
SLIM+SIG1,728315b5-039c-11f0-95c3-089df4bf3532,fertility,9,469,0.5833333134651184,0.11518478393554688,2077.0,0.20000000298023224,82,1
SLIM+SIG1,728315b5-039c-11f0-95c3-089df4bf3532,fertility,9,470,0.5833333134651184,0.0993967056274414,2149.0,0.20000000298023224,82,1
SLIM+SIG1,728315b5-039c-11f0-95c3-089df4bf3532,fertility,9,471,0.5833333134651184,0.1517493724822998,1982.0,0.20000000298023224,82,1
SLIM+SIG1,728315b5-039c-11f0-95c3-089df4bf3532,fertility,9,472,0.5833333134651184,0.12964892387390137,2125.0,0.20000000298023224,82,1
SLIM+SIG1,728315b5-039c-11f0-95c3-089df4bf3532,fertility,9,473,0.5833333134651184,0.13965463638305664,2338.0,0.20000000298023224,82,1
SLIM+SIG1,728315b5-039c-11f0-95c3-089df4bf3532,fertility,9,474,0.5833333134651184,0.1306750774383545,2856.0,0.20000000298023224,82,1
SLIM+SIG1,728315b5-039c-11f0-95c3-089df4bf3532,fertility,9,475,0.5833333134651184,0.11702728271484375,3486.0,0.20000000298023224,82,1
SLIM+SIG1,728315b5-039c-11f0-95c3-089df4bf3532,fertility,9,476,0.5833333134651184,0.07402920722961426,4144.0,0.20000000298023224,82,1
SLIM+SIG1,728315b5-039c-11f0-95c3-089df4bf3532,fertility,9,477,0.5833333134651184,0.06958127021789551,4377.0,0.20000000298023224,82,1
SLIM+SIG1,728315b5-039c-11f0-95c3-089df4bf3532,fertility,9,478,0.5833333134651184,0.07782530784606934,4179.0,0.20000000298023224,82,1
SLIM+SIG1,728315b5-039c-11f0-95c3-089df4bf3532,fertility,9,479,0.5833333134651184,0.07482290267944336,3532.0,0.20000000298023224,82,1
SLIM+SIG1,728315b5-039c-11f0-95c3-089df4bf3532,fertility,9,480,0.5833333134651184,0.06499385833740234,3095.0,0.20000000298023224,82,1
SLIM+SIG1,728315b5-039c-11f0-95c3-089df4bf3532,fertility,9,481,0.5833333134651184,0.06168317794799805,2642.0,0.20000000298023224,82,1
SLIM+SIG1,728315b5-039c-11f0-95c3-089df4bf3532,fertility,9,482,0.5833333134651184,0.061279296875,2769.0,0.20000000298023224,82,1
SLIM+SIG1,728315b5-039c-11f0-95c3-089df4bf3532,fertility,9,483,0.5833333134651184,0.060758113861083984,3113.0,0.20000000298023224,82,1
SLIM+SIG1,728315b5-039c-11f0-95c3-089df4bf3532,fertility,9,484,0.5833333134651184,0.06383085250854492,2729.0,0.20000000298023224,82,1
SLIM+SIG1,728315b5-039c-11f0-95c3-089df4bf3532,fertility,9,485,0.5833333134651184,0.06671953201293945,3124.0,0.20000000298023224,82,1
SLIM+SIG1,728315b5-039c-11f0-95c3-089df4bf3532,fertility,9,486,0.5833333134651184,0.06499791145324707,3400.0,0.20000000298023224,82,1
SLIM+SIG1,728315b5-039c-11f0-95c3-089df4bf3532,fertility,9,487,0.5833333134651184,0.06053805351257324,3352.0,0.20000000298023224,82,1
SLIM+SIG1,728315b5-039c-11f0-95c3-089df4bf3532,fertility,9,488,0.5833333134651184,0.06510758399963379,3359.0,0.20000000298023224,82,1
SLIM+SIG1,728315b5-039c-11f0-95c3-089df4bf3532,fertility,9,489,0.5833333134651184,0.06250834465026855,2580.0,0.20000000298023224,82,1
SLIM+SIG1,728315b5-039c-11f0-95c3-089df4bf3532,fertility,9,490,0.5833333134651184,0.0589289665222168,2041.0,0.20000000298023224,82,1
SLIM+SIG1,728315b5-039c-11f0-95c3-089df4bf3532,fertility,9,491,0.5833333134651184,0.06023526191711426,1796.0,0.20000000298023224,82,1
SLIM+SIG1,728315b5-039c-11f0-95c3-089df4bf3532,fertility,9,492,0.5833333134651184,0.06286144256591797,1495.0,0.20000000298023224,82,1
SLIM+SIG1,728315b5-039c-11f0-95c3-089df4bf3532,fertility,9,493,0.5833333134651184,0.06165885925292969,1076.0,0.20000000298023224,82,1
SLIM+SIG1,728315b5-039c-11f0-95c3-089df4bf3532,fertility,9,494,0.5833333134651184,0.05699968338012695,1368.0,0.20000000298023224,82,1
SLIM+SIG1,728315b5-039c-11f0-95c3-089df4bf3532,fertility,9,495,0.5833333134651184,0.05947518348693848,1552.0,0.20000000298023224,82,1
SLIM+SIG1,728315b5-039c-11f0-95c3-089df4bf3532,fertility,9,496,0.5833333134651184,0.05599021911621094,2041.0,0.20000000298023224,82,1
SLIM+SIG1,728315b5-039c-11f0-95c3-089df4bf3532,fertility,9,497,0.5833333134651184,0.05950593948364258,2517.0,0.20000000298023224,82,1
SLIM+SIG1,728315b5-039c-11f0-95c3-089df4bf3532,fertility,9,498,0.5833333134651184,0.05990719795227051,2619.0,0.20000000298023224,82,1
SLIM+SIG1,728315b5-039c-11f0-95c3-089df4bf3532,fertility,9,499,0.5833333134651184,0.0617680549621582,2241.0,0.20000000298023224,82,1
SLIM+SIG1,728315b5-039c-11f0-95c3-089df4bf3532,fertility,9,500,0.5833333134651184,0.0646982192993164,1541.0,0.20000000298023224,82,1
SLIM+SIG1,728315b5-039c-11f0-95c3-089df4bf3532,fertility,10,0,0.38461539149284363,0.10986781120300293,2688.0,0.3076923191547394,63,1
SLIM+SIG1,728315b5-039c-11f0-95c3-089df4bf3532,fertility,10,1,0.41379314661026,0.0930943489074707,4852.0,0.0,18,1
SLIM+SIG1,728315b5-039c-11f0-95c3-089df4bf3532,fertility,10,2,0.41379314661026,0.09762978553771973,6621.0,0.0,18,1
SLIM+SIG1,728315b5-039c-11f0-95c3-089df4bf3532,fertility,10,3,0.4166666567325592,0.08978271484375,8493.0,0.2352941334247589,40,1
SLIM+SIG1,728315b5-039c-11f0-95c3-089df4bf3532,fertility,10,4,0.42424243688583374,0.09166932106018066,10750.0,0.2352941334247589,47,1
SLIM+SIG1,728315b5-039c-11f0-95c3-089df4bf3532,fertility,10,5,0.42424243688583374,0.09766602516174316,12759.0,0.2352941334247589,47,1
SLIM+SIG1,728315b5-039c-11f0-95c3-089df4bf3532,fertility,10,6,0.42424243688583374,0.09482812881469727,14641.0,0.2352941334247589,47,1
SLIM+SIG1,728315b5-039c-11f0-95c3-089df4bf3532,fertility,10,7,0.4516129195690155,0.0956270694732666,17056.0,0.2352941334247589,58,1
SLIM+SIG1,728315b5-039c-11f0-95c3-089df4bf3532,fertility,10,8,0.4516129195690155,0.09750652313232422,19004.0,0.2352941334247589,58,1
SLIM+SIG1,728315b5-039c-11f0-95c3-089df4bf3532,fertility,10,9,0.4516129195690155,0.09677886962890625,21108.0,0.2352941334247589,58,1
SLIM+SIG1,728315b5-039c-11f0-95c3-089df4bf3532,fertility,10,10,0.4516129195690155,0.09570550918579102,23413.0,0.2352941334247589,58,1
SLIM+SIG1,728315b5-039c-11f0-95c3-089df4bf3532,fertility,10,11,0.4516129195690155,0.14574456214904785,24361.0,0.2352941334247589,58,1
SLIM+SIG1,728315b5-039c-11f0-95c3-089df4bf3532,fertility,10,12,0.4516129195690155,0.07569694519042969,25487.0,0.2352941334247589,58,1
SLIM+SIG1,728315b5-039c-11f0-95c3-089df4bf3532,fertility,10,13,0.4516129195690155,0.06583046913146973,25972.0,0.2352941334247589,58,1
SLIM+SIG1,728315b5-039c-11f0-95c3-089df4bf3532,fertility,10,14,0.4516129195690155,0.06205868721008301,25699.0,0.2352941334247589,58,1
SLIM+SIG1,728315b5-039c-11f0-95c3-089df4bf3532,fertility,10,15,0.4516129195690155,0.06093263626098633,26374.0,0.2352941334247589,58,1
SLIM+SIG1,728315b5-039c-11f0-95c3-089df4bf3532,fertility,10,16,0.4516129195690155,0.06350922584533691,27417.0,0.2352941334247589,58,1
SLIM+SIG1,728315b5-039c-11f0-95c3-089df4bf3532,fertility,10,17,0.4615384340286255,0.061107635498046875,29159.0,0.3333333432674408,164,1
SLIM+SIG1,728315b5-039c-11f0-95c3-089df4bf3532,fertility,10,18,0.4615384340286255,0.056616783142089844,30439.0,0.3333333432674408,164,1
SLIM+SIG1,728315b5-039c-11f0-95c3-089df4bf3532,fertility,10,19,0.4615384340286255,0.06200289726257324,29829.0,0.3333333432674408,164,1
SLIM+SIG1,728315b5-039c-11f0-95c3-089df4bf3532,fertility,10,20,0.4615384340286255,0.06168055534362793,28564.0,0.3333333432674408,164,1
SLIM+SIG1,728315b5-039c-11f0-95c3-089df4bf3532,fertility,10,21,0.4615384340286255,0.05756211280822754,27318.0,0.3333333432674408,164,1
SLIM+SIG1,728315b5-039c-11f0-95c3-089df4bf3532,fertility,10,22,0.4615384340286255,0.06010246276855469,26403.0,0.3333333432674408,164,1
SLIM+SIG1,728315b5-039c-11f0-95c3-089df4bf3532,fertility,10,23,0.4615384340286255,0.0598447322845459,26946.0,0.3333333432674408,164,1
SLIM+SIG1,728315b5-039c-11f0-95c3-089df4bf3532,fertility,10,24,0.4615384340286255,0.06111931800842285,28418.0,0.3333333432674408,164,1
SLIM+SIG1,728315b5-039c-11f0-95c3-089df4bf3532,fertility,10,25,0.4615384340286255,0.06049466133117676,30187.0,0.3333333432674408,164,1
SLIM+SIG1,728315b5-039c-11f0-95c3-089df4bf3532,fertility,10,26,0.4615384340286255,0.06128740310668945,31867.0,0.3333333432674408,164,1
SLIM+SIG1,728315b5-039c-11f0-95c3-089df4bf3532,fertility,10,27,0.4615384340286255,0.059420108795166016,32433.0,0.3333333432674408,164,1
SLIM+SIG1,728315b5-039c-11f0-95c3-089df4bf3532,fertility,10,28,0.4615384340286255,0.057828664779663086,32730.0,0.3333333432674408,164,1
SLIM+SIG1,728315b5-039c-11f0-95c3-089df4bf3532,fertility,10,29,0.4615384340286255,0.05710625648498535,32622.0,0.3333333432674408,164,1
SLIM+SIG1,728315b5-039c-11f0-95c3-089df4bf3532,fertility,10,30,0.4615384340286255,0.05891919136047363,32679.0,0.3333333432674408,164,1
SLIM+SIG1,728315b5-039c-11f0-95c3-089df4bf3532,fertility,10,31,0.4615384340286255,0.061731576919555664,32699.0,0.3333333432674408,164,1
SLIM+SIG1,728315b5-039c-11f0-95c3-089df4bf3532,fertility,10,32,0.4615384340286255,0.06410622596740723,32710.0,0.3333333432674408,164,1
SLIM+SIG1,728315b5-039c-11f0-95c3-089df4bf3532,fertility,10,33,0.4615384340286255,0.0656592845916748,32701.0,0.3333333432674408,164,1
SLIM+SIG1,728315b5-039c-11f0-95c3-089df4bf3532,fertility,10,34,0.4615384340286255,0.0577239990234375,32662.0,0.3333333432674408,164,1
SLIM+SIG1,728315b5-039c-11f0-95c3-089df4bf3532,fertility,10,35,0.4615384340286255,0.058055877685546875,32644.0,0.3333333432674408,164,1
SLIM+SIG1,728315b5-039c-11f0-95c3-089df4bf3532,fertility,10,36,0.4615384340286255,0.05957341194152832,32695.0,0.3333333432674408,164,1
SLIM+SIG1,728315b5-039c-11f0-95c3-089df4bf3532,fertility,10,37,0.4615384340286255,0.05911660194396973,32602.0,0.3333333432674408,164,1
SLIM+SIG1,728315b5-039c-11f0-95c3-089df4bf3532,fertility,10,38,0.4615384340286255,0.059509992599487305,32596.0,0.3333333432674408,164,1
SLIM+SIG1,728315b5-039c-11f0-95c3-089df4bf3532,fertility,10,39,0.4615384340286255,0.06351280212402344,32666.0,0.3333333432674408,164,1
SLIM+SIG1,728315b5-039c-11f0-95c3-089df4bf3532,fertility,10,40,0.4615384340286255,0.05711245536804199,32609.0,0.3333333432674408,164,1
SLIM+SIG1,728315b5-039c-11f0-95c3-089df4bf3532,fertility,10,41,0.4615384340286255,0.059857845306396484,32554.0,0.3333333432674408,164,1
SLIM+SIG1,728315b5-039c-11f0-95c3-089df4bf3532,fertility,10,42,0.4615384340286255,0.05551266670227051,32613.0,0.3333333432674408,164,1
SLIM+SIG1,728315b5-039c-11f0-95c3-089df4bf3532,fertility,10,43,0.4615384340286255,0.057359933853149414,32600.0,0.3333333432674408,164,1
SLIM+SIG1,728315b5-039c-11f0-95c3-089df4bf3532,fertility,10,44,0.4615384340286255,0.0586085319519043,32598.0,0.3333333432674408,164,1
SLIM+SIG1,728315b5-039c-11f0-95c3-089df4bf3532,fertility,10,45,0.4615384340286255,0.05699634552001953,32587.0,0.3333333432674408,164,1
SLIM+SIG1,728315b5-039c-11f0-95c3-089df4bf3532,fertility,10,46,0.4615384340286255,0.05743861198425293,32583.0,0.3333333432674408,164,1
SLIM+SIG1,728315b5-039c-11f0-95c3-089df4bf3532,fertility,10,47,0.4615384340286255,0.060106515884399414,32631.0,0.3333333432674408,164,1
SLIM+SIG1,728315b5-039c-11f0-95c3-089df4bf3532,fertility,10,48,0.4615384340286255,0.06073474884033203,32677.0,0.3333333432674408,164,1
SLIM+SIG1,728315b5-039c-11f0-95c3-089df4bf3532,fertility,10,49,0.4615384340286255,0.057715654373168945,32600.0,0.3333333432674408,164,1
SLIM+SIG1,728315b5-039c-11f0-95c3-089df4bf3532,fertility,10,50,0.4615384340286255,0.05733799934387207,32519.0,0.3333333432674408,164,1
SLIM+SIG1,728315b5-039c-11f0-95c3-089df4bf3532,fertility,10,51,0.4615384340286255,0.05592465400695801,32473.0,0.3333333432674408,164,1
SLIM+SIG1,728315b5-039c-11f0-95c3-089df4bf3532,fertility,10,52,0.4615384340286255,0.05943655967712402,32561.0,0.3333333432674408,164,1
SLIM+SIG1,728315b5-039c-11f0-95c3-089df4bf3532,fertility,10,53,0.4615384340286255,0.05751609802246094,32447.0,0.3333333432674408,164,1
SLIM+SIG1,728315b5-039c-11f0-95c3-089df4bf3532,fertility,10,54,0.4615384340286255,0.05853629112243652,32449.0,0.3333333432674408,164,1
SLIM+SIG1,728315b5-039c-11f0-95c3-089df4bf3532,fertility,10,55,0.4615384340286255,0.06703710556030273,32469.0,0.3333333432674408,164,1
SLIM+SIG1,728315b5-039c-11f0-95c3-089df4bf3532,fertility,10,56,0.4615384340286255,0.05784010887145996,32495.0,0.3333333432674408,164,1
SLIM+SIG1,728315b5-039c-11f0-95c3-089df4bf3532,fertility,10,57,0.4615384340286255,0.06113839149475098,32530.0,0.3333333432674408,164,1
SLIM+SIG1,728315b5-039c-11f0-95c3-089df4bf3532,fertility,10,58,0.4615384340286255,0.05691933631896973,32589.0,0.3333333432674408,164,1
SLIM+SIG1,728315b5-039c-11f0-95c3-089df4bf3532,fertility,10,59,0.4615384340286255,0.05982255935668945,32550.0,0.3333333432674408,164,1
SLIM+SIG1,728315b5-039c-11f0-95c3-089df4bf3532,fertility,10,60,0.4615384340286255,0.05706977844238281,32642.0,0.3333333432674408,164,1
SLIM+SIG1,728315b5-039c-11f0-95c3-089df4bf3532,fertility,10,61,0.4615384340286255,0.06954765319824219,32465.0,0.3333333432674408,164,1
SLIM+SIG1,728315b5-039c-11f0-95c3-089df4bf3532,fertility,10,62,0.4615384340286255,0.06254935264587402,32508.0,0.3333333432674408,164,1
SLIM+SIG1,728315b5-039c-11f0-95c3-089df4bf3532,fertility,10,63,0.4615384340286255,0.06305122375488281,32499.0,0.3333333432674408,164,1
SLIM+SIG1,728315b5-039c-11f0-95c3-089df4bf3532,fertility,10,64,0.4615384340286255,0.07366490364074707,32543.0,0.3333333432674408,164,1
SLIM+SIG1,728315b5-039c-11f0-95c3-089df4bf3532,fertility,10,65,0.4615384340286255,0.05952763557434082,32499.0,0.3333333432674408,164,1
SLIM+SIG1,728315b5-039c-11f0-95c3-089df4bf3532,fertility,10,66,0.4615384340286255,0.06302165985107422,32570.0,0.3333333432674408,164,1
SLIM+SIG1,728315b5-039c-11f0-95c3-089df4bf3532,fertility,10,67,0.4615384340286255,0.0587155818939209,32521.0,0.3333333432674408,164,1
SLIM+SIG1,728315b5-039c-11f0-95c3-089df4bf3532,fertility,10,68,0.4615384340286255,0.05801749229431152,32458.0,0.3333333432674408,164,1
SLIM+SIG1,728315b5-039c-11f0-95c3-089df4bf3532,fertility,10,69,0.4615384340286255,0.060600996017456055,32489.0,0.3333333432674408,164,1
SLIM+SIG1,728315b5-039c-11f0-95c3-089df4bf3532,fertility,10,70,0.4615384340286255,0.06053900718688965,32561.0,0.3333333432674408,164,1
SLIM+SIG1,728315b5-039c-11f0-95c3-089df4bf3532,fertility,10,71,0.4615384340286255,0.058998823165893555,32497.0,0.3333333432674408,164,1
SLIM+SIG1,728315b5-039c-11f0-95c3-089df4bf3532,fertility,10,72,0.4615384340286255,0.059636831283569336,32498.0,0.3333333432674408,164,1
SLIM+SIG1,728315b5-039c-11f0-95c3-089df4bf3532,fertility,10,73,0.4615384340286255,0.060112953186035156,32499.0,0.3333333432674408,164,1
SLIM+SIG1,728315b5-039c-11f0-95c3-089df4bf3532,fertility,10,74,0.4615384340286255,0.06050610542297363,32466.0,0.3333333432674408,164,1
SLIM+SIG1,728315b5-039c-11f0-95c3-089df4bf3532,fertility,10,75,0.4615384340286255,0.057756662368774414,32585.0,0.3333333432674408,164,1
SLIM+SIG1,728315b5-039c-11f0-95c3-089df4bf3532,fertility,10,76,0.4615384340286255,0.06099653244018555,32398.0,0.3333333432674408,164,1
SLIM+SIG1,728315b5-039c-11f0-95c3-089df4bf3532,fertility,10,77,0.4615384340286255,0.05788826942443848,32464.0,0.3333333432674408,164,1
SLIM+SIG1,728315b5-039c-11f0-95c3-089df4bf3532,fertility,10,78,0.4615384340286255,0.06309843063354492,32464.0,0.3333333432674408,164,1
SLIM+SIG1,728315b5-039c-11f0-95c3-089df4bf3532,fertility,10,79,0.4615384340286255,0.06582498550415039,32451.0,0.3333333432674408,164,1
SLIM+SIG1,728315b5-039c-11f0-95c3-089df4bf3532,fertility,10,80,0.4615384340286255,0.0607304573059082,32409.0,0.3333333432674408,164,1
SLIM+SIG1,728315b5-039c-11f0-95c3-089df4bf3532,fertility,10,81,0.4615384340286255,0.06202864646911621,32493.0,0.3333333432674408,164,1
SLIM+SIG1,728315b5-039c-11f0-95c3-089df4bf3532,fertility,10,82,0.4615384340286255,0.057810068130493164,32400.0,0.3333333432674408,164,1
SLIM+SIG1,728315b5-039c-11f0-95c3-089df4bf3532,fertility,10,83,0.4615384340286255,0.06561779975891113,32444.0,0.3333333432674408,164,1
SLIM+SIG1,728315b5-039c-11f0-95c3-089df4bf3532,fertility,10,84,0.4615384340286255,0.06418609619140625,32444.0,0.3333333432674408,164,1
SLIM+SIG1,728315b5-039c-11f0-95c3-089df4bf3532,fertility,10,85,0.4615384340286255,0.06754422187805176,32416.0,0.3333333432674408,164,1
SLIM+SIG1,728315b5-039c-11f0-95c3-089df4bf3532,fertility,10,86,0.4615384340286255,0.06751775741577148,32523.0,0.3333333432674408,164,1
SLIM+SIG1,728315b5-039c-11f0-95c3-089df4bf3532,fertility,10,87,0.4615384340286255,0.07202839851379395,32278.0,0.3333333432674408,164,1
SLIM+SIG1,728315b5-039c-11f0-95c3-089df4bf3532,fertility,10,88,0.4615384340286255,0.06656837463378906,32282.0,0.3333333432674408,164,1
SLIM+SIG1,728315b5-039c-11f0-95c3-089df4bf3532,fertility,10,89,0.4615384340286255,0.0645759105682373,32506.0,0.3333333432674408,164,1
SLIM+SIG1,728315b5-039c-11f0-95c3-089df4bf3532,fertility,10,90,0.4615384340286255,0.05997753143310547,32289.0,0.3333333432674408,164,1
SLIM+SIG1,728315b5-039c-11f0-95c3-089df4bf3532,fertility,10,91,0.4615384340286255,0.06424522399902344,32408.0,0.3333333432674408,164,1
SLIM+SIG1,728315b5-039c-11f0-95c3-089df4bf3532,fertility,10,92,0.4615384340286255,0.0608515739440918,32381.0,0.3333333432674408,164,1
SLIM+SIG1,728315b5-039c-11f0-95c3-089df4bf3532,fertility,10,93,0.4615384340286255,0.060851335525512695,32326.0,0.3333333432674408,164,1
SLIM+SIG1,728315b5-039c-11f0-95c3-089df4bf3532,fertility,10,94,0.4615384340286255,0.0678248405456543,32411.0,0.3333333432674408,164,1
SLIM+SIG1,728315b5-039c-11f0-95c3-089df4bf3532,fertility,10,95,0.4615384340286255,0.06587553024291992,32433.0,0.3333333432674408,164,1
SLIM+SIG1,728315b5-039c-11f0-95c3-089df4bf3532,fertility,10,96,0.4615384340286255,0.06403136253356934,32361.0,0.3333333432674408,164,1
SLIM+SIG1,728315b5-039c-11f0-95c3-089df4bf3532,fertility,10,97,0.4615384340286255,0.06055092811584473,32312.0,0.3333333432674408,164,1
SLIM+SIG1,728315b5-039c-11f0-95c3-089df4bf3532,fertility,10,98,0.4615384340286255,0.06481695175170898,32478.0,0.3333333432674408,164,1
SLIM+SIG1,728315b5-039c-11f0-95c3-089df4bf3532,fertility,10,99,0.4615384340286255,0.062345027923583984,32416.0,0.3333333432674408,164,1
SLIM+SIG1,728315b5-039c-11f0-95c3-089df4bf3532,fertility,10,100,0.4615384340286255,0.06350851058959961,32324.0,0.3333333432674408,164,1
SLIM+SIG1,728315b5-039c-11f0-95c3-089df4bf3532,fertility,10,101,0.4615384340286255,0.06602978706359863,32359.0,0.3333333432674408,164,1
SLIM+SIG1,728315b5-039c-11f0-95c3-089df4bf3532,fertility,10,102,0.4615384340286255,0.06444144248962402,32255.0,0.3333333432674408,164,1
SLIM+SIG1,728315b5-039c-11f0-95c3-089df4bf3532,fertility,10,103,0.4615384340286255,0.06580734252929688,32270.0,0.3333333432674408,164,1
SLIM+SIG1,728315b5-039c-11f0-95c3-089df4bf3532,fertility,10,104,0.4615384340286255,0.06003165245056152,32291.0,0.3333333432674408,164,1
SLIM+SIG1,728315b5-039c-11f0-95c3-089df4bf3532,fertility,10,105,0.4615384340286255,0.060724735260009766,32226.0,0.3333333432674408,164,1
SLIM+SIG1,728315b5-039c-11f0-95c3-089df4bf3532,fertility,10,106,0.4615384340286255,0.0655527114868164,32239.0,0.3333333432674408,164,1
SLIM+SIG1,728315b5-039c-11f0-95c3-089df4bf3532,fertility,10,107,0.4615384340286255,0.06199979782104492,32227.0,0.3333333432674408,164,1
SLIM+SIG1,728315b5-039c-11f0-95c3-089df4bf3532,fertility,10,108,0.4615384340286255,0.06270480155944824,32246.0,0.3333333432674408,164,1
SLIM+SIG1,728315b5-039c-11f0-95c3-089df4bf3532,fertility,10,109,0.4615384340286255,0.06656217575073242,32339.0,0.3333333432674408,164,1
SLIM+SIG1,728315b5-039c-11f0-95c3-089df4bf3532,fertility,10,110,0.4615384340286255,0.06422257423400879,32199.0,0.3333333432674408,164,1
SLIM+SIG1,728315b5-039c-11f0-95c3-089df4bf3532,fertility,10,111,0.4615384340286255,0.06772637367248535,32399.0,0.3333333432674408,164,1
SLIM+SIG1,728315b5-039c-11f0-95c3-089df4bf3532,fertility,10,112,0.4615384340286255,0.06040549278259277,32276.0,0.3333333432674408,164,1
SLIM+SIG1,728315b5-039c-11f0-95c3-089df4bf3532,fertility,10,113,0.4615384340286255,0.06023144721984863,32210.0,0.3333333432674408,164,1
SLIM+SIG1,728315b5-039c-11f0-95c3-089df4bf3532,fertility,10,114,0.4615384340286255,0.06296896934509277,32304.0,0.3333333432674408,164,1
SLIM+SIG1,728315b5-039c-11f0-95c3-089df4bf3532,fertility,10,115,0.4615384340286255,0.06311273574829102,32321.0,0.3333333432674408,164,1
SLIM+SIG1,728315b5-039c-11f0-95c3-089df4bf3532,fertility,10,116,0.4615384340286255,0.06122565269470215,32234.0,0.3333333432674408,164,1
SLIM+SIG1,728315b5-039c-11f0-95c3-089df4bf3532,fertility,10,117,0.4615384340286255,0.0675199031829834,32212.0,0.3333333432674408,164,1
SLIM+SIG1,728315b5-039c-11f0-95c3-089df4bf3532,fertility,10,118,0.4615384340286255,0.06720876693725586,32160.0,0.3333333432674408,164,1
SLIM+SIG1,728315b5-039c-11f0-95c3-089df4bf3532,fertility,10,119,0.4615384340286255,0.06367897987365723,32072.0,0.3333333432674408,164,1
SLIM+SIG1,728315b5-039c-11f0-95c3-089df4bf3532,fertility,10,120,0.4615384340286255,0.06255364418029785,32301.0,0.3333333432674408,164,1
SLIM+SIG1,728315b5-039c-11f0-95c3-089df4bf3532,fertility,10,121,0.4615384340286255,0.06689763069152832,32392.0,0.3333333432674408,164,1
SLIM+SIG1,728315b5-039c-11f0-95c3-089df4bf3532,fertility,10,122,0.4615384340286255,0.06252813339233398,32320.0,0.3333333432674408,164,1
SLIM+SIG1,728315b5-039c-11f0-95c3-089df4bf3532,fertility,10,123,0.4615384340286255,0.06136441230773926,32125.0,0.3333333432674408,164,1
SLIM+SIG1,728315b5-039c-11f0-95c3-089df4bf3532,fertility,10,124,0.4615384340286255,0.0650019645690918,31958.0,0.3333333432674408,164,1
SLIM+SIG1,728315b5-039c-11f0-95c3-089df4bf3532,fertility,10,125,0.4615384340286255,0.06371927261352539,32161.0,0.3333333432674408,164,1
SLIM+SIG1,728315b5-039c-11f0-95c3-089df4bf3532,fertility,10,126,0.4615384340286255,0.06876826286315918,32000.0,0.3333333432674408,164,1
SLIM+SIG1,728315b5-039c-11f0-95c3-089df4bf3532,fertility,10,127,0.4615384340286255,0.06789708137512207,32125.0,0.3333333432674408,164,1
SLIM+SIG1,728315b5-039c-11f0-95c3-089df4bf3532,fertility,10,128,0.4615384340286255,0.07033205032348633,32142.0,0.3333333432674408,164,1
SLIM+SIG1,728315b5-039c-11f0-95c3-089df4bf3532,fertility,10,129,0.4615384340286255,0.07211136817932129,32043.0,0.3333333432674408,164,1
SLIM+SIG1,728315b5-039c-11f0-95c3-089df4bf3532,fertility,10,130,0.4615384340286255,0.06966209411621094,32010.0,0.3333333432674408,164,1
SLIM+SIG1,728315b5-039c-11f0-95c3-089df4bf3532,fertility,10,131,0.4615384340286255,0.0650186538696289,32188.0,0.3333333432674408,164,1
SLIM+SIG1,728315b5-039c-11f0-95c3-089df4bf3532,fertility,10,132,0.4615384340286255,0.06451630592346191,32213.0,0.3333333432674408,164,1
SLIM+SIG1,728315b5-039c-11f0-95c3-089df4bf3532,fertility,10,133,0.4615384340286255,0.06087374687194824,32056.0,0.3333333432674408,164,1
SLIM+SIG1,728315b5-039c-11f0-95c3-089df4bf3532,fertility,10,134,0.4615384340286255,0.06299686431884766,32085.0,0.3333333432674408,164,1
SLIM+SIG1,728315b5-039c-11f0-95c3-089df4bf3532,fertility,10,135,0.4615384340286255,0.06896829605102539,32067.0,0.3333333432674408,164,1
SLIM+SIG1,728315b5-039c-11f0-95c3-089df4bf3532,fertility,10,136,0.4615384340286255,0.06207561492919922,31971.0,0.3333333432674408,164,1
SLIM+SIG1,728315b5-039c-11f0-95c3-089df4bf3532,fertility,10,137,0.4615384340286255,0.06650114059448242,31934.0,0.3333333432674408,164,1
SLIM+SIG1,728315b5-039c-11f0-95c3-089df4bf3532,fertility,10,138,0.4615384340286255,0.0629267692565918,32090.0,0.3333333432674408,164,1
SLIM+SIG1,728315b5-039c-11f0-95c3-089df4bf3532,fertility,10,139,0.4615384340286255,0.06671404838562012,32055.0,0.3333333432674408,164,1
SLIM+SIG1,728315b5-039c-11f0-95c3-089df4bf3532,fertility,10,140,0.4615384340286255,0.06499767303466797,31919.0,0.3333333432674408,164,1
SLIM+SIG1,728315b5-039c-11f0-95c3-089df4bf3532,fertility,10,141,0.4615384340286255,0.06478023529052734,31985.0,0.3333333432674408,164,1
SLIM+SIG1,728315b5-039c-11f0-95c3-089df4bf3532,fertility,10,142,0.4615384340286255,0.06771373748779297,31978.0,0.3333333432674408,164,1
SLIM+SIG1,728315b5-039c-11f0-95c3-089df4bf3532,fertility,10,143,0.4615384340286255,0.06295895576477051,31887.0,0.3333333432674408,164,1
SLIM+SIG1,728315b5-039c-11f0-95c3-089df4bf3532,fertility,10,144,0.4615384340286255,0.06447124481201172,31942.0,0.3333333432674408,164,1
SLIM+SIG1,728315b5-039c-11f0-95c3-089df4bf3532,fertility,10,145,0.4615384340286255,0.06313037872314453,31759.0,0.3333333432674408,164,1
SLIM+SIG1,728315b5-039c-11f0-95c3-089df4bf3532,fertility,10,146,0.4615384340286255,0.06524944305419922,32006.0,0.3333333432674408,164,1
SLIM+SIG1,728315b5-039c-11f0-95c3-089df4bf3532,fertility,10,147,0.4615384340286255,0.06463909149169922,31971.0,0.3333333432674408,164,1
SLIM+SIG1,728315b5-039c-11f0-95c3-089df4bf3532,fertility,10,148,0.4800000488758087,0.06454658508300781,32101.0,0.4000000059604645,153,1
SLIM+SIG1,728315b5-039c-11f0-95c3-089df4bf3532,fertility,10,149,0.4800000488758087,0.06471800804138184,32073.0,0.4000000059604645,153,1
SLIM+SIG1,728315b5-039c-11f0-95c3-089df4bf3532,fertility,10,150,0.4800000488758087,0.06543993949890137,31935.0,0.4000000059604645,153,1
SLIM+SIG1,728315b5-039c-11f0-95c3-089df4bf3532,fertility,10,151,0.4800000488758087,0.06501436233520508,31868.0,0.4000000059604645,153,1
SLIM+SIG1,728315b5-039c-11f0-95c3-089df4bf3532,fertility,10,152,0.4800000488758087,0.06336140632629395,32034.0,0.4000000059604645,153,1
SLIM+SIG1,728315b5-039c-11f0-95c3-089df4bf3532,fertility,10,153,0.4800000488758087,0.06261634826660156,32059.0,0.4000000059604645,153,1
SLIM+SIG1,728315b5-039c-11f0-95c3-089df4bf3532,fertility,10,154,0.4800000488758087,0.06029963493347168,32035.0,0.4000000059604645,153,1
SLIM+SIG1,728315b5-039c-11f0-95c3-089df4bf3532,fertility,10,155,0.4800000488758087,0.06062126159667969,31975.0,0.4000000059604645,153,1
SLIM+SIG1,728315b5-039c-11f0-95c3-089df4bf3532,fertility,10,156,0.4800000488758087,0.06462979316711426,31956.0,0.4000000059604645,153,1
SLIM+SIG1,728315b5-039c-11f0-95c3-089df4bf3532,fertility,10,157,0.4800000488758087,0.06189417839050293,31931.0,0.4000000059604645,153,1
SLIM+SIG1,728315b5-039c-11f0-95c3-089df4bf3532,fertility,10,158,0.4800000488758087,0.06562471389770508,32022.0,0.4000000059604645,153,1
SLIM+SIG1,728315b5-039c-11f0-95c3-089df4bf3532,fertility,10,159,0.4800000488758087,0.06240200996398926,31759.0,0.4000000059604645,153,1
SLIM+SIG1,728315b5-039c-11f0-95c3-089df4bf3532,fertility,10,160,0.4800000488758087,0.07450270652770996,31839.0,0.4000000059604645,153,1
SLIM+SIG1,728315b5-039c-11f0-95c3-089df4bf3532,fertility,10,161,0.4800000488758087,0.06880617141723633,31833.0,0.4000000059604645,153,1
SLIM+SIG1,728315b5-039c-11f0-95c3-089df4bf3532,fertility,10,162,0.4800000488758087,0.0648956298828125,32064.0,0.4000000059604645,153,1
SLIM+SIG1,728315b5-039c-11f0-95c3-089df4bf3532,fertility,10,163,0.4800000488758087,0.06589412689208984,31827.0,0.4000000059604645,153,1
SLIM+SIG1,728315b5-039c-11f0-95c3-089df4bf3532,fertility,10,164,0.4800000488758087,0.0625154972076416,31730.0,0.4000000059604645,153,1
SLIM+SIG1,728315b5-039c-11f0-95c3-089df4bf3532,fertility,10,165,0.4800000488758087,0.06988286972045898,31831.0,0.4000000059604645,153,1
SLIM+SIG1,728315b5-039c-11f0-95c3-089df4bf3532,fertility,10,166,0.4800000488758087,0.06881141662597656,31868.0,0.4000000059604645,153,1
SLIM+SIG1,728315b5-039c-11f0-95c3-089df4bf3532,fertility,10,167,0.4800000488758087,0.06492805480957031,31836.0,0.4000000059604645,153,1
SLIM+SIG1,728315b5-039c-11f0-95c3-089df4bf3532,fertility,10,168,0.4800000488758087,0.06466555595397949,31785.0,0.4000000059604645,153,1
SLIM+SIG1,728315b5-039c-11f0-95c3-089df4bf3532,fertility,10,169,0.4800000488758087,0.0640876293182373,32020.0,0.4000000059604645,153,1
SLIM+SIG1,728315b5-039c-11f0-95c3-089df4bf3532,fertility,10,170,0.4800000488758087,0.06260943412780762,32033.0,0.4000000059604645,153,1
SLIM+SIG1,728315b5-039c-11f0-95c3-089df4bf3532,fertility,10,171,0.4800000488758087,0.06264042854309082,31825.0,0.4000000059604645,153,1
SLIM+SIG1,728315b5-039c-11f0-95c3-089df4bf3532,fertility,10,172,0.4800000488758087,0.062006235122680664,31831.0,0.4000000059604645,153,1
SLIM+SIG1,728315b5-039c-11f0-95c3-089df4bf3532,fertility,10,173,0.4800000488758087,0.06551742553710938,31821.0,0.4000000059604645,153,1
SLIM+SIG1,728315b5-039c-11f0-95c3-089df4bf3532,fertility,10,174,0.4800000488758087,0.06726837158203125,31761.0,0.4000000059604645,153,1
SLIM+SIG1,728315b5-039c-11f0-95c3-089df4bf3532,fertility,10,175,0.4800000488758087,0.06710124015808105,31732.0,0.4000000059604645,153,1
SLIM+SIG1,728315b5-039c-11f0-95c3-089df4bf3532,fertility,10,176,0.4800000488758087,0.06440925598144531,31757.0,0.4000000059604645,153,1
SLIM+SIG1,728315b5-039c-11f0-95c3-089df4bf3532,fertility,10,177,0.4800000488758087,0.06376910209655762,31704.0,0.4000000059604645,153,1
SLIM+SIG1,728315b5-039c-11f0-95c3-089df4bf3532,fertility,10,178,0.4800000488758087,0.06821656227111816,31663.0,0.4000000059604645,153,1
SLIM+SIG1,728315b5-039c-11f0-95c3-089df4bf3532,fertility,10,179,0.4800000488758087,0.06867742538452148,31666.0,0.4000000059604645,153,1
SLIM+SIG1,728315b5-039c-11f0-95c3-089df4bf3532,fertility,10,180,0.4800000488758087,0.06751275062561035,31660.0,0.4000000059604645,153,1
SLIM+SIG1,728315b5-039c-11f0-95c3-089df4bf3532,fertility,10,181,0.4800000488758087,0.06346464157104492,31750.0,0.4000000059604645,153,1
SLIM+SIG1,728315b5-039c-11f0-95c3-089df4bf3532,fertility,10,182,0.4800000488758087,0.06281208992004395,31612.0,0.4000000059604645,153,1
SLIM+SIG1,728315b5-039c-11f0-95c3-089df4bf3532,fertility,10,183,0.4800000488758087,0.06383562088012695,31671.0,0.4000000059604645,153,1
SLIM+SIG1,728315b5-039c-11f0-95c3-089df4bf3532,fertility,10,184,0.4800000488758087,0.07189631462097168,31703.0,0.4000000059604645,153,1
SLIM+SIG1,728315b5-039c-11f0-95c3-089df4bf3532,fertility,10,185,0.4800000488758087,0.06768250465393066,31844.0,0.4000000059604645,153,1
SLIM+SIG1,728315b5-039c-11f0-95c3-089df4bf3532,fertility,10,186,0.4800000488758087,0.06599092483520508,31657.0,0.4000000059604645,153,1
SLIM+SIG1,728315b5-039c-11f0-95c3-089df4bf3532,fertility,10,187,0.4800000488758087,0.06517529487609863,31597.0,0.4000000059604645,153,1
SLIM+SIG1,728315b5-039c-11f0-95c3-089df4bf3532,fertility,10,188,0.4800000488758087,0.06288027763366699,31512.0,0.4000000059604645,153,1
SLIM+SIG1,728315b5-039c-11f0-95c3-089df4bf3532,fertility,10,189,0.4800000488758087,0.06844639778137207,31478.0,0.4000000059604645,153,1
SLIM+SIG1,728315b5-039c-11f0-95c3-089df4bf3532,fertility,10,190,0.4800000488758087,0.06500697135925293,31549.0,0.4000000059604645,153,1
SLIM+SIG1,728315b5-039c-11f0-95c3-089df4bf3532,fertility,10,191,0.4800000488758087,0.07064604759216309,31405.0,0.4000000059604645,153,1
SLIM+SIG1,728315b5-039c-11f0-95c3-089df4bf3532,fertility,10,192,0.4800000488758087,0.07658958435058594,31254.0,0.4000000059604645,153,1
SLIM+SIG1,728315b5-039c-11f0-95c3-089df4bf3532,fertility,10,193,0.4800000488758087,0.07836246490478516,31217.0,0.4000000059604645,153,1
SLIM+SIG1,728315b5-039c-11f0-95c3-089df4bf3532,fertility,10,194,0.4800000488758087,0.07317900657653809,31496.0,0.4000000059604645,153,1
SLIM+SIG1,728315b5-039c-11f0-95c3-089df4bf3532,fertility,10,195,0.4800000488758087,0.0682532787322998,31625.0,0.4000000059604645,153,1
SLIM+SIG1,728315b5-039c-11f0-95c3-089df4bf3532,fertility,10,196,0.4800000488758087,0.0664064884185791,31476.0,0.4000000059604645,153,1
SLIM+SIG1,728315b5-039c-11f0-95c3-089df4bf3532,fertility,10,197,0.4800000488758087,0.07150053977966309,31621.0,0.4000000059604645,153,1
SLIM+SIG1,728315b5-039c-11f0-95c3-089df4bf3532,fertility,10,198,0.4800000488758087,0.07171511650085449,31513.0,0.4000000059604645,153,1
SLIM+SIG1,728315b5-039c-11f0-95c3-089df4bf3532,fertility,10,199,0.4800000488758087,0.07229351997375488,31481.0,0.4000000059604645,153,1
SLIM+SIG1,728315b5-039c-11f0-95c3-089df4bf3532,fertility,10,200,0.4800000488758087,0.06542086601257324,31378.0,0.4000000059604645,153,1
SLIM+SIG1,728315b5-039c-11f0-95c3-089df4bf3532,fertility,10,201,0.4800000488758087,0.0691990852355957,31425.0,0.4000000059604645,153,1
SLIM+SIG1,728315b5-039c-11f0-95c3-089df4bf3532,fertility,10,202,0.4800000488758087,0.066986083984375,31512.0,0.4000000059604645,153,1
SLIM+SIG1,728315b5-039c-11f0-95c3-089df4bf3532,fertility,10,203,0.4800000488758087,0.06561660766601562,31571.0,0.4000000059604645,153,1
SLIM+SIG1,728315b5-039c-11f0-95c3-089df4bf3532,fertility,10,204,0.4800000488758087,0.06389641761779785,31378.0,0.4000000059604645,153,1
SLIM+SIG1,728315b5-039c-11f0-95c3-089df4bf3532,fertility,10,205,0.4800000488758087,0.07049393653869629,31203.0,0.4000000059604645,153,1
SLIM+SIG1,728315b5-039c-11f0-95c3-089df4bf3532,fertility,10,206,0.4800000488758087,0.07051324844360352,31379.0,0.4000000059604645,153,1
SLIM+SIG1,728315b5-039c-11f0-95c3-089df4bf3532,fertility,10,207,0.4800000488758087,0.07345366477966309,31215.0,0.4000000059604645,153,1
SLIM+SIG1,728315b5-039c-11f0-95c3-089df4bf3532,fertility,10,208,0.4800000488758087,0.0734243392944336,31011.0,0.4000000059604645,153,1
SLIM+SIG1,728315b5-039c-11f0-95c3-089df4bf3532,fertility,10,209,0.4800000488758087,0.07238221168518066,31242.0,0.4000000059604645,153,1
SLIM+SIG1,728315b5-039c-11f0-95c3-089df4bf3532,fertility,10,210,0.4800000488758087,0.0656280517578125,31092.0,0.4000000059604645,153,1
SLIM+SIG1,728315b5-039c-11f0-95c3-089df4bf3532,fertility,10,211,0.4800000488758087,0.06844687461853027,31102.0,0.4000000059604645,153,1
SLIM+SIG1,728315b5-039c-11f0-95c3-089df4bf3532,fertility,10,212,0.4800000488758087,0.06724166870117188,31232.0,0.4000000059604645,153,1
SLIM+SIG1,728315b5-039c-11f0-95c3-089df4bf3532,fertility,10,213,0.4800000488758087,0.06684017181396484,31283.0,0.4000000059604645,153,1
SLIM+SIG1,728315b5-039c-11f0-95c3-089df4bf3532,fertility,10,214,0.4800000488758087,0.07801961898803711,31041.0,0.4000000059604645,153,1
SLIM+SIG1,728315b5-039c-11f0-95c3-089df4bf3532,fertility,10,215,0.4800000488758087,0.0765380859375,31177.0,0.4000000059604645,153,1
SLIM+SIG1,728315b5-039c-11f0-95c3-089df4bf3532,fertility,10,216,0.4800000488758087,0.07635760307312012,30946.0,0.4000000059604645,153,1
SLIM+SIG1,728315b5-039c-11f0-95c3-089df4bf3532,fertility,10,217,0.4800000488758087,0.06984972953796387,31140.0,0.4000000059604645,153,1
SLIM+SIG1,728315b5-039c-11f0-95c3-089df4bf3532,fertility,10,218,0.4800000488758087,0.06710505485534668,30960.0,0.4000000059604645,153,1
SLIM+SIG1,728315b5-039c-11f0-95c3-089df4bf3532,fertility,10,219,0.4800000488758087,0.07050967216491699,30893.0,0.4000000059604645,153,1
SLIM+SIG1,728315b5-039c-11f0-95c3-089df4bf3532,fertility,10,220,0.4800000488758087,0.07365155220031738,30970.0,0.4000000059604645,153,1
SLIM+SIG1,728315b5-039c-11f0-95c3-089df4bf3532,fertility,10,221,0.4800000488758087,0.06950688362121582,31039.0,0.4000000059604645,153,1
SLIM+SIG1,728315b5-039c-11f0-95c3-089df4bf3532,fertility,10,222,0.4800000488758087,0.07496953010559082,31363.0,0.4000000059604645,153,1
SLIM+SIG1,728315b5-039c-11f0-95c3-089df4bf3532,fertility,10,223,0.4800000488758087,0.075897216796875,31396.0,0.4000000059604645,153,1
SLIM+SIG1,728315b5-039c-11f0-95c3-089df4bf3532,fertility,10,224,0.4800000488758087,0.07082128524780273,31415.0,0.4000000059604645,153,1
SLIM+SIG1,728315b5-039c-11f0-95c3-089df4bf3532,fertility,10,225,0.4800000488758087,0.13479304313659668,30951.0,0.4000000059604645,153,1
SLIM+SIG1,728315b5-039c-11f0-95c3-089df4bf3532,fertility,10,226,0.4800000488758087,0.06961989402770996,31034.0,0.4000000059604645,153,1
SLIM+SIG1,728315b5-039c-11f0-95c3-089df4bf3532,fertility,10,227,0.4800000488758087,0.06810736656188965,31035.0,0.4000000059604645,153,1
SLIM+SIG1,728315b5-039c-11f0-95c3-089df4bf3532,fertility,10,228,0.4800000488758087,0.0689995288848877,31095.0,0.4000000059604645,153,1
SLIM+SIG1,728315b5-039c-11f0-95c3-089df4bf3532,fertility,10,229,0.4800000488758087,0.07243800163269043,31198.0,0.4000000059604645,153,1
SLIM+SIG1,728315b5-039c-11f0-95c3-089df4bf3532,fertility,10,230,0.4800000488758087,0.07483434677124023,31448.0,0.4000000059604645,153,1
SLIM+SIG1,728315b5-039c-11f0-95c3-089df4bf3532,fertility,10,231,0.4800000488758087,0.06800222396850586,31065.0,0.4000000059604645,153,1
SLIM+SIG1,728315b5-039c-11f0-95c3-089df4bf3532,fertility,10,232,0.4800000488758087,0.0733342170715332,30786.0,0.4000000059604645,153,1
SLIM+SIG1,728315b5-039c-11f0-95c3-089df4bf3532,fertility,10,233,0.4800000488758087,0.07157158851623535,30869.0,0.4000000059604645,153,1
SLIM+SIG1,728315b5-039c-11f0-95c3-089df4bf3532,fertility,10,234,0.4800000488758087,0.0696101188659668,31051.0,0.4000000059604645,153,1
SLIM+SIG1,728315b5-039c-11f0-95c3-089df4bf3532,fertility,10,235,0.4800000488758087,0.07076144218444824,30891.0,0.4000000059604645,153,1
SLIM+SIG1,728315b5-039c-11f0-95c3-089df4bf3532,fertility,10,236,0.4800000488758087,0.07435750961303711,31008.0,0.4000000059604645,153,1
SLIM+SIG1,728315b5-039c-11f0-95c3-089df4bf3532,fertility,10,237,0.4800000488758087,0.07065415382385254,30962.0,0.4000000059604645,153,1
SLIM+SIG1,728315b5-039c-11f0-95c3-089df4bf3532,fertility,10,238,0.4800000488758087,0.07362031936645508,30750.0,0.4000000059604645,153,1
SLIM+SIG1,728315b5-039c-11f0-95c3-089df4bf3532,fertility,10,239,0.4800000488758087,0.07023262977600098,30690.0,0.4000000059604645,153,1
SLIM+SIG1,728315b5-039c-11f0-95c3-089df4bf3532,fertility,10,240,0.4800000488758087,0.07711601257324219,30412.0,0.4000000059604645,153,1
SLIM+SIG1,728315b5-039c-11f0-95c3-089df4bf3532,fertility,10,241,0.4800000488758087,0.07272577285766602,30145.0,0.4000000059604645,153,1
SLIM+SIG1,728315b5-039c-11f0-95c3-089df4bf3532,fertility,10,242,0.4800000488758087,0.07168102264404297,30376.0,0.4000000059604645,153,1
SLIM+SIG1,728315b5-039c-11f0-95c3-089df4bf3532,fertility,10,243,0.4800000488758087,0.07301735877990723,30480.0,0.4000000059604645,153,1
SLIM+SIG1,728315b5-039c-11f0-95c3-089df4bf3532,fertility,10,244,0.4800000488758087,0.07069706916809082,30529.0,0.4000000059604645,153,1
SLIM+SIG1,728315b5-039c-11f0-95c3-089df4bf3532,fertility,10,245,0.4800000488758087,0.07076621055603027,30190.0,0.4000000059604645,153,1
SLIM+SIG1,728315b5-039c-11f0-95c3-089df4bf3532,fertility,10,246,0.4800000488758087,0.07122373580932617,30530.0,0.4000000059604645,153,1
SLIM+SIG1,728315b5-039c-11f0-95c3-089df4bf3532,fertility,10,247,0.4800000488758087,0.07671642303466797,30442.0,0.4000000059604645,153,1
SLIM+SIG1,728315b5-039c-11f0-95c3-089df4bf3532,fertility,10,248,0.4800000488758087,0.0708303451538086,30337.0,0.4000000059604645,153,1
SLIM+SIG1,728315b5-039c-11f0-95c3-089df4bf3532,fertility,10,249,0.4800000488758087,0.07160639762878418,30491.0,0.4000000059604645,153,1
SLIM+SIG1,728315b5-039c-11f0-95c3-089df4bf3532,fertility,10,250,0.4800000488758087,0.0773780345916748,30421.0,0.4000000059604645,153,1
SLIM+SIG1,728315b5-039c-11f0-95c3-089df4bf3532,fertility,10,251,0.4800000488758087,0.08169698715209961,30432.0,0.4000000059604645,153,1
SLIM+SIG1,728315b5-039c-11f0-95c3-089df4bf3532,fertility,10,252,0.4800000488758087,0.07192039489746094,30388.0,0.4000000059604645,153,1
SLIM+SIG1,728315b5-039c-11f0-95c3-089df4bf3532,fertility,10,253,0.4800000488758087,0.07049059867858887,30102.0,0.4000000059604645,153,1
SLIM+SIG1,728315b5-039c-11f0-95c3-089df4bf3532,fertility,10,254,0.4800000488758087,0.07600140571594238,30174.0,0.4000000059604645,153,1
SLIM+SIG1,728315b5-039c-11f0-95c3-089df4bf3532,fertility,10,255,0.48275864124298096,0.07458209991455078,29857.0,0.444444477558136,162,1
SLIM+SIG1,728315b5-039c-11f0-95c3-089df4bf3532,fertility,10,256,0.48275864124298096,0.0742344856262207,29859.0,0.444444477558136,162,1
SLIM+SIG1,728315b5-039c-11f0-95c3-089df4bf3532,fertility,10,257,0.48275864124298096,0.07329177856445312,29997.0,0.444444477558136,162,1
SLIM+SIG1,728315b5-039c-11f0-95c3-089df4bf3532,fertility,10,258,0.48275864124298096,0.07032632827758789,29864.0,0.444444477558136,162,1
SLIM+SIG1,728315b5-039c-11f0-95c3-089df4bf3532,fertility,10,259,0.48275864124298096,0.0688178539276123,30017.0,0.444444477558136,162,1
SLIM+SIG1,728315b5-039c-11f0-95c3-089df4bf3532,fertility,10,260,0.48275864124298096,0.07162165641784668,29839.0,0.444444477558136,162,1
SLIM+SIG1,728315b5-039c-11f0-95c3-089df4bf3532,fertility,10,261,0.48275864124298096,0.0717618465423584,29367.0,0.444444477558136,162,1
SLIM+SIG1,728315b5-039c-11f0-95c3-089df4bf3532,fertility,10,262,0.48275864124298096,0.07445740699768066,29196.0,0.444444477558136,162,1
SLIM+SIG1,728315b5-039c-11f0-95c3-089df4bf3532,fertility,10,263,0.48275864124298096,0.07568669319152832,29509.0,0.444444477558136,162,1
SLIM+SIG1,728315b5-039c-11f0-95c3-089df4bf3532,fertility,10,264,0.48275864124298096,0.07655763626098633,29671.0,0.444444477558136,162,1
SLIM+SIG1,728315b5-039c-11f0-95c3-089df4bf3532,fertility,10,265,0.48275864124298096,0.07057690620422363,28739.0,0.444444477558136,162,1
SLIM+SIG1,728315b5-039c-11f0-95c3-089df4bf3532,fertility,10,266,0.48275864124298096,0.07634687423706055,29221.0,0.444444477558136,162,1
SLIM+SIG1,728315b5-039c-11f0-95c3-089df4bf3532,fertility,10,267,0.48275864124298096,0.07423996925354004,29744.0,0.444444477558136,162,1
SLIM+SIG1,728315b5-039c-11f0-95c3-089df4bf3532,fertility,10,268,0.48275864124298096,0.07341527938842773,29313.0,0.444444477558136,162,1
SLIM+SIG1,728315b5-039c-11f0-95c3-089df4bf3532,fertility,10,269,0.48275864124298096,0.07497406005859375,29416.0,0.444444477558136,162,1
SLIM+SIG1,728315b5-039c-11f0-95c3-089df4bf3532,fertility,10,270,0.48275864124298096,0.07113456726074219,29247.0,0.444444477558136,162,1
SLIM+SIG1,728315b5-039c-11f0-95c3-089df4bf3532,fertility,10,271,0.48275864124298096,0.07085251808166504,28896.0,0.444444477558136,162,1
SLIM+SIG1,728315b5-039c-11f0-95c3-089df4bf3532,fertility,10,272,0.48275864124298096,0.07224035263061523,29073.0,0.444444477558136,162,1
SLIM+SIG1,728315b5-039c-11f0-95c3-089df4bf3532,fertility,10,273,0.48275864124298096,0.07382416725158691,28866.0,0.444444477558136,162,1
SLIM+SIG1,728315b5-039c-11f0-95c3-089df4bf3532,fertility,10,274,0.48275864124298096,0.07702994346618652,28844.0,0.444444477558136,162,1
SLIM+SIG1,728315b5-039c-11f0-95c3-089df4bf3532,fertility,10,275,0.48275864124298096,0.07193326950073242,28919.0,0.444444477558136,162,1
SLIM+SIG1,728315b5-039c-11f0-95c3-089df4bf3532,fertility,10,276,0.48275864124298096,0.07488536834716797,28434.0,0.444444477558136,162,1
SLIM+SIG1,728315b5-039c-11f0-95c3-089df4bf3532,fertility,10,277,0.48275864124298096,0.07414793968200684,27986.0,0.444444477558136,162,1
SLIM+SIG1,728315b5-039c-11f0-95c3-089df4bf3532,fertility,10,278,0.48275864124298096,0.07109999656677246,27614.0,0.444444477558136,162,1
SLIM+SIG1,728315b5-039c-11f0-95c3-089df4bf3532,fertility,10,279,0.48275864124298096,0.08519697189331055,27403.0,0.444444477558136,162,1
SLIM+SIG1,728315b5-039c-11f0-95c3-089df4bf3532,fertility,10,280,0.48275864124298096,0.08005189895629883,28074.0,0.444444477558136,162,1
SLIM+SIG1,728315b5-039c-11f0-95c3-089df4bf3532,fertility,10,281,0.48275864124298096,0.07509446144104004,28669.0,0.444444477558136,162,1
SLIM+SIG1,728315b5-039c-11f0-95c3-089df4bf3532,fertility,10,282,0.48275864124298096,0.07372188568115234,29135.0,0.444444477558136,162,1
SLIM+SIG1,728315b5-039c-11f0-95c3-089df4bf3532,fertility,10,283,0.5,0.0722968578338623,29239.0,0.444444477558136,140,1
SLIM+SIG1,728315b5-039c-11f0-95c3-089df4bf3532,fertility,10,284,0.5,0.08066439628601074,28908.0,0.444444477558136,140,1
SLIM+SIG1,728315b5-039c-11f0-95c3-089df4bf3532,fertility,10,285,0.5,0.07436943054199219,28910.0,0.444444477558136,140,1
SLIM+SIG1,728315b5-039c-11f0-95c3-089df4bf3532,fertility,10,286,0.5,0.0738379955291748,28476.0,0.444444477558136,140,1
SLIM+SIG1,728315b5-039c-11f0-95c3-089df4bf3532,fertility,10,287,0.5,0.07499909400939941,27688.0,0.444444477558136,140,1
SLIM+SIG1,728315b5-039c-11f0-95c3-089df4bf3532,fertility,10,288,0.5,0.07702803611755371,27372.0,0.444444477558136,140,1
SLIM+SIG1,728315b5-039c-11f0-95c3-089df4bf3532,fertility,10,289,0.5,0.07461690902709961,27403.0,0.444444477558136,140,1
SLIM+SIG1,728315b5-039c-11f0-95c3-089df4bf3532,fertility,10,290,0.5,0.07567024230957031,27282.0,0.444444477558136,140,1
SLIM+SIG1,728315b5-039c-11f0-95c3-089df4bf3532,fertility,10,291,0.5,0.07595515251159668,27258.0,0.444444477558136,140,1
SLIM+SIG1,728315b5-039c-11f0-95c3-089df4bf3532,fertility,10,292,0.5,0.14626169204711914,27447.0,0.444444477558136,140,1
SLIM+SIG1,728315b5-039c-11f0-95c3-089df4bf3532,fertility,10,293,0.5,0.07210993766784668,27212.0,0.444444477558136,140,1
SLIM+SIG1,728315b5-039c-11f0-95c3-089df4bf3532,fertility,10,294,0.5,0.0709986686706543,27741.0,0.444444477558136,140,1
SLIM+SIG1,728315b5-039c-11f0-95c3-089df4bf3532,fertility,10,295,0.5,0.07680296897888184,28326.0,0.444444477558136,140,1
SLIM+SIG1,728315b5-039c-11f0-95c3-089df4bf3532,fertility,10,296,0.5,0.07378697395324707,28331.0,0.444444477558136,140,1
SLIM+SIG1,728315b5-039c-11f0-95c3-089df4bf3532,fertility,10,297,0.5,0.07271957397460938,28219.0,0.444444477558136,140,1
SLIM+SIG1,728315b5-039c-11f0-95c3-089df4bf3532,fertility,10,298,0.5,0.07390308380126953,28048.0,0.444444477558136,140,1
SLIM+SIG1,728315b5-039c-11f0-95c3-089df4bf3532,fertility,10,299,0.5,0.0767204761505127,27666.0,0.444444477558136,140,1
SLIM+SIG1,728315b5-039c-11f0-95c3-089df4bf3532,fertility,10,300,0.5,0.07282257080078125,27413.0,0.444444477558136,140,1
SLIM+SIG1,728315b5-039c-11f0-95c3-089df4bf3532,fertility,10,301,0.5,0.07587838172912598,27417.0,0.444444477558136,140,1
SLIM+SIG1,728315b5-039c-11f0-95c3-089df4bf3532,fertility,10,302,0.5,0.0757453441619873,26837.0,0.444444477558136,140,1
SLIM+SIG1,728315b5-039c-11f0-95c3-089df4bf3532,fertility,10,303,0.5,0.0716545581817627,26404.0,0.444444477558136,140,1
SLIM+SIG1,728315b5-039c-11f0-95c3-089df4bf3532,fertility,10,304,0.5,0.07471919059753418,26025.0,0.444444477558136,140,1
SLIM+SIG1,728315b5-039c-11f0-95c3-089df4bf3532,fertility,10,305,0.5,0.07750868797302246,25711.0,0.444444477558136,140,1
SLIM+SIG1,728315b5-039c-11f0-95c3-089df4bf3532,fertility,10,306,0.5,0.08275675773620605,25614.0,0.444444477558136,140,1
SLIM+SIG1,728315b5-039c-11f0-95c3-089df4bf3532,fertility,10,307,0.5,0.08368420600891113,25374.0,0.444444477558136,140,1
SLIM+SIG1,728315b5-039c-11f0-95c3-089df4bf3532,fertility,10,308,0.5,0.07696986198425293,25063.0,0.444444477558136,140,1
SLIM+SIG1,728315b5-039c-11f0-95c3-089df4bf3532,fertility,10,309,0.5,0.07840633392333984,24999.0,0.444444477558136,140,1
SLIM+SIG1,728315b5-039c-11f0-95c3-089df4bf3532,fertility,10,310,0.5,0.08082032203674316,24696.0,0.444444477558136,140,1
SLIM+SIG1,728315b5-039c-11f0-95c3-089df4bf3532,fertility,10,311,0.5,0.07473158836364746,24326.0,0.444444477558136,140,1
SLIM+SIG1,728315b5-039c-11f0-95c3-089df4bf3532,fertility,10,312,0.5,0.07737517356872559,24317.0,0.444444477558136,140,1
SLIM+SIG1,728315b5-039c-11f0-95c3-089df4bf3532,fertility,10,313,0.5,0.07373619079589844,23630.0,0.444444477558136,140,1
SLIM+SIG1,728315b5-039c-11f0-95c3-089df4bf3532,fertility,10,314,0.5,0.07671594619750977,23784.0,0.444444477558136,140,1
SLIM+SIG1,728315b5-039c-11f0-95c3-089df4bf3532,fertility,10,315,0.5,0.08157825469970703,24219.0,0.444444477558136,140,1
SLIM+SIG1,728315b5-039c-11f0-95c3-089df4bf3532,fertility,10,316,0.5,0.07211804389953613,24249.0,0.444444477558136,140,1
SLIM+SIG1,728315b5-039c-11f0-95c3-089df4bf3532,fertility,10,317,0.5,0.07250785827636719,24540.0,0.444444477558136,140,1
SLIM+SIG1,728315b5-039c-11f0-95c3-089df4bf3532,fertility,10,318,0.5,0.07806849479675293,24819.0,0.444444477558136,140,1
SLIM+SIG1,728315b5-039c-11f0-95c3-089df4bf3532,fertility,10,319,0.5,0.07997441291809082,25668.0,0.444444477558136,140,1
SLIM+SIG1,728315b5-039c-11f0-95c3-089df4bf3532,fertility,10,320,0.5,0.07435488700866699,24817.0,0.444444477558136,140,1
SLIM+SIG1,728315b5-039c-11f0-95c3-089df4bf3532,fertility,10,321,0.5,0.0775299072265625,24328.0,0.444444477558136,140,1
SLIM+SIG1,728315b5-039c-11f0-95c3-089df4bf3532,fertility,10,322,0.5,0.07755684852600098,23677.0,0.444444477558136,140,1
SLIM+SIG1,728315b5-039c-11f0-95c3-089df4bf3532,fertility,10,323,0.5,0.07927441596984863,23355.0,0.444444477558136,140,1
SLIM+SIG1,728315b5-039c-11f0-95c3-089df4bf3532,fertility,10,324,0.5,0.07312560081481934,23076.0,0.444444477558136,140,1
SLIM+SIG1,728315b5-039c-11f0-95c3-089df4bf3532,fertility,10,325,0.5,0.07573723793029785,23654.0,0.444444477558136,140,1
SLIM+SIG1,728315b5-039c-11f0-95c3-089df4bf3532,fertility,10,326,0.5,0.07520008087158203,23135.0,0.444444477558136,140,1
SLIM+SIG1,728315b5-039c-11f0-95c3-089df4bf3532,fertility,10,327,0.5,0.0710139274597168,23621.0,0.444444477558136,140,1
SLIM+SIG1,728315b5-039c-11f0-95c3-089df4bf3532,fertility,10,328,0.5,0.07373166084289551,23729.0,0.444444477558136,140,1
SLIM+SIG1,728315b5-039c-11f0-95c3-089df4bf3532,fertility,10,329,0.5,0.07310843467712402,23651.0,0.444444477558136,140,1
SLIM+SIG1,728315b5-039c-11f0-95c3-089df4bf3532,fertility,10,330,0.5,0.07077670097351074,24175.0,0.444444477558136,140,1
SLIM+SIG1,728315b5-039c-11f0-95c3-089df4bf3532,fertility,10,331,0.5,0.0762944221496582,24504.0,0.444444477558136,140,1
SLIM+SIG1,728315b5-039c-11f0-95c3-089df4bf3532,fertility,10,332,0.5,0.07191181182861328,24180.0,0.444444477558136,140,1
SLIM+SIG1,728315b5-039c-11f0-95c3-089df4bf3532,fertility,10,333,0.5,0.07191920280456543,23894.0,0.444444477558136,140,1
SLIM+SIG1,728315b5-039c-11f0-95c3-089df4bf3532,fertility,10,334,0.5,0.08266067504882812,23736.0,0.444444477558136,140,1
SLIM+SIG1,728315b5-039c-11f0-95c3-089df4bf3532,fertility,10,335,0.5,0.07622599601745605,24210.0,0.444444477558136,140,1
SLIM+SIG1,728315b5-039c-11f0-95c3-089df4bf3532,fertility,10,336,0.5,0.07254576683044434,24179.0,0.444444477558136,140,1
SLIM+SIG1,728315b5-039c-11f0-95c3-089df4bf3532,fertility,10,337,0.5,0.07121658325195312,24153.0,0.444444477558136,140,1
SLIM+SIG1,728315b5-039c-11f0-95c3-089df4bf3532,fertility,10,338,0.5,0.07219648361206055,23377.0,0.444444477558136,140,1
SLIM+SIG1,728315b5-039c-11f0-95c3-089df4bf3532,fertility,10,339,0.5,0.07662081718444824,22923.0,0.444444477558136,140,1
SLIM+SIG1,728315b5-039c-11f0-95c3-089df4bf3532,fertility,10,340,0.5,0.07483077049255371,22529.0,0.444444477558136,140,1
SLIM+SIG1,728315b5-039c-11f0-95c3-089df4bf3532,fertility,10,341,0.5,0.13985633850097656,22736.0,0.444444477558136,140,1
SLIM+SIG1,728315b5-039c-11f0-95c3-089df4bf3532,fertility,10,342,0.5,0.07478070259094238,23359.0,0.444444477558136,140,1
SLIM+SIG1,728315b5-039c-11f0-95c3-089df4bf3532,fertility,10,343,0.5,0.07186269760131836,23441.0,0.444444477558136,140,1
SLIM+SIG1,728315b5-039c-11f0-95c3-089df4bf3532,fertility,10,344,0.5,0.06600594520568848,23318.0,0.444444477558136,140,1
SLIM+SIG1,728315b5-039c-11f0-95c3-089df4bf3532,fertility,10,345,0.5,0.06972789764404297,24015.0,0.444444477558136,140,1
SLIM+SIG1,728315b5-039c-11f0-95c3-089df4bf3532,fertility,10,346,0.5,0.07567811012268066,23421.0,0.444444477558136,140,1
SLIM+SIG1,728315b5-039c-11f0-95c3-089df4bf3532,fertility,10,347,0.5,0.07058215141296387,22883.0,0.444444477558136,140,1
SLIM+SIG1,728315b5-039c-11f0-95c3-089df4bf3532,fertility,10,348,0.5,0.07089662551879883,22894.0,0.444444477558136,140,1
SLIM+SIG1,728315b5-039c-11f0-95c3-089df4bf3532,fertility,10,349,0.5,0.07381510734558105,22813.0,0.444444477558136,140,1
SLIM+SIG1,728315b5-039c-11f0-95c3-089df4bf3532,fertility,10,350,0.5,0.07451224327087402,22184.0,0.444444477558136,140,1
SLIM+SIG1,728315b5-039c-11f0-95c3-089df4bf3532,fertility,10,351,0.5,0.07800483703613281,22425.0,0.444444477558136,140,1
SLIM+SIG1,728315b5-039c-11f0-95c3-089df4bf3532,fertility,10,352,0.5,0.07458209991455078,21458.0,0.444444477558136,140,1
SLIM+SIG1,728315b5-039c-11f0-95c3-089df4bf3532,fertility,10,353,0.5,0.06951570510864258,20932.0,0.444444477558136,140,1
SLIM+SIG1,728315b5-039c-11f0-95c3-089df4bf3532,fertility,10,354,0.5,0.07353472709655762,20433.0,0.444444477558136,140,1
SLIM+SIG1,728315b5-039c-11f0-95c3-089df4bf3532,fertility,10,355,0.5,0.07037019729614258,20169.0,0.444444477558136,140,1
SLIM+SIG1,728315b5-039c-11f0-95c3-089df4bf3532,fertility,10,356,0.5,0.07329845428466797,20081.0,0.444444477558136,140,1
SLIM+SIG1,728315b5-039c-11f0-95c3-089df4bf3532,fertility,10,357,0.5,0.07061243057250977,20067.0,0.444444477558136,140,1
SLIM+SIG1,728315b5-039c-11f0-95c3-089df4bf3532,fertility,10,358,0.5,0.06905078887939453,19599.0,0.444444477558136,140,1
SLIM+SIG1,728315b5-039c-11f0-95c3-089df4bf3532,fertility,10,359,0.5,0.07211875915527344,19140.0,0.444444477558136,140,1
SLIM+SIG1,728315b5-039c-11f0-95c3-089df4bf3532,fertility,10,360,0.5,0.07251429557800293,18575.0,0.444444477558136,140,1
SLIM+SIG1,728315b5-039c-11f0-95c3-089df4bf3532,fertility,10,361,0.5,0.07166004180908203,17873.0,0.444444477558136,140,1
SLIM+SIG1,728315b5-039c-11f0-95c3-089df4bf3532,fertility,10,362,0.5,0.07631850242614746,17849.0,0.444444477558136,140,1
SLIM+SIG1,728315b5-039c-11f0-95c3-089df4bf3532,fertility,10,363,0.5,0.08021974563598633,18126.0,0.444444477558136,140,1
SLIM+SIG1,728315b5-039c-11f0-95c3-089df4bf3532,fertility,10,364,0.5,0.07374191284179688,18764.0,0.444444477558136,140,1
SLIM+SIG1,728315b5-039c-11f0-95c3-089df4bf3532,fertility,10,365,0.5,0.0749363899230957,19080.0,0.444444477558136,140,1
SLIM+SIG1,728315b5-039c-11f0-95c3-089df4bf3532,fertility,10,366,0.5,0.07233810424804688,19289.0,0.444444477558136,140,1
SLIM+SIG1,728315b5-039c-11f0-95c3-089df4bf3532,fertility,10,367,0.5,0.07189512252807617,20157.0,0.444444477558136,140,1
SLIM+SIG1,728315b5-039c-11f0-95c3-089df4bf3532,fertility,10,368,0.5,0.07476043701171875,19612.0,0.444444477558136,140,1
SLIM+SIG1,728315b5-039c-11f0-95c3-089df4bf3532,fertility,10,369,0.5,0.07464170455932617,19383.0,0.444444477558136,140,1
SLIM+SIG1,728315b5-039c-11f0-95c3-089df4bf3532,fertility,10,370,0.5,0.06950831413269043,19447.0,0.444444477558136,140,1
SLIM+SIG1,728315b5-039c-11f0-95c3-089df4bf3532,fertility,10,371,0.5,0.07260918617248535,19490.0,0.444444477558136,140,1
SLIM+SIG1,728315b5-039c-11f0-95c3-089df4bf3532,fertility,10,372,0.5,0.06865859031677246,20139.0,0.444444477558136,140,1
SLIM+SIG1,728315b5-039c-11f0-95c3-089df4bf3532,fertility,10,373,0.5,0.06641197204589844,20498.0,0.444444477558136,140,1
SLIM+SIG1,728315b5-039c-11f0-95c3-089df4bf3532,fertility,10,374,0.5,0.06630921363830566,20995.0,0.444444477558136,140,1
SLIM+SIG1,728315b5-039c-11f0-95c3-089df4bf3532,fertility,10,375,0.5185185074806213,0.07277560234069824,22031.0,0.5,140,1
SLIM+SIG1,728315b5-039c-11f0-95c3-089df4bf3532,fertility,10,376,0.5185185074806213,0.07087874412536621,22332.0,0.5,140,1
SLIM+SIG1,728315b5-039c-11f0-95c3-089df4bf3532,fertility,10,377,0.5185185074806213,0.06925845146179199,22699.0,0.5,140,1
SLIM+SIG1,728315b5-039c-11f0-95c3-089df4bf3532,fertility,10,378,0.5185185074806213,0.07171821594238281,22378.0,0.5,140,1
SLIM+SIG1,728315b5-039c-11f0-95c3-089df4bf3532,fertility,10,379,0.5185185074806213,0.07163143157958984,21745.0,0.5,140,1
SLIM+SIG1,728315b5-039c-11f0-95c3-089df4bf3532,fertility,10,380,0.5185185074806213,0.07533454895019531,21353.0,0.5,140,1
SLIM+SIG1,728315b5-039c-11f0-95c3-089df4bf3532,fertility,10,381,0.5185185074806213,0.06935501098632812,20895.0,0.5,140,1
SLIM+SIG1,728315b5-039c-11f0-95c3-089df4bf3532,fertility,10,382,0.5185185074806213,0.07142853736877441,20222.0,0.5,140,1
SLIM+SIG1,728315b5-039c-11f0-95c3-089df4bf3532,fertility,10,383,0.5185185074806213,0.06662154197692871,19886.0,0.5,140,1
SLIM+SIG1,728315b5-039c-11f0-95c3-089df4bf3532,fertility,10,384,0.5185185074806213,0.06858658790588379,19338.0,0.5,140,1
SLIM+SIG1,728315b5-039c-11f0-95c3-089df4bf3532,fertility,10,385,0.5185185074806213,0.06874775886535645,18682.0,0.5,140,1
SLIM+SIG1,728315b5-039c-11f0-95c3-089df4bf3532,fertility,10,386,0.5185185074806213,0.07252764701843262,19483.0,0.5,140,1
SLIM+SIG1,728315b5-039c-11f0-95c3-089df4bf3532,fertility,10,387,0.5185185074806213,0.06875991821289062,19282.0,0.5,140,1
SLIM+SIG1,728315b5-039c-11f0-95c3-089df4bf3532,fertility,10,388,0.5185185074806213,0.06968259811401367,19240.0,0.5,140,1
SLIM+SIG1,728315b5-039c-11f0-95c3-089df4bf3532,fertility,10,389,0.5185185074806213,0.07177472114562988,19277.0,0.5,140,1
SLIM+SIG1,728315b5-039c-11f0-95c3-089df4bf3532,fertility,10,390,0.5185185074806213,0.06784462928771973,19754.0,0.5,140,1
SLIM+SIG1,728315b5-039c-11f0-95c3-089df4bf3532,fertility,10,391,0.5185185074806213,0.07113909721374512,19916.0,0.5,140,1
SLIM+SIG1,728315b5-039c-11f0-95c3-089df4bf3532,fertility,10,392,0.5185185074806213,0.08036684989929199,20321.0,0.5,140,1
SLIM+SIG1,728315b5-039c-11f0-95c3-089df4bf3532,fertility,10,393,0.5185185074806213,0.0824124813079834,20026.0,0.5,140,1
SLIM+SIG1,728315b5-039c-11f0-95c3-089df4bf3532,fertility,10,394,0.5185185074806213,0.07052063941955566,19900.0,0.5,140,1
SLIM+SIG1,728315b5-039c-11f0-95c3-089df4bf3532,fertility,10,395,0.5185185074806213,0.06847286224365234,20004.0,0.5,140,1
SLIM+SIG1,728315b5-039c-11f0-95c3-089df4bf3532,fertility,10,396,0.5185185074806213,0.07254242897033691,19852.0,0.5,140,1
SLIM+SIG1,728315b5-039c-11f0-95c3-089df4bf3532,fertility,10,397,0.5185185074806213,0.0722806453704834,20463.0,0.5,140,1
SLIM+SIG1,728315b5-039c-11f0-95c3-089df4bf3532,fertility,10,398,0.5185185074806213,0.06930327415466309,20137.0,0.5,140,1
SLIM+SIG1,728315b5-039c-11f0-95c3-089df4bf3532,fertility,10,399,0.5185185074806213,0.06891036033630371,19758.0,0.5,140,1
SLIM+SIG1,728315b5-039c-11f0-95c3-089df4bf3532,fertility,10,400,0.5185185074806213,0.0703883171081543,19991.0,0.5,140,1
SLIM+SIG1,728315b5-039c-11f0-95c3-089df4bf3532,fertility,10,401,0.5185185074806213,0.07085752487182617,20390.0,0.5,140,1
SLIM+SIG1,728315b5-039c-11f0-95c3-089df4bf3532,fertility,10,402,0.5185185074806213,0.07113146781921387,19747.0,0.5,140,1
SLIM+SIG1,728315b5-039c-11f0-95c3-089df4bf3532,fertility,10,403,0.5185185074806213,0.06854557991027832,19703.0,0.5,140,1
SLIM+SIG1,728315b5-039c-11f0-95c3-089df4bf3532,fertility,10,404,0.5185185074806213,0.06857752799987793,19866.0,0.5,140,1
SLIM+SIG1,728315b5-039c-11f0-95c3-089df4bf3532,fertility,10,405,0.5185185074806213,0.07173800468444824,19769.0,0.5,140,1
SLIM+SIG1,728315b5-039c-11f0-95c3-089df4bf3532,fertility,10,406,0.5185185074806213,0.0668940544128418,19808.0,0.5,140,1
SLIM+SIG1,728315b5-039c-11f0-95c3-089df4bf3532,fertility,10,407,0.5185185074806213,0.07263588905334473,20152.0,0.5,140,1
SLIM+SIG1,728315b5-039c-11f0-95c3-089df4bf3532,fertility,10,408,0.5185185074806213,0.06991934776306152,19989.0,0.5,140,1
SLIM+SIG1,728315b5-039c-11f0-95c3-089df4bf3532,fertility,10,409,0.5185185074806213,0.06621670722961426,20200.0,0.5,140,1
SLIM+SIG1,728315b5-039c-11f0-95c3-089df4bf3532,fertility,10,410,0.5185185074806213,0.06705951690673828,19877.0,0.5,140,1
SLIM+SIG1,728315b5-039c-11f0-95c3-089df4bf3532,fertility,10,411,0.5185185074806213,0.07501435279846191,19439.0,0.5,140,1
SLIM+SIG1,728315b5-039c-11f0-95c3-089df4bf3532,fertility,10,412,0.5185185074806213,0.0670473575592041,18689.0,0.5,140,1
SLIM+SIG1,728315b5-039c-11f0-95c3-089df4bf3532,fertility,10,413,0.5185185074806213,0.06600117683410645,18245.0,0.5,140,1
SLIM+SIG1,728315b5-039c-11f0-95c3-089df4bf3532,fertility,10,414,0.5185185074806213,0.06669783592224121,17607.0,0.5,140,1
SLIM+SIG1,728315b5-039c-11f0-95c3-089df4bf3532,fertility,10,415,0.5185185074806213,0.14067649841308594,17615.0,0.5,140,1
SLIM+SIG1,728315b5-039c-11f0-95c3-089df4bf3532,fertility,10,416,0.5185185074806213,0.06697845458984375,17488.0,0.5,140,1
SLIM+SIG1,728315b5-039c-11f0-95c3-089df4bf3532,fertility,10,417,0.5185185074806213,0.06309151649475098,17356.0,0.5,140,1
SLIM+SIG1,728315b5-039c-11f0-95c3-089df4bf3532,fertility,10,418,0.5185185074806213,0.0692908763885498,17298.0,0.5,140,1
SLIM+SIG1,728315b5-039c-11f0-95c3-089df4bf3532,fertility,10,419,0.5185185074806213,0.06863570213317871,17413.0,0.5,140,1
SLIM+SIG1,728315b5-039c-11f0-95c3-089df4bf3532,fertility,10,420,0.5185185074806213,0.06660962104797363,17254.0,0.5,140,1
SLIM+SIG1,728315b5-039c-11f0-95c3-089df4bf3532,fertility,10,421,0.5185185074806213,0.0779259204864502,17103.0,0.5,140,1
SLIM+SIG1,728315b5-039c-11f0-95c3-089df4bf3532,fertility,10,422,0.5185185074806213,0.07642102241516113,16366.0,0.5,140,1
SLIM+SIG1,728315b5-039c-11f0-95c3-089df4bf3532,fertility,10,423,0.5185185074806213,0.07172393798828125,16581.0,0.5,140,1
SLIM+SIG1,728315b5-039c-11f0-95c3-089df4bf3532,fertility,10,424,0.5185185074806213,0.06729817390441895,16251.0,0.5,140,1
SLIM+SIG1,728315b5-039c-11f0-95c3-089df4bf3532,fertility,10,425,0.5185185074806213,0.06738042831420898,16144.0,0.5,140,1
SLIM+SIG1,728315b5-039c-11f0-95c3-089df4bf3532,fertility,10,426,0.5185185074806213,0.06772446632385254,15923.0,0.5,140,1
SLIM+SIG1,728315b5-039c-11f0-95c3-089df4bf3532,fertility,10,427,0.5185185074806213,0.06685638427734375,15913.0,0.5,140,1
SLIM+SIG1,728315b5-039c-11f0-95c3-089df4bf3532,fertility,10,428,0.5185185074806213,0.06313610076904297,15636.0,0.5,140,1
SLIM+SIG1,728315b5-039c-11f0-95c3-089df4bf3532,fertility,10,429,0.5185185074806213,0.06240081787109375,15365.0,0.5,140,1
SLIM+SIG1,728315b5-039c-11f0-95c3-089df4bf3532,fertility,10,430,0.5185185074806213,0.06603360176086426,15057.0,0.5,140,1
SLIM+SIG1,728315b5-039c-11f0-95c3-089df4bf3532,fertility,10,431,0.5185185074806213,0.06199836730957031,14901.0,0.5,140,1
SLIM+SIG1,728315b5-039c-11f0-95c3-089df4bf3532,fertility,10,432,0.5185185074806213,0.06072425842285156,14628.0,0.5,140,1
SLIM+SIG1,728315b5-039c-11f0-95c3-089df4bf3532,fertility,10,433,0.5185185074806213,0.06461763381958008,14415.0,0.5,140,1
SLIM+SIG1,728315b5-039c-11f0-95c3-089df4bf3532,fertility,10,434,0.5185185074806213,0.06189250946044922,14441.0,0.5,140,1
SLIM+SIG1,728315b5-039c-11f0-95c3-089df4bf3532,fertility,10,435,0.5185185074806213,0.06261515617370605,13700.0,0.5,140,1
SLIM+SIG1,728315b5-039c-11f0-95c3-089df4bf3532,fertility,10,436,0.5185185074806213,0.0626070499420166,13645.0,0.5,140,1
SLIM+SIG1,728315b5-039c-11f0-95c3-089df4bf3532,fertility,10,437,0.5185185074806213,0.0616145133972168,13517.0,0.5,140,1
SLIM+SIG1,728315b5-039c-11f0-95c3-089df4bf3532,fertility,10,438,0.5185185074806213,0.06202292442321777,13671.0,0.5,140,1
SLIM+SIG1,728315b5-039c-11f0-95c3-089df4bf3532,fertility,10,439,0.5185185074806213,0.060896873474121094,14162.0,0.5,140,1
SLIM+SIG1,728315b5-039c-11f0-95c3-089df4bf3532,fertility,10,440,0.5185185074806213,0.058710336685180664,15108.0,0.5,140,1
SLIM+SIG1,728315b5-039c-11f0-95c3-089df4bf3532,fertility,10,441,0.5185185074806213,0.061453819274902344,15748.0,0.5,140,1
SLIM+SIG1,728315b5-039c-11f0-95c3-089df4bf3532,fertility,10,442,0.5185185074806213,0.061125755310058594,16133.0,0.5,140,1
SLIM+SIG1,728315b5-039c-11f0-95c3-089df4bf3532,fertility,10,443,0.5185185074806213,0.06305217742919922,15792.0,0.5,140,1
SLIM+SIG1,728315b5-039c-11f0-95c3-089df4bf3532,fertility,10,444,0.5185185074806213,0.06510400772094727,15147.0,0.5,140,1
SLIM+SIG1,728315b5-039c-11f0-95c3-089df4bf3532,fertility,10,445,0.5185185074806213,0.06083416938781738,14694.0,0.5,140,1
SLIM+SIG1,728315b5-039c-11f0-95c3-089df4bf3532,fertility,10,446,0.5185185074806213,0.06358456611633301,14201.0,0.5,140,1
SLIM+SIG1,728315b5-039c-11f0-95c3-089df4bf3532,fertility,10,447,0.5185185074806213,0.0630028247833252,14648.0,0.5,140,1
SLIM+SIG1,728315b5-039c-11f0-95c3-089df4bf3532,fertility,10,448,0.5185185074806213,0.06153130531311035,14173.0,0.5,140,1
SLIM+SIG1,728315b5-039c-11f0-95c3-089df4bf3532,fertility,10,449,0.5185185074806213,0.06188845634460449,14067.0,0.5,140,1
SLIM+SIG1,728315b5-039c-11f0-95c3-089df4bf3532,fertility,10,450,0.5185185074806213,0.06410098075866699,14219.0,0.5,140,1
SLIM+SIG1,728315b5-039c-11f0-95c3-089df4bf3532,fertility,10,451,0.5185185074806213,0.06651830673217773,14276.0,0.5,140,1
SLIM+SIG1,728315b5-039c-11f0-95c3-089df4bf3532,fertility,10,452,0.5185185074806213,0.06105804443359375,13843.0,0.5,140,1
SLIM+SIG1,728315b5-039c-11f0-95c3-089df4bf3532,fertility,10,453,0.5185185074806213,0.0624241828918457,13757.0,0.5,140,1
SLIM+SIG1,728315b5-039c-11f0-95c3-089df4bf3532,fertility,10,454,0.5185185074806213,0.06415128707885742,13634.0,0.5,140,1
SLIM+SIG1,728315b5-039c-11f0-95c3-089df4bf3532,fertility,10,455,0.5185185074806213,0.06740450859069824,13513.0,0.5,140,1
SLIM+SIG1,728315b5-039c-11f0-95c3-089df4bf3532,fertility,10,456,0.5185185074806213,0.06200122833251953,13722.0,0.5,140,1
SLIM+SIG1,728315b5-039c-11f0-95c3-089df4bf3532,fertility,10,457,0.5185185074806213,0.058603763580322266,13821.0,0.5,140,1
SLIM+SIG1,728315b5-039c-11f0-95c3-089df4bf3532,fertility,10,458,0.5185185074806213,0.06136775016784668,14668.0,0.5,140,1
SLIM+SIG1,728315b5-039c-11f0-95c3-089df4bf3532,fertility,10,459,0.5185185074806213,0.06261801719665527,15394.0,0.5,140,1
SLIM+SIG1,728315b5-039c-11f0-95c3-089df4bf3532,fertility,10,460,0.5185185074806213,0.061742305755615234,16263.0,0.5,140,1
SLIM+SIG1,728315b5-039c-11f0-95c3-089df4bf3532,fertility,10,461,0.5185185074806213,0.06209397315979004,16573.0,0.5,140,1
SLIM+SIG1,728315b5-039c-11f0-95c3-089df4bf3532,fertility,10,462,0.5185185074806213,0.06397867202758789,16164.0,0.5,140,1
SLIM+SIG1,728315b5-039c-11f0-95c3-089df4bf3532,fertility,10,463,0.5185185074806213,0.06351232528686523,15979.0,0.5,140,1
SLIM+SIG1,728315b5-039c-11f0-95c3-089df4bf3532,fertility,10,464,0.5185185074806213,0.06357622146606445,15737.0,0.5,140,1
SLIM+SIG1,728315b5-039c-11f0-95c3-089df4bf3532,fertility,10,465,0.5185185074806213,0.06761813163757324,16210.0,0.5,140,1
SLIM+SIG1,728315b5-039c-11f0-95c3-089df4bf3532,fertility,10,466,0.5185185074806213,0.06050229072570801,15968.0,0.5,140,1
SLIM+SIG1,728315b5-039c-11f0-95c3-089df4bf3532,fertility,10,467,0.5185185074806213,0.0639946460723877,15515.0,0.5,140,1
SLIM+SIG1,728315b5-039c-11f0-95c3-089df4bf3532,fertility,10,468,0.5185185074806213,0.0638270378112793,15383.0,0.5,140,1
SLIM+SIG1,728315b5-039c-11f0-95c3-089df4bf3532,fertility,10,469,0.5185185074806213,0.0639638900756836,14844.0,0.5,140,1
SLIM+SIG1,728315b5-039c-11f0-95c3-089df4bf3532,fertility,10,470,0.5185185074806213,0.06300473213195801,15185.0,0.5,140,1
SLIM+SIG1,728315b5-039c-11f0-95c3-089df4bf3532,fertility,10,471,0.5185185074806213,0.060764312744140625,15473.0,0.5,140,1
SLIM+SIG1,728315b5-039c-11f0-95c3-089df4bf3532,fertility,10,472,0.5185185074806213,0.05889177322387695,15702.0,0.5,140,1
SLIM+SIG1,728315b5-039c-11f0-95c3-089df4bf3532,fertility,10,473,0.5185185074806213,0.06134176254272461,15867.0,0.5,140,1
SLIM+SIG1,728315b5-039c-11f0-95c3-089df4bf3532,fertility,10,474,0.5185185074806213,0.061742544174194336,15636.0,0.5,140,1
SLIM+SIG1,728315b5-039c-11f0-95c3-089df4bf3532,fertility,10,475,0.5185185074806213,0.06586837768554688,14976.0,0.5,140,1
SLIM+SIG1,728315b5-039c-11f0-95c3-089df4bf3532,fertility,10,476,0.5185185074806213,0.06146669387817383,14692.0,0.5,140,1
SLIM+SIG1,728315b5-039c-11f0-95c3-089df4bf3532,fertility,10,477,0.5185185074806213,0.05913138389587402,14254.0,0.5,140,1
SLIM+SIG1,728315b5-039c-11f0-95c3-089df4bf3532,fertility,10,478,0.5185185074806213,0.057218074798583984,14221.0,0.5,140,1
SLIM+SIG1,728315b5-039c-11f0-95c3-089df4bf3532,fertility,10,479,0.5185185074806213,0.057889461517333984,13931.0,0.5,140,1
SLIM+SIG1,728315b5-039c-11f0-95c3-089df4bf3532,fertility,10,480,0.5185185074806213,0.05832529067993164,13887.0,0.5,140,1
SLIM+SIG1,728315b5-039c-11f0-95c3-089df4bf3532,fertility,10,481,0.5185185074806213,0.06187915802001953,13964.0,0.5,140,1
SLIM+SIG1,728315b5-039c-11f0-95c3-089df4bf3532,fertility,10,482,0.5185185074806213,0.056011199951171875,14252.0,0.5,140,1
SLIM+SIG1,728315b5-039c-11f0-95c3-089df4bf3532,fertility,10,483,0.5185185074806213,0.0617218017578125,13691.0,0.5,140,1
SLIM+SIG1,728315b5-039c-11f0-95c3-089df4bf3532,fertility,10,484,0.5185185074806213,0.06453108787536621,13777.0,0.5,140,1
SLIM+SIG1,728315b5-039c-11f0-95c3-089df4bf3532,fertility,10,485,0.5185185074806213,0.06202840805053711,14437.0,0.5,140,1
SLIM+SIG1,728315b5-039c-11f0-95c3-089df4bf3532,fertility,10,486,0.5185185074806213,0.06324291229248047,14558.0,0.5,140,1
SLIM+SIG1,728315b5-039c-11f0-95c3-089df4bf3532,fertility,10,487,0.5185185074806213,0.05956220626831055,14316.0,0.5,140,1
SLIM+SIG1,728315b5-039c-11f0-95c3-089df4bf3532,fertility,10,488,0.5185185074806213,0.06967544555664062,13997.0,0.5,140,1
SLIM+SIG1,728315b5-039c-11f0-95c3-089df4bf3532,fertility,10,489,0.5185185074806213,0.06430387496948242,13570.0,0.5,140,1
SLIM+SIG1,728315b5-039c-11f0-95c3-089df4bf3532,fertility,10,490,0.5185185074806213,0.06334424018859863,13832.0,0.5,140,1
SLIM+SIG1,728315b5-039c-11f0-95c3-089df4bf3532,fertility,10,491,0.5185185074806213,0.06210732460021973,13799.0,0.5,140,1
SLIM+SIG1,728315b5-039c-11f0-95c3-089df4bf3532,fertility,10,492,0.5185185074806213,0.059508323669433594,13788.0,0.5,140,1
SLIM+SIG1,728315b5-039c-11f0-95c3-089df4bf3532,fertility,10,493,0.5185185074806213,0.05621194839477539,13865.0,0.5,140,1
SLIM+SIG1,728315b5-039c-11f0-95c3-089df4bf3532,fertility,10,494,0.5185185074806213,0.05961894989013672,13667.0,0.5,140,1
SLIM+SIG1,728315b5-039c-11f0-95c3-089df4bf3532,fertility,10,495,0.5185185074806213,0.05851006507873535,13590.0,0.5,140,1
SLIM+SIG1,728315b5-039c-11f0-95c3-089df4bf3532,fertility,10,496,0.5185185074806213,0.0587611198425293,13425.0,0.5,140,1
SLIM+SIG1,728315b5-039c-11f0-95c3-089df4bf3532,fertility,10,497,0.5185185074806213,0.05840730667114258,13535.0,0.5,140,1
SLIM+SIG1,728315b5-039c-11f0-95c3-089df4bf3532,fertility,10,498,0.5185185074806213,0.06400227546691895,13667.0,0.5,140,1
SLIM+SIG1,728315b5-039c-11f0-95c3-089df4bf3532,fertility,10,499,0.5185185074806213,0.058530330657958984,13535.0,0.5,140,1
SLIM+SIG1,728315b5-039c-11f0-95c3-089df4bf3532,fertility,10,500,0.5185185074806213,0.0639805793762207,13601.0,0.5,140,1
