SLIM*SIG1,676053df-1802-11f0-8423-54a95b9ec813,auction,1,0,0.35048162937164307,0.06848335266113281,1342.0,0.3508559763431549,3,1
SLIM*SIG1,676053df-1802-11f0-8423-54a95b9ec813,auction,1,1,0.35048162937164307,0.031275272369384766,1410.0,0.3508559763431549,3,1
SLIM*SIG1,676053df-1802-11f0-8423-54a95b9ec813,auction,1,2,0.35048162937164307,0.01562786102294922,1360.0,0.3508559763431549,3,1
SLIM*SIG1,676053df-1802-11f0-8423-54a95b9ec813,auction,1,3,0.34268930554389954,0.031216859817504883,1533.0,0.3438681364059448,16,1
SLIM*SIG1,676053df-1802-11f0-8423-54a95b9ec813,auction,1,4,0.34161388874053955,0.01985907554626465,1568.0,0.3443934917449951,16,1
SLIM*SIG1,676053df-1802-11f0-8423-54a95b9ec813,auction,1,5,0.34161388874053955,0.020763397216796875,1433.0,0.3443934917449951,16,1
SLIM*SIG1,676053df-1802-11f0-8423-54a95b9ec813,auction,1,6,0.3347640633583069,0.02894759178161621,1438.0,0.3390725255012512,16,1
SLIM*SIG1,676053df-1802-11f0-8423-54a95b9ec813,auction,1,7,0.3347640633583069,0.017231464385986328,1827.0,0.3390725255012512,16,1
SLIM*SIG1,676053df-1802-11f0-8423-54a95b9ec813,auction,1,8,0.3347640633583069,0.027429819107055664,1754.0,0.3390725255012512,16,1
SLIM*SIG1,676053df-1802-11f0-8423-54a95b9ec813,auction,1,9,0.3347640633583069,0.01563286781311035,1825.0,0.3390725255012512,16,1
SLIM*SIG1,676053df-1802-11f0-8423-54a95b9ec813,auction,1,10,0.3343494236469269,0.015624046325683594,1478.0,0.3353962004184723,70,1
SLIM*SIG1,676053df-1802-11f0-8423-54a95b9ec813,auction,1,11,0.3343494236469269,0.01564931869506836,1651.0,0.3353962004184723,70,1
SLIM*SIG1,676053df-1802-11f0-8423-54a95b9ec813,auction,1,12,0.3343494236469269,0.031225919723510742,1379.0,0.3353962004184723,70,1
SLIM*SIG1,676053df-1802-11f0-8423-54a95b9ec813,auction,1,13,0.3343494236469269,0.015625715255737305,1644.0,0.3353962004184723,70,1
SLIM*SIG1,676053df-1802-11f0-8423-54a95b9ec813,auction,1,14,0.33185362815856934,0.01912546157836914,1951.0,0.33348143100738525,55,1
SLIM*SIG1,676053df-1802-11f0-8423-54a95b9ec813,auction,1,15,0.3317951261997223,0.015622377395629883,2252.0,0.33334389328956604,42,1
SLIM*SIG1,676053df-1802-11f0-8423-54a95b9ec813,auction,1,16,0.3317951261997223,0.015596628189086914,2480.0,0.33334389328956604,42,1
SLIM*SIG1,676053df-1802-11f0-8423-54a95b9ec813,auction,1,17,0.3296588659286499,0.031252384185791016,2461.0,0.33180487155914307,29,1
SLIM*SIG1,676053df-1802-11f0-8423-54a95b9ec813,auction,1,18,0.3296588659286499,0.027234792709350586,1972.0,0.33180487155914307,29,1
SLIM*SIG1,676053df-1802-11f0-8423-54a95b9ec813,auction,1,19,0.3296588659286499,0.027097702026367188,1944.0,0.33180487155914307,29,1
SLIM*SIG1,676053df-1802-11f0-8423-54a95b9ec813,auction,1,20,0.3296588659286499,0.029651880264282227,2098.0,0.33180487155914307,29,1
SLIM*SIG1,676053df-1802-11f0-8423-54a95b9ec813,auction,1,21,0.3296588659286499,0.026510000228881836,2007.0,0.33180487155914307,29,1
SLIM*SIG1,676053df-1802-11f0-8423-54a95b9ec813,auction,1,22,0.3276199996471405,0.025477886199951172,2486.0,0.3307845890522003,55,1
SLIM*SIG1,676053df-1802-11f0-8423-54a95b9ec813,auction,1,23,0.3276199996471405,0.02034592628479004,2386.0,0.3307845890522003,55,1
SLIM*SIG1,676053df-1802-11f0-8423-54a95b9ec813,auction,1,24,0.3276199996471405,0.028388500213623047,2730.0,0.3307845890522003,55,1
SLIM*SIG1,676053df-1802-11f0-8423-54a95b9ec813,auction,1,25,0.3276199996471405,0.02384042739868164,2953.0,0.3307845890522003,55,1
SLIM*SIG1,676053df-1802-11f0-8423-54a95b9ec813,auction,1,26,0.31420785188674927,0.0245511531829834,3144.0,0.32685959339141846,68,1
SLIM*SIG1,676053df-1802-11f0-8423-54a95b9ec813,auction,1,27,0.31420785188674927,0.08897137641906738,3040.0,0.32685959339141846,68,1
SLIM*SIG1,676053df-1802-11f0-8423-54a95b9ec813,auction,1,28,0.31420785188674927,0.019272327423095703,3032.0,0.32685959339141846,68,1
SLIM*SIG1,676053df-1802-11f0-8423-54a95b9ec813,auction,1,29,0.31015780568122864,0.01970052719116211,3285.0,0.3275541067123413,68,1
SLIM*SIG1,676053df-1802-11f0-8423-54a95b9ec813,auction,1,30,0.31015780568122864,0.02333378791809082,3705.0,0.3275541067123413,68,1
SLIM*SIG1,676053df-1802-11f0-8423-54a95b9ec813,auction,1,31,0.31015780568122864,0.02443099021911621,4037.0,0.3275541067123413,68,1
SLIM*SIG1,676053df-1802-11f0-8423-54a95b9ec813,auction,1,32,0.31015780568122864,0.023453235626220703,4086.0,0.3275541067123413,68,1
SLIM*SIG1,676053df-1802-11f0-8423-54a95b9ec813,auction,1,33,0.30952784419059753,0.021266937255859375,4179.0,0.3230997323989868,55,1
SLIM*SIG1,676053df-1802-11f0-8423-54a95b9ec813,auction,1,34,0.30952784419059753,0.022698640823364258,4147.0,0.3230997323989868,55,1
SLIM*SIG1,676053df-1802-11f0-8423-54a95b9ec813,auction,1,35,0.30952784419059753,0.02015829086303711,4347.0,0.3230997323989868,55,1
SLIM*SIG1,676053df-1802-11f0-8423-54a95b9ec813,auction,1,36,0.30952784419059753,0.02231621742248535,5029.0,0.3230997323989868,55,1
SLIM*SIG1,676053df-1802-11f0-8423-54a95b9ec813,auction,1,37,0.30798107385635376,0.020049095153808594,4756.0,0.3244532644748688,81,1
SLIM*SIG1,676053df-1802-11f0-8423-54a95b9ec813,auction,1,38,0.30798107385635376,0.02349853515625,5450.0,0.3244532644748688,81,1
SLIM*SIG1,676053df-1802-11f0-8423-54a95b9ec813,auction,1,39,0.3058548867702484,0.023010969161987305,5426.0,0.3185228705406189,55,1
SLIM*SIG1,676053df-1802-11f0-8423-54a95b9ec813,auction,1,40,0.3058548867702484,0.02125096321105957,5370.0,0.3185228705406189,55,1
SLIM*SIG1,676053df-1802-11f0-8423-54a95b9ec813,auction,1,41,0.3058548867702484,0.025856971740722656,5580.0,0.3185228705406189,55,1
SLIM*SIG1,676053df-1802-11f0-8423-54a95b9ec813,auction,1,42,0.3058548867702484,0.020145177841186523,5272.0,0.3185228705406189,55,1
SLIM*SIG1,676053df-1802-11f0-8423-54a95b9ec813,auction,1,43,0.3058548867702484,0.023432016372680664,5506.0,0.3185228705406189,55,1
SLIM*SIG1,676053df-1802-11f0-8423-54a95b9ec813,auction,1,44,0.3058548867702484,0.024136781692504883,5653.0,0.3185228705406189,55,1
SLIM*SIG1,676053df-1802-11f0-8423-54a95b9ec813,auction,1,45,0.3058548867702484,0.025272607803344727,5689.0,0.3185228705406189,55,1
SLIM*SIG1,676053df-1802-11f0-8423-54a95b9ec813,auction,1,46,0.3058548867702484,0.02969813346862793,6059.0,0.3185228705406189,55,1
SLIM*SIG1,676053df-1802-11f0-8423-54a95b9ec813,auction,1,47,0.3058548867702484,0.024327516555786133,5849.0,0.3185228705406189,55,1
SLIM*SIG1,676053df-1802-11f0-8423-54a95b9ec813,auction,1,48,0.3058548867702484,0.02341938018798828,5789.0,0.3185228705406189,55,1
SLIM*SIG1,676053df-1802-11f0-8423-54a95b9ec813,auction,1,49,0.3056357502937317,0.026103496551513672,6086.0,0.31870368123054504,68,1
SLIM*SIG1,676053df-1802-11f0-8423-54a95b9ec813,auction,1,50,0.3056357502937317,0.029631376266479492,6202.0,0.31870368123054504,68,1
SLIM*SIG1,676053df-1802-11f0-8423-54a95b9ec813,auction,1,51,0.3056357502937317,0.027972698211669922,5608.0,0.31870368123054504,68,1
SLIM*SIG1,676053df-1802-11f0-8423-54a95b9ec813,auction,1,52,0.3056357502937317,0.028558731079101562,5542.0,0.31870368123054504,68,1
SLIM*SIG1,676053df-1802-11f0-8423-54a95b9ec813,auction,1,53,0.30525198578834534,0.025492191314697266,5394.0,0.32746249437332153,96,1
SLIM*SIG1,676053df-1802-11f0-8423-54a95b9ec813,auction,1,54,0.30525198578834534,0.02737736701965332,5402.0,0.32746249437332153,96,1
SLIM*SIG1,676053df-1802-11f0-8423-54a95b9ec813,auction,1,55,0.3026323914527893,0.028793811798095703,5585.0,0.31166785955429077,81,1
SLIM*SIG1,676053df-1802-11f0-8423-54a95b9ec813,auction,1,56,0.3026323914527893,0.024544239044189453,5635.0,0.31166785955429077,81,1
SLIM*SIG1,676053df-1802-11f0-8423-54a95b9ec813,auction,1,57,0.3026323914527893,0.031542301177978516,5820.0,0.31166785955429077,81,1
SLIM*SIG1,676053df-1802-11f0-8423-54a95b9ec813,auction,1,58,0.3026323914527893,0.025911569595336914,6360.0,0.31166785955429077,81,1
SLIM*SIG1,676053df-1802-11f0-8423-54a95b9ec813,auction,1,59,0.3026323914527893,0.020032882690429688,7163.0,0.31166785955429077,81,1
SLIM*SIG1,676053df-1802-11f0-8423-54a95b9ec813,auction,1,60,0.301483154296875,0.015551328659057617,7291.0,0.3248177766799927,107,1
SLIM*SIG1,676053df-1802-11f0-8423-54a95b9ec813,auction,1,61,0.301483154296875,0.02492690086364746,7533.0,0.3248177766799927,107,1
SLIM*SIG1,676053df-1802-11f0-8423-54a95b9ec813,auction,1,62,0.301483154296875,0.025644302368164062,7669.0,0.3248177766799927,107,1
SLIM*SIG1,676053df-1802-11f0-8423-54a95b9ec813,auction,1,63,0.301483154296875,0.0245206356048584,8004.0,0.3248177766799927,107,1
SLIM*SIG1,676053df-1802-11f0-8423-54a95b9ec813,auction,1,64,0.3008350729942322,0.029003143310546875,7971.0,0.3218858242034912,120,1
SLIM*SIG1,676053df-1802-11f0-8423-54a95b9ec813,auction,1,65,0.3008350729942322,0.029360532760620117,7792.0,0.3218858242034912,120,1
SLIM*SIG1,676053df-1802-11f0-8423-54a95b9ec813,auction,1,66,0.3008350729942322,0.02654409408569336,8147.0,0.3218858242034912,120,1
SLIM*SIG1,676053df-1802-11f0-8423-54a95b9ec813,auction,1,67,0.3008350729942322,0.02570652961730957,8414.0,0.3218858242034912,120,1
SLIM*SIG1,676053df-1802-11f0-8423-54a95b9ec813,auction,1,68,0.29937437176704407,0.024118661880493164,9655.0,0.3146204352378845,68,1
SLIM*SIG1,676053df-1802-11f0-8423-54a95b9ec813,auction,1,69,0.29937437176704407,0.025877952575683594,9654.0,0.3146204352378845,68,1
SLIM*SIG1,676053df-1802-11f0-8423-54a95b9ec813,auction,1,70,0.29927629232406616,0.028721094131469727,9770.0,0.31410351395606995,94,1
SLIM*SIG1,676053df-1802-11f0-8423-54a95b9ec813,auction,1,71,0.2990313470363617,0.021228551864624023,8816.0,0.3156040608882904,94,1
SLIM*SIG1,676053df-1802-11f0-8423-54a95b9ec813,auction,1,72,0.2990313470363617,0.023988723754882812,8756.0,0.3156040608882904,94,1
SLIM*SIG1,676053df-1802-11f0-8423-54a95b9ec813,auction,1,73,0.2980096936225891,0.02362227439880371,9622.0,0.3143053352832794,120,1
SLIM*SIG1,676053df-1802-11f0-8423-54a95b9ec813,auction,1,74,0.29791560769081116,0.022383451461791992,9453.0,0.3147822618484497,107,1
SLIM*SIG1,676053df-1802-11f0-8423-54a95b9ec813,auction,1,75,0.296592116355896,0.024639129638671875,8989.0,0.31484049558639526,94,1
SLIM*SIG1,676053df-1802-11f0-8423-54a95b9ec813,auction,1,76,0.296592116355896,0.02284550666809082,8936.0,0.31484049558639526,94,1
SLIM*SIG1,676053df-1802-11f0-8423-54a95b9ec813,auction,1,77,0.296592116355896,0.016196250915527344,8674.0,0.31484049558639526,94,1
SLIM*SIG1,676053df-1802-11f0-8423-54a95b9ec813,auction,1,78,0.296592116355896,0.03707122802734375,9189.0,0.31484049558639526,94,1
SLIM*SIG1,676053df-1802-11f0-8423-54a95b9ec813,auction,1,79,0.296592116355896,0.01656341552734375,9792.0,0.31484049558639526,94,1
SLIM*SIG1,676053df-1802-11f0-8423-54a95b9ec813,auction,1,80,0.296592116355896,0.03171133995056152,10323.0,0.31484049558639526,94,1
SLIM*SIG1,676053df-1802-11f0-8423-54a95b9ec813,auction,1,81,0.296592116355896,0.01610398292541504,10285.0,0.31484049558639526,94,1
SLIM*SIG1,676053df-1802-11f0-8423-54a95b9ec813,auction,1,82,0.29603341221809387,0.03359651565551758,10310.0,0.3085843622684479,107,1
SLIM*SIG1,676053df-1802-11f0-8423-54a95b9ec813,auction,1,83,0.29603341221809387,0.021635055541992188,9942.0,0.3085843622684479,107,1
SLIM*SIG1,676053df-1802-11f0-8423-54a95b9ec813,auction,1,84,0.2956787943840027,0.02478480339050293,10457.0,0.30860158801078796,120,1
SLIM*SIG1,676053df-1802-11f0-8423-54a95b9ec813,auction,1,85,0.2956787943840027,0.04006648063659668,10072.0,0.30860158801078796,120,1
SLIM*SIG1,676053df-1802-11f0-8423-54a95b9ec813,auction,1,86,0.29483723640441895,0.04476308822631836,10148.0,0.30763205885887146,120,1
SLIM*SIG1,676053df-1802-11f0-8423-54a95b9ec813,auction,1,87,0.29483723640441895,0.04406332969665527,10454.0,0.30763205885887146,120,1
SLIM*SIG1,676053df-1802-11f0-8423-54a95b9ec813,auction,1,88,0.294503778219223,0.047454118728637695,9694.0,0.3067595958709717,135,1
SLIM*SIG1,676053df-1802-11f0-8423-54a95b9ec813,auction,1,89,0.2937524616718292,0.054616689682006836,9392.0,0.3083559274673462,107,1
SLIM*SIG1,676053df-1802-11f0-8423-54a95b9ec813,auction,1,90,0.2937524616718292,0.05917477607727051,9342.0,0.3083559274673462,107,1
SLIM*SIG1,676053df-1802-11f0-8423-54a95b9ec813,auction,1,91,0.2937524616718292,0.05795121192932129,8535.0,0.3083559274673462,107,1
SLIM*SIG1,676053df-1802-11f0-8423-54a95b9ec813,auction,1,92,0.2937524616718292,0.044126272201538086,8721.0,0.3083559274673462,107,1
SLIM*SIG1,676053df-1802-11f0-8423-54a95b9ec813,auction,1,93,0.2937524616718292,0.03847789764404297,9246.0,0.3083559274673462,107,1
SLIM*SIG1,676053df-1802-11f0-8423-54a95b9ec813,auction,1,94,0.2937524616718292,0.03281068801879883,9518.0,0.3083559274673462,107,1
SLIM*SIG1,676053df-1802-11f0-8423-54a95b9ec813,auction,1,95,0.2937524616718292,0.03647875785827637,10016.0,0.3083559274673462,107,1
SLIM*SIG1,676053df-1802-11f0-8423-54a95b9ec813,auction,1,96,0.2937524616718292,0.03087472915649414,10455.0,0.3083559274673462,107,1
SLIM*SIG1,676053df-1802-11f0-8423-54a95b9ec813,auction,1,97,0.2931978702545166,0.05097699165344238,10186.0,0.30782952904701233,120,1
SLIM*SIG1,676053df-1802-11f0-8423-54a95b9ec813,auction,1,98,0.2931978702545166,0.03529071807861328,9868.0,0.30782952904701233,120,1
SLIM*SIG1,676053df-1802-11f0-8423-54a95b9ec813,auction,1,99,0.2927802801132202,0.03639388084411621,9680.0,0.30709153413772583,107,1
SLIM*SIG1,676053df-1802-11f0-8423-54a95b9ec813,auction,1,100,0.2927802801132202,0.029236793518066406,9777.0,0.30709153413772583,107,1
SLIM*SIG1,676053df-1802-11f0-8423-54a95b9ec813,auction,1,101,0.2927802801132202,0.029229402542114258,9987.0,0.30709153413772583,107,1
SLIM*SIG1,676053df-1802-11f0-8423-54a95b9ec813,auction,1,102,0.2927802801132202,0.02893972396850586,9910.0,0.30709153413772583,107,1
SLIM*SIG1,676053df-1802-11f0-8423-54a95b9ec813,auction,1,103,0.2927802801132202,0.02663874626159668,9656.0,0.30709153413772583,107,1
SLIM*SIG1,676053df-1802-11f0-8423-54a95b9ec813,auction,1,104,0.2927802801132202,0.02458500862121582,8834.0,0.30709153413772583,107,1
SLIM*SIG1,676053df-1802-11f0-8423-54a95b9ec813,auction,1,105,0.2927802801132202,0.0255124568939209,7929.0,0.30709153413772583,107,1
SLIM*SIG1,676053df-1802-11f0-8423-54a95b9ec813,auction,1,106,0.2927802801132202,0.02896904945373535,8001.0,0.30709153413772583,107,1
SLIM*SIG1,676053df-1802-11f0-8423-54a95b9ec813,auction,1,107,0.2927802801132202,0.022677183151245117,7756.0,0.30709153413772583,107,1
SLIM*SIG1,676053df-1802-11f0-8423-54a95b9ec813,auction,1,108,0.2927802801132202,0.02321481704711914,8236.0,0.30709153413772583,107,1
SLIM*SIG1,676053df-1802-11f0-8423-54a95b9ec813,auction,1,109,0.2927802801132202,0.02397608757019043,8598.0,0.30709153413772583,107,1
SLIM*SIG1,676053df-1802-11f0-8423-54a95b9ec813,auction,1,110,0.2927802801132202,0.027873516082763672,8855.0,0.30709153413772583,107,1
SLIM*SIG1,676053df-1802-11f0-8423-54a95b9ec813,auction,1,111,0.2927802801132202,0.02288651466369629,8538.0,0.30709153413772583,107,1
SLIM*SIG1,676053df-1802-11f0-8423-54a95b9ec813,auction,1,112,0.2927802801132202,0.02739858627319336,8003.0,0.30709153413772583,107,1
SLIM*SIG1,676053df-1802-11f0-8423-54a95b9ec813,auction,1,113,0.2927802801132202,0.027022123336791992,7335.0,0.30709153413772583,107,1
SLIM*SIG1,676053df-1802-11f0-8423-54a95b9ec813,auction,1,114,0.2927802801132202,0.023830413818359375,7271.0,0.30709153413772583,107,1
SLIM*SIG1,676053df-1802-11f0-8423-54a95b9ec813,auction,1,115,0.2927802801132202,0.024737834930419922,7368.0,0.30709153413772583,107,1
SLIM*SIG1,676053df-1802-11f0-8423-54a95b9ec813,auction,1,116,0.2927802801132202,0.020414352416992188,7449.0,0.30709153413772583,107,1
SLIM*SIG1,676053df-1802-11f0-8423-54a95b9ec813,auction,1,117,0.2927802801132202,0.022874116897583008,7025.0,0.30709153413772583,107,1
SLIM*SIG1,676053df-1802-11f0-8423-54a95b9ec813,auction,1,118,0.2927802801132202,0.023369312286376953,7346.0,0.30709153413772583,107,1
SLIM*SIG1,676053df-1802-11f0-8423-54a95b9ec813,auction,1,119,0.2927802801132202,0.04207015037536621,6986.0,0.30709153413772583,107,1
SLIM*SIG1,676053df-1802-11f0-8423-54a95b9ec813,auction,1,120,0.2927802801132202,0.042322635650634766,6949.0,0.30709153413772583,107,1
SLIM*SIG1,676053df-1802-11f0-8423-54a95b9ec813,auction,1,121,0.2927802801132202,0.04390263557434082,7282.0,0.30709153413772583,107,1
SLIM*SIG1,676053df-1802-11f0-8423-54a95b9ec813,auction,1,122,0.2927802801132202,0.046257734298706055,7412.0,0.30709153413772583,107,1
SLIM*SIG1,676053df-1802-11f0-8423-54a95b9ec813,auction,1,123,0.2927802801132202,0.05056023597717285,8104.0,0.30709153413772583,107,1
SLIM*SIG1,676053df-1802-11f0-8423-54a95b9ec813,auction,1,124,0.2927790582180023,0.05951118469238281,8299.0,0.30501729249954224,120,1
SLIM*SIG1,676053df-1802-11f0-8423-54a95b9ec813,auction,1,125,0.2927790582180023,0.039949655532836914,8446.0,0.30501729249954224,120,1
SLIM*SIG1,676053df-1802-11f0-8423-54a95b9ec813,auction,1,126,0.2927790582180023,0.03768348693847656,8561.0,0.30501729249954224,120,1
SLIM*SIG1,676053df-1802-11f0-8423-54a95b9ec813,auction,1,127,0.2927790582180023,0.05059361457824707,8026.0,0.30501729249954224,120,1
SLIM*SIG1,676053df-1802-11f0-8423-54a95b9ec813,auction,1,128,0.2927631437778473,0.06249570846557617,8158.0,0.3053349554538727,120,1
SLIM*SIG1,676053df-1802-11f0-8423-54a95b9ec813,auction,1,129,0.2927631437778473,0.034332990646362305,8411.0,0.3053349554538727,120,1
SLIM*SIG1,676053df-1802-11f0-8423-54a95b9ec813,auction,1,130,0.2927631437778473,0.034403085708618164,8379.0,0.3053349554538727,120,1
SLIM*SIG1,676053df-1802-11f0-8423-54a95b9ec813,auction,1,131,0.2927631437778473,0.03849220275878906,8281.0,0.3053349554538727,120,1
SLIM*SIG1,676053df-1802-11f0-8423-54a95b9ec813,auction,1,132,0.2927631437778473,0.035196542739868164,8996.0,0.3053349554538727,120,1
SLIM*SIG1,676053df-1802-11f0-8423-54a95b9ec813,auction,1,133,0.2927631437778473,0.044327497482299805,8355.0,0.3053349554538727,120,1
SLIM*SIG1,676053df-1802-11f0-8423-54a95b9ec813,auction,1,134,0.2927631437778473,0.03311634063720703,8725.0,0.3053349554538727,120,1
SLIM*SIG1,676053df-1802-11f0-8423-54a95b9ec813,auction,1,135,0.2927631437778473,0.02400040626525879,8364.0,0.3053349554538727,120,1
SLIM*SIG1,676053df-1802-11f0-8423-54a95b9ec813,auction,1,136,0.2927631437778473,0.02331256866455078,8052.0,0.3053349554538727,120,1
SLIM*SIG1,676053df-1802-11f0-8423-54a95b9ec813,auction,1,137,0.2927631437778473,0.02261185646057129,7816.0,0.3053349554538727,120,1
SLIM*SIG1,676053df-1802-11f0-8423-54a95b9ec813,auction,1,138,0.2927631437778473,0.023343324661254883,7651.0,0.3053349554538727,120,1
SLIM*SIG1,676053df-1802-11f0-8423-54a95b9ec813,auction,1,139,0.2927631437778473,0.02485179901123047,8223.0,0.3053349554538727,120,1
SLIM*SIG1,676053df-1802-11f0-8423-54a95b9ec813,auction,1,140,0.2927505075931549,0.028108835220336914,8188.0,0.304764062166214,146,1
SLIM*SIG1,676053df-1802-11f0-8423-54a95b9ec813,auction,1,141,0.2927210032939911,0.024704456329345703,8608.0,0.3064277470111847,94,1
SLIM*SIG1,676053df-1802-11f0-8423-54a95b9ec813,auction,1,142,0.2927210032939911,0.022684812545776367,8567.0,0.3064277470111847,94,1
SLIM*SIG1,676053df-1802-11f0-8423-54a95b9ec813,auction,1,143,0.2927210032939911,0.022289752960205078,7973.0,0.3064277470111847,94,1
SLIM*SIG1,676053df-1802-11f0-8423-54a95b9ec813,auction,1,144,0.2927210032939911,0.025114059448242188,7666.0,0.3064277470111847,94,1
SLIM*SIG1,676053df-1802-11f0-8423-54a95b9ec813,auction,1,145,0.2927210032939911,0.014338254928588867,8316.0,0.3064277470111847,94,1
SLIM*SIG1,676053df-1802-11f0-8423-54a95b9ec813,auction,1,146,0.2927210032939911,0.029018163681030273,7897.0,0.3064277470111847,94,1
SLIM*SIG1,676053df-1802-11f0-8423-54a95b9ec813,auction,1,147,0.2927210032939911,0.023190975189208984,7875.0,0.3064277470111847,94,1
SLIM*SIG1,676053df-1802-11f0-8423-54a95b9ec813,auction,1,148,0.2927210032939911,0.02130413055419922,8529.0,0.3064277470111847,94,1
SLIM*SIG1,676053df-1802-11f0-8423-54a95b9ec813,auction,1,149,0.2927210032939911,0.021481037139892578,7817.0,0.3064277470111847,94,1
SLIM*SIG1,676053df-1802-11f0-8423-54a95b9ec813,auction,1,150,0.2927210032939911,0.027863502502441406,8449.0,0.3064277470111847,94,1
SLIM*SIG1,676053df-1802-11f0-8423-54a95b9ec813,auction,1,151,0.2927210032939911,0.026599884033203125,8111.0,0.3064277470111847,94,1
SLIM*SIG1,676053df-1802-11f0-8423-54a95b9ec813,auction,1,152,0.2927210032939911,0.024336576461791992,7922.0,0.3064277470111847,94,1
SLIM*SIG1,676053df-1802-11f0-8423-54a95b9ec813,auction,1,153,0.2927210032939911,0.027057647705078125,8248.0,0.3064277470111847,94,1
SLIM*SIG1,676053df-1802-11f0-8423-54a95b9ec813,auction,1,154,0.2927210032939911,0.024721145629882812,8189.0,0.3064277470111847,94,1
SLIM*SIG1,676053df-1802-11f0-8423-54a95b9ec813,auction,1,155,0.2927210032939911,0.02519369125366211,7928.0,0.3064277470111847,94,1
SLIM*SIG1,676053df-1802-11f0-8423-54a95b9ec813,auction,1,156,0.2927210032939911,0.019924640655517578,7922.0,0.3064277470111847,94,1
SLIM*SIG1,676053df-1802-11f0-8423-54a95b9ec813,auction,1,157,0.2927210032939911,0.023264169692993164,8320.0,0.3064277470111847,94,1
SLIM*SIG1,676053df-1802-11f0-8423-54a95b9ec813,auction,1,158,0.2927210032939911,0.02236175537109375,7722.0,0.3064277470111847,94,1
SLIM*SIG1,676053df-1802-11f0-8423-54a95b9ec813,auction,1,159,0.2927210032939911,0.022893667221069336,7637.0,0.3064277470111847,94,1
SLIM*SIG1,676053df-1802-11f0-8423-54a95b9ec813,auction,1,160,0.2927210032939911,0.02190113067626953,7767.0,0.3064277470111847,94,1
SLIM*SIG1,676053df-1802-11f0-8423-54a95b9ec813,auction,1,161,0.2927210032939911,0.024573326110839844,7771.0,0.3064277470111847,94,1
SLIM*SIG1,676053df-1802-11f0-8423-54a95b9ec813,auction,1,162,0.2927210032939911,0.026034116744995117,7776.0,0.3064277470111847,94,1
SLIM*SIG1,676053df-1802-11f0-8423-54a95b9ec813,auction,1,163,0.2927210032939911,0.021613597869873047,8083.0,0.3064277470111847,94,1
SLIM*SIG1,676053df-1802-11f0-8423-54a95b9ec813,auction,1,164,0.2927210032939911,0.023815631866455078,7784.0,0.3064277470111847,94,1
SLIM*SIG1,676053df-1802-11f0-8423-54a95b9ec813,auction,1,165,0.2927210032939911,0.02909994125366211,7648.0,0.3064277470111847,94,1
SLIM*SIG1,676053df-1802-11f0-8423-54a95b9ec813,auction,1,166,0.2927210032939911,0.020012855529785156,7646.0,0.3064277470111847,94,1
SLIM*SIG1,676053df-1802-11f0-8423-54a95b9ec813,auction,1,167,0.2927210032939911,0.023014545440673828,7417.0,0.3064277470111847,94,1
SLIM*SIG1,676053df-1802-11f0-8423-54a95b9ec813,auction,1,168,0.2927210032939911,0.022206783294677734,7646.0,0.3064277470111847,94,1
SLIM*SIG1,676053df-1802-11f0-8423-54a95b9ec813,auction,1,169,0.2927210032939911,0.022325754165649414,8198.0,0.3064277470111847,94,1
SLIM*SIG1,676053df-1802-11f0-8423-54a95b9ec813,auction,1,170,0.2927210032939911,0.024440288543701172,9261.0,0.3064277470111847,94,1
SLIM*SIG1,676053df-1802-11f0-8423-54a95b9ec813,auction,1,171,0.2927210032939911,0.02194499969482422,8941.0,0.3064277470111847,94,1
SLIM*SIG1,676053df-1802-11f0-8423-54a95b9ec813,auction,1,172,0.2927210032939911,0.021296262741088867,9086.0,0.3064277470111847,94,1
SLIM*SIG1,676053df-1802-11f0-8423-54a95b9ec813,auction,1,173,0.2927210032939911,0.02152872085571289,9320.0,0.3064277470111847,94,1
SLIM*SIG1,676053df-1802-11f0-8423-54a95b9ec813,auction,1,174,0.2927210032939911,0.0264585018157959,9082.0,0.3064277470111847,94,1
SLIM*SIG1,676053df-1802-11f0-8423-54a95b9ec813,auction,1,175,0.2927210032939911,0.021742582321166992,8960.0,0.3064277470111847,94,1
SLIM*SIG1,676053df-1802-11f0-8423-54a95b9ec813,auction,1,176,0.2927210032939911,0.023893117904663086,8387.0,0.3064277470111847,94,1
SLIM*SIG1,676053df-1802-11f0-8423-54a95b9ec813,auction,1,177,0.2927210032939911,0.025949716567993164,8244.0,0.3064277470111847,94,1
SLIM*SIG1,676053df-1802-11f0-8423-54a95b9ec813,auction,1,178,0.2927210032939911,0.025615215301513672,8123.0,0.3064277470111847,94,1
SLIM*SIG1,676053df-1802-11f0-8423-54a95b9ec813,auction,1,179,0.2927210032939911,0.021722078323364258,7716.0,0.3064277470111847,94,1
SLIM*SIG1,676053df-1802-11f0-8423-54a95b9ec813,auction,1,180,0.2927210032939911,0.020728588104248047,7565.0,0.3064277470111847,94,1
SLIM*SIG1,676053df-1802-11f0-8423-54a95b9ec813,auction,1,181,0.2923899292945862,0.023673057556152344,7870.0,0.3067735433578491,107,1
SLIM*SIG1,676053df-1802-11f0-8423-54a95b9ec813,auction,1,182,0.2923899292945862,0.02173018455505371,8005.0,0.3067735433578491,107,1
SLIM*SIG1,676053df-1802-11f0-8423-54a95b9ec813,auction,1,183,0.2923899292945862,0.023454904556274414,8219.0,0.3067735433578491,107,1
SLIM*SIG1,676053df-1802-11f0-8423-54a95b9ec813,auction,1,184,0.2923899292945862,0.02388167381286621,8166.0,0.3067735433578491,107,1
SLIM*SIG1,676053df-1802-11f0-8423-54a95b9ec813,auction,1,185,0.2923899292945862,0.01872706413269043,7791.0,0.3067735433578491,107,1
SLIM*SIG1,676053df-1802-11f0-8423-54a95b9ec813,auction,1,186,0.2923899292945862,0.022906780242919922,8120.0,0.3067735433578491,107,1
SLIM*SIG1,676053df-1802-11f0-8423-54a95b9ec813,auction,1,187,0.2923899292945862,0.021047353744506836,8035.0,0.3067735433578491,107,1
SLIM*SIG1,676053df-1802-11f0-8423-54a95b9ec813,auction,1,188,0.2923899292945862,0.021195411682128906,8786.0,0.3067735433578491,107,1
SLIM*SIG1,676053df-1802-11f0-8423-54a95b9ec813,auction,1,189,0.2923899292945862,0.023970365524291992,8351.0,0.3067735433578491,107,1
SLIM*SIG1,676053df-1802-11f0-8423-54a95b9ec813,auction,1,190,0.2923899292945862,0.01573038101196289,8242.0,0.3067735433578491,107,1
SLIM*SIG1,676053df-1802-11f0-8423-54a95b9ec813,auction,1,191,0.2923899292945862,0.03114938735961914,8775.0,0.3067735433578491,107,1
SLIM*SIG1,676053df-1802-11f0-8423-54a95b9ec813,auction,1,192,0.2923899292945862,0.015622854232788086,8842.0,0.3067735433578491,107,1
SLIM*SIG1,676053df-1802-11f0-8423-54a95b9ec813,auction,1,193,0.2923899292945862,0.03777003288269043,8646.0,0.3067735433578491,107,1
SLIM*SIG1,676053df-1802-11f0-8423-54a95b9ec813,auction,1,194,0.29233041405677795,0.015741348266601562,8530.0,0.30565178394317627,120,1
SLIM*SIG1,676053df-1802-11f0-8423-54a95b9ec813,auction,1,195,0.29233041405677795,0.015519857406616211,8430.0,0.30565178394317627,120,1
SLIM*SIG1,676053df-1802-11f0-8423-54a95b9ec813,auction,1,196,0.29233041405677795,0.03134942054748535,8421.0,0.30565178394317627,120,1
SLIM*SIG1,676053df-1802-11f0-8423-54a95b9ec813,auction,1,197,0.29233041405677795,0.03125786781311035,8995.0,0.30565178394317627,120,1
SLIM*SIG1,676053df-1802-11f0-8423-54a95b9ec813,auction,1,198,0.29233041405677795,0.02795267105102539,9428.0,0.30565178394317627,120,1
SLIM*SIG1,676053df-1802-11f0-8423-54a95b9ec813,auction,1,199,0.29233041405677795,0.028930187225341797,9622.0,0.30565178394317627,120,1
SLIM*SIG1,676053df-1802-11f0-8423-54a95b9ec813,auction,1,200,0.29233041405677795,0.03115987777709961,9412.0,0.30565178394317627,120,1
SLIM*SIG1,676053df-1802-11f0-8423-54a95b9ec813,auction,1,201,0.29233041405677795,0.030628204345703125,8888.0,0.30565178394317627,120,1
SLIM*SIG1,676053df-1802-11f0-8423-54a95b9ec813,auction,1,202,0.29233041405677795,0.03477168083190918,9098.0,0.30565178394317627,120,1
SLIM*SIG1,676053df-1802-11f0-8423-54a95b9ec813,auction,1,203,0.29233041405677795,0.03686189651489258,9059.0,0.30565178394317627,120,1
SLIM*SIG1,676053df-1802-11f0-8423-54a95b9ec813,auction,1,204,0.29233041405677795,0.028560638427734375,8773.0,0.30565178394317627,120,1
SLIM*SIG1,676053df-1802-11f0-8423-54a95b9ec813,auction,1,205,0.29233041405677795,0.02420330047607422,8771.0,0.30565178394317627,120,1
SLIM*SIG1,676053df-1802-11f0-8423-54a95b9ec813,auction,1,206,0.29233041405677795,0.031395673751831055,8746.0,0.30565178394317627,120,1
SLIM*SIG1,676053df-1802-11f0-8423-54a95b9ec813,auction,1,207,0.29233041405677795,0.0865931510925293,9145.0,0.30565178394317627,120,1
SLIM*SIG1,676053df-1802-11f0-8423-54a95b9ec813,auction,1,208,0.29233041405677795,0.033173561096191406,9620.0,0.30565178394317627,120,1
SLIM*SIG1,676053df-1802-11f0-8423-54a95b9ec813,auction,1,209,0.29233041405677795,0.021549224853515625,9018.0,0.30565178394317627,120,1
SLIM*SIG1,676053df-1802-11f0-8423-54a95b9ec813,auction,1,210,0.29233041405677795,0.03096938133239746,9026.0,0.30565178394317627,120,1
SLIM*SIG1,676053df-1802-11f0-8423-54a95b9ec813,auction,1,211,0.29233041405677795,0.03464698791503906,9889.0,0.30565178394317627,120,1
SLIM*SIG1,676053df-1802-11f0-8423-54a95b9ec813,auction,1,212,0.29233041405677795,0.02349710464477539,10119.0,0.30565178394317627,120,1
SLIM*SIG1,676053df-1802-11f0-8423-54a95b9ec813,auction,1,213,0.29233041405677795,0.024214744567871094,9844.0,0.30565178394317627,120,1
SLIM*SIG1,676053df-1802-11f0-8423-54a95b9ec813,auction,1,214,0.29233041405677795,0.024610042572021484,10702.0,0.30565178394317627,120,1
SLIM*SIG1,676053df-1802-11f0-8423-54a95b9ec813,auction,1,215,0.29233041405677795,0.024912595748901367,10925.0,0.30565178394317627,120,1
SLIM*SIG1,676053df-1802-11f0-8423-54a95b9ec813,auction,1,216,0.29233041405677795,0.024456501007080078,10240.0,0.30565178394317627,120,1
SLIM*SIG1,676053df-1802-11f0-8423-54a95b9ec813,auction,1,217,0.29233041405677795,0.023651123046875,9935.0,0.30565178394317627,120,1
SLIM*SIG1,676053df-1802-11f0-8423-54a95b9ec813,auction,1,218,0.29233041405677795,0.022001981735229492,9642.0,0.30565178394317627,120,1
SLIM*SIG1,676053df-1802-11f0-8423-54a95b9ec813,auction,1,219,0.29233041405677795,0.020540475845336914,9159.0,0.30565178394317627,120,1
SLIM*SIG1,676053df-1802-11f0-8423-54a95b9ec813,auction,1,220,0.29233041405677795,0.021466493606567383,8754.0,0.30565178394317627,120,1
SLIM*SIG1,676053df-1802-11f0-8423-54a95b9ec813,auction,1,221,0.29233041405677795,0.022095680236816406,8498.0,0.30565178394317627,120,1
SLIM*SIG1,676053df-1802-11f0-8423-54a95b9ec813,auction,1,222,0.29233041405677795,0.023643970489501953,9009.0,0.30565178394317627,120,1
SLIM*SIG1,676053df-1802-11f0-8423-54a95b9ec813,auction,1,223,0.29233041405677795,0.027817487716674805,9657.0,0.30565178394317627,120,1
SLIM*SIG1,676053df-1802-11f0-8423-54a95b9ec813,auction,1,224,0.29233041405677795,0.020522117614746094,9637.0,0.30565178394317627,120,1
SLIM*SIG1,676053df-1802-11f0-8423-54a95b9ec813,auction,1,225,0.29233041405677795,0.023507118225097656,9977.0,0.30565178394317627,120,1
SLIM*SIG1,676053df-1802-11f0-8423-54a95b9ec813,auction,1,226,0.29233041405677795,0.019613265991210938,9996.0,0.30565178394317627,120,1
SLIM*SIG1,676053df-1802-11f0-8423-54a95b9ec813,auction,1,227,0.29233041405677795,0.022476673126220703,9184.0,0.30565178394317627,120,1
SLIM*SIG1,676053df-1802-11f0-8423-54a95b9ec813,auction,1,228,0.29233041405677795,0.02074289321899414,9124.0,0.30565178394317627,120,1
SLIM*SIG1,676053df-1802-11f0-8423-54a95b9ec813,auction,1,229,0.29233041405677795,0.020673751831054688,9697.0,0.30565178394317627,120,1
SLIM*SIG1,676053df-1802-11f0-8423-54a95b9ec813,auction,1,230,0.29233041405677795,0.023614883422851562,9562.0,0.30565178394317627,120,1
SLIM*SIG1,676053df-1802-11f0-8423-54a95b9ec813,auction,1,231,0.29233041405677795,0.026039600372314453,9309.0,0.30565178394317627,120,1
SLIM*SIG1,676053df-1802-11f0-8423-54a95b9ec813,auction,1,232,0.29233041405677795,0.023365497589111328,9645.0,0.30565178394317627,120,1
SLIM*SIG1,676053df-1802-11f0-8423-54a95b9ec813,auction,1,233,0.29233041405677795,0.021109819412231445,9883.0,0.30565178394317627,120,1
SLIM*SIG1,676053df-1802-11f0-8423-54a95b9ec813,auction,1,234,0.29233041405677795,0.027069807052612305,9858.0,0.30565178394317627,120,1
SLIM*SIG1,676053df-1802-11f0-8423-54a95b9ec813,auction,1,235,0.29233041405677795,0.021221637725830078,9723.0,0.30565178394317627,120,1
SLIM*SIG1,676053df-1802-11f0-8423-54a95b9ec813,auction,1,236,0.29233041405677795,0.029728174209594727,9066.0,0.30565178394317627,120,1
SLIM*SIG1,676053df-1802-11f0-8423-54a95b9ec813,auction,1,237,0.29233041405677795,0.01712346076965332,8882.0,0.30565178394317627,120,1
SLIM*SIG1,676053df-1802-11f0-8423-54a95b9ec813,auction,1,238,0.2920667231082916,0.025079011917114258,9116.0,0.30493828654289246,133,1
SLIM*SIG1,676053df-1802-11f0-8423-54a95b9ec813,auction,1,239,0.2920667231082916,0.021915197372436523,9009.0,0.30493828654289246,133,1
SLIM*SIG1,676053df-1802-11f0-8423-54a95b9ec813,auction,1,240,0.2920667231082916,0.025179624557495117,9115.0,0.30493828654289246,133,1
SLIM*SIG1,676053df-1802-11f0-8423-54a95b9ec813,auction,1,241,0.2920667231082916,0.0269467830657959,9520.0,0.30493828654289246,133,1
SLIM*SIG1,676053df-1802-11f0-8423-54a95b9ec813,auction,1,242,0.2920667231082916,0.015447854995727539,9605.0,0.30493828654289246,133,1
SLIM*SIG1,676053df-1802-11f0-8423-54a95b9ec813,auction,1,243,0.2920667231082916,0.03575253486633301,9954.0,0.30493828654289246,133,1
SLIM*SIG1,676053df-1802-11f0-8423-54a95b9ec813,auction,1,244,0.2920667231082916,0.02203202247619629,10385.0,0.30493828654289246,133,1
SLIM*SIG1,676053df-1802-11f0-8423-54a95b9ec813,auction,1,245,0.2920667231082916,0.022990703582763672,10361.0,0.30493828654289246,133,1
SLIM*SIG1,676053df-1802-11f0-8423-54a95b9ec813,auction,1,246,0.2920667231082916,0.021677255630493164,10129.0,0.30493828654289246,133,1
SLIM*SIG1,676053df-1802-11f0-8423-54a95b9ec813,auction,1,247,0.2920667231082916,0.02209329605102539,10300.0,0.30493828654289246,133,1
SLIM*SIG1,676053df-1802-11f0-8423-54a95b9ec813,auction,1,248,0.2920667231082916,0.023447036743164062,10261.0,0.30493828654289246,133,1
SLIM*SIG1,676053df-1802-11f0-8423-54a95b9ec813,auction,1,249,0.2920667231082916,0.023737430572509766,10079.0,0.30493828654289246,133,1
SLIM*SIG1,676053df-1802-11f0-8423-54a95b9ec813,auction,1,250,0.2920667231082916,0.024379491806030273,10515.0,0.30493828654289246,133,1
SLIM*SIG1,676053df-1802-11f0-8423-54a95b9ec813,auction,1,251,0.2920667231082916,0.02298879623413086,10146.0,0.30493828654289246,133,1
SLIM*SIG1,676053df-1802-11f0-8423-54a95b9ec813,auction,1,252,0.2920667231082916,0.02818441390991211,9839.0,0.30493828654289246,133,1
SLIM*SIG1,676053df-1802-11f0-8423-54a95b9ec813,auction,1,253,0.2920667231082916,0.022002696990966797,9637.0,0.30493828654289246,133,1
SLIM*SIG1,676053df-1802-11f0-8423-54a95b9ec813,auction,1,254,0.2920667231082916,0.02104973793029785,9442.0,0.30493828654289246,133,1
SLIM*SIG1,676053df-1802-11f0-8423-54a95b9ec813,auction,1,255,0.2920667231082916,0.021039247512817383,8816.0,0.30493828654289246,133,1
SLIM*SIG1,676053df-1802-11f0-8423-54a95b9ec813,auction,1,256,0.2920667231082916,0.022343158721923828,8946.0,0.30493828654289246,133,1
SLIM*SIG1,676053df-1802-11f0-8423-54a95b9ec813,auction,1,257,0.2920667231082916,0.023799657821655273,9041.0,0.30493828654289246,133,1
SLIM*SIG1,676053df-1802-11f0-8423-54a95b9ec813,auction,1,258,0.2920667231082916,0.020421504974365234,8909.0,0.30493828654289246,133,1
SLIM*SIG1,676053df-1802-11f0-8423-54a95b9ec813,auction,1,259,0.2920667231082916,0.024956226348876953,9232.0,0.30493828654289246,133,1
SLIM*SIG1,676053df-1802-11f0-8423-54a95b9ec813,auction,1,260,0.2920667231082916,0.024268627166748047,9643.0,0.30493828654289246,133,1
SLIM*SIG1,676053df-1802-11f0-8423-54a95b9ec813,auction,1,261,0.2920667231082916,0.024803638458251953,9589.0,0.30493828654289246,133,1
SLIM*SIG1,676053df-1802-11f0-8423-54a95b9ec813,auction,1,262,0.2920667231082916,0.025055885314941406,9555.0,0.30493828654289246,133,1
SLIM*SIG1,676053df-1802-11f0-8423-54a95b9ec813,auction,1,263,0.2920667231082916,0.025841474533081055,9939.0,0.30493828654289246,133,1
SLIM*SIG1,676053df-1802-11f0-8423-54a95b9ec813,auction,1,264,0.29196497797966003,0.022038936614990234,9731.0,0.3064877688884735,146,1
SLIM*SIG1,676053df-1802-11f0-8423-54a95b9ec813,auction,1,265,0.29196497797966003,0.01926255226135254,9614.0,0.3064877688884735,146,1
SLIM*SIG1,676053df-1802-11f0-8423-54a95b9ec813,auction,1,266,0.29196497797966003,0.023072481155395508,9523.0,0.3064877688884735,146,1
SLIM*SIG1,676053df-1802-11f0-8423-54a95b9ec813,auction,1,267,0.2919495403766632,0.020970582962036133,9995.0,0.30571264028549194,159,1
SLIM*SIG1,676053df-1802-11f0-8423-54a95b9ec813,auction,1,268,0.2919139266014099,0.021845102310180664,10377.0,0.30532020330429077,146,1
SLIM*SIG1,676053df-1802-11f0-8423-54a95b9ec813,auction,1,269,0.2919139266014099,0.02063751220703125,9686.0,0.30532020330429077,146,1
SLIM*SIG1,676053df-1802-11f0-8423-54a95b9ec813,auction,1,270,0.2919139266014099,0.022501230239868164,9959.0,0.30532020330429077,146,1
SLIM*SIG1,676053df-1802-11f0-8423-54a95b9ec813,auction,1,271,0.2919139266014099,0.02366042137145996,11096.0,0.30532020330429077,146,1
SLIM*SIG1,676053df-1802-11f0-8423-54a95b9ec813,auction,1,272,0.29178503155708313,0.023856401443481445,11405.0,0.30562931299209595,159,1
SLIM*SIG1,676053df-1802-11f0-8423-54a95b9ec813,auction,1,273,0.29178503155708313,0.024663925170898438,10883.0,0.30562931299209595,159,1
SLIM*SIG1,676053df-1802-11f0-8423-54a95b9ec813,auction,1,274,0.29178503155708313,0.0243380069732666,11100.0,0.30562931299209595,159,1
SLIM*SIG1,676053df-1802-11f0-8423-54a95b9ec813,auction,1,275,0.29178503155708313,0.02354884147644043,11178.0,0.30562931299209595,159,1
SLIM*SIG1,676053df-1802-11f0-8423-54a95b9ec813,auction,1,276,0.29170775413513184,0.021712779998779297,11380.0,0.30548715591430664,172,1
SLIM*SIG1,676053df-1802-11f0-8423-54a95b9ec813,auction,1,277,0.29170775413513184,0.02671527862548828,11367.0,0.30548715591430664,172,1
SLIM*SIG1,676053df-1802-11f0-8423-54a95b9ec813,auction,1,278,0.29170775413513184,0.02740788459777832,11924.0,0.30548715591430664,172,1
SLIM*SIG1,676053df-1802-11f0-8423-54a95b9ec813,auction,1,279,0.29170775413513184,0.022620439529418945,12171.0,0.30548715591430664,172,1
SLIM*SIG1,676053df-1802-11f0-8423-54a95b9ec813,auction,1,280,0.29169249534606934,0.026265859603881836,13042.0,0.3054049015045166,185,1
SLIM*SIG1,676053df-1802-11f0-8423-54a95b9ec813,auction,1,281,0.29169249534606934,0.02896404266357422,13551.0,0.3054049015045166,185,1
SLIM*SIG1,676053df-1802-11f0-8423-54a95b9ec813,auction,1,282,0.29169249534606934,0.03038620948791504,13315.0,0.3054049015045166,185,1
SLIM*SIG1,676053df-1802-11f0-8423-54a95b9ec813,auction,1,283,0.2915421724319458,0.03416633605957031,13980.0,0.3055306077003479,185,1
SLIM*SIG1,676053df-1802-11f0-8423-54a95b9ec813,auction,1,284,0.2914469838142395,0.03471803665161133,14591.0,0.3055514097213745,172,1
SLIM*SIG1,676053df-1802-11f0-8423-54a95b9ec813,auction,1,285,0.2914469838142395,0.034493207931518555,15007.0,0.3055514097213745,172,1
SLIM*SIG1,676053df-1802-11f0-8423-54a95b9ec813,auction,1,286,0.2914469838142395,0.03401947021484375,15050.0,0.3055514097213745,172,1
SLIM*SIG1,676053df-1802-11f0-8423-54a95b9ec813,auction,1,287,0.2914469838142395,0.028423070907592773,14071.0,0.3055514097213745,172,1
SLIM*SIG1,676053df-1802-11f0-8423-54a95b9ec813,auction,1,288,0.2913949489593506,0.032663822174072266,14569.0,0.3057800233364105,185,1
SLIM*SIG1,676053df-1802-11f0-8423-54a95b9ec813,auction,1,289,0.29135188460350037,0.03427243232727051,14439.0,0.3056083619594574,185,1
SLIM*SIG1,676053df-1802-11f0-8423-54a95b9ec813,auction,1,290,0.29135188460350037,0.02614450454711914,14859.0,0.3056083619594574,185,1
SLIM*SIG1,676053df-1802-11f0-8423-54a95b9ec813,auction,1,291,0.29135188460350037,0.024760961532592773,14283.0,0.3056083619594574,185,1
SLIM*SIG1,676053df-1802-11f0-8423-54a95b9ec813,auction,1,292,0.2912185490131378,0.02680063247680664,14355.0,0.30535054206848145,198,1
SLIM*SIG1,676053df-1802-11f0-8423-54a95b9ec813,auction,1,293,0.2912185490131378,0.028629302978515625,14812.0,0.30535054206848145,198,1
SLIM*SIG1,676053df-1802-11f0-8423-54a95b9ec813,auction,1,294,0.2912185490131378,0.029769420623779297,15344.0,0.30535054206848145,198,1
SLIM*SIG1,676053df-1802-11f0-8423-54a95b9ec813,auction,1,295,0.2912185490131378,0.0327754020690918,15093.0,0.30535054206848145,198,1
SLIM*SIG1,676053df-1802-11f0-8423-54a95b9ec813,auction,1,296,0.2912185490131378,0.03362464904785156,14974.0,0.30535054206848145,198,1
SLIM*SIG1,676053df-1802-11f0-8423-54a95b9ec813,auction,1,297,0.2912185490131378,0.031040191650390625,14720.0,0.30535054206848145,198,1
SLIM*SIG1,676053df-1802-11f0-8423-54a95b9ec813,auction,1,298,0.2912185490131378,0.032919883728027344,14906.0,0.30535054206848145,198,1
SLIM*SIG1,676053df-1802-11f0-8423-54a95b9ec813,auction,1,299,0.2912185490131378,0.03377223014831543,14555.0,0.30535054206848145,198,1
SLIM*SIG1,676053df-1802-11f0-8423-54a95b9ec813,auction,1,300,0.2912185490131378,0.02981853485107422,14412.0,0.30535054206848145,198,1
SLIM*SIG1,676053df-1802-11f0-8423-54a95b9ec813,auction,1,301,0.2912185490131378,0.025146484375,13881.0,0.30535054206848145,198,1
SLIM*SIG1,676053df-1802-11f0-8423-54a95b9ec813,auction,1,302,0.2910608649253845,0.030640363693237305,14136.0,0.3055092692375183,198,1
SLIM*SIG1,676053df-1802-11f0-8423-54a95b9ec813,auction,1,303,0.2910608649253845,0.023047685623168945,14295.0,0.3055092692375183,198,1
SLIM*SIG1,676053df-1802-11f0-8423-54a95b9ec813,auction,1,304,0.2910608649253845,0.023178815841674805,14819.0,0.3055092692375183,198,1
SLIM*SIG1,676053df-1802-11f0-8423-54a95b9ec813,auction,1,305,0.2910608649253845,0.025676727294921875,15181.0,0.3055092692375183,198,1
SLIM*SIG1,676053df-1802-11f0-8423-54a95b9ec813,auction,1,306,0.2910608649253845,0.023671627044677734,15590.0,0.3055092692375183,198,1
SLIM*SIG1,676053df-1802-11f0-8423-54a95b9ec813,auction,1,307,0.290973037481308,0.023409128189086914,15674.0,0.30605608224868774,211,1
SLIM*SIG1,676053df-1802-11f0-8423-54a95b9ec813,auction,1,308,0.290973037481308,0.022641897201538086,15850.0,0.30605608224868774,211,1
SLIM*SIG1,676053df-1802-11f0-8423-54a95b9ec813,auction,1,309,0.290973037481308,0.03070807456970215,15536.0,0.30605608224868774,211,1
SLIM*SIG1,676053df-1802-11f0-8423-54a95b9ec813,auction,1,310,0.290973037481308,0.017081260681152344,15523.0,0.30605608224868774,211,1
SLIM*SIG1,676053df-1802-11f0-8423-54a95b9ec813,auction,1,311,0.290973037481308,0.03223371505737305,15076.0,0.30605608224868774,211,1
SLIM*SIG1,676053df-1802-11f0-8423-54a95b9ec813,auction,1,312,0.290973037481308,0.020527124404907227,15509.0,0.30605608224868774,211,1
SLIM*SIG1,676053df-1802-11f0-8423-54a95b9ec813,auction,1,313,0.2903807461261749,0.0324704647064209,14536.0,0.3053174316883087,198,1
SLIM*SIG1,676053df-1802-11f0-8423-54a95b9ec813,auction,1,314,0.2903807461261749,0.02428460121154785,13846.0,0.3053174316883087,198,1
SLIM*SIG1,676053df-1802-11f0-8423-54a95b9ec813,auction,1,315,0.2903807461261749,0.02407550811767578,13623.0,0.3053174316883087,198,1
SLIM*SIG1,676053df-1802-11f0-8423-54a95b9ec813,auction,1,316,0.2903807461261749,0.03006768226623535,13969.0,0.3053174316883087,198,1
SLIM*SIG1,676053df-1802-11f0-8423-54a95b9ec813,auction,1,317,0.2903807461261749,0.03648543357849121,13561.0,0.3053174316883087,198,1
SLIM*SIG1,676053df-1802-11f0-8423-54a95b9ec813,auction,1,318,0.2903807461261749,0.02539801597595215,13863.0,0.3053174316883087,198,1
SLIM*SIG1,676053df-1802-11f0-8423-54a95b9ec813,auction,1,319,0.2902909219264984,0.026988744735717773,14842.0,0.30338209867477417,198,1
SLIM*SIG1,676053df-1802-11f0-8423-54a95b9ec813,auction,1,320,0.2902909219264984,0.022154808044433594,15033.0,0.30338209867477417,198,1
SLIM*SIG1,676053df-1802-11f0-8423-54a95b9ec813,auction,1,321,0.2901866137981415,0.025649547576904297,15290.0,0.3042828142642975,185,1
SLIM*SIG1,676053df-1802-11f0-8423-54a95b9ec813,auction,1,322,0.2901866137981415,0.024813413619995117,15585.0,0.3042828142642975,185,1
SLIM*SIG1,676053df-1802-11f0-8423-54a95b9ec813,auction,1,323,0.2901866137981415,0.022055625915527344,15726.0,0.3042828142642975,185,1
SLIM*SIG1,676053df-1802-11f0-8423-54a95b9ec813,auction,1,324,0.2901866137981415,0.02474689483642578,16733.0,0.3042828142642975,185,1
SLIM*SIG1,676053df-1802-11f0-8423-54a95b9ec813,auction,1,325,0.2901866137981415,0.026541709899902344,16565.0,0.3042828142642975,185,1
SLIM*SIG1,676053df-1802-11f0-8423-54a95b9ec813,auction,1,326,0.2901866137981415,0.030729055404663086,16601.0,0.3042828142642975,185,1
SLIM*SIG1,676053df-1802-11f0-8423-54a95b9ec813,auction,1,327,0.2901866137981415,0.027945995330810547,16652.0,0.3042828142642975,185,1
SLIM*SIG1,676053df-1802-11f0-8423-54a95b9ec813,auction,1,328,0.2901866137981415,0.027678251266479492,16555.0,0.3042828142642975,185,1
SLIM*SIG1,676053df-1802-11f0-8423-54a95b9ec813,auction,1,329,0.2901866137981415,0.02738189697265625,16195.0,0.3042828142642975,185,1
SLIM*SIG1,676053df-1802-11f0-8423-54a95b9ec813,auction,1,330,0.29002389311790466,0.02814483642578125,15597.0,0.3041880130767822,211,1
SLIM*SIG1,676053df-1802-11f0-8423-54a95b9ec813,auction,1,331,0.29002389311790466,0.025142192840576172,15071.0,0.3041880130767822,211,1
SLIM*SIG1,676053df-1802-11f0-8423-54a95b9ec813,auction,1,332,0.2895631790161133,0.024630308151245117,14483.0,0.30316781997680664,224,1
SLIM*SIG1,676053df-1802-11f0-8423-54a95b9ec813,auction,1,333,0.289474219083786,0.02597665786743164,14616.0,0.3032638430595398,237,1
SLIM*SIG1,676053df-1802-11f0-8423-54a95b9ec813,auction,1,334,0.2894037067890167,0.023234844207763672,14449.0,0.3034030497074127,250,1
SLIM*SIG1,676053df-1802-11f0-8423-54a95b9ec813,auction,1,335,0.2894037067890167,0.023702144622802734,15040.0,0.3034030497074127,250,1
SLIM*SIG1,676053df-1802-11f0-8423-54a95b9ec813,auction,1,336,0.2893971800804138,0.024959802627563477,15906.0,0.30338454246520996,224,1
SLIM*SIG1,676053df-1802-11f0-8423-54a95b9ec813,auction,1,337,0.2893971800804138,0.025825023651123047,17248.0,0.30338454246520996,224,1
SLIM*SIG1,676053df-1802-11f0-8423-54a95b9ec813,auction,1,338,0.2893971800804138,0.02652573585510254,18030.0,0.30338454246520996,224,1
SLIM*SIG1,676053df-1802-11f0-8423-54a95b9ec813,auction,1,339,0.2893971800804138,0.023094654083251953,18304.0,0.30338454246520996,224,1
SLIM*SIG1,676053df-1802-11f0-8423-54a95b9ec813,auction,1,340,0.2893410325050354,0.050615787506103516,18521.0,0.30320900678634644,237,1
SLIM*SIG1,676053df-1802-11f0-8423-54a95b9ec813,auction,1,341,0.2893410325050354,0.06474685668945312,19113.0,0.30320900678634644,237,1
SLIM*SIG1,676053df-1802-11f0-8423-54a95b9ec813,auction,1,342,0.2893410325050354,0.05290579795837402,19100.0,0.30320900678634644,237,1
SLIM*SIG1,676053df-1802-11f0-8423-54a95b9ec813,auction,1,343,0.2893410325050354,0.044415950775146484,18248.0,0.30320900678634644,237,1
SLIM*SIG1,676053df-1802-11f0-8423-54a95b9ec813,auction,1,344,0.2893410325050354,0.030200481414794922,17914.0,0.30320900678634644,237,1
SLIM*SIG1,676053df-1802-11f0-8423-54a95b9ec813,auction,1,345,0.2893410325050354,0.027811765670776367,17287.0,0.30320900678634644,237,1
SLIM*SIG1,676053df-1802-11f0-8423-54a95b9ec813,auction,1,346,0.28929603099823,0.026732683181762695,16888.0,0.304303377866745,250,1
SLIM*SIG1,676053df-1802-11f0-8423-54a95b9ec813,auction,1,347,0.28929603099823,0.0286715030670166,17900.0,0.304303377866745,250,1
SLIM*SIG1,676053df-1802-11f0-8423-54a95b9ec813,auction,1,348,0.28929603099823,0.025861501693725586,18670.0,0.304303377866745,250,1
SLIM*SIG1,676053df-1802-11f0-8423-54a95b9ec813,auction,1,349,0.28929603099823,0.028702974319458008,18666.0,0.304303377866745,250,1
SLIM*SIG1,676053df-1802-11f0-8423-54a95b9ec813,auction,1,350,0.28929603099823,0.030309438705444336,19353.0,0.304303377866745,250,1
SLIM*SIG1,676053df-1802-11f0-8423-54a95b9ec813,auction,1,351,0.28929603099823,0.028486967086791992,19434.0,0.304303377866745,250,1
SLIM*SIG1,676053df-1802-11f0-8423-54a95b9ec813,auction,1,352,0.28929603099823,0.027744054794311523,19529.0,0.304303377866745,250,1
SLIM*SIG1,676053df-1802-11f0-8423-54a95b9ec813,auction,1,353,0.28929603099823,0.03267407417297363,18790.0,0.304303377866745,250,1
SLIM*SIG1,676053df-1802-11f0-8423-54a95b9ec813,auction,1,354,0.28929603099823,0.029871702194213867,17683.0,0.304303377866745,250,1
SLIM*SIG1,676053df-1802-11f0-8423-54a95b9ec813,auction,1,355,0.28929603099823,0.030797481536865234,17445.0,0.304303377866745,250,1
SLIM*SIG1,676053df-1802-11f0-8423-54a95b9ec813,auction,1,356,0.28929603099823,0.034964799880981445,17116.0,0.304303377866745,250,1
SLIM*SIG1,676053df-1802-11f0-8423-54a95b9ec813,auction,1,357,0.28929603099823,0.03680562973022461,18098.0,0.304303377866745,250,1
SLIM*SIG1,676053df-1802-11f0-8423-54a95b9ec813,auction,1,358,0.28929603099823,0.038292646408081055,19278.0,0.304303377866745,250,1
SLIM*SIG1,676053df-1802-11f0-8423-54a95b9ec813,auction,1,359,0.28929603099823,0.0345454216003418,19930.0,0.304303377866745,250,1
SLIM*SIG1,676053df-1802-11f0-8423-54a95b9ec813,auction,1,360,0.28929603099823,0.0307924747467041,20745.0,0.304303377866745,250,1
SLIM*SIG1,676053df-1802-11f0-8423-54a95b9ec813,auction,1,361,0.28929603099823,0.032449960708618164,21512.0,0.304303377866745,250,1
SLIM*SIG1,676053df-1802-11f0-8423-54a95b9ec813,auction,1,362,0.28929603099823,0.0338749885559082,21026.0,0.304303377866745,250,1
SLIM*SIG1,676053df-1802-11f0-8423-54a95b9ec813,auction,1,363,0.28929603099823,0.08237147331237793,21152.0,0.304303377866745,250,1
SLIM*SIG1,676053df-1802-11f0-8423-54a95b9ec813,auction,1,364,0.28929603099823,0.03465104103088379,21244.0,0.304303377866745,250,1
SLIM*SIG1,676053df-1802-11f0-8423-54a95b9ec813,auction,1,365,0.2892914116382599,0.0300900936126709,20966.0,0.30199602246284485,265,1
SLIM*SIG1,676053df-1802-11f0-8423-54a95b9ec813,auction,1,366,0.2892914116382599,0.03206896781921387,20779.0,0.30199602246284485,265,1
SLIM*SIG1,676053df-1802-11f0-8423-54a95b9ec813,auction,1,367,0.2892914116382599,0.06896400451660156,20763.0,0.30199602246284485,265,1
SLIM*SIG1,676053df-1802-11f0-8423-54a95b9ec813,auction,1,368,0.2892914116382599,0.05638551712036133,21044.0,0.30199602246284485,265,1
SLIM*SIG1,676053df-1802-11f0-8423-54a95b9ec813,auction,1,369,0.28928011655807495,0.03276515007019043,20069.0,0.30197834968566895,278,1
SLIM*SIG1,676053df-1802-11f0-8423-54a95b9ec813,auction,1,370,0.28928011655807495,0.03156590461730957,20381.0,0.30197834968566895,278,1
SLIM*SIG1,676053df-1802-11f0-8423-54a95b9ec813,auction,1,371,0.28928011655807495,0.08605766296386719,20621.0,0.30197834968566895,278,1
SLIM*SIG1,676053df-1802-11f0-8423-54a95b9ec813,auction,1,372,0.28928011655807495,0.07822561264038086,19391.0,0.30197834968566895,278,1
SLIM*SIG1,676053df-1802-11f0-8423-54a95b9ec813,auction,1,373,0.28928011655807495,0.06332278251647949,19944.0,0.30197834968566895,278,1
SLIM*SIG1,676053df-1802-11f0-8423-54a95b9ec813,auction,1,374,0.28928011655807495,0.09650158882141113,20831.0,0.30197834968566895,278,1
SLIM*SIG1,676053df-1802-11f0-8423-54a95b9ec813,auction,1,375,0.28928011655807495,0.06829404830932617,21317.0,0.30197834968566895,278,1
SLIM*SIG1,676053df-1802-11f0-8423-54a95b9ec813,auction,1,376,0.28928011655807495,0.0690314769744873,21699.0,0.30197834968566895,278,1
SLIM*SIG1,676053df-1802-11f0-8423-54a95b9ec813,auction,1,377,0.2892763018608093,0.04686999320983887,21084.0,0.3019735515117645,291,1
SLIM*SIG1,676053df-1802-11f0-8423-54a95b9ec813,auction,1,378,0.2892763018608093,0.038492441177368164,20683.0,0.3019735515117645,291,1
SLIM*SIG1,676053df-1802-11f0-8423-54a95b9ec813,auction,1,379,0.2892763018608093,0.06766462326049805,21044.0,0.3019735515117645,291,1
SLIM*SIG1,676053df-1802-11f0-8423-54a95b9ec813,auction,1,380,0.2892763018608093,0.078125,21684.0,0.3019735515117645,291,1
SLIM*SIG1,676053df-1802-11f0-8423-54a95b9ec813,auction,1,381,0.2892763018608093,0.056020259857177734,21248.0,0.3019735515117645,291,1
SLIM*SIG1,676053df-1802-11f0-8423-54a95b9ec813,auction,1,382,0.2892763018608093,0.06251096725463867,20673.0,0.3019735515117645,291,1
SLIM*SIG1,676053df-1802-11f0-8423-54a95b9ec813,auction,1,383,0.2892763018608093,0.06780529022216797,20399.0,0.3019735515117645,291,1
SLIM*SIG1,676053df-1802-11f0-8423-54a95b9ec813,auction,1,384,0.2892763018608093,0.09999704360961914,21207.0,0.3019735515117645,291,1
SLIM*SIG1,676053df-1802-11f0-8423-54a95b9ec813,auction,1,385,0.2892763018608093,0.052880287170410156,21049.0,0.3019735515117645,291,1
SLIM*SIG1,676053df-1802-11f0-8423-54a95b9ec813,auction,1,386,0.2892763018608093,0.06254196166992188,21643.0,0.3019735515117645,291,1
SLIM*SIG1,676053df-1802-11f0-8423-54a95b9ec813,auction,1,387,0.2892763018608093,0.10212850570678711,22602.0,0.3019735515117645,291,1
SLIM*SIG1,676053df-1802-11f0-8423-54a95b9ec813,auction,1,388,0.28926771879196167,0.08518457412719727,23676.0,0.30328017473220825,278,1
SLIM*SIG1,676053df-1802-11f0-8423-54a95b9ec813,auction,1,389,0.28926771879196167,0.0781252384185791,24574.0,0.30328017473220825,278,1
SLIM*SIG1,676053df-1802-11f0-8423-54a95b9ec813,auction,1,390,0.28926771879196167,0.07812905311584473,24187.0,0.30328017473220825,278,1
SLIM*SIG1,676053df-1802-11f0-8423-54a95b9ec813,auction,1,391,0.28926771879196167,0.06783914566040039,23898.0,0.30328017473220825,278,1
SLIM*SIG1,676053df-1802-11f0-8423-54a95b9ec813,auction,1,392,0.28926771879196167,0.07500195503234863,24125.0,0.30328017473220825,278,1
SLIM*SIG1,676053df-1802-11f0-8423-54a95b9ec813,auction,1,393,0.28926771879196167,0.144639253616333,24307.0,0.30328017473220825,278,1
SLIM*SIG1,676053df-1802-11f0-8423-54a95b9ec813,auction,1,394,0.28926771879196167,0.06222105026245117,23977.0,0.30328017473220825,278,1
SLIM*SIG1,676053df-1802-11f0-8423-54a95b9ec813,auction,1,395,0.28926771879196167,0.05313372611999512,23907.0,0.30328017473220825,278,1
SLIM*SIG1,676053df-1802-11f0-8423-54a95b9ec813,auction,1,396,0.28926771879196167,0.08470869064331055,23600.0,0.30328017473220825,278,1
SLIM*SIG1,676053df-1802-11f0-8423-54a95b9ec813,auction,1,397,0.28926771879196167,0.06719017028808594,23758.0,0.30328017473220825,278,1
SLIM*SIG1,676053df-1802-11f0-8423-54a95b9ec813,auction,1,398,0.28926771879196167,0.0625152587890625,23468.0,0.30328017473220825,278,1
SLIM*SIG1,676053df-1802-11f0-8423-54a95b9ec813,auction,1,399,0.28926771879196167,0.0696415901184082,22398.0,0.30328017473220825,278,1
SLIM*SIG1,676053df-1802-11f0-8423-54a95b9ec813,auction,1,400,0.28926771879196167,0.055056095123291016,22865.0,0.30328017473220825,278,1
SLIM*SIG1,676053df-1802-11f0-8423-54a95b9ec813,auction,1,401,0.28926771879196167,0.0781242847442627,22961.0,0.30328017473220825,278,1
SLIM*SIG1,676053df-1802-11f0-8423-54a95b9ec813,auction,1,402,0.28926771879196167,0.05230450630187988,22340.0,0.30328017473220825,278,1
SLIM*SIG1,676053df-1802-11f0-8423-54a95b9ec813,auction,1,403,0.28926771879196167,0.06250381469726562,21564.0,0.30328017473220825,278,1
SLIM*SIG1,676053df-1802-11f0-8423-54a95b9ec813,auction,1,404,0.28926771879196167,0.05463600158691406,21206.0,0.30328017473220825,278,1
SLIM*SIG1,676053df-1802-11f0-8423-54a95b9ec813,auction,1,405,0.28926771879196167,0.06250810623168945,20757.0,0.30328017473220825,278,1
SLIM*SIG1,676053df-1802-11f0-8423-54a95b9ec813,auction,1,406,0.28926771879196167,0.0684654712677002,20984.0,0.30328017473220825,278,1
SLIM*SIG1,676053df-1802-11f0-8423-54a95b9ec813,auction,1,407,0.28926771879196167,0.031232357025146484,21067.0,0.30328017473220825,278,1
SLIM*SIG1,676053df-1802-11f0-8423-54a95b9ec813,auction,1,408,0.28926771879196167,0.035033226013183594,20682.0,0.30328017473220825,278,1
SLIM*SIG1,676053df-1802-11f0-8423-54a95b9ec813,auction,1,409,0.2891014516353607,0.04686784744262695,21224.0,0.30362623929977417,291,1
SLIM*SIG1,676053df-1802-11f0-8423-54a95b9ec813,auction,1,410,0.2891014516353607,0.07096076011657715,21787.0,0.30362623929977417,291,1
SLIM*SIG1,676053df-1802-11f0-8423-54a95b9ec813,auction,1,411,0.2891014516353607,0.1002504825592041,22089.0,0.30362623929977417,291,1
SLIM*SIG1,676053df-1802-11f0-8423-54a95b9ec813,auction,1,412,0.2891014516353607,0.08445167541503906,22519.0,0.30362623929977417,291,1
SLIM*SIG1,676053df-1802-11f0-8423-54a95b9ec813,auction,1,413,0.2891014516353607,0.09988689422607422,22692.0,0.30362623929977417,291,1
SLIM*SIG1,676053df-1802-11f0-8423-54a95b9ec813,auction,1,414,0.2891014516353607,0.062494516372680664,22349.0,0.30362623929977417,291,1
SLIM*SIG1,676053df-1802-11f0-8423-54a95b9ec813,auction,1,415,0.2891014516353607,0.056304931640625,22468.0,0.30362623929977417,291,1
SLIM*SIG1,676053df-1802-11f0-8423-54a95b9ec813,auction,1,416,0.2891014516353607,0.06250119209289551,23967.0,0.30362623929977417,291,1
SLIM*SIG1,676053df-1802-11f0-8423-54a95b9ec813,auction,1,417,0.2891014516353607,0.06839704513549805,24715.0,0.30362623929977417,291,1
SLIM*SIG1,676053df-1802-11f0-8423-54a95b9ec813,auction,1,418,0.2891014516353607,0.09905385971069336,24740.0,0.30362623929977417,291,1
SLIM*SIG1,676053df-1802-11f0-8423-54a95b9ec813,auction,1,419,0.2891014516353607,0.06586313247680664,23814.0,0.30362623929977417,291,1
SLIM*SIG1,676053df-1802-11f0-8423-54a95b9ec813,auction,1,420,0.2891014516353607,0.07818293571472168,24326.0,0.30362623929977417,291,1
SLIM*SIG1,676053df-1802-11f0-8423-54a95b9ec813,auction,1,421,0.2891014516353607,0.07335686683654785,24572.0,0.30362623929977417,291,1
SLIM*SIG1,676053df-1802-11f0-8423-54a95b9ec813,auction,1,422,0.2891014516353607,0.07885122299194336,23751.0,0.30362623929977417,291,1
SLIM*SIG1,676053df-1802-11f0-8423-54a95b9ec813,auction,1,423,0.2891014516353607,0.06645870208740234,25048.0,0.30362623929977417,291,1
SLIM*SIG1,676053df-1802-11f0-8423-54a95b9ec813,auction,1,424,0.28909721970558167,0.07613039016723633,25095.0,0.30361202359199524,304,1
SLIM*SIG1,676053df-1802-11f0-8423-54a95b9ec813,auction,1,425,0.28909721970558167,0.07876944541931152,24990.0,0.30361202359199524,304,1
SLIM*SIG1,676053df-1802-11f0-8423-54a95b9ec813,auction,1,426,0.28909721970558167,0.062023162841796875,25579.0,0.30361202359199524,304,1
SLIM*SIG1,676053df-1802-11f0-8423-54a95b9ec813,auction,1,427,0.28909721970558167,0.07963681221008301,24829.0,0.30361202359199524,304,1
SLIM*SIG1,676053df-1802-11f0-8423-54a95b9ec813,auction,1,428,0.28909721970558167,0.10063409805297852,25025.0,0.30361202359199524,304,1
SLIM*SIG1,676053df-1802-11f0-8423-54a95b9ec813,auction,1,429,0.2886158227920532,0.10312819480895996,25293.0,0.3043898940086365,265,1
SLIM*SIG1,676053df-1802-11f0-8423-54a95b9ec813,auction,1,430,0.2886158227920532,0.09978103637695312,25139.0,0.3043898940086365,265,1
SLIM*SIG1,676053df-1802-11f0-8423-54a95b9ec813,auction,1,431,0.28861263394355774,0.0838923454284668,24818.0,0.30438199639320374,252,1
SLIM*SIG1,676053df-1802-11f0-8423-54a95b9ec813,auction,1,432,0.28861263394355774,0.046874046325683594,24638.0,0.30438199639320374,252,1
SLIM*SIG1,676053df-1802-11f0-8423-54a95b9ec813,auction,1,433,0.28861263394355774,0.05686140060424805,23966.0,0.30438199639320374,252,1
SLIM*SIG1,676053df-1802-11f0-8423-54a95b9ec813,auction,1,434,0.28861263394355774,0.07812833786010742,23516.0,0.30438199639320374,252,1
SLIM*SIG1,676053df-1802-11f0-8423-54a95b9ec813,auction,1,435,0.28861263394355774,0.0653681755065918,22596.0,0.30438199639320374,252,1
SLIM*SIG1,676053df-1802-11f0-8423-54a95b9ec813,auction,1,436,0.28861263394355774,0.08499026298522949,21798.0,0.30438199639320374,252,1
SLIM*SIG1,676053df-1802-11f0-8423-54a95b9ec813,auction,1,437,0.28858259320259094,0.031350135803222656,21263.0,0.30464258790016174,226,1
SLIM*SIG1,676053df-1802-11f0-8423-54a95b9ec813,auction,1,438,0.28858259320259094,0.05427241325378418,20980.0,0.30464258790016174,226,1
SLIM*SIG1,676053df-1802-11f0-8423-54a95b9ec813,auction,1,439,0.28858259320259094,0.0625004768371582,21027.0,0.30464258790016174,226,1
SLIM*SIG1,676053df-1802-11f0-8423-54a95b9ec813,auction,1,440,0.28858259320259094,0.05229330062866211,20517.0,0.30464258790016174,226,1
SLIM*SIG1,676053df-1802-11f0-8423-54a95b9ec813,auction,1,441,0.28858259320259094,0.046988487243652344,19748.0,0.30464258790016174,226,1
SLIM*SIG1,676053df-1802-11f0-8423-54a95b9ec813,auction,1,442,0.28858259320259094,0.015616655349731445,19900.0,0.30464258790016174,226,1
SLIM*SIG1,676053df-1802-11f0-8423-54a95b9ec813,auction,1,443,0.28858259320259094,0.02018117904663086,18676.0,0.30464258790016174,226,1
SLIM*SIG1,676053df-1802-11f0-8423-54a95b9ec813,auction,1,444,0.28858259320259094,0.03136420249938965,18676.0,0.30464258790016174,226,1
SLIM*SIG1,676053df-1802-11f0-8423-54a95b9ec813,auction,1,445,0.28858259320259094,0.03124260902404785,18728.0,0.30464258790016174,226,1
SLIM*SIG1,676053df-1802-11f0-8423-54a95b9ec813,auction,1,446,0.28858259320259094,0.022042512893676758,19167.0,0.30464258790016174,226,1
SLIM*SIG1,676053df-1802-11f0-8423-54a95b9ec813,auction,1,447,0.28858259320259094,0.03135323524475098,19247.0,0.30464258790016174,226,1
SLIM*SIG1,676053df-1802-11f0-8423-54a95b9ec813,auction,1,448,0.28858259320259094,0.057918548583984375,19698.0,0.30464258790016174,226,1
SLIM*SIG1,676053df-1802-11f0-8423-54a95b9ec813,auction,1,449,0.28858259320259094,0.04687643051147461,18988.0,0.30464258790016174,226,1
SLIM*SIG1,676053df-1802-11f0-8423-54a95b9ec813,auction,1,450,0.28858259320259094,0.06866288185119629,18607.0,0.30464258790016174,226,1
SLIM*SIG1,676053df-1802-11f0-8423-54a95b9ec813,auction,1,451,0.28858259320259094,0.03127694129943848,17432.0,0.30464258790016174,226,1
SLIM*SIG1,676053df-1802-11f0-8423-54a95b9ec813,auction,1,452,0.28858259320259094,0.03300070762634277,16828.0,0.30464258790016174,226,1
SLIM*SIG1,676053df-1802-11f0-8423-54a95b9ec813,auction,1,453,0.28855615854263306,0.03136157989501953,16955.0,0.30375397205352783,213,1
SLIM*SIG1,676053df-1802-11f0-8423-54a95b9ec813,auction,1,454,0.28855615854263306,0.03114461898803711,17474.0,0.30375397205352783,213,1
SLIM*SIG1,676053df-1802-11f0-8423-54a95b9ec813,auction,1,455,0.28855615854263306,0.015735387802124023,16983.0,0.30375397205352783,213,1
SLIM*SIG1,676053df-1802-11f0-8423-54a95b9ec813,auction,1,456,0.28849199414253235,0.03722405433654785,16935.0,0.3035043478012085,226,1
SLIM*SIG1,676053df-1802-11f0-8423-54a95b9ec813,auction,1,457,0.28849199414253235,0.031248092651367188,17433.0,0.3035043478012085,226,1
SLIM*SIG1,676053df-1802-11f0-8423-54a95b9ec813,auction,1,458,0.28849199414253235,0.031252384185791016,17742.0,0.3035043478012085,226,1
SLIM*SIG1,676053df-1802-11f0-8423-54a95b9ec813,auction,1,459,0.28849199414253235,0.015529870986938477,17944.0,0.3035043478012085,226,1
SLIM*SIG1,676053df-1802-11f0-8423-54a95b9ec813,auction,1,460,0.28849199414253235,0.039208412170410156,17363.0,0.3035043478012085,226,1
SLIM*SIG1,676053df-1802-11f0-8423-54a95b9ec813,auction,1,461,0.28849199414253235,0.015635013580322266,17454.0,0.3035043478012085,226,1
SLIM*SIG1,676053df-1802-11f0-8423-54a95b9ec813,auction,1,462,0.28849199414253235,0.0313417911529541,16957.0,0.3035043478012085,226,1
SLIM*SIG1,676053df-1802-11f0-8423-54a95b9ec813,auction,1,463,0.28849199414253235,0.031156539916992188,16246.0,0.3035043478012085,226,1
SLIM*SIG1,676053df-1802-11f0-8423-54a95b9ec813,auction,1,464,0.28849199414253235,0.022223711013793945,16927.0,0.3035043478012085,226,1
SLIM*SIG1,676053df-1802-11f0-8423-54a95b9ec813,auction,1,465,0.28849199414253235,0.03134894371032715,16456.0,0.3035043478012085,226,1
SLIM*SIG1,676053df-1802-11f0-8423-54a95b9ec813,auction,1,466,0.28849199414253235,0.0311586856842041,16177.0,0.3035043478012085,226,1
SLIM*SIG1,676053df-1802-11f0-8423-54a95b9ec813,auction,1,467,0.28849199414253235,0.03777670860290527,16114.0,0.3035043478012085,226,1
SLIM*SIG1,676053df-1802-11f0-8423-54a95b9ec813,auction,1,468,0.28849199414253235,0.029598236083984375,16509.0,0.3035043478012085,226,1
SLIM*SIG1,676053df-1802-11f0-8423-54a95b9ec813,auction,1,469,0.28849199414253235,0.029042720794677734,15887.0,0.3035043478012085,226,1
SLIM*SIG1,676053df-1802-11f0-8423-54a95b9ec813,auction,1,470,0.28849199414253235,0.036766767501831055,15663.0,0.3035043478012085,226,1
SLIM*SIG1,676053df-1802-11f0-8423-54a95b9ec813,auction,1,471,0.28849199414253235,0.03514838218688965,16190.0,0.3035043478012085,226,1
SLIM*SIG1,676053df-1802-11f0-8423-54a95b9ec813,auction,1,472,0.28849199414253235,0.04126691818237305,17128.0,0.3035043478012085,226,1
SLIM*SIG1,676053df-1802-11f0-8423-54a95b9ec813,auction,1,473,0.28849199414253235,0.03558826446533203,16487.0,0.3035043478012085,226,1
SLIM*SIG1,676053df-1802-11f0-8423-54a95b9ec813,auction,1,474,0.28849199414253235,0.03428936004638672,16326.0,0.3035043478012085,226,1
SLIM*SIG1,676053df-1802-11f0-8423-54a95b9ec813,auction,1,475,0.28849199414253235,0.03136324882507324,16273.0,0.3035043478012085,226,1
SLIM*SIG1,676053df-1802-11f0-8423-54a95b9ec813,auction,1,476,0.28849199414253235,0.037188053131103516,16097.0,0.3035043478012085,226,1
SLIM*SIG1,676053df-1802-11f0-8423-54a95b9ec813,auction,1,477,0.28849199414253235,0.03115558624267578,16034.0,0.3035043478012085,226,1
SLIM*SIG1,676053df-1802-11f0-8423-54a95b9ec813,auction,1,478,0.28849199414253235,0.03125262260437012,16070.0,0.3035043478012085,226,1
SLIM*SIG1,676053df-1802-11f0-8423-54a95b9ec813,auction,1,479,0.28849199414253235,0.03753209114074707,17078.0,0.3035043478012085,226,1
SLIM*SIG1,676053df-1802-11f0-8423-54a95b9ec813,auction,1,480,0.28849199414253235,0.031280517578125,17178.0,0.3035043478012085,226,1
SLIM*SIG1,676053df-1802-11f0-8423-54a95b9ec813,auction,1,481,0.28849199414253235,0.03128337860107422,17087.0,0.3035043478012085,226,1
SLIM*SIG1,676053df-1802-11f0-8423-54a95b9ec813,auction,1,482,0.28849199414253235,0.03131747245788574,17284.0,0.3035043478012085,226,1
SLIM*SIG1,676053df-1802-11f0-8423-54a95b9ec813,auction,1,483,0.28849199414253235,0.03618454933166504,18124.0,0.3035043478012085,226,1
SLIM*SIG1,676053df-1802-11f0-8423-54a95b9ec813,auction,1,484,0.28849199414253235,0.08680582046508789,18931.0,0.3035043478012085,226,1
SLIM*SIG1,676053df-1802-11f0-8423-54a95b9ec813,auction,1,485,0.28849199414253235,0.06250715255737305,18686.0,0.3035043478012085,226,1
SLIM*SIG1,676053df-1802-11f0-8423-54a95b9ec813,auction,1,486,0.28849199414253235,0.046894073486328125,18092.0,0.3035043478012085,226,1
SLIM*SIG1,676053df-1802-11f0-8423-54a95b9ec813,auction,1,487,0.28849199414253235,0.031247615814208984,18329.0,0.3035043478012085,226,1
SLIM*SIG1,676053df-1802-11f0-8423-54a95b9ec813,auction,1,488,0.28849199414253235,0.01562786102294922,17801.0,0.3035043478012085,226,1
SLIM*SIG1,676053df-1802-11f0-8423-54a95b9ec813,auction,1,489,0.28849199414253235,0.04084610939025879,18040.0,0.3035043478012085,226,1
SLIM*SIG1,676053df-1802-11f0-8423-54a95b9ec813,auction,1,490,0.28849199414253235,0.01561284065246582,17868.0,0.3035043478012085,226,1
SLIM*SIG1,676053df-1802-11f0-8423-54a95b9ec813,auction,1,491,0.2882910370826721,0.031162738800048828,17426.0,0.3043891489505768,252,1
SLIM*SIG1,676053df-1802-11f0-8423-54a95b9ec813,auction,1,492,0.2882910370826721,0.03838515281677246,17954.0,0.3043891489505768,252,1
SLIM*SIG1,676053df-1802-11f0-8423-54a95b9ec813,auction,1,493,0.2882910370826721,0.03134751319885254,17830.0,0.3043891489505768,252,1
SLIM*SIG1,676053df-1802-11f0-8423-54a95b9ec813,auction,1,494,0.2882910370826721,0.015633583068847656,17957.0,0.3043891489505768,252,1
SLIM*SIG1,676053df-1802-11f0-8423-54a95b9ec813,auction,1,495,0.2882910370826721,0.03124070167541504,18711.0,0.3043891489505768,252,1
SLIM*SIG1,676053df-1802-11f0-8423-54a95b9ec813,auction,1,496,0.2882910370826721,0.020346879959106445,18914.0,0.3043891489505768,252,1
SLIM*SIG1,676053df-1802-11f0-8423-54a95b9ec813,auction,1,497,0.2882910370826721,0.03126239776611328,19269.0,0.3043891489505768,252,1
SLIM*SIG1,676053df-1802-11f0-8423-54a95b9ec813,auction,1,498,0.2882910370826721,0.031243324279785156,19642.0,0.3043891489505768,252,1
SLIM*SIG1,676053df-1802-11f0-8423-54a95b9ec813,auction,1,499,0.2882910370826721,0.015733003616333008,19543.0,0.3043891489505768,252,1
SLIM*SIG1,676053df-1802-11f0-8423-54a95b9ec813,auction,1,500,0.2882910370826721,0.05418968200683594,20264.0,0.3043891489505768,252,1
SLIM*SIG1,676053df-1802-11f0-8423-54a95b9ec813,auction,1,501,0.2882910370826721,0.038583993911743164,20438.0,0.3043891489505768,252,1
SLIM*SIG1,676053df-1802-11f0-8423-54a95b9ec813,auction,1,502,0.2882910370826721,0.0313570499420166,20882.0,0.3043891489505768,252,1
SLIM*SIG1,676053df-1802-11f0-8423-54a95b9ec813,auction,1,503,0.2882910370826721,0.03125619888305664,22009.0,0.3043891489505768,252,1
SLIM*SIG1,676053df-1802-11f0-8423-54a95b9ec813,auction,1,504,0.28801822662353516,0.08628678321838379,22259.0,0.30437469482421875,239,1
SLIM*SIG1,676053df-1802-11f0-8423-54a95b9ec813,auction,1,505,0.28801822662353516,0.08728981018066406,21950.0,0.30437469482421875,239,1
SLIM*SIG1,676053df-1802-11f0-8423-54a95b9ec813,auction,1,506,0.28801822662353516,0.0781242847442627,21779.0,0.30437469482421875,239,1
SLIM*SIG1,676053df-1802-11f0-8423-54a95b9ec813,auction,1,507,0.28801822662353516,0.06592202186584473,21980.0,0.30437469482421875,239,1
SLIM*SIG1,676053df-1802-11f0-8423-54a95b9ec813,auction,1,508,0.28801822662353516,0.050987958908081055,21472.0,0.30437469482421875,239,1
SLIM*SIG1,676053df-1802-11f0-8423-54a95b9ec813,auction,1,509,0.28801822662353516,0.0652322769165039,20663.0,0.30437469482421875,239,1
SLIM*SIG1,676053df-1802-11f0-8423-54a95b9ec813,auction,1,510,0.28801822662353516,0.03435707092285156,20358.0,0.30437469482421875,239,1
SLIM*SIG1,676053df-1802-11f0-8423-54a95b9ec813,auction,1,511,0.28801822662353516,0.04691171646118164,20317.0,0.30437469482421875,239,1
SLIM*SIG1,676053df-1802-11f0-8423-54a95b9ec813,auction,1,512,0.28801822662353516,0.015630006790161133,19503.0,0.30437469482421875,239,1
SLIM*SIG1,676053df-1802-11f0-8423-54a95b9ec813,auction,1,513,0.28801822662353516,0.031311988830566406,19115.0,0.30437469482421875,239,1
SLIM*SIG1,676053df-1802-11f0-8423-54a95b9ec813,auction,1,514,0.28801822662353516,0.03879976272583008,19179.0,0.30437469482421875,239,1
SLIM*SIG1,676053df-1802-11f0-8423-54a95b9ec813,auction,1,515,0.28801822662353516,0.031357765197753906,19210.0,0.30437469482421875,239,1
SLIM*SIG1,676053df-1802-11f0-8423-54a95b9ec813,auction,1,516,0.28801822662353516,0.03124713897705078,19255.0,0.30437469482421875,239,1
SLIM*SIG1,676053df-1802-11f0-8423-54a95b9ec813,auction,1,517,0.28801822662353516,0.025240659713745117,19587.0,0.30437469482421875,239,1
SLIM*SIG1,676053df-1802-11f0-8423-54a95b9ec813,auction,1,518,0.28801822662353516,0.026982784271240234,20414.0,0.30437469482421875,239,1
SLIM*SIG1,676053df-1802-11f0-8423-54a95b9ec813,auction,1,519,0.28801822662353516,0.0157315731048584,20820.0,0.30437469482421875,239,1
SLIM*SIG1,676053df-1802-11f0-8423-54a95b9ec813,auction,1,520,0.28801822662353516,0.015533685684204102,20636.0,0.30437469482421875,239,1
SLIM*SIG1,676053df-1802-11f0-8423-54a95b9ec813,auction,1,521,0.28801822662353516,0.03738975524902344,20560.0,0.30437469482421875,239,1
SLIM*SIG1,676053df-1802-11f0-8423-54a95b9ec813,auction,1,522,0.28801822662353516,0.015730857849121094,19947.0,0.30437469482421875,239,1
SLIM*SIG1,676053df-1802-11f0-8423-54a95b9ec813,auction,1,523,0.28801822662353516,0.031990766525268555,19612.0,0.30437469482421875,239,1
SLIM*SIG1,676053df-1802-11f0-8423-54a95b9ec813,auction,1,524,0.28801822662353516,0.02885913848876953,19198.0,0.30437469482421875,239,1
SLIM*SIG1,676053df-1802-11f0-8423-54a95b9ec813,auction,1,525,0.28801822662353516,0.0376126766204834,18680.0,0.30437469482421875,239,1
SLIM*SIG1,676053df-1802-11f0-8423-54a95b9ec813,auction,1,526,0.28801822662353516,0.03920245170593262,19088.0,0.30437469482421875,239,1
SLIM*SIG1,676053df-1802-11f0-8423-54a95b9ec813,auction,1,527,0.28771740198135376,0.03949785232543945,18437.0,0.30327045917510986,239,1
SLIM*SIG1,676053df-1802-11f0-8423-54a95b9ec813,auction,1,528,0.28771740198135376,0.037468910217285156,19280.0,0.30327045917510986,239,1
SLIM*SIG1,676053df-1802-11f0-8423-54a95b9ec813,auction,1,529,0.28771740198135376,0.03467988967895508,19545.0,0.30327045917510986,239,1
SLIM*SIG1,676053df-1802-11f0-8423-54a95b9ec813,auction,1,530,0.28771740198135376,0.033135175704956055,19145.0,0.30327045917510986,239,1
SLIM*SIG1,676053df-1802-11f0-8423-54a95b9ec813,auction,1,531,0.28771740198135376,0.031223297119140625,19429.0,0.30327045917510986,239,1
SLIM*SIG1,676053df-1802-11f0-8423-54a95b9ec813,auction,1,532,0.28771740198135376,0.08491277694702148,18896.0,0.30327045917510986,239,1
SLIM*SIG1,676053df-1802-11f0-8423-54a95b9ec813,auction,1,533,0.2875763475894928,0.032319068908691406,18760.0,0.3026764690876007,252,1
SLIM*SIG1,676053df-1802-11f0-8423-54a95b9ec813,auction,1,534,0.2875763475894928,0.015625953674316406,18145.0,0.3026764690876007,252,1
SLIM*SIG1,676053df-1802-11f0-8423-54a95b9ec813,auction,1,535,0.2875763475894928,0.031250715255737305,17585.0,0.3026764690876007,252,1
SLIM*SIG1,676053df-1802-11f0-8423-54a95b9ec813,auction,1,536,0.2875763475894928,0.03422427177429199,17093.0,0.3026764690876007,252,1
SLIM*SIG1,676053df-1802-11f0-8423-54a95b9ec813,auction,1,537,0.2875763475894928,0.015658140182495117,17569.0,0.3026764690876007,252,1
SLIM*SIG1,676053df-1802-11f0-8423-54a95b9ec813,auction,1,538,0.2875763475894928,0.03121781349182129,16865.0,0.3026764690876007,252,1
SLIM*SIG1,676053df-1802-11f0-8423-54a95b9ec813,auction,1,539,0.2875763475894928,0.0723717212677002,17507.0,0.3026764690876007,252,1
SLIM*SIG1,676053df-1802-11f0-8423-54a95b9ec813,auction,1,540,0.2875763475894928,0.0781247615814209,17177.0,0.3026764690876007,252,1
SLIM*SIG1,676053df-1802-11f0-8423-54a95b9ec813,auction,1,541,0.2875763475894928,0.03128814697265625,17339.0,0.3026764690876007,252,1
SLIM*SIG1,676053df-1802-11f0-8423-54a95b9ec813,auction,1,542,0.2875763475894928,0.03688383102416992,16915.0,0.3026764690876007,252,1
SLIM*SIG1,676053df-1802-11f0-8423-54a95b9ec813,auction,1,543,0.2875763475894928,0.01805877685546875,16921.0,0.3026764690876007,252,1
SLIM*SIG1,676053df-1802-11f0-8423-54a95b9ec813,auction,1,544,0.2875763475894928,0.03115701675415039,17200.0,0.3026764690876007,252,1
SLIM*SIG1,676053df-1802-11f0-8423-54a95b9ec813,auction,1,545,0.2875763475894928,0.05663132667541504,17763.0,0.3026764690876007,252,1
SLIM*SIG1,676053df-1802-11f0-8423-54a95b9ec813,auction,1,546,0.2875763475894928,0.04688215255737305,18203.0,0.3026764690876007,252,1
SLIM*SIG1,676053df-1802-11f0-8423-54a95b9ec813,auction,1,547,0.2875763475894928,0.046869754791259766,18727.0,0.3026764690876007,252,1
SLIM*SIG1,676053df-1802-11f0-8423-54a95b9ec813,auction,1,548,0.2875763475894928,0.10386991500854492,18526.0,0.3026764690876007,252,1
SLIM*SIG1,676053df-1802-11f0-8423-54a95b9ec813,auction,1,549,0.2875763475894928,0.08442044258117676,19903.0,0.3026764690876007,252,1
SLIM*SIG1,676053df-1802-11f0-8423-54a95b9ec813,auction,1,550,0.2875763475894928,0.06639528274536133,19704.0,0.3026764690876007,252,1
SLIM*SIG1,676053df-1802-11f0-8423-54a95b9ec813,auction,1,551,0.2875763475894928,0.04690146446228027,19918.0,0.3026764690876007,252,1
SLIM*SIG1,676053df-1802-11f0-8423-54a95b9ec813,auction,1,552,0.2875763475894928,0.0312502384185791,19644.0,0.3026764690876007,252,1
SLIM*SIG1,676053df-1802-11f0-8423-54a95b9ec813,auction,1,553,0.2875763475894928,0.037603139877319336,19616.0,0.3026764690876007,252,1
SLIM*SIG1,676053df-1802-11f0-8423-54a95b9ec813,auction,1,554,0.2875763475894928,0.031255483627319336,19381.0,0.3026764690876007,252,1
SLIM*SIG1,676053df-1802-11f0-8423-54a95b9ec813,auction,1,555,0.2875763475894928,0.03115248680114746,18760.0,0.3026764690876007,252,1
SLIM*SIG1,676053df-1802-11f0-8423-54a95b9ec813,auction,1,556,0.2875763475894928,0.02175593376159668,19016.0,0.3026764690876007,252,1
SLIM*SIG1,676053df-1802-11f0-8423-54a95b9ec813,auction,1,557,0.2875763475894928,0.03137707710266113,18823.0,0.3026764690876007,252,1
SLIM*SIG1,676053df-1802-11f0-8423-54a95b9ec813,auction,1,558,0.2875763475894928,0.03125166893005371,18822.0,0.3026764690876007,252,1
SLIM*SIG1,676053df-1802-11f0-8423-54a95b9ec813,auction,1,559,0.2875763475894928,0.015619993209838867,19619.0,0.3026764690876007,252,1
SLIM*SIG1,676053df-1802-11f0-8423-54a95b9ec813,auction,1,560,0.2875763475894928,0.03754067420959473,20107.0,0.3026764690876007,252,1
SLIM*SIG1,676053df-1802-11f0-8423-54a95b9ec813,auction,1,561,0.2875763475894928,0.015632152557373047,19588.0,0.3026764690876007,252,1
SLIM*SIG1,676053df-1802-11f0-8423-54a95b9ec813,auction,1,562,0.2875763475894928,0.04677248001098633,20041.0,0.3026764690876007,252,1
SLIM*SIG1,676053df-1802-11f0-8423-54a95b9ec813,auction,1,563,0.2875763475894928,0.0699465274810791,20308.0,0.3026764690876007,252,1
SLIM*SIG1,676053df-1802-11f0-8423-54a95b9ec813,auction,1,564,0.2875763475894928,0.0729379653930664,20998.0,0.3026764690876007,252,1
SLIM*SIG1,676053df-1802-11f0-8423-54a95b9ec813,auction,1,565,0.2875763475894928,0.04688405990600586,20861.0,0.3026764690876007,252,1
SLIM*SIG1,676053df-1802-11f0-8423-54a95b9ec813,auction,1,566,0.2875763475894928,0.05330324172973633,20981.0,0.3026764690876007,252,1
SLIM*SIG1,676053df-1802-11f0-8423-54a95b9ec813,auction,1,567,0.2875763475894928,0.06253409385681152,21417.0,0.3026764690876007,252,1
SLIM*SIG1,676053df-1802-11f0-8423-54a95b9ec813,auction,1,568,0.2875763475894928,0.06716561317443848,20915.0,0.3026764690876007,252,1
SLIM*SIG1,676053df-1802-11f0-8423-54a95b9ec813,auction,1,569,0.2875763475894928,0.06681585311889648,20788.0,0.3026764690876007,252,1
SLIM*SIG1,676053df-1802-11f0-8423-54a95b9ec813,auction,1,570,0.2875763475894928,0.031265974044799805,20550.0,0.3026764690876007,252,1
SLIM*SIG1,676053df-1802-11f0-8423-54a95b9ec813,auction,1,571,0.2875763475894928,0.01565384864807129,19603.0,0.3026764690876007,252,1
SLIM*SIG1,676053df-1802-11f0-8423-54a95b9ec813,auction,1,572,0.2875763475894928,0.05886960029602051,20244.0,0.3026764690876007,252,1
SLIM*SIG1,676053df-1802-11f0-8423-54a95b9ec813,auction,1,573,0.2875763475894928,0.05736804008483887,19869.0,0.3026764690876007,252,1
SLIM*SIG1,676053df-1802-11f0-8423-54a95b9ec813,auction,1,574,0.2875763475894928,0.06986260414123535,20577.0,0.3026764690876007,252,1
SLIM*SIG1,676053df-1802-11f0-8423-54a95b9ec813,auction,1,575,0.2875763475894928,0.10720658302307129,20574.0,0.3026764690876007,252,1
SLIM*SIG1,676053df-1802-11f0-8423-54a95b9ec813,auction,1,576,0.2875763475894928,0.13367271423339844,19703.0,0.3026764690876007,252,1
SLIM*SIG1,676053df-1802-11f0-8423-54a95b9ec813,auction,1,577,0.2875763475894928,0.01563549041748047,20189.0,0.3026764690876007,252,1
SLIM*SIG1,676053df-1802-11f0-8423-54a95b9ec813,auction,1,578,0.2875763475894928,0.03266763687133789,20080.0,0.3026764690876007,252,1
SLIM*SIG1,676053df-1802-11f0-8423-54a95b9ec813,auction,1,579,0.2875763475894928,0.03136038780212402,20086.0,0.3026764690876007,252,1
SLIM*SIG1,676053df-1802-11f0-8423-54a95b9ec813,auction,1,580,0.2875763475894928,0.016022443771362305,20077.0,0.3026764690876007,252,1
SLIM*SIG1,676053df-1802-11f0-8423-54a95b9ec813,auction,1,581,0.2875763475894928,0.03135967254638672,19383.0,0.3026764690876007,252,1
SLIM*SIG1,676053df-1802-11f0-8423-54a95b9ec813,auction,1,582,0.2875763475894928,0.02144932746887207,18876.0,0.3026764690876007,252,1
SLIM*SIG1,676053df-1802-11f0-8423-54a95b9ec813,auction,1,583,0.2875763475894928,0.07802057266235352,18877.0,0.3026764690876007,252,1
SLIM*SIG1,676053df-1802-11f0-8423-54a95b9ec813,auction,1,584,0.2875763475894928,0.04156684875488281,18828.0,0.3026764690876007,252,1
SLIM*SIG1,676053df-1802-11f0-8423-54a95b9ec813,auction,1,585,0.2875409424304962,0.03128242492675781,18869.0,0.3026256859302521,265,1
SLIM*SIG1,676053df-1802-11f0-8423-54a95b9ec813,auction,1,586,0.2875409424304962,0.031323909759521484,19398.0,0.3026256859302521,265,1
SLIM*SIG1,676053df-1802-11f0-8423-54a95b9ec813,auction,1,587,0.2875409424304962,0.03125715255737305,20166.0,0.3026256859302521,265,1
SLIM*SIG1,676053df-1802-11f0-8423-54a95b9ec813,auction,1,588,0.2875409424304962,0.018276453018188477,20163.0,0.3026256859302521,265,1
SLIM*SIG1,676053df-1802-11f0-8423-54a95b9ec813,auction,1,589,0.2875409424304962,0.06239795684814453,20573.0,0.3026256859302521,265,1
SLIM*SIG1,676053df-1802-11f0-8423-54a95b9ec813,auction,1,590,0.28747648000717163,0.08884334564208984,20918.0,0.300622820854187,280,1
SLIM*SIG1,676053df-1802-11f0-8423-54a95b9ec813,auction,1,591,0.28747648000717163,0.08491230010986328,21823.0,0.300622820854187,280,1
SLIM*SIG1,676053df-1802-11f0-8423-54a95b9ec813,auction,1,592,0.28747648000717163,0.06864762306213379,22841.0,0.300622820854187,280,1
SLIM*SIG1,676053df-1802-11f0-8423-54a95b9ec813,auction,1,593,0.28747648000717163,0.09374547004699707,22371.0,0.300622820854187,280,1
SLIM*SIG1,676053df-1802-11f0-8423-54a95b9ec813,auction,1,594,0.28747648000717163,0.10080504417419434,22510.0,0.300622820854187,280,1
SLIM*SIG1,676053df-1802-11f0-8423-54a95b9ec813,auction,1,595,0.28747648000717163,0.08589363098144531,21538.0,0.300622820854187,280,1
SLIM*SIG1,676053df-1802-11f0-8423-54a95b9ec813,auction,1,596,0.28747648000717163,0.10145211219787598,21126.0,0.300622820854187,280,1
SLIM*SIG1,676053df-1802-11f0-8423-54a95b9ec813,auction,1,597,0.28747648000717163,0.06699442863464355,20642.0,0.300622820854187,280,1
SLIM*SIG1,676053df-1802-11f0-8423-54a95b9ec813,auction,1,598,0.28747648000717163,0.0688169002532959,20027.0,0.300622820854187,280,1
SLIM*SIG1,676053df-1802-11f0-8423-54a95b9ec813,auction,1,599,0.28747648000717163,0.0625009536743164,18977.0,0.300622820854187,280,1
SLIM*SIG1,676053df-1802-11f0-8423-54a95b9ec813,auction,1,600,0.28747648000717163,0.08400988578796387,19015.0,0.300622820854187,280,1
SLIM*SIG1,676053df-1802-11f0-8423-54a95b9ec813,auction,1,601,0.28747648000717163,0.03129100799560547,19851.0,0.300622820854187,280,1
SLIM*SIG1,676053df-1802-11f0-8423-54a95b9ec813,auction,1,602,0.28747648000717163,0.07242774963378906,20538.0,0.300622820854187,280,1
SLIM*SIG1,676053df-1802-11f0-8423-54a95b9ec813,auction,1,603,0.28747648000717163,0.0656285285949707,20591.0,0.300622820854187,280,1
SLIM*SIG1,676053df-1802-11f0-8423-54a95b9ec813,auction,1,604,0.28747648000717163,0.046880245208740234,21297.0,0.300622820854187,280,1
SLIM*SIG1,676053df-1802-11f0-8423-54a95b9ec813,auction,1,605,0.28747648000717163,0.0850069522857666,20700.0,0.300622820854187,280,1
SLIM*SIG1,676053df-1802-11f0-8423-54a95b9ec813,auction,1,606,0.28747648000717163,0.046872854232788086,21128.0,0.300622820854187,280,1
SLIM*SIG1,676053df-1802-11f0-8423-54a95b9ec813,auction,1,607,0.28747648000717163,0.06714081764221191,21736.0,0.300622820854187,280,1
SLIM*SIG1,676053df-1802-11f0-8423-54a95b9ec813,auction,1,608,0.28747648000717163,0.04686760902404785,22007.0,0.300622820854187,280,1
SLIM*SIG1,676053df-1802-11f0-8423-54a95b9ec813,auction,1,609,0.28747648000717163,0.06835675239562988,21679.0,0.300622820854187,280,1
SLIM*SIG1,676053df-1802-11f0-8423-54a95b9ec813,auction,1,610,0.28747648000717163,0.07978081703186035,21802.0,0.300622820854187,280,1
SLIM*SIG1,676053df-1802-11f0-8423-54a95b9ec813,auction,1,611,0.28747648000717163,0.059808969497680664,21996.0,0.300622820854187,280,1
SLIM*SIG1,676053df-1802-11f0-8423-54a95b9ec813,auction,1,612,0.28747648000717163,0.06084179878234863,22068.0,0.300622820854187,280,1
SLIM*SIG1,676053df-1802-11f0-8423-54a95b9ec813,auction,1,613,0.28747648000717163,0.055605173110961914,21517.0,0.300622820854187,280,1
SLIM*SIG1,676053df-1802-11f0-8423-54a95b9ec813,auction,1,614,0.28747648000717163,0.07095098495483398,21298.0,0.300622820854187,280,1
SLIM*SIG1,676053df-1802-11f0-8423-54a95b9ec813,auction,1,615,0.28747648000717163,0.04687309265136719,21597.0,0.300622820854187,280,1
SLIM*SIG1,676053df-1802-11f0-8423-54a95b9ec813,auction,1,616,0.28747648000717163,0.052575111389160156,21539.0,0.300622820854187,280,1
SLIM*SIG1,676053df-1802-11f0-8423-54a95b9ec813,auction,1,617,0.28747648000717163,0.07063698768615723,22312.0,0.300622820854187,280,1
SLIM*SIG1,676053df-1802-11f0-8423-54a95b9ec813,auction,1,618,0.28747648000717163,0.07813358306884766,22670.0,0.300622820854187,280,1
SLIM*SIG1,676053df-1802-11f0-8423-54a95b9ec813,auction,1,619,0.28747302293777466,0.05182647705078125,23683.0,0.3006105422973633,293,1
SLIM*SIG1,676053df-1802-11f0-8423-54a95b9ec813,auction,1,620,0.28747302293777466,0.1015632152557373,24262.0,0.3006105422973633,293,1
SLIM*SIG1,676053df-1802-11f0-8423-54a95b9ec813,auction,1,621,0.28747302293777466,0.0625007152557373,24239.0,0.3006105422973633,293,1
SLIM*SIG1,676053df-1802-11f0-8423-54a95b9ec813,auction,1,622,0.28747302293777466,0.06960296630859375,23594.0,0.3006105422973633,293,1
SLIM*SIG1,676053df-1802-11f0-8423-54a95b9ec813,auction,1,623,0.28747302293777466,0.054064273834228516,23806.0,0.3006105422973633,293,1
SLIM*SIG1,676053df-1802-11f0-8423-54a95b9ec813,auction,1,624,0.28747302293777466,0.0781245231628418,23197.0,0.3006105422973633,293,1
SLIM*SIG1,676053df-1802-11f0-8423-54a95b9ec813,auction,1,625,0.28747302293777466,0.06990289688110352,22940.0,0.3006105422973633,293,1
SLIM*SIG1,676053df-1802-11f0-8423-54a95b9ec813,auction,1,626,0.28747302293777466,0.07027435302734375,22223.0,0.3006105422973633,293,1
SLIM*SIG1,676053df-1802-11f0-8423-54a95b9ec813,auction,1,627,0.28747302293777466,0.046869516372680664,22100.0,0.3006105422973633,293,1
SLIM*SIG1,676053df-1802-11f0-8423-54a95b9ec813,auction,1,628,0.28747302293777466,0.08315587043762207,21581.0,0.3006105422973633,293,1
SLIM*SIG1,676053df-1802-11f0-8423-54a95b9ec813,auction,1,629,0.28747302293777466,0.0695347785949707,21226.0,0.3006105422973633,293,1
SLIM*SIG1,676053df-1802-11f0-8423-54a95b9ec813,auction,1,630,0.28747302293777466,0.07813334465026855,20859.0,0.3006105422973633,293,1
SLIM*SIG1,676053df-1802-11f0-8423-54a95b9ec813,auction,1,631,0.28747302293777466,0.0702972412109375,20749.0,0.3006105422973633,293,1
SLIM*SIG1,676053df-1802-11f0-8423-54a95b9ec813,auction,1,632,0.28747302293777466,0.06910467147827148,21516.0,0.3006105422973633,293,1
SLIM*SIG1,676053df-1802-11f0-8423-54a95b9ec813,auction,1,633,0.28747302293777466,0.0624997615814209,21590.0,0.3006105422973633,293,1
SLIM*SIG1,676053df-1802-11f0-8423-54a95b9ec813,auction,1,634,0.28747302293777466,0.09960246086120605,21773.0,0.3006105422973633,293,1
SLIM*SIG1,676053df-1802-11f0-8423-54a95b9ec813,auction,1,635,0.28747302293777466,0.1014261245727539,22112.0,0.3006105422973633,293,1
SLIM*SIG1,676053df-1802-11f0-8423-54a95b9ec813,auction,1,636,0.28747302293777466,0.08226394653320312,22260.0,0.3006105422973633,293,1
SLIM*SIG1,676053df-1802-11f0-8423-54a95b9ec813,auction,1,637,0.28747302293777466,0.06804728507995605,23253.0,0.3006105422973633,293,1
SLIM*SIG1,676053df-1802-11f0-8423-54a95b9ec813,auction,1,638,0.28747302293777466,0.06290698051452637,23456.0,0.3006105422973633,293,1
SLIM*SIG1,676053df-1802-11f0-8423-54a95b9ec813,auction,1,639,0.28736403584480286,0.08907723426818848,23399.0,0.3006768524646759,308,1
SLIM*SIG1,676053df-1802-11f0-8423-54a95b9ec813,auction,1,640,0.28736403584480286,0.08617615699768066,23357.0,0.3006768524646759,308,1
SLIM*SIG1,676053df-1802-11f0-8423-54a95b9ec813,auction,1,641,0.28736403584480286,0.07338380813598633,23253.0,0.3006768524646759,308,1
SLIM*SIG1,676053df-1802-11f0-8423-54a95b9ec813,auction,1,642,0.28726693987846375,0.07479238510131836,23302.0,0.30120256543159485,308,1
SLIM*SIG1,676053df-1802-11f0-8423-54a95b9ec813,auction,1,643,0.28726693987846375,0.07331657409667969,23496.0,0.30120256543159485,308,1
SLIM*SIG1,676053df-1802-11f0-8423-54a95b9ec813,auction,1,644,0.28726693987846375,0.08226919174194336,23306.0,0.30120256543159485,308,1
SLIM*SIG1,676053df-1802-11f0-8423-54a95b9ec813,auction,1,645,0.28726693987846375,0.08392167091369629,22854.0,0.30120256543159485,308,1
SLIM*SIG1,676053df-1802-11f0-8423-54a95b9ec813,auction,1,646,0.2872641086578369,0.06250286102294922,22976.0,0.3011344373226166,321,1
SLIM*SIG1,676053df-1802-11f0-8423-54a95b9ec813,auction,1,647,0.2872641086578369,0.08550190925598145,23447.0,0.3011344373226166,321,1
SLIM*SIG1,676053df-1802-11f0-8423-54a95b9ec813,auction,1,648,0.2872641086578369,0.05462765693664551,23016.0,0.3011344373226166,321,1
SLIM*SIG1,676053df-1802-11f0-8423-54a95b9ec813,auction,1,649,0.2872641086578369,0.0625,22547.0,0.3011344373226166,321,1
SLIM*SIG1,676053df-1802-11f0-8423-54a95b9ec813,auction,1,650,0.2872641086578369,0.06427669525146484,22905.0,0.3011344373226166,321,1
SLIM*SIG1,676053df-1802-11f0-8423-54a95b9ec813,auction,1,651,0.2872641086578369,0.06249260902404785,22576.0,0.3011344373226166,321,1
SLIM*SIG1,676053df-1802-11f0-8423-54a95b9ec813,auction,1,652,0.2872641086578369,0.07362818717956543,22213.0,0.3011344373226166,321,1
SLIM*SIG1,676053df-1802-11f0-8423-54a95b9ec813,auction,1,653,0.2872641086578369,0.04687929153442383,22797.0,0.3011344373226166,321,1
SLIM*SIG1,676053df-1802-11f0-8423-54a95b9ec813,auction,1,654,0.2869418263435364,0.0541536808013916,21761.0,0.30052798986434937,334,1
SLIM*SIG1,676053df-1802-11f0-8423-54a95b9ec813,auction,1,655,0.2869418263435364,0.09882283210754395,23446.0,0.30052798986434937,334,1
SLIM*SIG1,676053df-1802-11f0-8423-54a95b9ec813,auction,1,656,0.2869418263435364,0.08449864387512207,25147.0,0.30052798986434937,334,1
SLIM*SIG1,676053df-1802-11f0-8423-54a95b9ec813,auction,1,657,0.2869418263435364,0.0690762996673584,26173.0,0.30052798986434937,334,1
SLIM*SIG1,676053df-1802-11f0-8423-54a95b9ec813,auction,1,658,0.2869418263435364,0.04687213897705078,27176.0,0.30052798986434937,334,1
SLIM*SIG1,676053df-1802-11f0-8423-54a95b9ec813,auction,1,659,0.2869418263435364,0.0624997615814209,28134.0,0.30052798986434937,334,1
SLIM*SIG1,676053df-1802-11f0-8423-54a95b9ec813,auction,1,660,0.2869418263435364,0.07568192481994629,27246.0,0.30052798986434937,334,1
SLIM*SIG1,676053df-1802-11f0-8423-54a95b9ec813,auction,1,661,0.2869418263435364,0.0468747615814209,27082.0,0.30052798986434937,334,1
SLIM*SIG1,676053df-1802-11f0-8423-54a95b9ec813,auction,1,662,0.2869418263435364,0.08254408836364746,27296.0,0.30052798986434937,334,1
SLIM*SIG1,676053df-1802-11f0-8423-54a95b9ec813,auction,1,663,0.2869418263435364,0.06303930282592773,27050.0,0.30052798986434937,334,1
SLIM*SIG1,676053df-1802-11f0-8423-54a95b9ec813,auction,1,664,0.2869418263435364,0.08570241928100586,26641.0,0.30052798986434937,334,1
SLIM*SIG1,676053df-1802-11f0-8423-54a95b9ec813,auction,1,665,0.2869418263435364,0.08396410942077637,27294.0,0.30052798986434937,334,1
SLIM*SIG1,676053df-1802-11f0-8423-54a95b9ec813,auction,1,666,0.2869418263435364,0.11598467826843262,27072.0,0.30052798986434937,334,1
SLIM*SIG1,676053df-1802-11f0-8423-54a95b9ec813,auction,1,667,0.2869401276111603,0.09910178184509277,26999.0,0.30052757263183594,321,1
SLIM*SIG1,676053df-1802-11f0-8423-54a95b9ec813,auction,1,668,0.2869158983230591,0.09968686103820801,26809.0,0.3005249500274658,308,1
SLIM*SIG1,676053df-1802-11f0-8423-54a95b9ec813,auction,1,669,0.2869158983230591,0.049894094467163086,26728.0,0.3005249500274658,308,1
SLIM*SIG1,676053df-1802-11f0-8423-54a95b9ec813,auction,1,670,0.2869158983230591,0.08375406265258789,26368.0,0.3005249500274658,308,1
SLIM*SIG1,676053df-1802-11f0-8423-54a95b9ec813,auction,1,671,0.2869158983230591,0.1014554500579834,25812.0,0.3005249500274658,308,1
SLIM*SIG1,676053df-1802-11f0-8423-54a95b9ec813,auction,1,672,0.2869158983230591,0.09226465225219727,25622.0,0.3005249500274658,308,1
SLIM*SIG1,676053df-1802-11f0-8423-54a95b9ec813,auction,1,673,0.2869158983230591,0.06963896751403809,25226.0,0.3005249500274658,308,1
SLIM*SIG1,676053df-1802-11f0-8423-54a95b9ec813,auction,1,674,0.2869158983230591,0.06195211410522461,24998.0,0.3005249500274658,308,1
SLIM*SIG1,676053df-1802-11f0-8423-54a95b9ec813,auction,1,675,0.2869158983230591,0.07055521011352539,25102.0,0.3005249500274658,308,1
SLIM*SIG1,676053df-1802-11f0-8423-54a95b9ec813,auction,1,676,0.2869158983230591,0.08632779121398926,25302.0,0.3005249500274658,308,1
SLIM*SIG1,676053df-1802-11f0-8423-54a95b9ec813,auction,1,677,0.2869158983230591,0.060897111892700195,24782.0,0.3005249500274658,308,1
SLIM*SIG1,676053df-1802-11f0-8423-54a95b9ec813,auction,1,678,0.2869158983230591,0.08345937728881836,24381.0,0.3005249500274658,308,1
SLIM*SIG1,676053df-1802-11f0-8423-54a95b9ec813,auction,1,679,0.2869158983230591,0.0997154712677002,24261.0,0.3005249500274658,308,1
SLIM*SIG1,676053df-1802-11f0-8423-54a95b9ec813,auction,1,680,0.2869158983230591,0.08743143081665039,24393.0,0.3005249500274658,308,1
SLIM*SIG1,676053df-1802-11f0-8423-54a95b9ec813,auction,1,681,0.2869158983230591,0.06698155403137207,24132.0,0.3005249500274658,308,1
SLIM*SIG1,676053df-1802-11f0-8423-54a95b9ec813,auction,1,682,0.2869158983230591,0.0780329704284668,23937.0,0.3005249500274658,308,1
SLIM*SIG1,676053df-1802-11f0-8423-54a95b9ec813,auction,1,683,0.2869158983230591,0.062485694885253906,22532.0,0.3005249500274658,308,1
SLIM*SIG1,676053df-1802-11f0-8423-54a95b9ec813,auction,1,684,0.2869158983230591,0.058516740798950195,21772.0,0.3005249500274658,308,1
SLIM*SIG1,676053df-1802-11f0-8423-54a95b9ec813,auction,1,685,0.2869158983230591,0.07812356948852539,20981.0,0.3005249500274658,308,1
SLIM*SIG1,676053df-1802-11f0-8423-54a95b9ec813,auction,1,686,0.2869158983230591,0.05652332305908203,20659.0,0.3005249500274658,308,1
SLIM*SIG1,676053df-1802-11f0-8423-54a95b9ec813,auction,1,687,0.2869158983230591,0.08134698867797852,21287.0,0.3005249500274658,308,1
SLIM*SIG1,676053df-1802-11f0-8423-54a95b9ec813,auction,1,688,0.2869158983230591,0.10263657569885254,23423.0,0.3005249500274658,308,1
SLIM*SIG1,676053df-1802-11f0-8423-54a95b9ec813,auction,1,689,0.2869158983230591,0.10099601745605469,24755.0,0.3005249500274658,308,1
SLIM*SIG1,676053df-1802-11f0-8423-54a95b9ec813,auction,1,690,0.2869158983230591,0.046875715255737305,25922.0,0.3005249500274658,308,1
SLIM*SIG1,676053df-1802-11f0-8423-54a95b9ec813,auction,1,691,0.2869158983230591,0.06572246551513672,25827.0,0.3005249500274658,308,1
SLIM*SIG1,676053df-1802-11f0-8423-54a95b9ec813,auction,1,692,0.2869158983230591,0.06249403953552246,25085.0,0.3005249500274658,308,1
SLIM*SIG1,676053df-1802-11f0-8423-54a95b9ec813,auction,1,693,0.28685957193374634,0.05585193634033203,25145.0,0.30086806416511536,308,1
SLIM*SIG1,676053df-1802-11f0-8423-54a95b9ec813,auction,1,694,0.28685957193374634,0.0468745231628418,24948.0,0.30086806416511536,308,1
SLIM*SIG1,676053df-1802-11f0-8423-54a95b9ec813,auction,1,695,0.28685957193374634,0.06725740432739258,25579.0,0.30086806416511536,308,1
SLIM*SIG1,676053df-1802-11f0-8423-54a95b9ec813,auction,1,696,0.28685957193374634,0.07050061225891113,24944.0,0.30086806416511536,308,1
SLIM*SIG1,676053df-1802-11f0-8423-54a95b9ec813,auction,1,697,0.28685957193374634,0.09103560447692871,24610.0,0.30086806416511536,308,1
SLIM*SIG1,676053df-1802-11f0-8423-54a95b9ec813,auction,1,698,0.28685957193374634,0.08174848556518555,24510.0,0.30086806416511536,308,1
SLIM*SIG1,676053df-1802-11f0-8423-54a95b9ec813,auction,1,699,0.28685957193374634,0.08791923522949219,24191.0,0.30086806416511536,308,1
SLIM*SIG1,676053df-1802-11f0-8423-54a95b9ec813,auction,1,700,0.28685957193374634,0.07380938529968262,24582.0,0.30086806416511536,308,1
SLIM*SIG1,676053df-1802-11f0-8423-54a95b9ec813,auction,1,701,0.28685957193374634,0.0837700366973877,23895.0,0.30086806416511536,308,1
SLIM*SIG1,676053df-1802-11f0-8423-54a95b9ec813,auction,1,702,0.28685957193374634,0.08579230308532715,24618.0,0.30086806416511536,308,1
SLIM*SIG1,676053df-1802-11f0-8423-54a95b9ec813,auction,1,703,0.28685957193374634,0.06382369995117188,25547.0,0.30086806416511536,308,1
SLIM*SIG1,676053df-1802-11f0-8423-54a95b9ec813,auction,1,704,0.28685957193374634,0.08829474449157715,24682.0,0.30086806416511536,308,1
SLIM*SIG1,676053df-1802-11f0-8423-54a95b9ec813,auction,1,705,0.28685957193374634,0.06248140335083008,24464.0,0.30086806416511536,308,1
SLIM*SIG1,676053df-1802-11f0-8423-54a95b9ec813,auction,1,706,0.28685957193374634,0.0985555648803711,24798.0,0.30086806416511536,308,1
SLIM*SIG1,676053df-1802-11f0-8423-54a95b9ec813,auction,1,707,0.28685957193374634,0.1024637222290039,25160.0,0.30086806416511536,308,1
SLIM*SIG1,676053df-1802-11f0-8423-54a95b9ec813,auction,1,708,0.28685957193374634,0.06479454040527344,24706.0,0.30086806416511536,308,1
SLIM*SIG1,676053df-1802-11f0-8423-54a95b9ec813,auction,1,709,0.28685957193374634,0.05549931526184082,24667.0,0.30086806416511536,308,1
SLIM*SIG1,676053df-1802-11f0-8423-54a95b9ec813,auction,1,710,0.28685957193374634,0.0781257152557373,25026.0,0.30086806416511536,308,1
SLIM*SIG1,676053df-1802-11f0-8423-54a95b9ec813,auction,1,711,0.28685957193374634,0.05327177047729492,25171.0,0.30086806416511536,308,1
SLIM*SIG1,676053df-1802-11f0-8423-54a95b9ec813,auction,1,712,0.28685957193374634,0.046875,24777.0,0.30086806416511536,308,1
SLIM*SIG1,676053df-1802-11f0-8423-54a95b9ec813,auction,1,713,0.28685957193374634,0.05584311485290527,24304.0,0.30086806416511536,308,1
SLIM*SIG1,676053df-1802-11f0-8423-54a95b9ec813,auction,1,714,0.28685957193374634,0.0840311050415039,23740.0,0.30086806416511536,308,1
SLIM*SIG1,676053df-1802-11f0-8423-54a95b9ec813,auction,1,715,0.28685957193374634,0.11633110046386719,22749.0,0.30086806416511536,308,1
SLIM*SIG1,676053df-1802-11f0-8423-54a95b9ec813,auction,1,716,0.28685957193374634,0.0837399959564209,23241.0,0.30086806416511536,308,1
SLIM*SIG1,676053df-1802-11f0-8423-54a95b9ec813,auction,1,717,0.28685957193374634,0.1117398738861084,22263.0,0.30086806416511536,308,1
SLIM*SIG1,676053df-1802-11f0-8423-54a95b9ec813,auction,1,718,0.28685957193374634,0.06557059288024902,22443.0,0.30086806416511536,308,1
SLIM*SIG1,676053df-1802-11f0-8423-54a95b9ec813,auction,1,719,0.28685957193374634,0.06830739974975586,23301.0,0.30086806416511536,308,1
SLIM*SIG1,676053df-1802-11f0-8423-54a95b9ec813,auction,1,720,0.28685957193374634,0.0641942024230957,24056.0,0.30086806416511536,308,1
SLIM*SIG1,676053df-1802-11f0-8423-54a95b9ec813,auction,1,721,0.28685957193374634,0.08080005645751953,24259.0,0.30086806416511536,308,1
SLIM*SIG1,676053df-1802-11f0-8423-54a95b9ec813,auction,1,722,0.28685957193374634,0.08258318901062012,24353.0,0.30086806416511536,308,1
SLIM*SIG1,676053df-1802-11f0-8423-54a95b9ec813,auction,1,723,0.28685957193374634,0.046874284744262695,24101.0,0.30086806416511536,308,1
SLIM*SIG1,676053df-1802-11f0-8423-54a95b9ec813,auction,1,724,0.28685957193374634,0.10074234008789062,23395.0,0.30086806416511536,308,1
SLIM*SIG1,676053df-1802-11f0-8423-54a95b9ec813,auction,1,725,0.28685957193374634,0.10218238830566406,22716.0,0.30086806416511536,308,1
SLIM*SIG1,676053df-1802-11f0-8423-54a95b9ec813,auction,1,726,0.28685957193374634,0.06792783737182617,22435.0,0.30086806416511536,308,1
SLIM*SIG1,676053df-1802-11f0-8423-54a95b9ec813,auction,1,727,0.2867811620235443,0.05382132530212402,21878.0,0.30035823583602905,321,1
SLIM*SIG1,676053df-1802-11f0-8423-54a95b9ec813,auction,1,728,0.2867811620235443,0.06250476837158203,21908.0,0.30035823583602905,321,1
SLIM*SIG1,676053df-1802-11f0-8423-54a95b9ec813,auction,1,729,0.2867811620235443,0.09396743774414062,21894.0,0.30035823583602905,321,1
SLIM*SIG1,676053df-1802-11f0-8423-54a95b9ec813,auction,1,730,0.2867811620235443,0.06441593170166016,22599.0,0.30035823583602905,321,1
SLIM*SIG1,676053df-1802-11f0-8423-54a95b9ec813,auction,1,731,0.2867811620235443,0.07384896278381348,22629.0,0.30035823583602905,321,1
SLIM*SIG1,676053df-1802-11f0-8423-54a95b9ec813,auction,1,732,0.2867811620235443,0.0474393367767334,22875.0,0.30035823583602905,321,1
SLIM*SIG1,676053df-1802-11f0-8423-54a95b9ec813,auction,1,733,0.2867811620235443,0.06640768051147461,22966.0,0.30035823583602905,321,1
SLIM*SIG1,676053df-1802-11f0-8423-54a95b9ec813,auction,1,734,0.2867811620235443,0.04687786102294922,23067.0,0.30035823583602905,321,1
SLIM*SIG1,676053df-1802-11f0-8423-54a95b9ec813,auction,1,735,0.2867811620235443,0.0624997615814209,23923.0,0.30035823583602905,321,1
SLIM*SIG1,676053df-1802-11f0-8423-54a95b9ec813,auction,1,736,0.2867811620235443,0.059369802474975586,24912.0,0.30035823583602905,321,1
SLIM*SIG1,676053df-1802-11f0-8423-54a95b9ec813,auction,1,737,0.2867811620235443,0.09933900833129883,26201.0,0.30035823583602905,321,1
SLIM*SIG1,676053df-1802-11f0-8423-54a95b9ec813,auction,1,738,0.2867811620235443,0.031252384185791016,26277.0,0.30035823583602905,321,1
SLIM*SIG1,676053df-1802-11f0-8423-54a95b9ec813,auction,1,739,0.2867410480976105,0.08319520950317383,26122.0,0.3005084991455078,334,1
SLIM*SIG1,676053df-1802-11f0-8423-54a95b9ec813,auction,1,740,0.2867410480976105,0.07204794883728027,26501.0,0.3005084991455078,334,1
SLIM*SIG1,676053df-1802-11f0-8423-54a95b9ec813,auction,1,741,0.2867410480976105,0.06249547004699707,26149.0,0.3005084991455078,334,1
SLIM*SIG1,676053df-1802-11f0-8423-54a95b9ec813,auction,1,742,0.2867410480976105,0.0679941177368164,26720.0,0.3005084991455078,334,1
SLIM*SIG1,676053df-1802-11f0-8423-54a95b9ec813,auction,1,743,0.2867410480976105,0.06913113594055176,25783.0,0.3005084991455078,334,1
SLIM*SIG1,676053df-1802-11f0-8423-54a95b9ec813,auction,1,744,0.2867410480976105,0.09947371482849121,26775.0,0.3005084991455078,334,1
SLIM*SIG1,676053df-1802-11f0-8423-54a95b9ec813,auction,1,745,0.2867410480976105,0.09374570846557617,26417.0,0.3005084991455078,334,1
SLIM*SIG1,676053df-1802-11f0-8423-54a95b9ec813,auction,1,746,0.2867410480976105,0.10361742973327637,27249.0,0.3005084991455078,334,1
SLIM*SIG1,676053df-1802-11f0-8423-54a95b9ec813,auction,1,747,0.2867410480976105,0.05245780944824219,27701.0,0.3005084991455078,334,1
SLIM*SIG1,676053df-1802-11f0-8423-54a95b9ec813,auction,1,748,0.2867410480976105,0.06328558921813965,28110.0,0.3005084991455078,334,1
SLIM*SIG1,676053df-1802-11f0-8423-54a95b9ec813,auction,1,749,0.2867410480976105,0.07814168930053711,27403.0,0.3005084991455078,334,1
SLIM*SIG1,676053df-1802-11f0-8423-54a95b9ec813,auction,1,750,0.2867410480976105,0.10522842407226562,27143.0,0.3005084991455078,334,1
SLIM*SIG1,676053df-1802-11f0-8423-54a95b9ec813,auction,1,751,0.2867410480976105,0.06835198402404785,28634.0,0.3005084991455078,334,1
SLIM*SIG1,676053df-1802-11f0-8423-54a95b9ec813,auction,1,752,0.2867410480976105,0.046874046325683594,28413.0,0.3005084991455078,334,1
SLIM*SIG1,676053df-1802-11f0-8423-54a95b9ec813,auction,1,753,0.2867410480976105,0.08442282676696777,27717.0,0.3005084991455078,334,1
SLIM*SIG1,676053df-1802-11f0-8423-54a95b9ec813,auction,1,754,0.2867410480976105,0.0685892105102539,27972.0,0.3005084991455078,334,1
SLIM*SIG1,676053df-1802-11f0-8423-54a95b9ec813,auction,1,755,0.2867410480976105,0.062497615814208984,28405.0,0.3005084991455078,334,1
SLIM*SIG1,676053df-1802-11f0-8423-54a95b9ec813,auction,1,756,0.2867410480976105,0.08782553672790527,28536.0,0.3005084991455078,334,1
SLIM*SIG1,676053df-1802-11f0-8423-54a95b9ec813,auction,1,757,0.2867410480976105,0.05018305778503418,28108.0,0.3005084991455078,334,1
SLIM*SIG1,676053df-1802-11f0-8423-54a95b9ec813,auction,1,758,0.2867410480976105,0.06249403953552246,27935.0,0.3005084991455078,334,1
SLIM*SIG1,676053df-1802-11f0-8423-54a95b9ec813,auction,1,759,0.2867410480976105,0.1542510986328125,28052.0,0.3005084991455078,334,1
SLIM*SIG1,676053df-1802-11f0-8423-54a95b9ec813,auction,1,760,0.2867410480976105,0.1073598861694336,27954.0,0.3005084991455078,334,1
SLIM*SIG1,676053df-1802-11f0-8423-54a95b9ec813,auction,1,761,0.2867410480976105,0.06875991821289062,27748.0,0.3005084991455078,334,1
SLIM*SIG1,676053df-1802-11f0-8423-54a95b9ec813,auction,1,762,0.28672274947166443,0.0506744384765625,27216.0,0.30057066679000854,347,1
SLIM*SIG1,676053df-1802-11f0-8423-54a95b9ec813,auction,1,763,0.28672274947166443,0.06943225860595703,26926.0,0.30057066679000854,347,1
SLIM*SIG1,676053df-1802-11f0-8423-54a95b9ec813,auction,1,764,0.28672274947166443,0.08528280258178711,26652.0,0.30057066679000854,347,1
SLIM*SIG1,676053df-1802-11f0-8423-54a95b9ec813,auction,1,765,0.28672274947166443,0.09915375709533691,26837.0,0.30057066679000854,347,1
SLIM*SIG1,676053df-1802-11f0-8423-54a95b9ec813,auction,1,766,0.28672274947166443,0.10071802139282227,27215.0,0.30057066679000854,347,1
SLIM*SIG1,676053df-1802-11f0-8423-54a95b9ec813,auction,1,767,0.28672274947166443,0.0848243236541748,27387.0,0.30057066679000854,347,1
SLIM*SIG1,676053df-1802-11f0-8423-54a95b9ec813,auction,1,768,0.28664064407348633,0.09782052040100098,27122.0,0.3003253638744354,360,1
SLIM*SIG1,676053df-1802-11f0-8423-54a95b9ec813,auction,1,769,0.28664064407348633,0.09380221366882324,27680.0,0.3003253638744354,360,1
SLIM*SIG1,676053df-1802-11f0-8423-54a95b9ec813,auction,1,770,0.28664064407348633,0.09861397743225098,27304.0,0.3003253638744354,360,1
SLIM*SIG1,676053df-1802-11f0-8423-54a95b9ec813,auction,1,771,0.28664064407348633,0.0714423656463623,27363.0,0.3003253638744354,360,1
SLIM*SIG1,676053df-1802-11f0-8423-54a95b9ec813,auction,1,772,0.2866321802139282,0.06554651260375977,26851.0,0.3003527820110321,373,1
SLIM*SIG1,676053df-1802-11f0-8423-54a95b9ec813,auction,1,773,0.2866321802139282,0.07811689376831055,26925.0,0.3003527820110321,373,1
SLIM*SIG1,676053df-1802-11f0-8423-54a95b9ec813,auction,1,774,0.2866321802139282,0.08016085624694824,27225.0,0.3003527820110321,373,1
SLIM*SIG1,676053df-1802-11f0-8423-54a95b9ec813,auction,1,775,0.2866321802139282,0.07387042045593262,26999.0,0.3003527820110321,373,1
SLIM*SIG1,676053df-1802-11f0-8423-54a95b9ec813,auction,1,776,0.2866321802139282,0.0699312686920166,27679.0,0.3003527820110321,373,1
SLIM*SIG1,676053df-1802-11f0-8423-54a95b9ec813,auction,1,777,0.2866321802139282,0.06250333786010742,28614.0,0.3003527820110321,373,1
SLIM*SIG1,676053df-1802-11f0-8423-54a95b9ec813,auction,1,778,0.2866321802139282,0.052361249923706055,29411.0,0.3003527820110321,373,1
SLIM*SIG1,676053df-1802-11f0-8423-54a95b9ec813,auction,1,779,0.2866321802139282,0.04688143730163574,30941.0,0.3003527820110321,373,1
SLIM*SIG1,676053df-1802-11f0-8423-54a95b9ec813,auction,1,780,0.2866321802139282,0.11208605766296387,30562.0,0.3003527820110321,373,1
SLIM*SIG1,676053df-1802-11f0-8423-54a95b9ec813,auction,1,781,0.2866321802139282,0.10539770126342773,31192.0,0.3003527820110321,373,1
SLIM*SIG1,676053df-1802-11f0-8423-54a95b9ec813,auction,1,782,0.2866321802139282,0.1008138656616211,30449.0,0.3003527820110321,373,1
SLIM*SIG1,676053df-1802-11f0-8423-54a95b9ec813,auction,1,783,0.2866321802139282,0.052750587463378906,31187.0,0.3003527820110321,373,1
SLIM*SIG1,676053df-1802-11f0-8423-54a95b9ec813,auction,1,784,0.2866321802139282,0.08197593688964844,31141.0,0.3003527820110321,373,1
SLIM*SIG1,676053df-1802-11f0-8423-54a95b9ec813,auction,1,785,0.2866321802139282,0.09916877746582031,30958.0,0.3003527820110321,373,1
SLIM*SIG1,676053df-1802-11f0-8423-54a95b9ec813,auction,1,786,0.2866321802139282,0.11082863807678223,30671.0,0.3003527820110321,373,1
SLIM*SIG1,676053df-1802-11f0-8423-54a95b9ec813,auction,1,787,0.2866321802139282,0.09811782836914062,31157.0,0.3003527820110321,373,1
SLIM*SIG1,676053df-1802-11f0-8423-54a95b9ec813,auction,1,788,0.2866321802139282,0.053453922271728516,31435.0,0.3003527820110321,373,1
SLIM*SIG1,676053df-1802-11f0-8423-54a95b9ec813,auction,1,789,0.2866246998310089,0.0841672420501709,31263.0,0.30037400126457214,386,1
SLIM*SIG1,676053df-1802-11f0-8423-54a95b9ec813,auction,1,790,0.2866246998310089,0.08425354957580566,31043.0,0.30037400126457214,386,1
SLIM*SIG1,676053df-1802-11f0-8423-54a95b9ec813,auction,1,791,0.2866246998310089,0.0974271297454834,30512.0,0.30037400126457214,386,1
SLIM*SIG1,676053df-1802-11f0-8423-54a95b9ec813,auction,1,792,0.2866246998310089,0.09373998641967773,31491.0,0.30037400126457214,386,1
SLIM*SIG1,676053df-1802-11f0-8423-54a95b9ec813,auction,1,793,0.2866246998310089,0.10503959655761719,31163.0,0.30037400126457214,386,1
SLIM*SIG1,676053df-1802-11f0-8423-54a95b9ec813,auction,1,794,0.2866246998310089,0.05198550224304199,31031.0,0.30037400126457214,386,1
SLIM*SIG1,676053df-1802-11f0-8423-54a95b9ec813,auction,1,795,0.2866246998310089,0.08576107025146484,30653.0,0.30037400126457214,386,1
SLIM*SIG1,676053df-1802-11f0-8423-54a95b9ec813,auction,1,796,0.2866246998310089,0.06249260902404785,29896.0,0.30037400126457214,386,1
SLIM*SIG1,676053df-1802-11f0-8423-54a95b9ec813,auction,1,797,0.28608256578445435,0.0692605972290039,30223.0,0.3000059425830841,397,1
SLIM*SIG1,676053df-1802-11f0-8423-54a95b9ec813,auction,1,798,0.28608256578445435,0.08208441734313965,29943.0,0.3000059425830841,397,1
SLIM*SIG1,676053df-1802-11f0-8423-54a95b9ec813,auction,1,799,0.28608256578445435,0.09716296195983887,30669.0,0.3000059425830841,397,1
SLIM*SIG1,676053df-1802-11f0-8423-54a95b9ec813,auction,1,800,0.28608256578445435,0.07945418357849121,31177.0,0.3000059425830841,397,1
SLIM*SIG1,676053df-1802-11f0-8423-54a95b9ec813,auction,1,801,0.28608256578445435,0.08773303031921387,32501.0,0.3000059425830841,397,1
SLIM*SIG1,676053df-1802-11f0-8423-54a95b9ec813,auction,1,802,0.28608256578445435,0.0812387466430664,32528.0,0.3000059425830841,397,1
SLIM*SIG1,676053df-1802-11f0-8423-54a95b9ec813,auction,1,803,0.28608256578445435,0.11814737319946289,33533.0,0.3000059425830841,397,1
SLIM*SIG1,676053df-1802-11f0-8423-54a95b9ec813,auction,1,804,0.28608256578445435,0.06875729560852051,32683.0,0.3000059425830841,397,1
SLIM*SIG1,676053df-1802-11f0-8423-54a95b9ec813,auction,1,805,0.28608256578445435,0.06249642372131348,32231.0,0.3000059425830841,397,1
SLIM*SIG1,676053df-1802-11f0-8423-54a95b9ec813,auction,1,806,0.28608256578445435,0.05517697334289551,31585.0,0.3000059425830841,397,1
SLIM*SIG1,676053df-1802-11f0-8423-54a95b9ec813,auction,1,807,0.28608256578445435,0.06294035911560059,30162.0,0.3000059425830841,397,1
SLIM*SIG1,676053df-1802-11f0-8423-54a95b9ec813,auction,1,808,0.28608256578445435,0.05582427978515625,30232.0,0.3000059425830841,397,1
SLIM*SIG1,676053df-1802-11f0-8423-54a95b9ec813,auction,1,809,0.28608256578445435,0.08518600463867188,30276.0,0.3000059425830841,397,1
SLIM*SIG1,676053df-1802-11f0-8423-54a95b9ec813,auction,1,810,0.28608256578445435,0.09918594360351562,30461.0,0.3000059425830841,397,1
SLIM*SIG1,676053df-1802-11f0-8423-54a95b9ec813,auction,1,811,0.28608256578445435,0.0861976146697998,30737.0,0.3000059425830841,397,1
SLIM*SIG1,676053df-1802-11f0-8423-54a95b9ec813,auction,1,812,0.28608256578445435,0.08074474334716797,31085.0,0.3000059425830841,397,1
SLIM*SIG1,676053df-1802-11f0-8423-54a95b9ec813,auction,1,813,0.28608256578445435,0.10065412521362305,31759.0,0.3000059425830841,397,1
SLIM*SIG1,676053df-1802-11f0-8423-54a95b9ec813,auction,1,814,0.28608256578445435,0.07921886444091797,32061.0,0.3000059425830841,397,1
SLIM*SIG1,676053df-1802-11f0-8423-54a95b9ec813,auction,1,815,0.28607720136642456,0.04984283447265625,32804.0,0.2995545268058777,410,1
SLIM*SIG1,676053df-1802-11f0-8423-54a95b9ec813,auction,1,816,0.28607720136642456,0.09872651100158691,32997.0,0.2995545268058777,410,1
SLIM*SIG1,676053df-1802-11f0-8423-54a95b9ec813,auction,1,817,0.28607720136642456,0.06246638298034668,33025.0,0.2995545268058777,410,1
SLIM*SIG1,676053df-1802-11f0-8423-54a95b9ec813,auction,1,818,0.28607720136642456,0.0662376880645752,33075.0,0.2995545268058777,410,1
SLIM*SIG1,676053df-1802-11f0-8423-54a95b9ec813,auction,1,819,0.28607720136642456,0.10532879829406738,33601.0,0.2995545268058777,410,1
SLIM*SIG1,676053df-1802-11f0-8423-54a95b9ec813,auction,1,820,0.28607720136642456,0.08477568626403809,32710.0,0.2995545268058777,410,1
SLIM*SIG1,676053df-1802-11f0-8423-54a95b9ec813,auction,1,821,0.28607720136642456,0.07812786102294922,33304.0,0.2995545268058777,410,1
SLIM*SIG1,676053df-1802-11f0-8423-54a95b9ec813,auction,1,822,0.28607720136642456,0.06679606437683105,34448.0,0.2995545268058777,410,1
SLIM*SIG1,676053df-1802-11f0-8423-54a95b9ec813,auction,1,823,0.28593236207962036,0.10140824317932129,35168.0,0.29964786767959595,397,1
SLIM*SIG1,676053df-1802-11f0-8423-54a95b9ec813,auction,1,824,0.28593236207962036,0.08445072174072266,34488.0,0.29964786767959595,397,1
SLIM*SIG1,676053df-1802-11f0-8423-54a95b9ec813,auction,1,825,0.28593236207962036,0.10352396965026855,33771.0,0.29964786767959595,397,1
SLIM*SIG1,676053df-1802-11f0-8423-54a95b9ec813,auction,1,826,0.28593236207962036,0.06250238418579102,32834.0,0.29964786767959595,397,1
SLIM*SIG1,676053df-1802-11f0-8423-54a95b9ec813,auction,1,827,0.28593236207962036,0.09596753120422363,32594.0,0.29964786767959595,397,1
SLIM*SIG1,676053df-1802-11f0-8423-54a95b9ec813,auction,1,828,0.28593236207962036,0.11852502822875977,32760.0,0.29964786767959595,397,1
SLIM*SIG1,676053df-1802-11f0-8423-54a95b9ec813,auction,1,829,0.28593236207962036,0.08281946182250977,32606.0,0.29964786767959595,397,1
SLIM*SIG1,676053df-1802-11f0-8423-54a95b9ec813,auction,1,830,0.28593236207962036,0.053858280181884766,32735.0,0.29964786767959595,397,1
SLIM*SIG1,676053df-1802-11f0-8423-54a95b9ec813,auction,1,831,0.28593236207962036,0.0625143051147461,32822.0,0.29964786767959595,397,1
SLIM*SIG1,676053df-1802-11f0-8423-54a95b9ec813,auction,1,832,0.28593236207962036,0.08695077896118164,33706.0,0.29964786767959595,397,1
SLIM*SIG1,676053df-1802-11f0-8423-54a95b9ec813,auction,1,833,0.28593236207962036,0.08427071571350098,33231.0,0.29964786767959595,397,1
SLIM*SIG1,676053df-1802-11f0-8423-54a95b9ec813,auction,1,834,0.2857661843299866,0.06904125213623047,32785.0,0.29965585470199585,410,1
SLIM*SIG1,676053df-1802-11f0-8423-54a95b9ec813,auction,1,835,0.2857661843299866,0.09668493270874023,33344.0,0.29965585470199585,410,1
SLIM*SIG1,676053df-1802-11f0-8423-54a95b9ec813,auction,1,836,0.2857661843299866,0.09375905990600586,33143.0,0.29965585470199585,410,1
SLIM*SIG1,676053df-1802-11f0-8423-54a95b9ec813,auction,1,837,0.2857661843299866,0.0738675594329834,32232.0,0.29965585470199585,410,1
SLIM*SIG1,676053df-1802-11f0-8423-54a95b9ec813,auction,1,838,0.2857661843299866,0.08147454261779785,32765.0,0.29965585470199585,410,1
SLIM*SIG1,676053df-1802-11f0-8423-54a95b9ec813,auction,1,839,0.2857661843299866,0.08506512641906738,32074.0,0.29965585470199585,410,1
SLIM*SIG1,676053df-1802-11f0-8423-54a95b9ec813,auction,1,840,0.2857661843299866,0.10470128059387207,33660.0,0.29965585470199585,410,1
SLIM*SIG1,676053df-1802-11f0-8423-54a95b9ec813,auction,1,841,0.2857661843299866,0.08586907386779785,33868.0,0.29965585470199585,410,1
SLIM*SIG1,676053df-1802-11f0-8423-54a95b9ec813,auction,1,842,0.2857610285282135,0.07231783866882324,34993.0,0.2996244728565216,384,1
SLIM*SIG1,676053df-1802-11f0-8423-54a95b9ec813,auction,1,843,0.2857610285282135,0.06900238990783691,34674.0,0.2996244728565216,384,1
SLIM*SIG1,676053df-1802-11f0-8423-54a95b9ec813,auction,1,844,0.2857610285282135,0.06888270378112793,34147.0,0.2996244728565216,384,1
SLIM*SIG1,676053df-1802-11f0-8423-54a95b9ec813,auction,1,845,0.2857610285282135,0.07812857627868652,34455.0,0.2996244728565216,384,1
SLIM*SIG1,676053df-1802-11f0-8423-54a95b9ec813,auction,1,846,0.2857610285282135,0.0937495231628418,34229.0,0.2996244728565216,384,1
SLIM*SIG1,676053df-1802-11f0-8423-54a95b9ec813,auction,1,847,0.2857610285282135,0.07487082481384277,34542.0,0.2996244728565216,384,1
SLIM*SIG1,676053df-1802-11f0-8423-54a95b9ec813,auction,1,848,0.2857610285282135,0.06249666213989258,34535.0,0.2996244728565216,384,1
SLIM*SIG1,676053df-1802-11f0-8423-54a95b9ec813,auction,1,849,0.28568214178085327,0.0858149528503418,34283.0,0.3004503548145294,397,1
SLIM*SIG1,676053df-1802-11f0-8423-54a95b9ec813,auction,1,850,0.28568214178085327,0.07004475593566895,34601.0,0.3004503548145294,397,1
SLIM*SIG1,676053df-1802-11f0-8423-54a95b9ec813,auction,1,851,0.28568214178085327,0.08100247383117676,34814.0,0.3004503548145294,397,1
SLIM*SIG1,676053df-1802-11f0-8423-54a95b9ec813,auction,1,852,0.28568214178085327,0.08719611167907715,33924.0,0.3004503548145294,397,1
SLIM*SIG1,676053df-1802-11f0-8423-54a95b9ec813,auction,1,853,0.28568214178085327,0.06922221183776855,33596.0,0.3004503548145294,397,1
SLIM*SIG1,676053df-1802-11f0-8423-54a95b9ec813,auction,1,854,0.28568214178085327,0.09514546394348145,33542.0,0.3004503548145294,397,1
SLIM*SIG1,676053df-1802-11f0-8423-54a95b9ec813,auction,1,855,0.28568214178085327,0.06250119209289551,32994.0,0.3004503548145294,397,1
SLIM*SIG1,676053df-1802-11f0-8423-54a95b9ec813,auction,1,856,0.28568214178085327,0.07385754585266113,32752.0,0.3004503548145294,397,1
SLIM*SIG1,676053df-1802-11f0-8423-54a95b9ec813,auction,1,857,0.28568214178085327,0.06250309944152832,31927.0,0.3004503548145294,397,1
SLIM*SIG1,676053df-1802-11f0-8423-54a95b9ec813,auction,1,858,0.28568214178085327,0.06688570976257324,32237.0,0.3004503548145294,397,1
SLIM*SIG1,676053df-1802-11f0-8423-54a95b9ec813,auction,1,859,0.28568214178085327,0.07086706161499023,32156.0,0.3004503548145294,397,1
SLIM*SIG1,676053df-1802-11f0-8423-54a95b9ec813,auction,1,860,0.28568214178085327,0.0625467300415039,33313.0,0.3004503548145294,397,1
SLIM*SIG1,676053df-1802-11f0-8423-54a95b9ec813,auction,1,861,0.28568214178085327,0.09896683692932129,33378.0,0.3004503548145294,397,1
SLIM*SIG1,676053df-1802-11f0-8423-54a95b9ec813,auction,1,862,0.28568214178085327,0.08422374725341797,33742.0,0.3004503548145294,397,1
SLIM*SIG1,676053df-1802-11f0-8423-54a95b9ec813,auction,1,863,0.28568214178085327,0.062494754791259766,33488.0,0.3004503548145294,397,1
SLIM*SIG1,676053df-1802-11f0-8423-54a95b9ec813,auction,1,864,0.28568214178085327,0.07053804397583008,32923.0,0.3004503548145294,397,1
SLIM*SIG1,676053df-1802-11f0-8423-54a95b9ec813,auction,1,865,0.28568214178085327,0.08591556549072266,33695.0,0.3004503548145294,397,1
SLIM*SIG1,676053df-1802-11f0-8423-54a95b9ec813,auction,1,866,0.28568214178085327,0.06806564331054688,34158.0,0.3004503548145294,397,1
SLIM*SIG1,676053df-1802-11f0-8423-54a95b9ec813,auction,1,867,0.28561586141586304,0.0982503890991211,34302.0,0.3011907935142517,369,1
SLIM*SIG1,676053df-1802-11f0-8423-54a95b9ec813,auction,1,868,0.28561586141586304,0.08946061134338379,33841.0,0.3011907935142517,369,1
SLIM*SIG1,676053df-1802-11f0-8423-54a95b9ec813,auction,1,869,0.28561586141586304,0.08246064186096191,33075.0,0.3011907935142517,369,1
SLIM*SIG1,676053df-1802-11f0-8423-54a95b9ec813,auction,1,870,0.28561586141586304,0.0906672477722168,32546.0,0.3011907935142517,369,1
SLIM*SIG1,676053df-1802-11f0-8423-54a95b9ec813,auction,1,871,0.28561586141586304,0.0687558650970459,31882.0,0.3011907935142517,369,1
SLIM*SIG1,676053df-1802-11f0-8423-54a95b9ec813,auction,1,872,0.28561586141586304,0.09705495834350586,30889.0,0.3011907935142517,369,1
SLIM*SIG1,676053df-1802-11f0-8423-54a95b9ec813,auction,1,873,0.28561586141586304,0.0933232307434082,30835.0,0.3011907935142517,369,1
SLIM*SIG1,676053df-1802-11f0-8423-54a95b9ec813,auction,1,874,0.28561586141586304,0.055365800857543945,32052.0,0.3011907935142517,369,1
SLIM*SIG1,676053df-1802-11f0-8423-54a95b9ec813,auction,1,875,0.28561460971832275,0.08232283592224121,31748.0,0.30095434188842773,356,1
SLIM*SIG1,676053df-1802-11f0-8423-54a95b9ec813,auction,1,876,0.28561460971832275,0.07811260223388672,31545.0,0.30095434188842773,356,1
SLIM*SIG1,676053df-1802-11f0-8423-54a95b9ec813,auction,1,877,0.28561460971832275,0.07126903533935547,31167.0,0.30095434188842773,356,1
SLIM*SIG1,676053df-1802-11f0-8423-54a95b9ec813,auction,1,878,0.28561460971832275,0.06825447082519531,30930.0,0.30095434188842773,356,1
SLIM*SIG1,676053df-1802-11f0-8423-54a95b9ec813,auction,1,879,0.28561460971832275,0.08161520957946777,30770.0,0.30095434188842773,356,1
SLIM*SIG1,676053df-1802-11f0-8423-54a95b9ec813,auction,1,880,0.28561460971832275,0.0775601863861084,30855.0,0.30095434188842773,356,1
SLIM*SIG1,676053df-1802-11f0-8423-54a95b9ec813,auction,1,881,0.28561460971832275,0.08557581901550293,31168.0,0.30095434188842773,356,1
SLIM*SIG1,676053df-1802-11f0-8423-54a95b9ec813,auction,1,882,0.28561460971832275,0.08411526679992676,31482.0,0.30095434188842773,356,1
SLIM*SIG1,676053df-1802-11f0-8423-54a95b9ec813,auction,1,883,0.28561460971832275,0.06250262260437012,31647.0,0.30095434188842773,356,1
SLIM*SIG1,676053df-1802-11f0-8423-54a95b9ec813,auction,1,884,0.28561145067214966,0.06968879699707031,31235.0,0.3010143041610718,369,1
SLIM*SIG1,676053df-1802-11f0-8423-54a95b9ec813,auction,1,885,0.2856089174747467,0.055057525634765625,31238.0,0.3010043501853943,382,1
SLIM*SIG1,676053df-1802-11f0-8423-54a95b9ec813,auction,1,886,0.2856089174747467,0.09608983993530273,30136.0,0.3010043501853943,382,1
SLIM*SIG1,676053df-1802-11f0-8423-54a95b9ec813,auction,1,887,0.2856089174747467,0.07813215255737305,29602.0,0.3010043501853943,382,1
SLIM*SIG1,676053df-1802-11f0-8423-54a95b9ec813,auction,1,888,0.2856089174747467,0.1167151927947998,29025.0,0.3010043501853943,382,1
SLIM*SIG1,676053df-1802-11f0-8423-54a95b9ec813,auction,1,889,0.2856089174747467,0.06861114501953125,29100.0,0.3010043501853943,382,1
SLIM*SIG1,676053df-1802-11f0-8423-54a95b9ec813,auction,1,890,0.2856089174747467,0.1127309799194336,29024.0,0.3010043501853943,382,1
SLIM*SIG1,676053df-1802-11f0-8423-54a95b9ec813,auction,1,891,0.2856089174747467,0.10421943664550781,28944.0,0.3010043501853943,382,1
SLIM*SIG1,676053df-1802-11f0-8423-54a95b9ec813,auction,1,892,0.2856089174747467,0.08348774909973145,28906.0,0.3010043501853943,382,1
SLIM*SIG1,676053df-1802-11f0-8423-54a95b9ec813,auction,1,893,0.2856089174747467,0.09922027587890625,29096.0,0.3010043501853943,382,1
SLIM*SIG1,676053df-1802-11f0-8423-54a95b9ec813,auction,1,894,0.2856089174747467,0.10135912895202637,30303.0,0.3010043501853943,382,1
SLIM*SIG1,676053df-1802-11f0-8423-54a95b9ec813,auction,1,895,0.2856089174747467,0.09285783767700195,30601.0,0.3010043501853943,382,1
SLIM*SIG1,676053df-1802-11f0-8423-54a95b9ec813,auction,1,896,0.2856089174747467,0.11176562309265137,30647.0,0.3010043501853943,382,1
SLIM*SIG1,676053df-1802-11f0-8423-54a95b9ec813,auction,1,897,0.2856089174747467,0.10814666748046875,31110.0,0.3010043501853943,382,1
SLIM*SIG1,676053df-1802-11f0-8423-54a95b9ec813,auction,1,898,0.2856089174747467,0.08439087867736816,31118.0,0.3010043501853943,382,1
SLIM*SIG1,676053df-1802-11f0-8423-54a95b9ec813,auction,1,899,0.2856089174747467,0.06250190734863281,31255.0,0.3010043501853943,382,1
SLIM*SIG1,676053df-1802-11f0-8423-54a95b9ec813,auction,1,900,0.2856089174747467,0.10004782676696777,32192.0,0.3010043501853943,382,1
SLIM*SIG1,676053df-1802-11f0-8423-54a95b9ec813,auction,1,901,0.2856089174747467,0.10238313674926758,33073.0,0.3010043501853943,382,1
SLIM*SIG1,676053df-1802-11f0-8423-54a95b9ec813,auction,1,902,0.2856089174747467,0.08286786079406738,32558.0,0.3010043501853943,382,1
SLIM*SIG1,676053df-1802-11f0-8423-54a95b9ec813,auction,1,903,0.2856089174747467,0.04687237739562988,32283.0,0.3010043501853943,382,1
SLIM*SIG1,676053df-1802-11f0-8423-54a95b9ec813,auction,1,904,0.2856089174747467,0.11369729042053223,33084.0,0.3010043501853943,382,1
SLIM*SIG1,676053df-1802-11f0-8423-54a95b9ec813,auction,1,905,0.2856089174747467,0.07482552528381348,33335.0,0.3010043501853943,382,1
SLIM*SIG1,676053df-1802-11f0-8423-54a95b9ec813,auction,1,906,0.2856089174747467,0.06940269470214844,32984.0,0.3010043501853943,382,1
SLIM*SIG1,676053df-1802-11f0-8423-54a95b9ec813,auction,1,907,0.2856089174747467,0.09662175178527832,32824.0,0.3010043501853943,382,1
SLIM*SIG1,676053df-1802-11f0-8423-54a95b9ec813,auction,1,908,0.2856089174747467,0.10323095321655273,33138.0,0.3010043501853943,382,1
SLIM*SIG1,676053df-1802-11f0-8423-54a95b9ec813,auction,1,909,0.2856089174747467,0.06250309944152832,33352.0,0.3010043501853943,382,1
SLIM*SIG1,676053df-1802-11f0-8423-54a95b9ec813,auction,1,910,0.2856089174747467,0.06766915321350098,33559.0,0.3010043501853943,382,1
SLIM*SIG1,676053df-1802-11f0-8423-54a95b9ec813,auction,1,911,0.2856089174747467,0.0861818790435791,32752.0,0.3010043501853943,382,1
SLIM*SIG1,676053df-1802-11f0-8423-54a95b9ec813,auction,1,912,0.2856089174747467,0.09960651397705078,32443.0,0.3010043501853943,382,1
SLIM*SIG1,676053df-1802-11f0-8423-54a95b9ec813,auction,1,913,0.2856089174747467,0.10052204132080078,32198.0,0.3010043501853943,382,1
SLIM*SIG1,676053df-1802-11f0-8423-54a95b9ec813,auction,1,914,0.2856089174747467,0.0977787971496582,32036.0,0.3010043501853943,382,1
SLIM*SIG1,676053df-1802-11f0-8423-54a95b9ec813,auction,1,915,0.2856089174747467,0.062497854232788086,32289.0,0.3010043501853943,382,1
SLIM*SIG1,676053df-1802-11f0-8423-54a95b9ec813,auction,1,916,0.2856089174747467,0.053598880767822266,32003.0,0.3010043501853943,382,1
SLIM*SIG1,676053df-1802-11f0-8423-54a95b9ec813,auction,1,917,0.2856089174747467,0.05395984649658203,32136.0,0.3010043501853943,382,1
SLIM*SIG1,676053df-1802-11f0-8423-54a95b9ec813,auction,1,918,0.2856089174747467,0.0820319652557373,32337.0,0.3010043501853943,382,1
SLIM*SIG1,676053df-1802-11f0-8423-54a95b9ec813,auction,1,919,0.2855662703514099,0.09375333786010742,32356.0,0.3004035949707031,395,1
SLIM*SIG1,676053df-1802-11f0-8423-54a95b9ec813,auction,1,920,0.2855662703514099,0.07879281044006348,32589.0,0.3004035949707031,395,1
SLIM*SIG1,676053df-1802-11f0-8423-54a95b9ec813,auction,1,921,0.2855662703514099,0.0874335765838623,32772.0,0.3004035949707031,395,1
SLIM*SIG1,676053df-1802-11f0-8423-54a95b9ec813,auction,1,922,0.2855662703514099,0.09833860397338867,33043.0,0.3004035949707031,395,1
SLIM*SIG1,676053df-1802-11f0-8423-54a95b9ec813,auction,1,923,0.28555217385292053,0.05643582344055176,32692.0,0.30021706223487854,382,1
SLIM*SIG1,676053df-1802-11f0-8423-54a95b9ec813,auction,1,924,0.28555217385292053,0.09430956840515137,32751.0,0.30021706223487854,382,1
SLIM*SIG1,676053df-1802-11f0-8423-54a95b9ec813,auction,1,925,0.28555217385292053,0.09911751747131348,32866.0,0.30021706223487854,382,1
SLIM*SIG1,676053df-1802-11f0-8423-54a95b9ec813,auction,1,926,0.28555217385292053,0.06553149223327637,33285.0,0.30021706223487854,382,1
SLIM*SIG1,676053df-1802-11f0-8423-54a95b9ec813,auction,1,927,0.28555217385292053,0.11466002464294434,33472.0,0.30021706223487854,382,1
SLIM*SIG1,676053df-1802-11f0-8423-54a95b9ec813,auction,1,928,0.28555217385292053,0.08384060859680176,34099.0,0.30021706223487854,382,1
SLIM*SIG1,676053df-1802-11f0-8423-54a95b9ec813,auction,1,929,0.28555217385292053,0.06975674629211426,33586.0,0.30021706223487854,382,1
SLIM*SIG1,676053df-1802-11f0-8423-54a95b9ec813,auction,1,930,0.28555217385292053,0.07812643051147461,33490.0,0.30021706223487854,382,1
SLIM*SIG1,676053df-1802-11f0-8423-54a95b9ec813,auction,1,931,0.28555217385292053,0.06832742691040039,32915.0,0.30021706223487854,382,1
SLIM*SIG1,676053df-1802-11f0-8423-54a95b9ec813,auction,1,932,0.28555217385292053,0.10021758079528809,33087.0,0.30021706223487854,382,1
SLIM*SIG1,676053df-1802-11f0-8423-54a95b9ec813,auction,1,933,0.28555217385292053,0.046875715255737305,32804.0,0.30021706223487854,382,1
SLIM*SIG1,676053df-1802-11f0-8423-54a95b9ec813,auction,1,934,0.28555217385292053,0.08733749389648438,33024.0,0.30021706223487854,382,1
SLIM*SIG1,676053df-1802-11f0-8423-54a95b9ec813,auction,1,935,0.28555217385292053,0.05323052406311035,33467.0,0.30021706223487854,382,1
SLIM*SIG1,676053df-1802-11f0-8423-54a95b9ec813,auction,1,936,0.28555217385292053,0.10047388076782227,33385.0,0.30021706223487854,382,1
SLIM*SIG1,676053df-1802-11f0-8423-54a95b9ec813,auction,1,937,0.28555217385292053,0.16295170783996582,32801.0,0.30021706223487854,382,1
SLIM*SIG1,676053df-1802-11f0-8423-54a95b9ec813,auction,1,938,0.28555217385292053,0.0820474624633789,31621.0,0.30021706223487854,382,1
SLIM*SIG1,676053df-1802-11f0-8423-54a95b9ec813,auction,1,939,0.28555217385292053,0.1004946231842041,31015.0,0.30021706223487854,382,1
SLIM*SIG1,676053df-1802-11f0-8423-54a95b9ec813,auction,1,940,0.28555217385292053,0.0871744155883789,30818.0,0.30021706223487854,382,1
SLIM*SIG1,676053df-1802-11f0-8423-54a95b9ec813,auction,1,941,0.28555217385292053,0.0468754768371582,30687.0,0.30021706223487854,382,1
SLIM*SIG1,676053df-1802-11f0-8423-54a95b9ec813,auction,1,942,0.28555217385292053,0.037095069885253906,30044.0,0.30021706223487854,382,1
SLIM*SIG1,676053df-1802-11f0-8423-54a95b9ec813,auction,1,943,0.28555217385292053,0.09694981575012207,30720.0,0.30021706223487854,382,1
SLIM*SIG1,676053df-1802-11f0-8423-54a95b9ec813,auction,1,944,0.28555217385292053,0.07812881469726562,30778.0,0.30021706223487854,382,1
SLIM*SIG1,676053df-1802-11f0-8423-54a95b9ec813,auction,1,945,0.28555217385292053,0.0747380256652832,31305.0,0.30021706223487854,382,1
SLIM*SIG1,676053df-1802-11f0-8423-54a95b9ec813,auction,1,946,0.28555217385292053,0.08128857612609863,31714.0,0.30021706223487854,382,1
SLIM*SIG1,676053df-1802-11f0-8423-54a95b9ec813,auction,1,947,0.28555217385292053,0.09945154190063477,31928.0,0.30021706223487854,382,1
SLIM*SIG1,676053df-1802-11f0-8423-54a95b9ec813,auction,1,948,0.28555217385292053,0.07474303245544434,31538.0,0.30021706223487854,382,1
SLIM*SIG1,676053df-1802-11f0-8423-54a95b9ec813,auction,1,949,0.28555217385292053,0.10755205154418945,31688.0,0.30021706223487854,382,1
SLIM*SIG1,676053df-1802-11f0-8423-54a95b9ec813,auction,1,950,0.28555217385292053,0.07753896713256836,31798.0,0.30021706223487854,382,1
SLIM*SIG1,676053df-1802-11f0-8423-54a95b9ec813,auction,1,951,0.28555217385292053,0.08401226997375488,31657.0,0.30021706223487854,382,1
SLIM*SIG1,676053df-1802-11f0-8423-54a95b9ec813,auction,1,952,0.28555217385292053,0.08420157432556152,31694.0,0.30021706223487854,382,1
SLIM*SIG1,676053df-1802-11f0-8423-54a95b9ec813,auction,1,953,0.28555217385292053,0.08507728576660156,32734.0,0.30021706223487854,382,1
SLIM*SIG1,676053df-1802-11f0-8423-54a95b9ec813,auction,1,954,0.28551381826400757,0.07812952995300293,33118.0,0.3023241460323334,395,1
SLIM*SIG1,676053df-1802-11f0-8423-54a95b9ec813,auction,1,955,0.28551381826400757,0.06866025924682617,33625.0,0.3023241460323334,395,1
SLIM*SIG1,676053df-1802-11f0-8423-54a95b9ec813,auction,1,956,0.28551381826400757,0.09943437576293945,33791.0,0.3023241460323334,395,1
SLIM*SIG1,676053df-1802-11f0-8423-54a95b9ec813,auction,1,957,0.28551048040390015,0.08486175537109375,34125.0,0.303190141916275,410,1
SLIM*SIG1,676053df-1802-11f0-8423-54a95b9ec813,auction,1,958,0.28551048040390015,0.06251335144042969,33174.0,0.303190141916275,410,1
SLIM*SIG1,676053df-1802-11f0-8423-54a95b9ec813,auction,1,959,0.28551048040390015,0.05594038963317871,33514.0,0.303190141916275,410,1
SLIM*SIG1,676053df-1802-11f0-8423-54a95b9ec813,auction,1,960,0.28551048040390015,0.08365154266357422,33441.0,0.303190141916275,410,1
SLIM*SIG1,676053df-1802-11f0-8423-54a95b9ec813,auction,1,961,0.28551048040390015,0.06251120567321777,32552.0,0.303190141916275,410,1
SLIM*SIG1,676053df-1802-11f0-8423-54a95b9ec813,auction,1,962,0.28551048040390015,0.08177018165588379,32405.0,0.303190141916275,410,1
SLIM*SIG1,676053df-1802-11f0-8423-54a95b9ec813,auction,1,963,0.28551048040390015,0.09016776084899902,32900.0,0.303190141916275,410,1
SLIM*SIG1,676053df-1802-11f0-8423-54a95b9ec813,auction,1,964,0.28551048040390015,0.08236455917358398,32956.0,0.303190141916275,410,1
SLIM*SIG1,676053df-1802-11f0-8423-54a95b9ec813,auction,1,965,0.28551048040390015,0.07812809944152832,33463.0,0.303190141916275,410,1
SLIM*SIG1,676053df-1802-11f0-8423-54a95b9ec813,auction,1,966,0.28551048040390015,0.09374833106994629,33312.0,0.303190141916275,410,1
SLIM*SIG1,676053df-1802-11f0-8423-54a95b9ec813,auction,1,967,0.28546059131622314,0.13213586807250977,34264.0,0.30197829008102417,397,1
SLIM*SIG1,676053df-1802-11f0-8423-54a95b9ec813,auction,1,968,0.28546059131622314,0.09876871109008789,34155.0,0.30197829008102417,397,1
SLIM*SIG1,676053df-1802-11f0-8423-54a95b9ec813,auction,1,969,0.28534695506095886,0.10100030899047852,34247.0,0.30249491333961487,384,1
SLIM*SIG1,676053df-1802-11f0-8423-54a95b9ec813,auction,1,970,0.28526121377944946,0.13379526138305664,34546.0,0.30220749974250793,371,1
SLIM*SIG1,676053df-1802-11f0-8423-54a95b9ec813,auction,1,971,0.28526121377944946,0.10714292526245117,34784.0,0.30220749974250793,371,1
SLIM*SIG1,676053df-1802-11f0-8423-54a95b9ec813,auction,1,972,0.28498780727386475,0.12668967247009277,34247.0,0.3018459975719452,345,1
SLIM*SIG1,676053df-1802-11f0-8423-54a95b9ec813,auction,1,973,0.28498780727386475,0.11964845657348633,34157.0,0.3018459975719452,345,1
SLIM*SIG1,676053df-1802-11f0-8423-54a95b9ec813,auction,1,974,0.28498780727386475,0.08176159858703613,33275.0,0.3018459975719452,345,1
SLIM*SIG1,676053df-1802-11f0-8423-54a95b9ec813,auction,1,975,0.28498780727386475,0.08405041694641113,33281.0,0.3018459975719452,345,1
SLIM*SIG1,676053df-1802-11f0-8423-54a95b9ec813,auction,1,976,0.28498780727386475,0.10075068473815918,32875.0,0.3018459975719452,345,1
SLIM*SIG1,676053df-1802-11f0-8423-54a95b9ec813,auction,1,977,0.28498780727386475,0.07909059524536133,32065.0,0.3018459975719452,345,1
SLIM*SIG1,676053df-1802-11f0-8423-54a95b9ec813,auction,1,978,0.28498780727386475,0.10154461860656738,31817.0,0.3018459975719452,345,1
SLIM*SIG1,676053df-1802-11f0-8423-54a95b9ec813,auction,1,979,0.28498780727386475,0.10073709487915039,30974.0,0.3018459975719452,345,1
SLIM*SIG1,676053df-1802-11f0-8423-54a95b9ec813,auction,1,980,0.2848528027534485,0.09752607345581055,30638.0,0.3013506531715393,358,1
SLIM*SIG1,676053df-1802-11f0-8423-54a95b9ec813,auction,1,981,0.2848528027534485,0.09375476837158203,30545.0,0.3013506531715393,358,1
SLIM*SIG1,676053df-1802-11f0-8423-54a95b9ec813,auction,1,982,0.2848528027534485,0.07069730758666992,30068.0,0.3013506531715393,358,1
SLIM*SIG1,676053df-1802-11f0-8423-54a95b9ec813,auction,1,983,0.2848528027534485,0.11462879180908203,29768.0,0.3013506531715393,358,1
SLIM*SIG1,676053df-1802-11f0-8423-54a95b9ec813,auction,1,984,0.2848528027534485,0.10150837898254395,29743.0,0.3013506531715393,358,1
SLIM*SIG1,676053df-1802-11f0-8423-54a95b9ec813,auction,1,985,0.2848528027534485,0.0826728343963623,29183.0,0.3013506531715393,358,1
SLIM*SIG1,676053df-1802-11f0-8423-54a95b9ec813,auction,1,986,0.2848528027534485,0.06249690055847168,29934.0,0.3013506531715393,358,1
SLIM*SIG1,676053df-1802-11f0-8423-54a95b9ec813,auction,1,987,0.2848528027534485,0.08829069137573242,29985.0,0.3013506531715393,358,1
SLIM*SIG1,676053df-1802-11f0-8423-54a95b9ec813,auction,1,988,0.2848528027534485,0.08201146125793457,29743.0,0.3013506531715393,358,1
SLIM*SIG1,676053df-1802-11f0-8423-54a95b9ec813,auction,1,989,0.2848528027534485,0.06876683235168457,29317.0,0.3013506531715393,358,1
SLIM*SIG1,676053df-1802-11f0-8423-54a95b9ec813,auction,1,990,0.2848528027534485,0.04687213897705078,29253.0,0.3013506531715393,358,1
SLIM*SIG1,676053df-1802-11f0-8423-54a95b9ec813,auction,1,991,0.2848528027534485,0.05479788780212402,29161.0,0.3013506531715393,358,1
SLIM*SIG1,676053df-1802-11f0-8423-54a95b9ec813,auction,1,992,0.2848528027534485,0.05272412300109863,28926.0,0.3013506531715393,358,1
SLIM*SIG1,676053df-1802-11f0-8423-54a95b9ec813,auction,1,993,0.2848528027534485,0.04687619209289551,28498.0,0.3013506531715393,358,1
SLIM*SIG1,676053df-1802-11f0-8423-54a95b9ec813,auction,1,994,0.2848528027534485,0.07877182960510254,28492.0,0.3013506531715393,358,1
SLIM*SIG1,676053df-1802-11f0-8423-54a95b9ec813,auction,1,995,0.2848528027534485,0.10290980339050293,30262.0,0.3013506531715393,358,1
SLIM*SIG1,676053df-1802-11f0-8423-54a95b9ec813,auction,1,996,0.2848528027534485,0.06258678436279297,31380.0,0.3013506531715393,358,1
SLIM*SIG1,676053df-1802-11f0-8423-54a95b9ec813,auction,1,997,0.2848528027534485,0.10006546974182129,31893.0,0.3013506531715393,358,1
SLIM*SIG1,676053df-1802-11f0-8423-54a95b9ec813,auction,1,998,0.2848528027534485,0.11136460304260254,32034.0,0.3013506531715393,358,1
SLIM*SIG1,676053df-1802-11f0-8423-54a95b9ec813,auction,1,999,0.2848528027534485,0.07621049880981445,31593.0,0.3013506531715393,358,1
SLIM*SIG1,676053df-1802-11f0-8423-54a95b9ec813,auction,1,1000,0.2848528027534485,0.08559083938598633,31442.0,0.3013506531715393,358,1
SLIM*SIG1,676053df-1802-11f0-8423-54a95b9ec813,auction,2,0,0.3513200581073761,0.1007697582244873,1344.0,0.3509460985660553,3,1
SLIM*SIG1,676053df-1802-11f0-8423-54a95b9ec813,auction,2,1,0.3513200581073761,0.018257617950439453,1542.0,0.3509460985660553,3,1
SLIM*SIG1,676053df-1802-11f0-8423-54a95b9ec813,auction,2,2,0.33697694540023804,0.015627384185791016,1375.0,0.33688655495643616,29,1
SLIM*SIG1,676053df-1802-11f0-8423-54a95b9ec813,auction,2,3,0.33697694540023804,0.031249046325683594,1737.0,0.33688655495643616,29,1
SLIM*SIG1,676053df-1802-11f0-8423-54a95b9ec813,auction,2,4,0.33697694540023804,0.031446218490600586,1166.0,0.33688655495643616,29,1
SLIM*SIG1,676053df-1802-11f0-8423-54a95b9ec813,auction,2,5,0.33697694540023804,0.02098989486694336,1361.0,0.33688655495643616,29,1
SLIM*SIG1,676053df-1802-11f0-8423-54a95b9ec813,auction,2,6,0.3219287395477295,0.009997129440307617,1512.0,0.3272029161453247,16,1
SLIM*SIG1,676053df-1802-11f0-8423-54a95b9ec813,auction,2,7,0.3219287395477295,0.03139448165893555,1918.0,0.3272029161453247,16,1
SLIM*SIG1,676053df-1802-11f0-8423-54a95b9ec813,auction,2,8,0.3219287395477295,0.01572895050048828,1818.0,0.3272029161453247,16,1
SLIM*SIG1,676053df-1802-11f0-8423-54a95b9ec813,auction,2,9,0.3219287395477295,0.019392013549804688,2007.0,0.3272029161453247,16,1
SLIM*SIG1,676053df-1802-11f0-8423-54a95b9ec813,auction,2,10,0.3218382000923157,0.017677783966064453,2204.0,0.32703274488449097,29,1
SLIM*SIG1,676053df-1802-11f0-8423-54a95b9ec813,auction,2,11,0.3206932544708252,0.01562952995300293,2532.0,0.3263792097568512,42,1
SLIM*SIG1,676053df-1802-11f0-8423-54a95b9ec813,auction,2,12,0.3206932544708252,0.03125190734863281,3185.0,0.3263792097568512,42,1
SLIM*SIG1,676053df-1802-11f0-8423-54a95b9ec813,auction,2,13,0.3206932544708252,0.015626907348632812,3878.0,0.3263792097568512,42,1
SLIM*SIG1,676053df-1802-11f0-8423-54a95b9ec813,auction,2,14,0.32058554887771606,0.02119159698486328,4516.0,0.32628974318504333,29,1
SLIM*SIG1,676053df-1802-11f0-8423-54a95b9ec813,auction,2,15,0.32058554887771606,0.015609264373779297,4581.0,0.32628974318504333,29,1
SLIM*SIG1,676053df-1802-11f0-8423-54a95b9ec813,auction,2,16,0.3203646242618561,0.015738248825073242,5144.0,0.3262172341346741,55,1
SLIM*SIG1,676053df-1802-11f0-8423-54a95b9ec813,auction,2,17,0.31959232687950134,0.031235933303833008,5083.0,0.3242143392562866,29,1
SLIM*SIG1,676053df-1802-11f0-8423-54a95b9ec813,auction,2,18,0.31959232687950134,0.015628814697265625,5153.0,0.3242143392562866,29,1
SLIM*SIG1,676053df-1802-11f0-8423-54a95b9ec813,auction,2,19,0.31958553194999695,0.015631914138793945,4321.0,0.3259047567844391,70,1
SLIM*SIG1,676053df-1802-11f0-8423-54a95b9ec813,auction,2,20,0.3138081431388855,0.02492523193359375,4279.0,0.31464672088623047,42,1
SLIM*SIG1,676053df-1802-11f0-8423-54a95b9ec813,auction,2,21,0.3138081431388855,0.03125357627868652,4818.0,0.31464672088623047,42,1
SLIM*SIG1,676053df-1802-11f0-8423-54a95b9ec813,auction,2,22,0.3133692443370819,0.015625,5026.0,0.3161090612411499,55,1
SLIM*SIG1,676053df-1802-11f0-8423-54a95b9ec813,auction,2,23,0.3133692443370819,0.03136038780212402,5174.0,0.3161090612411499,55,1
SLIM*SIG1,676053df-1802-11f0-8423-54a95b9ec813,auction,2,24,0.3129076361656189,0.021493911743164062,5047.0,0.3143870234489441,42,1
SLIM*SIG1,676053df-1802-11f0-8423-54a95b9ec813,auction,2,25,0.31253165006637573,0.03146815299987793,5218.0,0.3146759569644928,68,1
SLIM*SIG1,676053df-1802-11f0-8423-54a95b9ec813,auction,2,26,0.31253165006637573,0.026276588439941406,4906.0,0.3146759569644928,68,1
SLIM*SIG1,676053df-1802-11f0-8423-54a95b9ec813,auction,2,27,0.3121967613697052,0.021637439727783203,4910.0,0.314729779958725,55,1
SLIM*SIG1,676053df-1802-11f0-8423-54a95b9ec813,auction,2,28,0.3121967613697052,0.018795490264892578,5172.0,0.314729779958725,55,1
SLIM*SIG1,676053df-1802-11f0-8423-54a95b9ec813,auction,2,29,0.3121967613697052,0.03127932548522949,5519.0,0.314729779958725,55,1
SLIM*SIG1,676053df-1802-11f0-8423-54a95b9ec813,auction,2,30,0.3121967613697052,0.02524709701538086,6004.0,0.314729779958725,55,1
SLIM*SIG1,676053df-1802-11f0-8423-54a95b9ec813,auction,2,31,0.3121967613697052,0.024640560150146484,5798.0,0.314729779958725,55,1
SLIM*SIG1,676053df-1802-11f0-8423-54a95b9ec813,auction,2,32,0.3121967613697052,0.016356706619262695,5988.0,0.314729779958725,55,1
SLIM*SIG1,676053df-1802-11f0-8423-54a95b9ec813,auction,2,33,0.3118373453617096,0.028937101364135742,6874.0,0.3160296678543091,81,1
SLIM*SIG1,676053df-1802-11f0-8423-54a95b9ec813,auction,2,34,0.310981422662735,0.017144203186035156,6618.0,0.3153162896633148,94,1
SLIM*SIG1,676053df-1802-11f0-8423-54a95b9ec813,auction,2,35,0.31093543767929077,0.015637636184692383,6984.0,0.3149452209472656,81,1
SLIM*SIG1,676053df-1802-11f0-8423-54a95b9ec813,auction,2,36,0.31034666299819946,0.036881208419799805,7151.0,0.3141930401325226,94,1
SLIM*SIG1,676053df-1802-11f0-8423-54a95b9ec813,auction,2,37,0.3100076913833618,0.01577305793762207,7122.0,0.3152726888656616,81,1
SLIM*SIG1,676053df-1802-11f0-8423-54a95b9ec813,auction,2,38,0.3095863461494446,0.01563429832458496,6778.0,0.31344127655029297,94,1
SLIM*SIG1,676053df-1802-11f0-8423-54a95b9ec813,auction,2,39,0.3095863461494446,0.03425192832946777,6410.0,0.31344127655029297,94,1
SLIM*SIG1,676053df-1802-11f0-8423-54a95b9ec813,auction,2,40,0.3095863461494446,0.013605117797851562,6336.0,0.31344127655029297,94,1
SLIM*SIG1,676053df-1802-11f0-8423-54a95b9ec813,auction,2,41,0.3095863461494446,0.03136110305786133,6329.0,0.31344127655029297,94,1
SLIM*SIG1,676053df-1802-11f0-8423-54a95b9ec813,auction,2,42,0.3093641996383667,0.02355051040649414,5880.0,0.31301021575927734,94,1
SLIM*SIG1,676053df-1802-11f0-8423-54a95b9ec813,auction,2,43,0.3093641996383667,0.031355857849121094,6184.0,0.31301021575927734,94,1
SLIM*SIG1,676053df-1802-11f0-8423-54a95b9ec813,auction,2,44,0.3093641996383667,0.01552271842956543,6360.0,0.31301021575927734,94,1
SLIM*SIG1,676053df-1802-11f0-8423-54a95b9ec813,auction,2,45,0.3093641996383667,0.03134775161743164,6074.0,0.31301021575927734,94,1
SLIM*SIG1,676053df-1802-11f0-8423-54a95b9ec813,auction,2,46,0.3093641996383667,0.02126288414001465,6113.0,0.31301021575927734,94,1
SLIM*SIG1,676053df-1802-11f0-8423-54a95b9ec813,auction,2,47,0.3093641996383667,0.01572704315185547,6338.0,0.31301021575927734,94,1
SLIM*SIG1,676053df-1802-11f0-8423-54a95b9ec813,auction,2,48,0.3093641996383667,0.031255483627319336,6672.0,0.31301021575927734,94,1
SLIM*SIG1,676053df-1802-11f0-8423-54a95b9ec813,auction,2,49,0.3093641996383667,0.020247936248779297,7181.0,0.31301021575927734,94,1
SLIM*SIG1,676053df-1802-11f0-8423-54a95b9ec813,auction,2,50,0.3093641996383667,0.0331575870513916,7300.0,0.31301021575927734,94,1
SLIM*SIG1,676053df-1802-11f0-8423-54a95b9ec813,auction,2,51,0.3093641996383667,0.015727996826171875,7581.0,0.31301021575927734,94,1
SLIM*SIG1,676053df-1802-11f0-8423-54a95b9ec813,auction,2,52,0.3093641996383667,0.03125143051147461,7501.0,0.31301021575927734,94,1
SLIM*SIG1,676053df-1802-11f0-8423-54a95b9ec813,auction,2,53,0.3093641996383667,0.027903079986572266,7759.0,0.31301021575927734,94,1
SLIM*SIG1,676053df-1802-11f0-8423-54a95b9ec813,auction,2,54,0.3087543845176697,0.02462148666381836,7438.0,0.3145754337310791,94,1
SLIM*SIG1,676053df-1802-11f0-8423-54a95b9ec813,auction,2,55,0.3087543845176697,0.024998188018798828,7689.0,0.3145754337310791,94,1
SLIM*SIG1,676053df-1802-11f0-8423-54a95b9ec813,auction,2,56,0.3087543845176697,0.01696610450744629,7698.0,0.3145754337310791,94,1
SLIM*SIG1,676053df-1802-11f0-8423-54a95b9ec813,auction,2,57,0.3087543845176697,0.0156252384185791,8176.0,0.3145754337310791,94,1
SLIM*SIG1,676053df-1802-11f0-8423-54a95b9ec813,auction,2,58,0.3087543845176697,0.031245946884155273,7899.0,0.3145754337310791,94,1
SLIM*SIG1,676053df-1802-11f0-8423-54a95b9ec813,auction,2,59,0.3087543845176697,0.024990081787109375,7861.0,0.3145754337310791,94,1
SLIM*SIG1,676053df-1802-11f0-8423-54a95b9ec813,auction,2,60,0.3087543845176697,0.015637874603271484,8168.0,0.3145754337310791,94,1
SLIM*SIG1,676053df-1802-11f0-8423-54a95b9ec813,auction,2,61,0.3087543845176697,0.031243562698364258,7112.0,0.3145754337310791,94,1
SLIM*SIG1,676053df-1802-11f0-8423-54a95b9ec813,auction,2,62,0.30871525406837463,0.01562952995300293,7236.0,0.3125869631767273,107,1
SLIM*SIG1,676053df-1802-11f0-8423-54a95b9ec813,auction,2,63,0.3086792230606079,0.02138662338256836,7651.0,0.3126339018344879,120,1
SLIM*SIG1,676053df-1802-11f0-8423-54a95b9ec813,auction,2,64,0.3086792230606079,0.03135085105895996,8353.0,0.3126339018344879,120,1
SLIM*SIG1,676053df-1802-11f0-8423-54a95b9ec813,auction,2,65,0.3086792230606079,0.015630006790161133,8110.0,0.3126339018344879,120,1
SLIM*SIG1,676053df-1802-11f0-8423-54a95b9ec813,auction,2,66,0.3086792230606079,0.031147003173828125,7324.0,0.3126339018344879,120,1
SLIM*SIG1,676053df-1802-11f0-8423-54a95b9ec813,auction,2,67,0.3084099590778351,0.0222928524017334,7205.0,0.31208598613739014,107,1
SLIM*SIG1,676053df-1802-11f0-8423-54a95b9ec813,auction,2,68,0.3084099590778351,0.015630006790161133,7393.0,0.31208598613739014,107,1
SLIM*SIG1,676053df-1802-11f0-8423-54a95b9ec813,auction,2,69,0.3084096610546112,0.015610456466674805,7341.0,0.31207528710365295,120,1
SLIM*SIG1,676053df-1802-11f0-8423-54a95b9ec813,auction,2,70,0.30805814266204834,0.015529394149780273,7157.0,0.31271541118621826,120,1
SLIM*SIG1,676053df-1802-11f0-8423-54a95b9ec813,auction,2,71,0.30805814266204834,0.015624046325683594,7322.0,0.31271541118621826,120,1
SLIM*SIG1,676053df-1802-11f0-8423-54a95b9ec813,auction,2,72,0.30798211693763733,0.037003517150878906,7497.0,0.3130665123462677,133,1
SLIM*SIG1,676053df-1802-11f0-8423-54a95b9ec813,auction,2,73,0.30798211693763733,0.015734434127807617,7403.0,0.3130665123462677,133,1
SLIM*SIG1,676053df-1802-11f0-8423-54a95b9ec813,auction,2,74,0.30798211693763733,0.0312502384185791,7918.0,0.3130665123462677,133,1
SLIM*SIG1,676053df-1802-11f0-8423-54a95b9ec813,auction,2,75,0.30798211693763733,0.015665531158447266,8318.0,0.3130665123462677,133,1
SLIM*SIG1,676053df-1802-11f0-8423-54a95b9ec813,auction,2,76,0.30798211693763733,0.0312044620513916,8515.0,0.3130665123462677,133,1
SLIM*SIG1,676053df-1802-11f0-8423-54a95b9ec813,auction,2,77,0.30798211693763733,0.02375197410583496,8247.0,0.3130665123462677,133,1
SLIM*SIG1,676053df-1802-11f0-8423-54a95b9ec813,auction,2,78,0.30798211693763733,0.015723705291748047,8642.0,0.3130665123462677,133,1
SLIM*SIG1,676053df-1802-11f0-8423-54a95b9ec813,auction,2,79,0.3057715892791748,0.03126168251037598,8697.0,0.3112216293811798,107,1
SLIM*SIG1,676053df-1802-11f0-8423-54a95b9ec813,auction,2,80,0.3057715892791748,0.027284860610961914,8890.0,0.3112216293811798,107,1
SLIM*SIG1,676053df-1802-11f0-8423-54a95b9ec813,auction,2,81,0.3057715892791748,0.032989501953125,8751.0,0.3112216293811798,107,1
SLIM*SIG1,676053df-1802-11f0-8423-54a95b9ec813,auction,2,82,0.3057715892791748,0.028673648834228516,8833.0,0.3112216293811798,107,1
SLIM*SIG1,676053df-1802-11f0-8423-54a95b9ec813,auction,2,83,0.3057715892791748,0.03942728042602539,8906.0,0.3112216293811798,107,1
SLIM*SIG1,676053df-1802-11f0-8423-54a95b9ec813,auction,2,84,0.30536991357803345,0.025595664978027344,8029.0,0.31044209003448486,94,1
SLIM*SIG1,676053df-1802-11f0-8423-54a95b9ec813,auction,2,85,0.30536991357803345,0.025676488876342773,7765.0,0.31044209003448486,94,1
SLIM*SIG1,676053df-1802-11f0-8423-54a95b9ec813,auction,2,86,0.30535298585891724,0.03188490867614746,7670.0,0.30911123752593994,94,1
SLIM*SIG1,676053df-1802-11f0-8423-54a95b9ec813,auction,2,87,0.30535298585891724,0.022451400756835938,7960.0,0.30911123752593994,94,1
SLIM*SIG1,676053df-1802-11f0-8423-54a95b9ec813,auction,2,88,0.30522865056991577,0.015726804733276367,8071.0,0.31007280945777893,68,1
SLIM*SIG1,676053df-1802-11f0-8423-54a95b9ec813,auction,2,89,0.30522865056991577,0.03125309944152832,8224.0,0.31007280945777893,68,1
SLIM*SIG1,676053df-1802-11f0-8423-54a95b9ec813,auction,2,90,0.30522865056991577,0.015627145767211914,8069.0,0.31007280945777893,68,1
SLIM*SIG1,676053df-1802-11f0-8423-54a95b9ec813,auction,2,91,0.305098295211792,0.031247615814208984,8254.0,0.31052282452583313,55,1
SLIM*SIG1,676053df-1802-11f0-8423-54a95b9ec813,auction,2,92,0.305098295211792,0.020520687103271484,8073.0,0.31052282452583313,55,1
SLIM*SIG1,676053df-1802-11f0-8423-54a95b9ec813,auction,2,93,0.305098295211792,0.015629053115844727,7259.0,0.31052282452583313,55,1
SLIM*SIG1,676053df-1802-11f0-8423-54a95b9ec813,auction,2,94,0.30413177609443665,0.01562190055847168,6919.0,0.309217244386673,68,1
SLIM*SIG1,676053df-1802-11f0-8423-54a95b9ec813,auction,2,95,0.30413177609443665,0.031250953674316406,7118.0,0.309217244386673,68,1
SLIM*SIG1,676053df-1802-11f0-8423-54a95b9ec813,auction,2,96,0.30413177609443665,0.022042274475097656,6877.0,0.309217244386673,68,1
SLIM*SIG1,676053df-1802-11f0-8423-54a95b9ec813,auction,2,97,0.30413177609443665,0.015718460083007812,7047.0,0.309217244386673,68,1
SLIM*SIG1,676053df-1802-11f0-8423-54a95b9ec813,auction,2,98,0.30413177609443665,0.03125500679016113,6498.0,0.309217244386673,68,1
SLIM*SIG1,676053df-1802-11f0-8423-54a95b9ec813,auction,2,99,0.30219578742980957,0.015636920928955078,6864.0,0.307375967502594,81,1
SLIM*SIG1,676053df-1802-11f0-8423-54a95b9ec813,auction,2,100,0.30219578742980957,0.015624284744262695,7085.0,0.307375967502594,81,1
SLIM*SIG1,676053df-1802-11f0-8423-54a95b9ec813,auction,2,101,0.30219578742980957,0.02132439613342285,7689.0,0.307375967502594,81,1
SLIM*SIG1,676053df-1802-11f0-8423-54a95b9ec813,auction,2,102,0.30176082253456116,0.015732765197753906,7299.0,0.3065270483493805,96,1
SLIM*SIG1,676053df-1802-11f0-8423-54a95b9ec813,auction,2,103,0.30176082253456116,0.03126072883605957,7448.0,0.3065270483493805,96,1
SLIM*SIG1,676053df-1802-11f0-8423-54a95b9ec813,auction,2,104,0.3015431761741638,0.015608072280883789,7843.0,0.3059047758579254,109,1
SLIM*SIG1,676053df-1802-11f0-8423-54a95b9ec813,auction,2,105,0.3010706901550293,0.031253814697265625,7890.0,0.3066806197166443,109,1
SLIM*SIG1,676053df-1802-11f0-8423-54a95b9ec813,auction,2,106,0.3010706901550293,0.024080991744995117,7623.0,0.3066806197166443,109,1
SLIM*SIG1,676053df-1802-11f0-8423-54a95b9ec813,auction,2,107,0.3010706901550293,0.015726327896118164,7507.0,0.3066806197166443,109,1
SLIM*SIG1,676053df-1802-11f0-8423-54a95b9ec813,auction,2,108,0.3010706901550293,0.03115248680114746,8040.0,0.3066806197166443,109,1
SLIM*SIG1,676053df-1802-11f0-8423-54a95b9ec813,auction,2,109,0.3010706901550293,0.01562356948852539,8575.0,0.3066806197166443,109,1
SLIM*SIG1,676053df-1802-11f0-8423-54a95b9ec813,auction,2,110,0.3010706901550293,0.03729963302612305,8726.0,0.3066806197166443,109,1
SLIM*SIG1,676053df-1802-11f0-8423-54a95b9ec813,auction,2,111,0.3010706901550293,0.015613079071044922,7718.0,0.3066806197166443,109,1
SLIM*SIG1,676053df-1802-11f0-8423-54a95b9ec813,auction,2,112,0.3010706901550293,0.015736103057861328,7923.0,0.3066806197166443,109,1
SLIM*SIG1,676053df-1802-11f0-8423-54a95b9ec813,auction,2,113,0.3010706901550293,0.01561737060546875,7707.0,0.3066806197166443,109,1
SLIM*SIG1,676053df-1802-11f0-8423-54a95b9ec813,auction,2,114,0.30093440413475037,0.015623807907104492,7818.0,0.3065001368522644,122,1
SLIM*SIG1,676053df-1802-11f0-8423-54a95b9ec813,auction,2,115,0.30093440413475037,0.03235149383544922,7222.0,0.3065001368522644,122,1
SLIM*SIG1,676053df-1802-11f0-8423-54a95b9ec813,auction,2,116,0.30093440413475037,0.020850419998168945,7021.0,0.3065001368522644,122,1
SLIM*SIG1,676053df-1802-11f0-8423-54a95b9ec813,auction,2,117,0.30093440413475037,0.015621423721313477,7393.0,0.3065001368522644,122,1
SLIM*SIG1,676053df-1802-11f0-8423-54a95b9ec813,auction,2,118,0.30093440413475037,0.015638113021850586,7710.0,0.3065001368522644,122,1
SLIM*SIG1,676053df-1802-11f0-8423-54a95b9ec813,auction,2,119,0.30093440413475037,0.031243324279785156,8901.0,0.3065001368522644,122,1
SLIM*SIG1,676053df-1802-11f0-8423-54a95b9ec813,auction,2,120,0.30086550116539,0.01903223991394043,9155.0,0.3066420555114746,135,1
SLIM*SIG1,676053df-1802-11f0-8423-54a95b9ec813,auction,2,121,0.30043721199035645,0.015620708465576172,9128.0,0.30742788314819336,148,1
SLIM*SIG1,676053df-1802-11f0-8423-54a95b9ec813,auction,2,122,0.30043721199035645,0.03125429153442383,9197.0,0.30742788314819336,148,1
SLIM*SIG1,676053df-1802-11f0-8423-54a95b9ec813,auction,2,123,0.30043721199035645,0.015524148941040039,9718.0,0.30742788314819336,148,1
SLIM*SIG1,676053df-1802-11f0-8423-54a95b9ec813,auction,2,124,0.30043721199035645,0.020771503448486328,10326.0,0.30742788314819336,148,1
SLIM*SIG1,676053df-1802-11f0-8423-54a95b9ec813,auction,2,125,0.30033496022224426,0.0318756103515625,10159.0,0.3070636987686157,148,1
SLIM*SIG1,676053df-1802-11f0-8423-54a95b9ec813,auction,2,126,0.30033496022224426,0.015736103057861328,10750.0,0.3070636987686157,148,1
SLIM*SIG1,676053df-1802-11f0-8423-54a95b9ec813,auction,2,127,0.30033496022224426,0.015629053115844727,10970.0,0.3070636987686157,148,1
SLIM*SIG1,676053df-1802-11f0-8423-54a95b9ec813,auction,2,128,0.30033496022224426,0.020617246627807617,10574.0,0.3070636987686157,148,1
SLIM*SIG1,676053df-1802-11f0-8423-54a95b9ec813,auction,2,129,0.30033496022224426,0.015508174896240234,10560.0,0.3070636987686157,148,1
SLIM*SIG1,676053df-1802-11f0-8423-54a95b9ec813,auction,2,130,0.30002254247665405,0.03126215934753418,10802.0,0.3067947030067444,161,1
SLIM*SIG1,676053df-1802-11f0-8423-54a95b9ec813,auction,2,131,0.30002254247665405,0.015623092651367188,10494.0,0.3067947030067444,161,1
SLIM*SIG1,676053df-1802-11f0-8423-54a95b9ec813,auction,2,132,0.30002254247665405,0.031351566314697266,10151.0,0.3067947030067444,161,1
SLIM*SIG1,676053df-1802-11f0-8423-54a95b9ec813,auction,2,133,0.30002254247665405,0.03124523162841797,10203.0,0.3067947030067444,161,1
SLIM*SIG1,676053df-1802-11f0-8423-54a95b9ec813,auction,2,134,0.30002254247665405,0.02459549903869629,9524.0,0.3067947030067444,161,1
SLIM*SIG1,676053df-1802-11f0-8423-54a95b9ec813,auction,2,135,0.30002254247665405,0.015617132186889648,9439.0,0.3067947030067444,161,1
SLIM*SIG1,676053df-1802-11f0-8423-54a95b9ec813,auction,2,136,0.30002254247665405,0.03114628791809082,9741.0,0.3067947030067444,161,1
SLIM*SIG1,676053df-1802-11f0-8423-54a95b9ec813,auction,2,137,0.3000188171863556,0.015686511993408203,10035.0,0.30678123235702515,174,1
SLIM*SIG1,676053df-1802-11f0-8423-54a95b9ec813,auction,2,138,0.3000188171863556,0.021389007568359375,10075.0,0.30678123235702515,174,1
SLIM*SIG1,676053df-1802-11f0-8423-54a95b9ec813,auction,2,139,0.3000188171863556,0.0313565731048584,10366.0,0.30678123235702515,174,1
SLIM*SIG1,676053df-1802-11f0-8423-54a95b9ec813,auction,2,140,0.3000188171863556,0.08448958396911621,10207.0,0.30678123235702515,174,1
SLIM*SIG1,676053df-1802-11f0-8423-54a95b9ec813,auction,2,141,0.3000188171863556,0.015622615814208984,9923.0,0.30678123235702515,174,1
SLIM*SIG1,676053df-1802-11f0-8423-54a95b9ec813,auction,2,142,0.3000188171863556,0.03126668930053711,10362.0,0.30678123235702515,174,1
SLIM*SIG1,676053df-1802-11f0-8423-54a95b9ec813,auction,2,143,0.2991551160812378,0.015606164932250977,11454.0,0.30418556928634644,187,1
SLIM*SIG1,676053df-1802-11f0-8423-54a95b9ec813,auction,2,144,0.2991551160812378,0.021807193756103516,11714.0,0.30418556928634644,187,1
SLIM*SIG1,676053df-1802-11f0-8423-54a95b9ec813,auction,2,145,0.2991551160812378,0.031342267990112305,12035.0,0.30418556928634644,187,1
SLIM*SIG1,676053df-1802-11f0-8423-54a95b9ec813,auction,2,146,0.2991551160812378,0.031250953674316406,12536.0,0.30418556928634644,187,1
SLIM*SIG1,676053df-1802-11f0-8423-54a95b9ec813,auction,2,147,0.29913660883903503,0.015624284744262695,13050.0,0.30420103669166565,174,1
SLIM*SIG1,676053df-1802-11f0-8423-54a95b9ec813,auction,2,148,0.29913660883903503,0.03812098503112793,13231.0,0.30420103669166565,174,1
SLIM*SIG1,676053df-1802-11f0-8423-54a95b9ec813,auction,2,149,0.29913660883903503,0.015528678894042969,13698.0,0.30420103669166565,174,1
SLIM*SIG1,676053df-1802-11f0-8423-54a95b9ec813,auction,2,150,0.29913660883903503,0.031245946884155273,13905.0,0.30420103669166565,174,1
SLIM*SIG1,676053df-1802-11f0-8423-54a95b9ec813,auction,2,151,0.29913660883903503,0.015729904174804688,13908.0,0.30420103669166565,174,1
SLIM*SIG1,676053df-1802-11f0-8423-54a95b9ec813,auction,2,152,0.29913660883903503,0.03690814971923828,14122.0,0.30420103669166565,174,1
SLIM*SIG1,676053df-1802-11f0-8423-54a95b9ec813,auction,2,153,0.29913660883903503,0.015622138977050781,14273.0,0.30420103669166565,174,1
SLIM*SIG1,676053df-1802-11f0-8423-54a95b9ec813,auction,2,154,0.29913660883903503,0.03125262260437012,14494.0,0.30420103669166565,174,1
SLIM*SIG1,676053df-1802-11f0-8423-54a95b9ec813,auction,2,155,0.29913660883903503,0.015623807907104492,14594.0,0.30420103669166565,174,1
SLIM*SIG1,676053df-1802-11f0-8423-54a95b9ec813,auction,2,156,0.29913660883903503,0.031247854232788086,14231.0,0.30420103669166565,174,1
SLIM*SIG1,676053df-1802-11f0-8423-54a95b9ec813,auction,2,157,0.29913660883903503,0.024097919464111328,13993.0,0.30420103669166565,174,1
SLIM*SIG1,676053df-1802-11f0-8423-54a95b9ec813,auction,2,158,0.29913660883903503,0.015734195709228516,14019.0,0.30420103669166565,174,1
SLIM*SIG1,676053df-1802-11f0-8423-54a95b9ec813,auction,2,159,0.29913660883903503,0.015622615814208984,13565.0,0.30420103669166565,174,1
SLIM*SIG1,676053df-1802-11f0-8423-54a95b9ec813,auction,2,160,0.29913660883903503,0.015522241592407227,12982.0,0.30420103669166565,174,1
SLIM*SIG1,676053df-1802-11f0-8423-54a95b9ec813,auction,2,161,0.29913660883903503,0.03584456443786621,12837.0,0.30420103669166565,174,1
SLIM*SIG1,676053df-1802-11f0-8423-54a95b9ec813,auction,2,162,0.29913660883903503,0.016166210174560547,12886.0,0.30420103669166565,174,1
SLIM*SIG1,676053df-1802-11f0-8423-54a95b9ec813,auction,2,163,0.2991250455379486,0.031230449676513672,12399.0,0.3039645850658417,187,1
SLIM*SIG1,676053df-1802-11f0-8423-54a95b9ec813,auction,2,164,0.2991250455379486,0.015659332275390625,12124.0,0.3039645850658417,187,1
SLIM*SIG1,676053df-1802-11f0-8423-54a95b9ec813,auction,2,165,0.2991250455379486,0.037702083587646484,12262.0,0.3039645850658417,187,1
SLIM*SIG1,676053df-1802-11f0-8423-54a95b9ec813,auction,2,166,0.2991250455379486,0.032659053802490234,12137.0,0.3039645850658417,187,1
SLIM*SIG1,676053df-1802-11f0-8423-54a95b9ec813,auction,2,167,0.2991250455379486,0.02732396125793457,12589.0,0.3039645850658417,187,1
SLIM*SIG1,676053df-1802-11f0-8423-54a95b9ec813,auction,2,168,0.2991250455379486,0.032164573669433594,12179.0,0.3039645850658417,187,1
SLIM*SIG1,676053df-1802-11f0-8423-54a95b9ec813,auction,2,169,0.2991250455379486,0.03103041648864746,12413.0,0.3039645850658417,187,1
SLIM*SIG1,676053df-1802-11f0-8423-54a95b9ec813,auction,2,170,0.2991250455379486,0.03244757652282715,11472.0,0.3039645850658417,187,1
SLIM*SIG1,676053df-1802-11f0-8423-54a95b9ec813,auction,2,171,0.299044132232666,0.029982328414916992,11660.0,0.30461207032203674,146,1
SLIM*SIG1,676053df-1802-11f0-8423-54a95b9ec813,auction,2,172,0.299044132232666,0.023632049560546875,11900.0,0.30461207032203674,146,1
SLIM*SIG1,676053df-1802-11f0-8423-54a95b9ec813,auction,2,173,0.299044132232666,0.031369924545288086,12624.0,0.30461207032203674,146,1
SLIM*SIG1,676053df-1802-11f0-8423-54a95b9ec813,auction,2,174,0.299044132232666,0.015519142150878906,12597.0,0.30461207032203674,146,1
SLIM*SIG1,676053df-1802-11f0-8423-54a95b9ec813,auction,2,175,0.299044132232666,0.03640389442443848,13233.0,0.30461207032203674,146,1
SLIM*SIG1,676053df-1802-11f0-8423-54a95b9ec813,auction,2,176,0.299044132232666,0.015115737915039062,13023.0,0.30461207032203674,146,1
SLIM*SIG1,676053df-1802-11f0-8423-54a95b9ec813,auction,2,177,0.299044132232666,0.031394243240356445,13410.0,0.30461207032203674,146,1
SLIM*SIG1,676053df-1802-11f0-8423-54a95b9ec813,auction,2,178,0.299044132232666,0.015593528747558594,13190.0,0.30461207032203674,146,1
SLIM*SIG1,676053df-1802-11f0-8423-54a95b9ec813,auction,2,179,0.299044132232666,0.015624761581420898,12896.0,0.30461207032203674,146,1
SLIM*SIG1,676053df-1802-11f0-8423-54a95b9ec813,auction,2,180,0.299044132232666,0.03993821144104004,12251.0,0.30461207032203674,146,1
SLIM*SIG1,676053df-1802-11f0-8423-54a95b9ec813,auction,2,181,0.299044132232666,0.015738487243652344,11497.0,0.30461207032203674,146,1
SLIM*SIG1,676053df-1802-11f0-8423-54a95b9ec813,auction,2,182,0.299044132232666,0.0283658504486084,11493.0,0.30461207032203674,146,1
SLIM*SIG1,676053df-1802-11f0-8423-54a95b9ec813,auction,2,183,0.299044132232666,0.01562952995300293,11065.0,0.30461207032203674,146,1
SLIM*SIG1,676053df-1802-11f0-8423-54a95b9ec813,auction,2,184,0.299044132232666,0.031242847442626953,10659.0,0.30461207032203674,146,1
SLIM*SIG1,676053df-1802-11f0-8423-54a95b9ec813,auction,2,185,0.299044132232666,0.031250715255737305,10289.0,0.30461207032203674,146,1
SLIM*SIG1,676053df-1802-11f0-8423-54a95b9ec813,auction,2,186,0.299044132232666,0.015629053115844727,10442.0,0.30461207032203674,146,1
SLIM*SIG1,676053df-1802-11f0-8423-54a95b9ec813,auction,2,187,0.299044132232666,0.03124213218688965,10267.0,0.30461207032203674,146,1
SLIM*SIG1,676053df-1802-11f0-8423-54a95b9ec813,auction,2,188,0.299044132232666,0.028048276901245117,9882.0,0.30461207032203674,146,1
SLIM*SIG1,676053df-1802-11f0-8423-54a95b9ec813,auction,2,189,0.299044132232666,0.017160892486572266,9787.0,0.30461207032203674,146,1
SLIM*SIG1,676053df-1802-11f0-8423-54a95b9ec813,auction,2,190,0.299044132232666,0.015633106231689453,9824.0,0.30461207032203674,146,1
SLIM*SIG1,676053df-1802-11f0-8423-54a95b9ec813,auction,2,191,0.299044132232666,0.031258344650268555,10630.0,0.30461207032203674,146,1
SLIM*SIG1,676053df-1802-11f0-8423-54a95b9ec813,auction,2,192,0.299044132232666,0.015609264373779297,10299.0,0.30461207032203674,146,1
SLIM*SIG1,676053df-1802-11f0-8423-54a95b9ec813,auction,2,193,0.299044132232666,0.022042036056518555,11018.0,0.30461207032203674,146,1
SLIM*SIG1,676053df-1802-11f0-8423-54a95b9ec813,auction,2,194,0.299044132232666,0.015626907348632812,11846.0,0.30461207032203674,146,1
SLIM*SIG1,676053df-1802-11f0-8423-54a95b9ec813,auction,2,195,0.299044132232666,0.031249523162841797,11144.0,0.30461207032203674,146,1
SLIM*SIG1,676053df-1802-11f0-8423-54a95b9ec813,auction,2,196,0.29878562688827515,0.015630722045898438,11376.0,0.3052888512611389,159,1
SLIM*SIG1,676053df-1802-11f0-8423-54a95b9ec813,auction,2,197,0.29878562688827515,0.03125619888305664,11155.0,0.3052888512611389,159,1
SLIM*SIG1,676053df-1802-11f0-8423-54a95b9ec813,auction,2,198,0.29878562688827515,0.023982524871826172,11042.0,0.3052888512611389,159,1
SLIM*SIG1,676053df-1802-11f0-8423-54a95b9ec813,auction,2,199,0.29878562688827515,0.015724658966064453,10723.0,0.3052888512611389,159,1
SLIM*SIG1,676053df-1802-11f0-8423-54a95b9ec813,auction,2,200,0.29870814085006714,0.03125190734863281,10853.0,0.30523020029067993,172,1
SLIM*SIG1,676053df-1802-11f0-8423-54a95b9ec813,auction,2,201,0.29870814085006714,0.01563739776611328,11308.0,0.30523020029067993,172,1
SLIM*SIG1,676053df-1802-11f0-8423-54a95b9ec813,auction,2,202,0.29870814085006714,0.031241655349731445,11813.0,0.30523020029067993,172,1
SLIM*SIG1,676053df-1802-11f0-8423-54a95b9ec813,auction,2,203,0.29849469661712646,0.02196788787841797,11481.0,0.30411872267723083,185,1
SLIM*SIG1,676053df-1802-11f0-8423-54a95b9ec813,auction,2,204,0.29849469661712646,0.031256914138793945,12061.0,0.30411872267723083,185,1
SLIM*SIG1,676053df-1802-11f0-8423-54a95b9ec813,auction,2,205,0.29831674695014954,0.015638351440429688,12239.0,0.3039183020591736,198,1
SLIM*SIG1,676053df-1802-11f0-8423-54a95b9ec813,auction,2,206,0.29831674695014954,0.03490900993347168,13622.0,0.3039183020591736,198,1
SLIM*SIG1,676053df-1802-11f0-8423-54a95b9ec813,auction,2,207,0.29831674695014954,0.017162799835205078,13815.0,0.3039183020591736,198,1
SLIM*SIG1,676053df-1802-11f0-8423-54a95b9ec813,auction,2,208,0.29831674695014954,0.03135991096496582,13915.0,0.3039183020591736,198,1
SLIM*SIG1,676053df-1802-11f0-8423-54a95b9ec813,auction,2,209,0.29831674695014954,0.015642642974853516,14547.0,0.3039183020591736,198,1
SLIM*SIG1,676053df-1802-11f0-8423-54a95b9ec813,auction,2,210,0.29831674695014954,0.03633260726928711,14350.0,0.3039183020591736,198,1
SLIM*SIG1,676053df-1802-11f0-8423-54a95b9ec813,auction,2,211,0.29831674695014954,0.015736818313598633,14194.0,0.3039183020591736,198,1
SLIM*SIG1,676053df-1802-11f0-8423-54a95b9ec813,auction,2,212,0.29831674695014954,0.031246185302734375,15139.0,0.3039183020591736,198,1
SLIM*SIG1,676053df-1802-11f0-8423-54a95b9ec813,auction,2,213,0.29831674695014954,0.015623092651367188,15291.0,0.3039183020591736,198,1
SLIM*SIG1,676053df-1802-11f0-8423-54a95b9ec813,auction,2,214,0.29831674695014954,0.022253751754760742,15187.0,0.3039183020591736,198,1
SLIM*SIG1,676053df-1802-11f0-8423-54a95b9ec813,auction,2,215,0.29831674695014954,0.015730619430541992,14981.0,0.3039183020591736,198,1
SLIM*SIG1,676053df-1802-11f0-8423-54a95b9ec813,auction,2,216,0.29831674695014954,0.031247377395629883,14593.0,0.3039183020591736,198,1
SLIM*SIG1,676053df-1802-11f0-8423-54a95b9ec813,auction,2,217,0.29831674695014954,0.015627145767211914,15141.0,0.3039183020591736,198,1
SLIM*SIG1,676053df-1802-11f0-8423-54a95b9ec813,auction,2,218,0.29831674695014954,0.0216522216796875,15637.0,0.3039183020591736,198,1
SLIM*SIG1,676053df-1802-11f0-8423-54a95b9ec813,auction,2,219,0.29831674695014954,0.015604972839355469,15813.0,0.3039183020591736,198,1
SLIM*SIG1,676053df-1802-11f0-8423-54a95b9ec813,auction,2,220,0.29831674695014954,0.03136491775512695,15228.0,0.3039183020591736,198,1
SLIM*SIG1,676053df-1802-11f0-8423-54a95b9ec813,auction,2,221,0.29831674695014954,0.031250715255737305,15308.0,0.3039183020591736,198,1
SLIM*SIG1,676053df-1802-11f0-8423-54a95b9ec813,auction,2,222,0.29831674695014954,0.021451473236083984,15512.0,0.3039183020591736,198,1
SLIM*SIG1,676053df-1802-11f0-8423-54a95b9ec813,auction,2,223,0.29831674695014954,0.01572728157043457,15267.0,0.3039183020591736,198,1
SLIM*SIG1,676053df-1802-11f0-8423-54a95b9ec813,auction,2,224,0.29831674695014954,0.031249046325683594,14745.0,0.3039183020591736,198,1
SLIM*SIG1,676053df-1802-11f0-8423-54a95b9ec813,auction,2,225,0.29831674695014954,0.015545845031738281,14359.0,0.3039183020591736,198,1
SLIM*SIG1,676053df-1802-11f0-8423-54a95b9ec813,auction,2,226,0.29831674695014954,0.015620946884155273,14610.0,0.3039183020591736,198,1
SLIM*SIG1,676053df-1802-11f0-8423-54a95b9ec813,auction,2,227,0.29831674695014954,0.03125286102294922,15535.0,0.3039183020591736,198,1
SLIM*SIG1,676053df-1802-11f0-8423-54a95b9ec813,auction,2,228,0.29831674695014954,0.031245946884155273,15689.0,0.3039183020591736,198,1
SLIM*SIG1,676053df-1802-11f0-8423-54a95b9ec813,auction,2,229,0.29831674695014954,0.03125500679016113,15895.0,0.3039183020591736,198,1
SLIM*SIG1,676053df-1802-11f0-8423-54a95b9ec813,auction,2,230,0.29831674695014954,0.015629053115844727,15078.0,0.3039183020591736,198,1
SLIM*SIG1,676053df-1802-11f0-8423-54a95b9ec813,auction,2,231,0.29831674695014954,0.030472993850708008,14631.0,0.3039183020591736,198,1
SLIM*SIG1,676053df-1802-11f0-8423-54a95b9ec813,auction,2,232,0.29831674695014954,0.015720129013061523,15056.0,0.3039183020591736,198,1
SLIM*SIG1,676053df-1802-11f0-8423-54a95b9ec813,auction,2,233,0.29831674695014954,0.03126788139343262,16176.0,0.3039183020591736,198,1
SLIM*SIG1,676053df-1802-11f0-8423-54a95b9ec813,auction,2,234,0.29831674695014954,0.015622377395629883,16692.0,0.3039183020591736,198,1
SLIM*SIG1,676053df-1802-11f0-8423-54a95b9ec813,auction,2,235,0.29831674695014954,0.03698921203613281,16469.0,0.3039183020591736,198,1
SLIM*SIG1,676053df-1802-11f0-8423-54a95b9ec813,auction,2,236,0.29831674695014954,0.01572418212890625,16518.0,0.3039183020591736,198,1
SLIM*SIG1,676053df-1802-11f0-8423-54a95b9ec813,auction,2,237,0.29831674695014954,0.03125810623168945,15634.0,0.3039183020591736,198,1
SLIM*SIG1,676053df-1802-11f0-8423-54a95b9ec813,auction,2,238,0.29831674695014954,0.031249284744262695,15210.0,0.3039183020591736,198,1
SLIM*SIG1,676053df-1802-11f0-8423-54a95b9ec813,auction,2,239,0.29831674695014954,0.022624969482421875,14894.0,0.3039183020591736,198,1
SLIM*SIG1,676053df-1802-11f0-8423-54a95b9ec813,auction,2,240,0.2980220317840576,0.031357526779174805,14874.0,0.30375635623931885,211,1
SLIM*SIG1,676053df-1802-11f0-8423-54a95b9ec813,auction,2,241,0.2980220317840576,0.01562190055847168,14487.0,0.30375635623931885,211,1
SLIM*SIG1,676053df-1802-11f0-8423-54a95b9ec813,auction,2,242,0.2980220317840576,0.03125572204589844,14669.0,0.30375635623931885,211,1
SLIM*SIG1,676053df-1802-11f0-8423-54a95b9ec813,auction,2,243,0.2980220317840576,0.020891666412353516,15052.0,0.30375635623931885,211,1
SLIM*SIG1,676053df-1802-11f0-8423-54a95b9ec813,auction,2,244,0.2980220317840576,0.03135395050048828,15106.0,0.30375635623931885,211,1
SLIM*SIG1,676053df-1802-11f0-8423-54a95b9ec813,auction,2,245,0.2980220317840576,0.0312502384185791,14961.0,0.30375635623931885,211,1
SLIM*SIG1,676053df-1802-11f0-8423-54a95b9ec813,auction,2,246,0.2980220317840576,0.015622377395629883,15258.0,0.30375635623931885,211,1
SLIM*SIG1,676053df-1802-11f0-8423-54a95b9ec813,auction,2,247,0.2980220317840576,0.03771805763244629,15022.0,0.30375635623931885,211,1
SLIM*SIG1,676053df-1802-11f0-8423-54a95b9ec813,auction,2,248,0.2980220317840576,0.015523195266723633,15074.0,0.30375635623931885,211,1
SLIM*SIG1,676053df-1802-11f0-8423-54a95b9ec813,auction,2,249,0.2980220317840576,0.03196907043457031,15427.0,0.30375635623931885,211,1
SLIM*SIG1,676053df-1802-11f0-8423-54a95b9ec813,auction,2,250,0.2980220317840576,0.033972740173339844,15241.0,0.30375635623931885,211,1
SLIM*SIG1,676053df-1802-11f0-8423-54a95b9ec813,auction,2,251,0.2980065941810608,0.03312373161315918,15189.0,0.3040255010128021,185,1
SLIM*SIG1,676053df-1802-11f0-8423-54a95b9ec813,auction,2,252,0.2980065941810608,0.032796621322631836,13978.0,0.3040255010128021,185,1
SLIM*SIG1,676053df-1802-11f0-8423-54a95b9ec813,auction,2,253,0.2980065941810608,0.0372927188873291,13748.0,0.3040255010128021,185,1
SLIM*SIG1,676053df-1802-11f0-8423-54a95b9ec813,auction,2,254,0.2980065941810608,0.0322573184967041,14194.0,0.3040255010128021,185,1
SLIM*SIG1,676053df-1802-11f0-8423-54a95b9ec813,auction,2,255,0.2980065941810608,0.027502059936523438,14552.0,0.3040255010128021,185,1
SLIM*SIG1,676053df-1802-11f0-8423-54a95b9ec813,auction,2,256,0.2980065941810608,0.01573801040649414,14346.0,0.3040255010128021,185,1
SLIM*SIG1,676053df-1802-11f0-8423-54a95b9ec813,auction,2,257,0.2980065941810608,0.03791999816894531,13841.0,0.3040255010128021,185,1
SLIM*SIG1,676053df-1802-11f0-8423-54a95b9ec813,auction,2,258,0.2980065941810608,0.031360626220703125,13465.0,0.3040255010128021,185,1
SLIM*SIG1,676053df-1802-11f0-8423-54a95b9ec813,auction,2,259,0.2980065941810608,0.015619039535522461,14037.0,0.3040255010128021,185,1
SLIM*SIG1,676053df-1802-11f0-8423-54a95b9ec813,auction,2,260,0.2980065941810608,0.03124833106994629,14798.0,0.3040255010128021,185,1
SLIM*SIG1,676053df-1802-11f0-8423-54a95b9ec813,auction,2,261,0.2980065941810608,0.036580801010131836,14757.0,0.3040255010128021,185,1
SLIM*SIG1,676053df-1802-11f0-8423-54a95b9ec813,auction,2,262,0.2980065941810608,0.01562809944152832,14487.0,0.3040255010128021,185,1
SLIM*SIG1,676053df-1802-11f0-8423-54a95b9ec813,auction,2,263,0.2980065941810608,0.031247377395629883,14352.0,0.3040255010128021,185,1
SLIM*SIG1,676053df-1802-11f0-8423-54a95b9ec813,auction,2,264,0.2980065941810608,0.034803152084350586,13904.0,0.3040255010128021,185,1
SLIM*SIG1,676053df-1802-11f0-8423-54a95b9ec813,auction,2,265,0.2980065941810608,0.016907930374145508,13913.0,0.3040255010128021,185,1
SLIM*SIG1,676053df-1802-11f0-8423-54a95b9ec813,auction,2,266,0.2980065941810608,0.01562666893005371,14030.0,0.3040255010128021,185,1
SLIM*SIG1,676053df-1802-11f0-8423-54a95b9ec813,auction,2,267,0.2980065941810608,0.01564168930053711,13755.0,0.3040255010128021,185,1
SLIM*SIG1,676053df-1802-11f0-8423-54a95b9ec813,auction,2,268,0.2980065941810608,0.03123950958251953,13807.0,0.3040255010128021,185,1
SLIM*SIG1,676053df-1802-11f0-8423-54a95b9ec813,auction,2,269,0.2980065941810608,0.02198481559753418,13551.0,0.3040255010128021,185,1
SLIM*SIG1,676053df-1802-11f0-8423-54a95b9ec813,auction,2,270,0.2980065941810608,0.031249523162841797,13382.0,0.3040255010128021,185,1
SLIM*SIG1,676053df-1802-11f0-8423-54a95b9ec813,auction,2,271,0.2980065941810608,0.015627145767211914,13154.0,0.3040255010128021,185,1
SLIM*SIG1,676053df-1802-11f0-8423-54a95b9ec813,auction,2,272,0.2980065941810608,0.015623092651367188,12753.0,0.3040255010128021,185,1
SLIM*SIG1,676053df-1802-11f0-8423-54a95b9ec813,auction,2,273,0.2980065941810608,0.03444719314575195,12431.0,0.3040255010128021,185,1
SLIM*SIG1,676053df-1802-11f0-8423-54a95b9ec813,auction,2,274,0.2980065941810608,0.019975900650024414,12253.0,0.3040255010128021,185,1
SLIM*SIG1,676053df-1802-11f0-8423-54a95b9ec813,auction,2,275,0.2979915738105774,0.015620946884155273,12326.0,0.3001413941383362,133,1
SLIM*SIG1,676053df-1802-11f0-8423-54a95b9ec813,auction,2,276,0.2979915738105774,0.031252384185791016,12016.0,0.3001413941383362,133,1
SLIM*SIG1,676053df-1802-11f0-8423-54a95b9ec813,auction,2,277,0.2979915738105774,0.015621662139892578,12376.0,0.3001413941383362,133,1
SLIM*SIG1,676053df-1802-11f0-8423-54a95b9ec813,auction,2,278,0.2979915738105774,0.03911852836608887,12125.0,0.3001413941383362,133,1
SLIM*SIG1,676053df-1802-11f0-8423-54a95b9ec813,auction,2,279,0.29745662212371826,0.015630006790161133,12151.0,0.3010895252227783,133,1
SLIM*SIG1,676053df-1802-11f0-8423-54a95b9ec813,auction,2,280,0.29745662212371826,0.03125262260437012,11553.0,0.3010895252227783,133,1
SLIM*SIG1,676053df-1802-11f0-8423-54a95b9ec813,auction,2,281,0.29745662212371826,0.015625,11263.0,0.3010895252227783,133,1
SLIM*SIG1,676053df-1802-11f0-8423-54a95b9ec813,auction,2,282,0.29745662212371826,0.031239748001098633,10119.0,0.3010895252227783,133,1
SLIM*SIG1,676053df-1802-11f0-8423-54a95b9ec813,auction,2,283,0.29745662212371826,0.01563239097595215,9612.0,0.3010895252227783,133,1
SLIM*SIG1,676053df-1802-11f0-8423-54a95b9ec813,auction,2,284,0.29745662212371826,0.015615701675415039,9304.0,0.3010895252227783,133,1
SLIM*SIG1,676053df-1802-11f0-8423-54a95b9ec813,auction,2,285,0.2967976927757263,0.0312502384185791,8992.0,0.30119213461875916,146,1
SLIM*SIG1,676053df-1802-11f0-8423-54a95b9ec813,auction,2,286,0.2967976927757263,0.027308225631713867,8890.0,0.30119213461875916,146,1
SLIM*SIG1,676053df-1802-11f0-8423-54a95b9ec813,auction,2,287,0.2967976927757263,0.01572895050048828,8143.0,0.30119213461875916,146,1
SLIM*SIG1,676053df-1802-11f0-8423-54a95b9ec813,auction,2,288,0.2967976927757263,0.015621185302734375,8225.0,0.30119213461875916,146,1
SLIM*SIG1,676053df-1802-11f0-8423-54a95b9ec813,auction,2,289,0.2967976927757263,0.0312502384185791,8452.0,0.30119213461875916,146,1
SLIM*SIG1,676053df-1802-11f0-8423-54a95b9ec813,auction,2,290,0.29670456051826477,0.03125619888305664,8326.0,0.30060622096061707,133,1
SLIM*SIG1,676053df-1802-11f0-8423-54a95b9ec813,auction,2,291,0.29670456051826477,0.018814802169799805,8300.0,0.30060622096061707,133,1
SLIM*SIG1,676053df-1802-11f0-8423-54a95b9ec813,auction,2,292,0.29670456051826477,0.015627384185791016,8428.0,0.30060622096061707,133,1
SLIM*SIG1,676053df-1802-11f0-8423-54a95b9ec813,auction,2,293,0.29670456051826477,0.015625476837158203,8634.0,0.30060622096061707,133,1
SLIM*SIG1,676053df-1802-11f0-8423-54a95b9ec813,auction,2,294,0.29670456051826477,0.031249523162841797,8733.0,0.30060622096061707,133,1
SLIM*SIG1,676053df-1802-11f0-8423-54a95b9ec813,auction,2,295,0.2966454029083252,0.02161693572998047,8265.0,0.30058735609054565,146,1
SLIM*SIG1,676053df-1802-11f0-8423-54a95b9ec813,auction,2,296,0.2966454029083252,0.015107154846191406,8413.0,0.30058735609054565,146,1
SLIM*SIG1,676053df-1802-11f0-8423-54a95b9ec813,auction,2,297,0.2966454029083252,0.03135943412780762,9061.0,0.30058735609054565,146,1
SLIM*SIG1,676053df-1802-11f0-8423-54a95b9ec813,auction,2,298,0.2966454029083252,0.01563096046447754,8974.0,0.30058735609054565,146,1
SLIM*SIG1,676053df-1802-11f0-8423-54a95b9ec813,auction,2,299,0.2966454029083252,0.03124833106994629,9256.0,0.30058735609054565,146,1
SLIM*SIG1,676053df-1802-11f0-8423-54a95b9ec813,auction,2,300,0.2963355779647827,0.015622615814208984,9614.0,0.3005715608596802,133,1
SLIM*SIG1,676053df-1802-11f0-8423-54a95b9ec813,auction,2,301,0.2963355779647827,0.024944543838500977,10218.0,0.3005715608596802,133,1
SLIM*SIG1,676053df-1802-11f0-8423-54a95b9ec813,auction,2,302,0.2963355779647827,0.015727519989013672,10164.0,0.3005715608596802,133,1
SLIM*SIG1,676053df-1802-11f0-8423-54a95b9ec813,auction,2,303,0.2963355779647827,0.0312647819519043,10797.0,0.3005715608596802,133,1
SLIM*SIG1,676053df-1802-11f0-8423-54a95b9ec813,auction,2,304,0.2963355779647827,0.03124403953552246,11031.0,0.3005715608596802,133,1
SLIM*SIG1,676053df-1802-11f0-8423-54a95b9ec813,auction,2,305,0.2963355779647827,0.02194809913635254,10994.0,0.3005715608596802,133,1
SLIM*SIG1,676053df-1802-11f0-8423-54a95b9ec813,auction,2,306,0.2963355779647827,0.015733003616333008,10775.0,0.3005715608596802,133,1
SLIM*SIG1,676053df-1802-11f0-8423-54a95b9ec813,auction,2,307,0.2963355779647827,0.03124833106994629,10666.0,0.3005715608596802,133,1
SLIM*SIG1,676053df-1802-11f0-8423-54a95b9ec813,auction,2,308,0.2963355779647827,0.015624523162841797,10852.0,0.3005715608596802,133,1
SLIM*SIG1,676053df-1802-11f0-8423-54a95b9ec813,auction,2,309,0.2963355779647827,0.01563119888305664,10482.0,0.3005715608596802,133,1
SLIM*SIG1,676053df-1802-11f0-8423-54a95b9ec813,auction,2,310,0.2963355779647827,0.021827220916748047,10172.0,0.3005715608596802,133,1
SLIM*SIG1,676053df-1802-11f0-8423-54a95b9ec813,auction,2,311,0.2963355779647827,0.09932470321655273,9977.0,0.3005715608596802,133,1
SLIM*SIG1,676053df-1802-11f0-8423-54a95b9ec813,auction,2,312,0.29601138830184937,0.015111684799194336,10431.0,0.29934924840927124,133,1
SLIM*SIG1,676053df-1802-11f0-8423-54a95b9ec813,auction,2,313,0.29601138830184937,0.03135800361633301,10424.0,0.29934924840927124,133,1
SLIM*SIG1,676053df-1802-11f0-8423-54a95b9ec813,auction,2,314,0.29601138830184937,0.015646934509277344,10013.0,0.29934924840927124,133,1
SLIM*SIG1,676053df-1802-11f0-8423-54a95b9ec813,auction,2,315,0.29601138830184937,0.036321401596069336,9902.0,0.29934924840927124,133,1
SLIM*SIG1,676053df-1802-11f0-8423-54a95b9ec813,auction,2,316,0.29601138830184937,0.017012596130371094,10264.0,0.29934924840927124,133,1
SLIM*SIG1,676053df-1802-11f0-8423-54a95b9ec813,auction,2,317,0.29601138830184937,0.015635967254638672,10534.0,0.29934924840927124,133,1
SLIM*SIG1,676053df-1802-11f0-8423-54a95b9ec813,auction,2,318,0.29601138830184937,0.03126049041748047,9673.0,0.29934924840927124,133,1
SLIM*SIG1,676053df-1802-11f0-8423-54a95b9ec813,auction,2,319,0.29601138830184937,0.01561117172241211,9188.0,0.29934924840927124,133,1
SLIM*SIG1,676053df-1802-11f0-8423-54a95b9ec813,auction,2,320,0.29601138830184937,0.021258115768432617,8813.0,0.29934924840927124,133,1
SLIM*SIG1,676053df-1802-11f0-8423-54a95b9ec813,auction,2,321,0.29601138830184937,0.031354427337646484,8983.0,0.29934924840927124,133,1
SLIM*SIG1,676053df-1802-11f0-8423-54a95b9ec813,auction,2,322,0.29601138830184937,0.01562786102294922,9681.0,0.29934924840927124,133,1
SLIM*SIG1,676053df-1802-11f0-8423-54a95b9ec813,auction,2,323,0.29601138830184937,0.031247615814208984,9708.0,0.29934924840927124,133,1
SLIM*SIG1,676053df-1802-11f0-8423-54a95b9ec813,auction,2,324,0.29601138830184937,0.015617132186889648,9674.0,0.29934924840927124,133,1
SLIM*SIG1,676053df-1802-11f0-8423-54a95b9ec813,auction,2,325,0.29601138830184937,0.036545753479003906,9826.0,0.29934924840927124,133,1
SLIM*SIG1,676053df-1802-11f0-8423-54a95b9ec813,auction,2,326,0.29601138830184937,0.01935577392578125,10333.0,0.29934924840927124,133,1
SLIM*SIG1,676053df-1802-11f0-8423-54a95b9ec813,auction,2,327,0.29601138830184937,0.015624523162841797,10424.0,0.29934924840927124,133,1
SLIM*SIG1,676053df-1802-11f0-8423-54a95b9ec813,auction,2,328,0.29601138830184937,0.03125357627868652,10459.0,0.29934924840927124,133,1
SLIM*SIG1,676053df-1802-11f0-8423-54a95b9ec813,auction,2,329,0.29601138830184937,0.015623092651367188,10242.0,0.29934924840927124,133,1
SLIM*SIG1,676053df-1802-11f0-8423-54a95b9ec813,auction,2,330,0.29601138830184937,0.019898176193237305,9991.0,0.29934924840927124,133,1
SLIM*SIG1,676053df-1802-11f0-8423-54a95b9ec813,auction,2,331,0.29601138830184937,0.03135061264038086,10736.0,0.29934924840927124,133,1
SLIM*SIG1,676053df-1802-11f0-8423-54a95b9ec813,auction,2,332,0.2959384620189667,0.015627145767211914,11235.0,0.2992990016937256,146,1
SLIM*SIG1,676053df-1802-11f0-8423-54a95b9ec813,auction,2,333,0.2959384620189667,0.031243324279785156,11274.0,0.2992990016937256,146,1
SLIM*SIG1,676053df-1802-11f0-8423-54a95b9ec813,auction,2,334,0.2959384620189667,0.037940263748168945,12134.0,0.2992990016937256,146,1
SLIM*SIG1,676053df-1802-11f0-8423-54a95b9ec813,auction,2,335,0.2958782911300659,0.028678417205810547,11432.0,0.29944276809692383,159,1
SLIM*SIG1,676053df-1802-11f0-8423-54a95b9ec813,auction,2,336,0.2958782911300659,0.028563976287841797,11328.0,0.29944276809692383,159,1
SLIM*SIG1,676053df-1802-11f0-8423-54a95b9ec813,auction,2,337,0.2958782911300659,0.0342106819152832,12058.0,0.29944276809692383,159,1
SLIM*SIG1,676053df-1802-11f0-8423-54a95b9ec813,auction,2,338,0.2958782911300659,0.03235793113708496,11641.0,0.29944276809692383,159,1
SLIM*SIG1,676053df-1802-11f0-8423-54a95b9ec813,auction,2,339,0.2958782911300659,0.03693556785583496,11073.0,0.29944276809692383,159,1
SLIM*SIG1,676053df-1802-11f0-8423-54a95b9ec813,auction,2,340,0.2958782911300659,0.02847003936767578,11070.0,0.29944276809692383,159,1
SLIM*SIG1,676053df-1802-11f0-8423-54a95b9ec813,auction,2,341,0.29570916295051575,0.025569438934326172,11917.0,0.2988264560699463,172,1
SLIM*SIG1,676053df-1802-11f0-8423-54a95b9ec813,auction,2,342,0.29570916295051575,0.03135514259338379,12047.0,0.2988264560699463,172,1
SLIM*SIG1,676053df-1802-11f0-8423-54a95b9ec813,auction,2,343,0.29570916295051575,0.03126645088195801,12334.0,0.2988264560699463,172,1
SLIM*SIG1,676053df-1802-11f0-8423-54a95b9ec813,auction,2,344,0.29570916295051575,0.01561117172241211,12051.0,0.2988264560699463,172,1
SLIM*SIG1,676053df-1802-11f0-8423-54a95b9ec813,auction,2,345,0.29466861486434937,0.020435094833374023,12096.0,0.2974955439567566,172,1
SLIM*SIG1,676053df-1802-11f0-8423-54a95b9ec813,auction,2,346,0.29466861486434937,0.031349897384643555,11841.0,0.2974955439567566,172,1
SLIM*SIG1,676053df-1802-11f0-8423-54a95b9ec813,auction,2,347,0.29466861486434937,0.015633344650268555,12008.0,0.2974955439567566,172,1
SLIM*SIG1,676053df-1802-11f0-8423-54a95b9ec813,auction,2,348,0.29466861486434937,0.03124690055847168,12241.0,0.2974955439567566,172,1
SLIM*SIG1,676053df-1802-11f0-8423-54a95b9ec813,auction,2,349,0.29466861486434937,0.021018505096435547,12122.0,0.2974955439567566,172,1
SLIM*SIG1,676053df-1802-11f0-8423-54a95b9ec813,auction,2,350,0.29466861486434937,0.015730619430541992,11614.0,0.2974955439567566,172,1
SLIM*SIG1,676053df-1802-11f0-8423-54a95b9ec813,auction,2,351,0.2946205735206604,0.0312504768371582,11456.0,0.2978629171848297,185,1
SLIM*SIG1,676053df-1802-11f0-8423-54a95b9ec813,auction,2,352,0.2946205735206604,0.01562666893005371,11677.0,0.2978629171848297,185,1
SLIM*SIG1,676053df-1802-11f0-8423-54a95b9ec813,auction,2,353,0.2946205735206604,0.022153615951538086,12056.0,0.2978629171848297,185,1
SLIM*SIG1,676053df-1802-11f0-8423-54a95b9ec813,auction,2,354,0.2946205735206604,0.015726804733276367,11564.0,0.2978629171848297,185,1
SLIM*SIG1,676053df-1802-11f0-8423-54a95b9ec813,auction,2,355,0.2946205735206604,0.015627145767211914,11189.0,0.2978629171848297,185,1
SLIM*SIG1,676053df-1802-11f0-8423-54a95b9ec813,auction,2,356,0.2946205735206604,0.031252384185791016,11540.0,0.2978629171848297,185,1
SLIM*SIG1,676053df-1802-11f0-8423-54a95b9ec813,auction,2,357,0.2946205735206604,0.01562643051147461,11085.0,0.2978629171848297,185,1
SLIM*SIG1,676053df-1802-11f0-8423-54a95b9ec813,auction,2,358,0.2946205735206604,0.021271705627441406,10632.0,0.2978629171848297,185,1
SLIM*SIG1,676053df-1802-11f0-8423-54a95b9ec813,auction,2,359,0.2946205735206604,0.031385183334350586,10485.0,0.2978629171848297,185,1
SLIM*SIG1,676053df-1802-11f0-8423-54a95b9ec813,auction,2,360,0.2946205735206604,0.015595674514770508,11079.0,0.2978629171848297,185,1
SLIM*SIG1,676053df-1802-11f0-8423-54a95b9ec813,auction,2,361,0.2946205735206604,0.031249284744262695,11668.0,0.2978629171848297,185,1
SLIM*SIG1,676053df-1802-11f0-8423-54a95b9ec813,auction,2,362,0.2946205735206604,0.015621662139892578,11666.0,0.2978629171848297,185,1
SLIM*SIG1,676053df-1802-11f0-8423-54a95b9ec813,auction,2,363,0.2946205735206604,0.031252384185791016,11549.0,0.2978629171848297,185,1
SLIM*SIG1,676053df-1802-11f0-8423-54a95b9ec813,auction,2,364,0.2946205735206604,0.023998498916625977,12082.0,0.2978629171848297,185,1
SLIM*SIG1,676053df-1802-11f0-8423-54a95b9ec813,auction,2,365,0.2946205735206604,0.015615701675415039,11943.0,0.2978629171848297,185,1
SLIM*SIG1,676053df-1802-11f0-8423-54a95b9ec813,auction,2,366,0.2946205735206604,0.0312652587890625,12235.0,0.2978629171848297,185,1
SLIM*SIG1,676053df-1802-11f0-8423-54a95b9ec813,auction,2,367,0.2946205735206604,0.015621185302734375,12551.0,0.2978629171848297,185,1
SLIM*SIG1,676053df-1802-11f0-8423-54a95b9ec813,auction,2,368,0.2946205735206604,0.02288031578063965,12807.0,0.2978629171848297,185,1
SLIM*SIG1,676053df-1802-11f0-8423-54a95b9ec813,auction,2,369,0.2946205735206604,0.015622377395629883,12538.0,0.2978629171848297,185,1
SLIM*SIG1,676053df-1802-11f0-8423-54a95b9ec813,auction,2,370,0.2946205735206604,0.015622138977050781,12595.0,0.2978629171848297,185,1
SLIM*SIG1,676053df-1802-11f0-8423-54a95b9ec813,auction,2,371,0.2946205735206604,0.031249046325683594,12723.0,0.2978629171848297,185,1
SLIM*SIG1,676053df-1802-11f0-8423-54a95b9ec813,auction,2,372,0.2946205735206604,0.02124500274658203,13254.0,0.2978629171848297,185,1
SLIM*SIG1,676053df-1802-11f0-8423-54a95b9ec813,auction,2,373,0.2946205735206604,0.01571965217590332,13555.0,0.2978629171848297,185,1
SLIM*SIG1,676053df-1802-11f0-8423-54a95b9ec813,auction,2,374,0.2946205735206604,0.03126239776611328,13475.0,0.2978629171848297,185,1
SLIM*SIG1,676053df-1802-11f0-8423-54a95b9ec813,auction,2,375,0.29456576704978943,0.03125596046447754,14296.0,0.2980506122112274,185,1
SLIM*SIG1,676053df-1802-11f0-8423-54a95b9ec813,auction,2,376,0.29456576704978943,0.0223538875579834,14742.0,0.2980506122112274,185,1
SLIM*SIG1,676053df-1802-11f0-8423-54a95b9ec813,auction,2,377,0.29456576704978943,0.01572895050048828,14903.0,0.2980506122112274,185,1
SLIM*SIG1,676053df-1802-11f0-8423-54a95b9ec813,auction,2,378,0.29456576704978943,0.031248092651367188,14476.0,0.2980506122112274,185,1
SLIM*SIG1,676053df-1802-11f0-8423-54a95b9ec813,auction,2,379,0.29456576704978943,0.031247854232788086,14229.0,0.2980506122112274,185,1
SLIM*SIG1,676053df-1802-11f0-8423-54a95b9ec813,auction,2,380,0.29410481452941895,0.0207979679107666,13945.0,0.2997686564922333,187,1
SLIM*SIG1,676053df-1802-11f0-8423-54a95b9ec813,auction,2,381,0.29084470868110657,0.03135967254638672,14601.0,0.2958131432533264,174,1
SLIM*SIG1,676053df-1802-11f0-8423-54a95b9ec813,auction,2,382,0.29084470868110657,0.015619039535522461,14367.0,0.2958131432533264,174,1
SLIM*SIG1,676053df-1802-11f0-8423-54a95b9ec813,auction,2,383,0.29084470868110657,0.031151294708251953,14158.0,0.2958131432533264,174,1
SLIM*SIG1,676053df-1802-11f0-8423-54a95b9ec813,auction,2,384,0.29084470868110657,0.022143125534057617,13987.0,0.2958131432533264,174,1
SLIM*SIG1,676053df-1802-11f0-8423-54a95b9ec813,auction,2,385,0.29084470868110657,0.03125333786010742,13778.0,0.2958131432533264,174,1
SLIM*SIG1,676053df-1802-11f0-8423-54a95b9ec813,auction,2,386,0.29084470868110657,0.015720129013061523,13495.0,0.2958131432533264,174,1
SLIM*SIG1,676053df-1802-11f0-8423-54a95b9ec813,auction,2,387,0.29084470868110657,0.01561284065246582,13682.0,0.2958131432533264,174,1
SLIM*SIG1,676053df-1802-11f0-8423-54a95b9ec813,auction,2,388,0.29084470868110657,0.02183842658996582,13528.0,0.2958131432533264,174,1
SLIM*SIG1,676053df-1802-11f0-8423-54a95b9ec813,auction,2,389,0.2907679080963135,0.031352996826171875,13283.0,0.29432034492492676,148,1
SLIM*SIG1,676053df-1802-11f0-8423-54a95b9ec813,auction,2,390,0.2907679080963135,0.015625476837158203,12491.0,0.29432034492492676,148,1
SLIM*SIG1,676053df-1802-11f0-8423-54a95b9ec813,auction,2,391,0.2907235622406006,0.031249284744262695,12315.0,0.2942536771297455,161,1
SLIM*SIG1,676053df-1802-11f0-8423-54a95b9ec813,auction,2,392,0.2907235622406006,0.015627384185791016,11532.0,0.2942536771297455,161,1
SLIM*SIG1,676053df-1802-11f0-8423-54a95b9ec813,auction,2,393,0.2907235622406006,0.03126096725463867,11725.0,0.2942536771297455,161,1
SLIM*SIG1,676053df-1802-11f0-8423-54a95b9ec813,auction,2,394,0.2907235622406006,0.024556875228881836,12040.0,0.2942536771297455,161,1
SLIM*SIG1,676053df-1802-11f0-8423-54a95b9ec813,auction,2,395,0.2907235622406006,0.015623331069946289,12507.0,0.2942536771297455,161,1
SLIM*SIG1,676053df-1802-11f0-8423-54a95b9ec813,auction,2,396,0.2907235622406006,0.031275272369384766,11897.0,0.2942536771297455,161,1
SLIM*SIG1,676053df-1802-11f0-8423-54a95b9ec813,auction,2,397,0.2907235622406006,0.0155029296875,11894.0,0.2942536771297455,161,1
SLIM*SIG1,676053df-1802-11f0-8423-54a95b9ec813,auction,2,398,0.2907235622406006,0.021258831024169922,11596.0,0.2942536771297455,161,1
SLIM*SIG1,676053df-1802-11f0-8423-54a95b9ec813,auction,2,399,0.2907235622406006,0.031362295150756836,11147.0,0.2942536771297455,161,1
SLIM*SIG1,676053df-1802-11f0-8423-54a95b9ec813,auction,2,400,0.2907235622406006,0.015516042709350586,11365.0,0.2942536771297455,161,1
SLIM*SIG1,676053df-1802-11f0-8423-54a95b9ec813,auction,2,401,0.2907235622406006,0.03134942054748535,11486.0,0.2942536771297455,161,1
SLIM*SIG1,676053df-1802-11f0-8423-54a95b9ec813,auction,2,402,0.2907235622406006,0.021786928176879883,10901.0,0.2942536771297455,161,1
SLIM*SIG1,676053df-1802-11f0-8423-54a95b9ec813,auction,2,403,0.2907235622406006,0.01572895050048828,10173.0,0.2942536771297455,161,1
SLIM*SIG1,676053df-1802-11f0-8423-54a95b9ec813,auction,2,404,0.2907235622406006,0.031249523162841797,11231.0,0.2942536771297455,161,1
SLIM*SIG1,676053df-1802-11f0-8423-54a95b9ec813,auction,2,405,0.2907235622406006,0.031249046325683594,11785.0,0.2942536771297455,161,1
SLIM*SIG1,676053df-1802-11f0-8423-54a95b9ec813,auction,2,406,0.2907235622406006,0.02230072021484375,12056.0,0.2942536771297455,161,1
SLIM*SIG1,676053df-1802-11f0-8423-54a95b9ec813,auction,2,407,0.2907235622406006,0.03134012222290039,11743.0,0.2942536771297455,161,1
SLIM*SIG1,676053df-1802-11f0-8423-54a95b9ec813,auction,2,408,0.2907235622406006,0.015632152557373047,12110.0,0.2942536771297455,161,1
SLIM*SIG1,676053df-1802-11f0-8423-54a95b9ec813,auction,2,409,0.29064685106277466,0.031247615814208984,11965.0,0.2935623824596405,174,1
SLIM*SIG1,676053df-1802-11f0-8423-54a95b9ec813,auction,2,410,0.29064685106277466,0.02099776268005371,11578.0,0.2935623824596405,174,1
SLIM*SIG1,676053df-1802-11f0-8423-54a95b9ec813,auction,2,411,0.29064685106277466,0.03135514259338379,12176.0,0.2935623824596405,174,1
SLIM*SIG1,676053df-1802-11f0-8423-54a95b9ec813,auction,2,412,0.29051655530929565,0.015625715255737305,13293.0,0.29360318183898926,159,1
SLIM*SIG1,676053df-1802-11f0-8423-54a95b9ec813,auction,2,413,0.29051655530929565,0.015604019165039062,12738.0,0.29360318183898926,159,1
SLIM*SIG1,676053df-1802-11f0-8423-54a95b9ec813,auction,2,414,0.29051655530929565,0.031270503997802734,12340.0,0.29360318183898926,159,1
SLIM*SIG1,676053df-1802-11f0-8423-54a95b9ec813,auction,2,415,0.29051655530929565,0.023777008056640625,12567.0,0.29360318183898926,159,1
SLIM*SIG1,676053df-1802-11f0-8423-54a95b9ec813,auction,2,416,0.29051655530929565,0.015726327896118164,13240.0,0.29360318183898926,159,1
SLIM*SIG1,676053df-1802-11f0-8423-54a95b9ec813,auction,2,417,0.29051655530929565,0.0312650203704834,13115.0,0.29360318183898926,159,1
SLIM*SIG1,676053df-1802-11f0-8423-54a95b9ec813,auction,2,418,0.29051655530929565,0.015619754791259766,13365.0,0.29360318183898926,159,1
SLIM*SIG1,676053df-1802-11f0-8423-54a95b9ec813,auction,2,419,0.29051655530929565,0.03982114791870117,13059.0,0.29360318183898926,159,1
SLIM*SIG1,676053df-1802-11f0-8423-54a95b9ec813,auction,2,420,0.29051655530929565,0.015724897384643555,13050.0,0.29360318183898926,159,1
SLIM*SIG1,676053df-1802-11f0-8423-54a95b9ec813,auction,2,421,0.29051655530929565,0.031151533126831055,12983.0,0.29360318183898926,159,1
SLIM*SIG1,676053df-1802-11f0-8423-54a95b9ec813,auction,2,422,0.29051655530929565,0.0312197208404541,12441.0,0.29360318183898926,159,1
SLIM*SIG1,676053df-1802-11f0-8423-54a95b9ec813,auction,2,423,0.29051655530929565,0.03682661056518555,12223.0,0.29360318183898926,159,1
SLIM*SIG1,676053df-1802-11f0-8423-54a95b9ec813,auction,2,424,0.29051655530929565,0.03389096260070801,11560.0,0.29360318183898926,159,1
SLIM*SIG1,676053df-1802-11f0-8423-54a95b9ec813,auction,2,425,0.29051655530929565,0.033335208892822266,11281.0,0.29360318183898926,159,1
SLIM*SIG1,676053df-1802-11f0-8423-54a95b9ec813,auction,2,426,0.29051655530929565,0.03992486000061035,11821.0,0.29360318183898926,159,1
SLIM*SIG1,676053df-1802-11f0-8423-54a95b9ec813,auction,2,427,0.29051655530929565,0.019071578979492188,12410.0,0.29360318183898926,159,1
SLIM*SIG1,676053df-1802-11f0-8423-54a95b9ec813,auction,2,428,0.29051655530929565,0.0306551456451416,12158.0,0.29360318183898926,159,1
SLIM*SIG1,676053df-1802-11f0-8423-54a95b9ec813,auction,2,429,0.29018422961235046,0.022152185440063477,11731.0,0.29840439558029175,107,1
SLIM*SIG1,676053df-1802-11f0-8423-54a95b9ec813,auction,2,430,0.2901078760623932,0.031366586685180664,11499.0,0.29792261123657227,94,1
SLIM*SIG1,676053df-1802-11f0-8423-54a95b9ec813,auction,2,431,0.2901078760623932,0.031231164932250977,11480.0,0.29792261123657227,94,1
SLIM*SIG1,676053df-1802-11f0-8423-54a95b9ec813,auction,2,432,0.2901078760623932,0.015635251998901367,11319.0,0.29792261123657227,94,1
SLIM*SIG1,676053df-1802-11f0-8423-54a95b9ec813,auction,2,433,0.28999993205070496,0.022043466567993164,11168.0,0.29737499356269836,107,1
SLIM*SIG1,676053df-1802-11f0-8423-54a95b9ec813,auction,2,434,0.2898344099521637,0.031357526779174805,11183.0,0.2981787323951721,120,1
SLIM*SIG1,676053df-1802-11f0-8423-54a95b9ec813,auction,2,435,0.28943300247192383,0.031249284744262695,10739.0,0.2968583106994629,120,1
SLIM*SIG1,676053df-1802-11f0-8423-54a95b9ec813,auction,2,436,0.28943300247192383,0.015623807907104492,10611.0,0.2968583106994629,120,1
SLIM*SIG1,676053df-1802-11f0-8423-54a95b9ec813,auction,2,437,0.28943300247192383,0.020449399948120117,10424.0,0.2968583106994629,120,1
SLIM*SIG1,676053df-1802-11f0-8423-54a95b9ec813,auction,2,438,0.28943300247192383,0.0313568115234375,10257.0,0.2968583106994629,120,1
SLIM*SIG1,676053df-1802-11f0-8423-54a95b9ec813,auction,2,439,0.28943300247192383,0.015521049499511719,10450.0,0.2968583106994629,120,1
SLIM*SIG1,676053df-1802-11f0-8423-54a95b9ec813,auction,2,440,0.28943300247192383,0.03134751319885254,9887.0,0.2968583106994629,120,1
SLIM*SIG1,676053df-1802-11f0-8423-54a95b9ec813,auction,2,441,0.2893761098384857,0.015628814697265625,9948.0,0.2968272566795349,133,1
SLIM*SIG1,676053df-1802-11f0-8423-54a95b9ec813,auction,2,442,0.28863245248794556,0.03703665733337402,9733.0,0.29520270228385925,133,1
SLIM*SIG1,676053df-1802-11f0-8423-54a95b9ec813,auction,2,443,0.28863245248794556,0.01766180992126465,9670.0,0.29520270228385925,133,1
SLIM*SIG1,676053df-1802-11f0-8423-54a95b9ec813,auction,2,444,0.2885921597480774,0.03124403953552246,10071.0,0.2951047718524933,146,1
SLIM*SIG1,676053df-1802-11f0-8423-54a95b9ec813,auction,2,445,0.2879549562931061,0.015643596649169922,10261.0,0.29508301615715027,159,1
SLIM*SIG1,676053df-1802-11f0-8423-54a95b9ec813,auction,2,446,0.2879549562931061,0.035355567932128906,9965.0,0.29508301615715027,159,1
SLIM*SIG1,676053df-1802-11f0-8423-54a95b9ec813,auction,2,447,0.28781700134277344,0.015732288360595703,10805.0,0.2949961721897125,146,1
SLIM*SIG1,676053df-1802-11f0-8423-54a95b9ec813,auction,2,448,0.28781700134277344,0.01573324203491211,10515.0,0.2949961721897125,146,1
SLIM*SIG1,676053df-1802-11f0-8423-54a95b9ec813,auction,2,449,0.28781700134277344,0.031249523162841797,10383.0,0.2949961721897125,146,1
SLIM*SIG1,676053df-1802-11f0-8423-54a95b9ec813,auction,2,450,0.28781700134277344,0.01563262939453125,9976.0,0.2949961721897125,146,1
SLIM*SIG1,676053df-1802-11f0-8423-54a95b9ec813,auction,2,451,0.28781700134277344,0.021568775177001953,10221.0,0.2949961721897125,146,1
SLIM*SIG1,676053df-1802-11f0-8423-54a95b9ec813,auction,2,452,0.28781700134277344,0.03134918212890625,10600.0,0.2949961721897125,146,1
SLIM*SIG1,676053df-1802-11f0-8423-54a95b9ec813,auction,2,453,0.2875838279724121,0.01562786102294922,11022.0,0.2960159480571747,146,1
SLIM*SIG1,676053df-1802-11f0-8423-54a95b9ec813,auction,2,454,0.2875838279724121,0.03126716613769531,10799.0,0.2960159480571747,146,1
SLIM*SIG1,676053df-1802-11f0-8423-54a95b9ec813,auction,2,455,0.2875838279724121,0.023268461227416992,10563.0,0.2960159480571747,146,1
SLIM*SIG1,676053df-1802-11f0-8423-54a95b9ec813,auction,2,456,0.2875838279724121,0.015727519989013672,10385.0,0.2960159480571747,146,1
SLIM*SIG1,676053df-1802-11f0-8423-54a95b9ec813,auction,2,457,0.2875838279724121,0.03125119209289551,10251.0,0.2960159480571747,146,1
SLIM*SIG1,676053df-1802-11f0-8423-54a95b9ec813,auction,2,458,0.2875838279724121,0.01563572883605957,10400.0,0.2960159480571747,146,1
SLIM*SIG1,676053df-1802-11f0-8423-54a95b9ec813,auction,2,459,0.2875838279724121,0.0312347412109375,10506.0,0.2960159480571747,146,1
SLIM*SIG1,676053df-1802-11f0-8423-54a95b9ec813,auction,2,460,0.2875838279724121,0.01562666893005371,11400.0,0.2960159480571747,146,1
SLIM*SIG1,676053df-1802-11f0-8423-54a95b9ec813,auction,2,461,0.2875838279724121,0.03125882148742676,11562.0,0.2960159480571747,146,1
SLIM*SIG1,676053df-1802-11f0-8423-54a95b9ec813,auction,2,462,0.2875838279724121,0.03123641014099121,11600.0,0.2960159480571747,146,1
SLIM*SIG1,676053df-1802-11f0-8423-54a95b9ec813,auction,2,463,0.28731769323349,0.015636920928955078,11571.0,0.29475656151771545,146,1
SLIM*SIG1,676053df-1802-11f0-8423-54a95b9ec813,auction,2,464,0.28731769323349,0.031145334243774414,11834.0,0.29475656151771545,146,1
SLIM*SIG1,676053df-1802-11f0-8423-54a95b9ec813,auction,2,465,0.2873000502586365,0.013661623001098633,11501.0,0.2947448492050171,133,1
SLIM*SIG1,676053df-1802-11f0-8423-54a95b9ec813,auction,2,466,0.2873000502586365,0.031357765197753906,11029.0,0.2947448492050171,133,1
SLIM*SIG1,676053df-1802-11f0-8423-54a95b9ec813,auction,2,467,0.2873000502586365,0.031252145767211914,11044.0,0.2947448492050171,133,1
SLIM*SIG1,676053df-1802-11f0-8423-54a95b9ec813,auction,2,468,0.2873000502586365,0.01561117172241211,10723.0,0.2947448492050171,133,1
SLIM*SIG1,676053df-1802-11f0-8423-54a95b9ec813,auction,2,469,0.2873000502586365,0.022042274475097656,10587.0,0.2947448492050171,133,1
SLIM*SIG1,676053df-1802-11f0-8423-54a95b9ec813,auction,2,470,0.2873000502586365,0.0313570499420166,10381.0,0.2947448492050171,133,1
SLIM*SIG1,676053df-1802-11f0-8423-54a95b9ec813,auction,2,471,0.2873000502586365,0.015625715255737305,10522.0,0.2947448492050171,133,1
SLIM*SIG1,676053df-1802-11f0-8423-54a95b9ec813,auction,2,472,0.2873000502586365,0.031192779541015625,10611.0,0.2947448492050171,133,1
SLIM*SIG1,676053df-1802-11f0-8423-54a95b9ec813,auction,2,473,0.2873000502586365,0.02230048179626465,10045.0,0.2947448492050171,133,1
SLIM*SIG1,676053df-1802-11f0-8423-54a95b9ec813,auction,2,474,0.2873000502586365,0.031362056732177734,10110.0,0.2947448492050171,133,1
SLIM*SIG1,676053df-1802-11f0-8423-54a95b9ec813,auction,2,475,0.2873000502586365,0.015614032745361328,9759.0,0.2947448492050171,133,1
SLIM*SIG1,676053df-1802-11f0-8423-54a95b9ec813,auction,2,476,0.2873000502586365,0.01563262939453125,10069.0,0.2947448492050171,133,1
SLIM*SIG1,676053df-1802-11f0-8423-54a95b9ec813,auction,2,477,0.2873000502586365,0.03124213218688965,9677.0,0.2947448492050171,133,1
SLIM*SIG1,676053df-1802-11f0-8423-54a95b9ec813,auction,2,478,0.2873000502586365,0.018537521362304688,10064.0,0.2947448492050171,133,1
SLIM*SIG1,676053df-1802-11f0-8423-54a95b9ec813,auction,2,479,0.2873000502586365,0.015618085861206055,10009.0,0.2947448492050171,133,1
SLIM*SIG1,676053df-1802-11f0-8423-54a95b9ec813,auction,2,480,0.2873000502586365,0.03125953674316406,10367.0,0.2947448492050171,133,1
SLIM*SIG1,676053df-1802-11f0-8423-54a95b9ec813,auction,2,481,0.2873000502586365,0.015612602233886719,9983.0,0.2947448492050171,133,1
SLIM*SIG1,676053df-1802-11f0-8423-54a95b9ec813,auction,2,482,0.2873000502586365,0.020711421966552734,9751.0,0.2947448492050171,133,1
SLIM*SIG1,676053df-1802-11f0-8423-54a95b9ec813,auction,2,483,0.2873000502586365,0.03135871887207031,9785.0,0.2947448492050171,133,1
SLIM*SIG1,676053df-1802-11f0-8423-54a95b9ec813,auction,2,484,0.2873000502586365,0.0312497615814209,10233.0,0.2947448492050171,133,1
SLIM*SIG1,676053df-1802-11f0-8423-54a95b9ec813,auction,2,485,0.2873000502586365,0.015616416931152344,10046.0,0.2947448492050171,133,1
SLIM*SIG1,676053df-1802-11f0-8423-54a95b9ec813,auction,2,486,0.28727224469184875,0.02243804931640625,10140.0,0.29474902153015137,133,1
SLIM*SIG1,676053df-1802-11f0-8423-54a95b9ec813,auction,2,487,0.28727224469184875,0.031248092651367188,10493.0,0.29474902153015137,133,1
SLIM*SIG1,676053df-1802-11f0-8423-54a95b9ec813,auction,2,488,0.28727224469184875,0.031365394592285156,10864.0,0.29474902153015137,133,1
SLIM*SIG1,676053df-1802-11f0-8423-54a95b9ec813,auction,2,489,0.28727224469184875,0.01561880111694336,10972.0,0.29474902153015137,133,1
SLIM*SIG1,676053df-1802-11f0-8423-54a95b9ec813,auction,2,490,0.28727224469184875,0.021788597106933594,11184.0,0.29474902153015137,133,1
SLIM*SIG1,676053df-1802-11f0-8423-54a95b9ec813,auction,2,491,0.28727224469184875,0.03136110305786133,11028.0,0.29474902153015137,133,1
SLIM*SIG1,676053df-1802-11f0-8423-54a95b9ec813,auction,2,492,0.28727224469184875,0.015616655349731445,10857.0,0.29474902153015137,133,1
SLIM*SIG1,676053df-1802-11f0-8423-54a95b9ec813,auction,2,493,0.28727224469184875,0.03125762939453125,10530.0,0.29474902153015137,133,1
SLIM*SIG1,676053df-1802-11f0-8423-54a95b9ec813,auction,2,494,0.28725284337997437,0.015621423721313477,10142.0,0.29548612236976624,133,1
SLIM*SIG1,676053df-1802-11f0-8423-54a95b9ec813,auction,2,495,0.28725284337997437,0.038016557693481445,10462.0,0.29548612236976624,133,1
SLIM*SIG1,676053df-1802-11f0-8423-54a95b9ec813,auction,2,496,0.28725284337997437,0.016665935516357422,10382.0,0.29548612236976624,133,1
SLIM*SIG1,676053df-1802-11f0-8423-54a95b9ec813,auction,2,497,0.28724732995033264,0.01563429832458496,9960.0,0.2955785393714905,133,1
SLIM*SIG1,676053df-1802-11f0-8423-54a95b9ec813,auction,2,498,0.28724732995033264,0.03124523162841797,9947.0,0.2955785393714905,133,1
SLIM*SIG1,676053df-1802-11f0-8423-54a95b9ec813,auction,2,499,0.28724732995033264,0.01562047004699707,9596.0,0.2955785393714905,133,1
SLIM*SIG1,676053df-1802-11f0-8423-54a95b9ec813,auction,2,500,0.28724732995033264,0.08367252349853516,9848.0,0.2955785393714905,133,1
SLIM*SIG1,676053df-1802-11f0-8423-54a95b9ec813,auction,2,501,0.28724732995033264,0.031204938888549805,9534.0,0.2955785393714905,133,1
SLIM*SIG1,676053df-1802-11f0-8423-54a95b9ec813,auction,2,502,0.28724732995033264,0.022008895874023438,9885.0,0.2955785393714905,133,1
SLIM*SIG1,676053df-1802-11f0-8423-54a95b9ec813,auction,2,503,0.28724732995033264,0.015636444091796875,9993.0,0.2955785393714905,133,1
SLIM*SIG1,676053df-1802-11f0-8423-54a95b9ec813,auction,2,504,0.28724732995033264,0.03113698959350586,9863.0,0.2955785393714905,133,1
SLIM*SIG1,676053df-1802-11f0-8423-54a95b9ec813,auction,2,505,0.28724732995033264,0.015623807907104492,9824.0,0.2955785393714905,133,1
SLIM*SIG1,676053df-1802-11f0-8423-54a95b9ec813,auction,2,506,0.28724732995033264,0.03865504264831543,9813.0,0.2955785393714905,133,1
SLIM*SIG1,676053df-1802-11f0-8423-54a95b9ec813,auction,2,507,0.28724732995033264,0.031156063079833984,9811.0,0.2955785393714905,133,1
SLIM*SIG1,676053df-1802-11f0-8423-54a95b9ec813,auction,2,508,0.28724732995033264,0.030052900314331055,10003.0,0.2955785393714905,133,1
SLIM*SIG1,676053df-1802-11f0-8423-54a95b9ec813,auction,2,509,0.28724732995033264,0.03374123573303223,9881.0,0.2955785393714905,133,1
SLIM*SIG1,676053df-1802-11f0-8423-54a95b9ec813,auction,2,510,0.28724732995033264,0.03430962562561035,10462.0,0.2955785393714905,133,1
SLIM*SIG1,676053df-1802-11f0-8423-54a95b9ec813,auction,2,511,0.28724732995033264,0.03097820281982422,10377.0,0.2955785393714905,133,1
SLIM*SIG1,676053df-1802-11f0-8423-54a95b9ec813,auction,2,512,0.28724732995033264,0.030426025390625,10457.0,0.2955785393714905,133,1
SLIM*SIG1,676053df-1802-11f0-8423-54a95b9ec813,auction,2,513,0.28724732995033264,0.01561594009399414,10681.0,0.2955785393714905,133,1
SLIM*SIG1,676053df-1802-11f0-8423-54a95b9ec813,auction,2,514,0.28724732995033264,0.03136014938354492,10517.0,0.2955785393714905,133,1
SLIM*SIG1,676053df-1802-11f0-8423-54a95b9ec813,auction,2,515,0.28724732995033264,0.01563262939453125,10292.0,0.2955785393714905,133,1
SLIM*SIG1,676053df-1802-11f0-8423-54a95b9ec813,auction,2,516,0.28724732995033264,0.020361661911010742,10405.0,0.2955785393714905,133,1
SLIM*SIG1,676053df-1802-11f0-8423-54a95b9ec813,auction,2,517,0.28724732995033264,0.022268295288085938,10193.0,0.2955785393714905,133,1
SLIM*SIG1,676053df-1802-11f0-8423-54a95b9ec813,auction,2,518,0.28724732995033264,0.01573657989501953,9924.0,0.2955785393714905,133,1
SLIM*SIG1,676053df-1802-11f0-8423-54a95b9ec813,auction,2,519,0.28724732995033264,0.031247854232788086,9136.0,0.2955785393714905,133,1
SLIM*SIG1,676053df-1802-11f0-8423-54a95b9ec813,auction,2,520,0.28724732995033264,0.031256675720214844,9344.0,0.2955785393714905,133,1
SLIM*SIG1,676053df-1802-11f0-8423-54a95b9ec813,auction,2,521,0.28724732995033264,0.02105402946472168,9573.0,0.2955785393714905,133,1
SLIM*SIG1,676053df-1802-11f0-8423-54a95b9ec813,auction,2,522,0.28724732995033264,0.015742778778076172,9278.0,0.2955785393714905,133,1
SLIM*SIG1,676053df-1802-11f0-8423-54a95b9ec813,auction,2,523,0.28724732995033264,0.015521526336669922,9286.0,0.2955785393714905,133,1
SLIM*SIG1,676053df-1802-11f0-8423-54a95b9ec813,auction,2,524,0.28724732995033264,0.031349897384643555,9530.0,0.2955785393714905,133,1
SLIM*SIG1,676053df-1802-11f0-8423-54a95b9ec813,auction,2,525,0.28724732995033264,0.02243638038635254,9765.0,0.2955785393714905,133,1
SLIM*SIG1,676053df-1802-11f0-8423-54a95b9ec813,auction,2,526,0.28724732995033264,0.01575446128845215,9543.0,0.2955785393714905,133,1
SLIM*SIG1,676053df-1802-11f0-8423-54a95b9ec813,auction,2,527,0.28709885478019714,0.015624523162841797,9904.0,0.29549452662467957,146,1
SLIM*SIG1,676053df-1802-11f0-8423-54a95b9ec813,auction,2,528,0.28709885478019714,0.015637636184692383,10244.0,0.29549452662467957,146,1
SLIM*SIG1,676053df-1802-11f0-8423-54a95b9ec813,auction,2,529,0.28709885478019714,0.03122997283935547,11516.0,0.29549452662467957,146,1
SLIM*SIG1,676053df-1802-11f0-8423-54a95b9ec813,auction,2,530,0.28709885478019714,0.022030115127563477,11220.0,0.29549452662467957,146,1
SLIM*SIG1,676053df-1802-11f0-8423-54a95b9ec813,auction,2,531,0.28709885478019714,0.03195500373840332,10806.0,0.29549452662467957,146,1
SLIM*SIG1,676053df-1802-11f0-8423-54a95b9ec813,auction,2,532,0.28709885478019714,0.015622138977050781,10067.0,0.29549452662467957,146,1
SLIM*SIG1,676053df-1802-11f0-8423-54a95b9ec813,auction,2,533,0.2869332730770111,0.015622615814208984,9636.0,0.2948692739009857,159,1
SLIM*SIG1,676053df-1802-11f0-8423-54a95b9ec813,auction,2,534,0.2869332730770111,0.020209789276123047,10128.0,0.2948692739009857,159,1
SLIM*SIG1,676053df-1802-11f0-8423-54a95b9ec813,auction,2,535,0.2869332730770111,0.03139138221740723,10472.0,0.2948692739009857,159,1
SLIM*SIG1,676053df-1802-11f0-8423-54a95b9ec813,auction,2,536,0.2869332730770111,0.015586137771606445,10985.0,0.2948692739009857,159,1
SLIM*SIG1,676053df-1802-11f0-8423-54a95b9ec813,auction,2,537,0.2868277430534363,0.015610456466674805,11156.0,0.29462775588035583,159,1
SLIM*SIG1,676053df-1802-11f0-8423-54a95b9ec813,auction,2,538,0.2868277430534363,0.02217411994934082,10504.0,0.29462775588035583,159,1
SLIM*SIG1,676053df-1802-11f0-8423-54a95b9ec813,auction,2,539,0.2868277430534363,0.029397249221801758,10508.0,0.29462775588035583,159,1
SLIM*SIG1,676053df-1802-11f0-8423-54a95b9ec813,auction,2,540,0.2868277430534363,0.03135800361633301,11091.0,0.29462775588035583,159,1
SLIM*SIG1,676053df-1802-11f0-8423-54a95b9ec813,auction,2,541,0.2868277430534363,0.015625476837158203,11440.0,0.29462775588035583,159,1
SLIM*SIG1,676053df-1802-11f0-8423-54a95b9ec813,auction,2,542,0.2868277430534363,0.03125882148742676,11039.0,0.29462775588035583,159,1
SLIM*SIG1,676053df-1802-11f0-8423-54a95b9ec813,auction,2,543,0.2868277430534363,0.02689051628112793,10517.0,0.29462775588035583,159,1
SLIM*SIG1,676053df-1802-11f0-8423-54a95b9ec813,auction,2,544,0.2868277430534363,0.031352996826171875,10235.0,0.29462775588035583,159,1
SLIM*SIG1,676053df-1802-11f0-8423-54a95b9ec813,auction,2,545,0.2868277430534363,0.015625,10457.0,0.29462775588035583,159,1
SLIM*SIG1,676053df-1802-11f0-8423-54a95b9ec813,auction,2,546,0.2868277430534363,0.01563239097595215,10546.0,0.29462775588035583,159,1
SLIM*SIG1,676053df-1802-11f0-8423-54a95b9ec813,auction,2,547,0.2868277430534363,0.020662307739257812,11014.0,0.29462775588035583,159,1
SLIM*SIG1,676053df-1802-11f0-8423-54a95b9ec813,auction,2,548,0.2868277430534363,0.015728473663330078,11766.0,0.29462775588035583,159,1
SLIM*SIG1,676053df-1802-11f0-8423-54a95b9ec813,auction,2,549,0.2868277430534363,0.031249523162841797,12015.0,0.29462775588035583,159,1
SLIM*SIG1,676053df-1802-11f0-8423-54a95b9ec813,auction,2,550,0.2868277430534363,0.015656471252441406,12327.0,0.29462775588035583,159,1
SLIM*SIG1,676053df-1802-11f0-8423-54a95b9ec813,auction,2,551,0.2868277430534363,0.038277626037597656,11922.0,0.29462775588035583,159,1
SLIM*SIG1,676053df-1802-11f0-8423-54a95b9ec813,auction,2,552,0.2868277430534363,0.01572704315185547,11499.0,0.29462775588035583,159,1
SLIM*SIG1,676053df-1802-11f0-8423-54a95b9ec813,auction,2,553,0.2868277430534363,0.031246423721313477,11859.0,0.29462775588035583,159,1
SLIM*SIG1,676053df-1802-11f0-8423-54a95b9ec813,auction,2,554,0.2868277430534363,0.015624523162841797,12552.0,0.29462775588035583,159,1
SLIM*SIG1,676053df-1802-11f0-8423-54a95b9ec813,auction,2,555,0.2868277430534363,0.03495478630065918,12266.0,0.29462775588035583,159,1
SLIM*SIG1,676053df-1802-11f0-8423-54a95b9ec813,auction,2,556,0.2868277430534363,0.016000032424926758,11828.0,0.29462775588035583,159,1
SLIM*SIG1,676053df-1802-11f0-8423-54a95b9ec813,auction,2,557,0.2868277430534363,0.015624046325683594,12168.0,0.29462775588035583,159,1
SLIM*SIG1,676053df-1802-11f0-8423-54a95b9ec813,auction,2,558,0.2868277430534363,0.015633106231689453,11356.0,0.29462775588035583,159,1
SLIM*SIG1,676053df-1802-11f0-8423-54a95b9ec813,auction,2,559,0.2868277430534363,0.015624284744262695,10507.0,0.29462775588035583,159,1
SLIM*SIG1,676053df-1802-11f0-8423-54a95b9ec813,auction,2,560,0.2868277430534363,0.036897897720336914,10743.0,0.29462775588035583,159,1
SLIM*SIG1,676053df-1802-11f0-8423-54a95b9ec813,auction,2,561,0.2868277430534363,0.015617609024047852,11640.0,0.29462775588035583,159,1
SLIM*SIG1,676053df-1802-11f0-8423-54a95b9ec813,auction,2,562,0.28664156794548035,0.0312502384185791,12682.0,0.29486826062202454,185,1
SLIM*SIG1,676053df-1802-11f0-8423-54a95b9ec813,auction,2,563,0.28664156794548035,0.015625953674316406,12613.0,0.29486826062202454,185,1
SLIM*SIG1,676053df-1802-11f0-8423-54a95b9ec813,auction,2,564,0.286460280418396,0.03773188591003418,12693.0,0.2951658368110657,159,1
SLIM*SIG1,676053df-1802-11f0-8423-54a95b9ec813,auction,2,565,0.286460280418396,0.015625476837158203,13003.0,0.2951658368110657,159,1
SLIM*SIG1,676053df-1802-11f0-8423-54a95b9ec813,auction,2,566,0.286460280418396,0.01562809944152832,13202.0,0.2951658368110657,159,1
SLIM*SIG1,676053df-1802-11f0-8423-54a95b9ec813,auction,2,567,0.286460280418396,0.03125262260437012,13464.0,0.2951658368110657,159,1
SLIM*SIG1,676053df-1802-11f0-8423-54a95b9ec813,auction,2,568,0.286460280418396,0.015616416931152344,12897.0,0.2951658368110657,159,1
SLIM*SIG1,676053df-1802-11f0-8423-54a95b9ec813,auction,2,569,0.286460280418396,0.02220940589904785,11883.0,0.2951658368110657,159,1
SLIM*SIG1,676053df-1802-11f0-8423-54a95b9ec813,auction,2,570,0.286460280418396,0.01704883575439453,11781.0,0.2951658368110657,159,1
SLIM*SIG1,676053df-1802-11f0-8423-54a95b9ec813,auction,2,571,0.286460280418396,0.031250715255737305,11915.0,0.2951658368110657,159,1
SLIM*SIG1,676053df-1802-11f0-8423-54a95b9ec813,auction,2,572,0.286460280418396,0.015640735626220703,11538.0,0.2951658368110657,159,1
SLIM*SIG1,676053df-1802-11f0-8423-54a95b9ec813,auction,2,573,0.286460280418396,0.0312345027923584,11174.0,0.2951658368110657,159,1
SLIM*SIG1,676053df-1802-11f0-8423-54a95b9ec813,auction,2,574,0.286460280418396,0.026426076889038086,11705.0,0.2951658368110657,159,1
SLIM*SIG1,676053df-1802-11f0-8423-54a95b9ec813,auction,2,575,0.286460280418396,0.015621185302734375,11443.0,0.2951658368110657,159,1
SLIM*SIG1,676053df-1802-11f0-8423-54a95b9ec813,auction,2,576,0.286460280418396,0.03126358985900879,12331.0,0.2951658368110657,159,1
SLIM*SIG1,676053df-1802-11f0-8423-54a95b9ec813,auction,2,577,0.286460280418396,0.028874874114990234,12168.0,0.2951658368110657,159,1
SLIM*SIG1,676053df-1802-11f0-8423-54a95b9ec813,auction,2,578,0.286460280418396,0.018316030502319336,12434.0,0.2951658368110657,159,1
SLIM*SIG1,676053df-1802-11f0-8423-54a95b9ec813,auction,2,579,0.286460280418396,0.01574087142944336,13334.0,0.2951658368110657,159,1
SLIM*SIG1,676053df-1802-11f0-8423-54a95b9ec813,auction,2,580,0.286460280418396,0.031252384185791016,12547.0,0.2951658368110657,159,1
SLIM*SIG1,676053df-1802-11f0-8423-54a95b9ec813,auction,2,581,0.286460280418396,0.015613794326782227,12723.0,0.2951658368110657,159,1
SLIM*SIG1,676053df-1802-11f0-8423-54a95b9ec813,auction,2,582,0.286460280418396,0.02296757698059082,12736.0,0.2951658368110657,159,1
SLIM*SIG1,676053df-1802-11f0-8423-54a95b9ec813,auction,2,583,0.286460280418396,0.03125572204589844,13299.0,0.2951658368110657,159,1
SLIM*SIG1,676053df-1802-11f0-8423-54a95b9ec813,auction,2,584,0.286460280418396,0.015549421310424805,12043.0,0.2951658368110657,159,1
SLIM*SIG1,676053df-1802-11f0-8423-54a95b9ec813,auction,2,585,0.286460280418396,0.03133249282836914,12028.0,0.2951658368110657,159,1
SLIM*SIG1,676053df-1802-11f0-8423-54a95b9ec813,auction,2,586,0.286460280418396,0.031237363815307617,11742.0,0.2951658368110657,159,1
SLIM*SIG1,676053df-1802-11f0-8423-54a95b9ec813,auction,2,587,0.286460280418396,0.022966384887695312,12212.0,0.2951658368110657,159,1
SLIM*SIG1,676053df-1802-11f0-8423-54a95b9ec813,auction,2,588,0.286460280418396,0.015618085861206055,12789.0,0.2951658368110657,159,1
SLIM*SIG1,676053df-1802-11f0-8423-54a95b9ec813,auction,2,589,0.286460280418396,0.015628576278686523,13219.0,0.2951658368110657,159,1
SLIM*SIG1,676053df-1802-11f0-8423-54a95b9ec813,auction,2,590,0.286460280418396,0.03125166893005371,12994.0,0.2951658368110657,159,1
SLIM*SIG1,676053df-1802-11f0-8423-54a95b9ec813,auction,2,591,0.286460280418396,0.02118396759033203,14016.0,0.2951658368110657,159,1
SLIM*SIG1,676053df-1802-11f0-8423-54a95b9ec813,auction,2,592,0.286460280418396,0.03136944770812988,14210.0,0.2951658368110657,159,1
SLIM*SIG1,676053df-1802-11f0-8423-54a95b9ec813,auction,2,593,0.286460280418396,0.015605449676513672,14109.0,0.2951658368110657,159,1
SLIM*SIG1,676053df-1802-11f0-8423-54a95b9ec813,auction,2,594,0.286460280418396,0.03126835823059082,12831.0,0.2951658368110657,159,1
SLIM*SIG1,676053df-1802-11f0-8423-54a95b9ec813,auction,2,595,0.286460280418396,0.046790122985839844,13152.0,0.2951658368110657,159,1
SLIM*SIG1,676053df-1802-11f0-8423-54a95b9ec813,auction,2,596,0.286460280418396,0.03226661682128906,13189.0,0.2951658368110657,159,1
SLIM*SIG1,676053df-1802-11f0-8423-54a95b9ec813,auction,2,597,0.28639188408851624,0.03309011459350586,13147.0,0.29518160223960876,172,1
SLIM*SIG1,676053df-1802-11f0-8423-54a95b9ec813,auction,2,598,0.28611934185028076,0.0319516658782959,13316.0,0.2936042547225952,185,1
SLIM*SIG1,676053df-1802-11f0-8423-54a95b9ec813,auction,2,599,0.28611934185028076,0.035034894943237305,13826.0,0.2936042547225952,185,1
SLIM*SIG1,676053df-1802-11f0-8423-54a95b9ec813,auction,2,600,0.28611934185028076,0.01575016975402832,13282.0,0.2936042547225952,185,1
SLIM*SIG1,676053df-1802-11f0-8423-54a95b9ec813,auction,2,601,0.28611934185028076,0.024140357971191406,13503.0,0.2936042547225952,185,1
SLIM*SIG1,676053df-1802-11f0-8423-54a95b9ec813,auction,2,602,0.2860690951347351,0.012491703033447266,13354.0,0.2940784990787506,198,1
SLIM*SIG1,676053df-1802-11f0-8423-54a95b9ec813,auction,2,603,0.2860690951347351,0.015633821487426758,13304.0,0.2940784990787506,198,1
SLIM*SIG1,676053df-1802-11f0-8423-54a95b9ec813,auction,2,604,0.2860690951347351,0.015619516372680664,13239.0,0.2940784990787506,198,1
SLIM*SIG1,676053df-1802-11f0-8423-54a95b9ec813,auction,2,605,0.2860690951347351,0.03125119209289551,13575.0,0.2940784990787506,198,1
SLIM*SIG1,676053df-1802-11f0-8423-54a95b9ec813,auction,2,606,0.2860690951347351,0.02662038803100586,13741.0,0.2940784990787506,198,1
SLIM*SIG1,676053df-1802-11f0-8423-54a95b9ec813,auction,2,607,0.2860690951347351,0.01572704315185547,14068.0,0.2940784990787506,198,1
SLIM*SIG1,676053df-1802-11f0-8423-54a95b9ec813,auction,2,608,0.2860690951347351,0.03125452995300293,13789.0,0.2940784990787506,198,1
SLIM*SIG1,676053df-1802-11f0-8423-54a95b9ec813,auction,2,609,0.2860690951347351,0.031247377395629883,13925.0,0.2940784990787506,198,1
SLIM*SIG1,676053df-1802-11f0-8423-54a95b9ec813,auction,2,610,0.2860690951347351,0.021537303924560547,15162.0,0.2940784990787506,198,1
SLIM*SIG1,676053df-1802-11f0-8423-54a95b9ec813,auction,2,611,0.2860690951347351,0.030843496322631836,15474.0,0.2940784990787506,198,1
SLIM*SIG1,676053df-1802-11f0-8423-54a95b9ec813,auction,2,612,0.2860690951347351,0.031186580657958984,16344.0,0.2940784990787506,198,1
SLIM*SIG1,676053df-1802-11f0-8423-54a95b9ec813,auction,2,613,0.2860690951347351,0.0156862735748291,16275.0,0.2940784990787506,198,1
SLIM*SIG1,676053df-1802-11f0-8423-54a95b9ec813,auction,2,614,0.2860690951347351,0.02192854881286621,16390.0,0.2940784990787506,198,1
SLIM*SIG1,676053df-1802-11f0-8423-54a95b9ec813,auction,2,615,0.2860690951347351,0.03135251998901367,16299.0,0.2940784990787506,198,1
SLIM*SIG1,676053df-1802-11f0-8423-54a95b9ec813,auction,2,616,0.2860690951347351,0.015621662139892578,15497.0,0.2940784990787506,198,1
SLIM*SIG1,676053df-1802-11f0-8423-54a95b9ec813,auction,2,617,0.2860690951347351,0.03125762939453125,16017.0,0.2940784990787506,198,1
SLIM*SIG1,676053df-1802-11f0-8423-54a95b9ec813,auction,2,618,0.2860690951347351,0.02170419692993164,15849.0,0.2940784990787506,198,1
SLIM*SIG1,676053df-1802-11f0-8423-54a95b9ec813,auction,2,619,0.2860690951347351,0.031342267990112305,16150.0,0.2940784990787506,198,1
SLIM*SIG1,676053df-1802-11f0-8423-54a95b9ec813,auction,2,620,0.2860690951347351,0.015625,15785.0,0.2940784990787506,198,1
SLIM*SIG1,676053df-1802-11f0-8423-54a95b9ec813,auction,2,621,0.2860690951347351,0.031258344650268555,15640.0,0.2940784990787506,198,1
SLIM*SIG1,676053df-1802-11f0-8423-54a95b9ec813,auction,2,622,0.2860690951347351,0.03125739097595215,15544.0,0.2940784990787506,198,1
SLIM*SIG1,676053df-1802-11f0-8423-54a95b9ec813,auction,2,623,0.2860690951347351,0.025025606155395508,15172.0,0.2940784990787506,198,1
SLIM*SIG1,676053df-1802-11f0-8423-54a95b9ec813,auction,2,624,0.2860690951347351,0.01573801040649414,14531.0,0.2940784990787506,198,1
SLIM*SIG1,676053df-1802-11f0-8423-54a95b9ec813,auction,2,625,0.2860690951347351,0.031246423721313477,14658.0,0.2940784990787506,198,1
SLIM*SIG1,676053df-1802-11f0-8423-54a95b9ec813,auction,2,626,0.2860690951347351,0.03125119209289551,15315.0,0.2940784990787506,198,1
SLIM*SIG1,676053df-1802-11f0-8423-54a95b9ec813,auction,2,627,0.2860690951347351,0.021143674850463867,15111.0,0.2940784990787506,198,1
SLIM*SIG1,676053df-1802-11f0-8423-54a95b9ec813,auction,2,628,0.2860690951347351,0.015717744827270508,14920.0,0.2940784990787506,198,1
SLIM*SIG1,676053df-1802-11f0-8423-54a95b9ec813,auction,2,629,0.2860690951347351,0.015619039535522461,14707.0,0.2940784990787506,198,1
SLIM*SIG1,676053df-1802-11f0-8423-54a95b9ec813,auction,2,630,0.2860690951347351,0.03125262260437012,14652.0,0.2940784990787506,198,1
SLIM*SIG1,676053df-1802-11f0-8423-54a95b9ec813,auction,2,631,0.2860690951347351,0.021370887756347656,14502.0,0.2940784990787506,198,1
SLIM*SIG1,676053df-1802-11f0-8423-54a95b9ec813,auction,2,632,0.2860690951347351,0.01572394371032715,14681.0,0.2940784990787506,198,1
SLIM*SIG1,676053df-1802-11f0-8423-54a95b9ec813,auction,2,633,0.2860690951347351,0.03125739097595215,14837.0,0.2940784990787506,198,1
SLIM*SIG1,676053df-1802-11f0-8423-54a95b9ec813,auction,2,634,0.2860690951347351,0.015635967254638672,14383.0,0.2940784990787506,198,1
SLIM*SIG1,676053df-1802-11f0-8423-54a95b9ec813,auction,2,635,0.2860690951347351,0.038039207458496094,14212.0,0.2940784990787506,198,1
SLIM*SIG1,676053df-1802-11f0-8423-54a95b9ec813,auction,2,636,0.2860690951347351,0.01782822608947754,13499.0,0.2940784990787506,198,1
SLIM*SIG1,676053df-1802-11f0-8423-54a95b9ec813,auction,2,637,0.2860690951347351,0.029838085174560547,13971.0,0.2940784990787506,198,1
SLIM*SIG1,676053df-1802-11f0-8423-54a95b9ec813,auction,2,638,0.2860690951347351,0.015616178512573242,14232.0,0.2940784990787506,198,1
SLIM*SIG1,676053df-1802-11f0-8423-54a95b9ec813,auction,2,639,0.2860690951347351,0.031272172927856445,15084.0,0.2940784990787506,198,1
SLIM*SIG1,676053df-1802-11f0-8423-54a95b9ec813,auction,2,640,0.2860690951347351,0.031232833862304688,15457.0,0.2940784990787506,198,1
SLIM*SIG1,676053df-1802-11f0-8423-54a95b9ec813,auction,2,641,0.2860690951347351,0.022273778915405273,15750.0,0.2940784990787506,198,1
SLIM*SIG1,676053df-1802-11f0-8423-54a95b9ec813,auction,2,642,0.2860690951347351,0.01563429832458496,15945.0,0.2940784990787506,198,1
SLIM*SIG1,676053df-1802-11f0-8423-54a95b9ec813,auction,2,643,0.2860690951347351,0.0318453311920166,16146.0,0.2940784990787506,198,1
SLIM*SIG1,676053df-1802-11f0-8423-54a95b9ec813,auction,2,644,0.2860690951347351,0.015733003616333008,15810.0,0.2940784990787506,198,1
SLIM*SIG1,676053df-1802-11f0-8423-54a95b9ec813,auction,2,645,0.2860690951347351,0.03747868537902832,15907.0,0.2940784990787506,198,1
SLIM*SIG1,676053df-1802-11f0-8423-54a95b9ec813,auction,2,646,0.2860318124294281,0.01562643051147461,16658.0,0.2920267581939697,172,1
SLIM*SIG1,676053df-1802-11f0-8423-54a95b9ec813,auction,2,647,0.2860318124294281,0.031269073486328125,16706.0,0.2920267581939697,172,1
SLIM*SIG1,676053df-1802-11f0-8423-54a95b9ec813,auction,2,648,0.2860318124294281,0.015607357025146484,16312.0,0.2920267581939697,172,1
SLIM*SIG1,676053df-1802-11f0-8423-54a95b9ec813,auction,2,649,0.2860318124294281,0.02128124237060547,16126.0,0.2920267581939697,172,1
SLIM*SIG1,676053df-1802-11f0-8423-54a95b9ec813,auction,2,650,0.2860318124294281,0.03135180473327637,15498.0,0.2920267581939697,172,1
SLIM*SIG1,676053df-1802-11f0-8423-54a95b9ec813,auction,2,651,0.2860318124294281,0.015630006790161133,15674.0,0.2920267581939697,172,1
SLIM*SIG1,676053df-1802-11f0-8423-54a95b9ec813,auction,2,652,0.2860318124294281,0.015611886978149414,14574.0,0.2920267581939697,172,1
SLIM*SIG1,676053df-1802-11f0-8423-54a95b9ec813,auction,2,653,0.2860318124294281,0.03125119209289551,14379.0,0.2920267581939697,172,1
SLIM*SIG1,676053df-1802-11f0-8423-54a95b9ec813,auction,2,654,0.2860318124294281,0.02431344985961914,13976.0,0.2920267581939697,172,1
SLIM*SIG1,676053df-1802-11f0-8423-54a95b9ec813,auction,2,655,0.2860318124294281,0.015727758407592773,14112.0,0.2920267581939697,172,1
SLIM*SIG1,676053df-1802-11f0-8423-54a95b9ec813,auction,2,656,0.2860318124294281,0.015621662139892578,13464.0,0.2920267581939697,172,1
SLIM*SIG1,676053df-1802-11f0-8423-54a95b9ec813,auction,2,657,0.2860015630722046,0.015630006790161133,14166.0,0.2919996380805969,185,1
SLIM*SIG1,676053df-1802-11f0-8423-54a95b9ec813,auction,2,658,0.2860015630722046,0.01562952995300293,13906.0,0.2919996380805969,185,1
SLIM*SIG1,676053df-1802-11f0-8423-54a95b9ec813,auction,2,659,0.2856910824775696,0.0372774600982666,14989.0,0.2916746437549591,174,1
SLIM*SIG1,676053df-1802-11f0-8423-54a95b9ec813,auction,2,660,0.2856910824775696,0.01564812660217285,14986.0,0.2916746437549591,174,1
SLIM*SIG1,676053df-1802-11f0-8423-54a95b9ec813,auction,2,661,0.2856910824775696,0.031245708465576172,15328.0,0.2916746437549591,174,1
SLIM*SIG1,676053df-1802-11f0-8423-54a95b9ec813,auction,2,662,0.2856910824775696,0.03123927116394043,15561.0,0.2916746437549591,174,1
SLIM*SIG1,676053df-1802-11f0-8423-54a95b9ec813,auction,2,663,0.2856910824775696,0.01563429832458496,15106.0,0.2916746437549591,174,1
SLIM*SIG1,676053df-1802-11f0-8423-54a95b9ec813,auction,2,664,0.2856910824775696,0.015619039535522461,15306.0,0.2916746437549591,174,1
SLIM*SIG1,676053df-1802-11f0-8423-54a95b9ec813,auction,2,665,0.2856910824775696,0.03125262260437012,15592.0,0.2916746437549591,174,1
SLIM*SIG1,676053df-1802-11f0-8423-54a95b9ec813,auction,2,666,0.2856910824775696,0.02832198143005371,14945.0,0.2916746437549591,174,1
SLIM*SIG1,676053df-1802-11f0-8423-54a95b9ec813,auction,2,667,0.2856910824775696,0.01572394371032715,14739.0,0.2916746437549591,174,1
SLIM*SIG1,676053df-1802-11f0-8423-54a95b9ec813,auction,2,668,0.2856910824775696,0.031261444091796875,14674.0,0.2916746437549591,174,1
SLIM*SIG1,676053df-1802-11f0-8423-54a95b9ec813,auction,2,669,0.2856910824775696,0.015621185302734375,14380.0,0.2916746437549591,174,1
SLIM*SIG1,676053df-1802-11f0-8423-54a95b9ec813,auction,2,670,0.2856910824775696,0.03427433967590332,13990.0,0.2916746437549591,174,1
SLIM*SIG1,676053df-1802-11f0-8423-54a95b9ec813,auction,2,671,0.2856910824775696,0.017093420028686523,13609.0,0.2916746437549591,174,1
SLIM*SIG1,676053df-1802-11f0-8423-54a95b9ec813,auction,2,672,0.2856910824775696,0.01562952995300293,13373.0,0.2916746437549591,174,1
SLIM*SIG1,676053df-1802-11f0-8423-54a95b9ec813,auction,2,673,0.2856910824775696,0.031255483627319336,13611.0,0.2916746437549591,174,1
SLIM*SIG1,676053df-1802-11f0-8423-54a95b9ec813,auction,2,674,0.2856910824775696,0.01562047004699707,13880.0,0.2916746437549591,174,1
SLIM*SIG1,676053df-1802-11f0-8423-54a95b9ec813,auction,2,675,0.2856910824775696,0.031248092651367188,14193.0,0.2916746437549591,174,1
SLIM*SIG1,676053df-1802-11f0-8423-54a95b9ec813,auction,2,676,0.2856910824775696,0.024281740188598633,13922.0,0.2916746437549591,174,1
SLIM*SIG1,676053df-1802-11f0-8423-54a95b9ec813,auction,2,677,0.2856910824775696,0.015724897384643555,13902.0,0.2916746437549591,174,1
SLIM*SIG1,676053df-1802-11f0-8423-54a95b9ec813,auction,2,678,0.2856910824775696,0.03124523162841797,14343.0,0.2916746437549591,174,1
SLIM*SIG1,676053df-1802-11f0-8423-54a95b9ec813,auction,2,679,0.2856910824775696,0.03126811981201172,14121.0,0.2916746437549591,174,1
SLIM*SIG1,676053df-1802-11f0-8423-54a95b9ec813,auction,2,680,0.2856910824775696,0.04515266418457031,14345.0,0.2916746437549591,174,1
SLIM*SIG1,676053df-1802-11f0-8423-54a95b9ec813,auction,2,681,0.2856910824775696,0.03239917755126953,14078.0,0.2916746437549591,174,1
SLIM*SIG1,676053df-1802-11f0-8423-54a95b9ec813,auction,2,682,0.2856910824775696,0.10451364517211914,13807.0,0.2916746437549591,174,1
SLIM*SIG1,676053df-1802-11f0-8423-54a95b9ec813,auction,2,683,0.2856910824775696,0.01574563980102539,14005.0,0.2916746437549591,174,1
SLIM*SIG1,676053df-1802-11f0-8423-54a95b9ec813,auction,2,684,0.2856910824775696,0.03765392303466797,13316.0,0.2916746437549591,174,1
SLIM*SIG1,676053df-1802-11f0-8423-54a95b9ec813,auction,2,685,0.2856910824775696,0.015519142150878906,12447.0,0.2916746437549591,174,1
SLIM*SIG1,676053df-1802-11f0-8423-54a95b9ec813,auction,2,686,0.2856910824775696,0.03134965896606445,12092.0,0.2916746437549591,174,1
SLIM*SIG1,676053df-1802-11f0-8423-54a95b9ec813,auction,2,687,0.2856910824775696,0.015523433685302734,11763.0,0.2916746437549591,174,1
SLIM*SIG1,676053df-1802-11f0-8423-54a95b9ec813,auction,2,688,0.2856910824775696,0.021747827529907227,11729.0,0.2916746437549591,174,1
SLIM*SIG1,676053df-1802-11f0-8423-54a95b9ec813,auction,2,689,0.2856910824775696,0.03135347366333008,11265.0,0.2916746437549591,174,1
SLIM*SIG1,676053df-1802-11f0-8423-54a95b9ec813,auction,2,690,0.2856910824775696,0.015623331069946289,11618.0,0.2916746437549591,174,1
SLIM*SIG1,676053df-1802-11f0-8423-54a95b9ec813,auction,2,691,0.2856910824775696,0.03115105628967285,11247.0,0.2916746437549591,174,1
SLIM*SIG1,676053df-1802-11f0-8423-54a95b9ec813,auction,2,692,0.2856910824775696,0.03135108947753906,11152.0,0.2916746437549591,174,1
SLIM*SIG1,676053df-1802-11f0-8423-54a95b9ec813,auction,2,693,0.2856910824775696,0.02319788932800293,11822.0,0.2916746437549591,174,1
SLIM*SIG1,676053df-1802-11f0-8423-54a95b9ec813,auction,2,694,0.2856910824775696,0.015609979629516602,12018.0,0.2916746437549591,174,1
SLIM*SIG1,676053df-1802-11f0-8423-54a95b9ec813,auction,2,695,0.2856910824775696,0.03135800361633301,12202.0,0.2916746437549591,174,1
SLIM*SIG1,676053df-1802-11f0-8423-54a95b9ec813,auction,2,696,0.2856910824775696,0.015629053115844727,12341.0,0.2916746437549591,174,1
SLIM*SIG1,676053df-1802-11f0-8423-54a95b9ec813,auction,2,697,0.2856910824775696,0.02252650260925293,12646.0,0.2916746437549591,174,1
SLIM*SIG1,676053df-1802-11f0-8423-54a95b9ec813,auction,2,698,0.2856910824775696,0.015727519989013672,13247.0,0.2916746437549591,174,1
SLIM*SIG1,676053df-1802-11f0-8423-54a95b9ec813,auction,2,699,0.2856910824775696,0.03125166893005371,13091.0,0.2916746437549591,174,1
SLIM*SIG1,676053df-1802-11f0-8423-54a95b9ec813,auction,2,700,0.2856910824775696,0.01565074920654297,13613.0,0.2916746437549591,174,1
SLIM*SIG1,676053df-1802-11f0-8423-54a95b9ec813,auction,2,701,0.2856910824775696,0.03122091293334961,13705.0,0.2916746437549591,174,1
SLIM*SIG1,676053df-1802-11f0-8423-54a95b9ec813,auction,2,702,0.2856910824775696,0.022127151489257812,13977.0,0.2916746437549591,174,1
SLIM*SIG1,676053df-1802-11f0-8423-54a95b9ec813,auction,2,703,0.2856910824775696,0.015636444091796875,14283.0,0.2916746437549591,174,1
SLIM*SIG1,676053df-1802-11f0-8423-54a95b9ec813,auction,2,704,0.2856910824775696,0.031231164932250977,14212.0,0.2916746437549591,174,1
SLIM*SIG1,676053df-1802-11f0-8423-54a95b9ec813,auction,2,705,0.2856910824775696,0.031626224517822266,14434.0,0.2916746437549591,174,1
SLIM*SIG1,676053df-1802-11f0-8423-54a95b9ec813,auction,2,706,0.2856910824775696,0.019099950790405273,13487.0,0.2916746437549591,174,1
SLIM*SIG1,676053df-1802-11f0-8423-54a95b9ec813,auction,2,707,0.2856910824775696,0.031249046325683594,14073.0,0.2916746437549591,174,1
SLIM*SIG1,676053df-1802-11f0-8423-54a95b9ec813,auction,2,708,0.2856910824775696,0.015625,14304.0,0.2916746437549591,174,1
SLIM*SIG1,676053df-1802-11f0-8423-54a95b9ec813,auction,2,709,0.2856910824775696,0.0366053581237793,14183.0,0.2916746437549591,174,1
SLIM*SIG1,676053df-1802-11f0-8423-54a95b9ec813,auction,2,710,0.2856910824775696,0.01510310173034668,14334.0,0.2916746437549591,174,1
SLIM*SIG1,676053df-1802-11f0-8423-54a95b9ec813,auction,2,711,0.2856910824775696,0.0313565731048584,14219.0,0.2916746437549591,174,1
SLIM*SIG1,676053df-1802-11f0-8423-54a95b9ec813,auction,2,712,0.2856910824775696,0.015627384185791016,14321.0,0.2916746437549591,174,1
SLIM*SIG1,676053df-1802-11f0-8423-54a95b9ec813,auction,2,713,0.2856910824775696,0.03125452995300293,14327.0,0.2916746437549591,174,1
SLIM*SIG1,676053df-1802-11f0-8423-54a95b9ec813,auction,2,714,0.2856910824775696,0.017334461212158203,13756.0,0.2916746437549591,174,1
SLIM*SIG1,676053df-1802-11f0-8423-54a95b9ec813,auction,2,715,0.2856910824775696,0.015735864639282227,13160.0,0.2916746437549591,174,1
SLIM*SIG1,676053df-1802-11f0-8423-54a95b9ec813,auction,2,716,0.2856910824775696,0.03126025199890137,12843.0,0.2916746437549591,174,1
SLIM*SIG1,676053df-1802-11f0-8423-54a95b9ec813,auction,2,717,0.2856910824775696,0.015613317489624023,12973.0,0.2916746437549591,174,1
SLIM*SIG1,676053df-1802-11f0-8423-54a95b9ec813,auction,2,718,0.2856910824775696,0.021984338760375977,13025.0,0.2916746437549591,174,1
SLIM*SIG1,676053df-1802-11f0-8423-54a95b9ec813,auction,2,719,0.2856910824775696,0.015629053115844727,12960.0,0.2916746437549591,174,1
SLIM*SIG1,676053df-1802-11f0-8423-54a95b9ec813,auction,2,720,0.2856910824775696,0.0312652587890625,12575.0,0.2916746437549591,174,1
SLIM*SIG1,676053df-1802-11f0-8423-54a95b9ec813,auction,2,721,0.2856910824775696,0.015608072280883789,12912.0,0.2916746437549591,174,1
SLIM*SIG1,676053df-1802-11f0-8423-54a95b9ec813,auction,2,722,0.2856910824775696,0.03125882148742676,12649.0,0.2916746437549591,174,1
SLIM*SIG1,676053df-1802-11f0-8423-54a95b9ec813,auction,2,723,0.2856910824775696,0.024659156799316406,13413.0,0.2916746437549591,174,1
SLIM*SIG1,676053df-1802-11f0-8423-54a95b9ec813,auction,2,724,0.2856910824775696,0.03135228157043457,13057.0,0.2916746437549591,174,1
SLIM*SIG1,676053df-1802-11f0-8423-54a95b9ec813,auction,2,725,0.2856910824775696,0.015618085861206055,13128.0,0.2916746437549591,174,1
SLIM*SIG1,676053df-1802-11f0-8423-54a95b9ec813,auction,2,726,0.28564170002937317,0.03125309944152832,13726.0,0.29160788655281067,189,1
SLIM*SIG1,676053df-1802-11f0-8423-54a95b9ec813,auction,2,727,0.28564170002937317,0.020855426788330078,14624.0,0.29160788655281067,189,1
SLIM*SIG1,676053df-1802-11f0-8423-54a95b9ec813,auction,2,728,0.28564170002937317,0.01572561264038086,14341.0,0.29160788655281067,189,1
SLIM*SIG1,676053df-1802-11f0-8423-54a95b9ec813,auction,2,729,0.28564170002937317,0.015624284744262695,14563.0,0.29160788655281067,189,1
SLIM*SIG1,676053df-1802-11f0-8423-54a95b9ec813,auction,2,730,0.28564170002937317,0.031245946884155273,15202.0,0.29160788655281067,189,1
SLIM*SIG1,676053df-1802-11f0-8423-54a95b9ec813,auction,2,731,0.28564170002937317,0.021781444549560547,15119.0,0.29160788655281067,189,1
SLIM*SIG1,676053df-1802-11f0-8423-54a95b9ec813,auction,2,732,0.28564170002937317,0.015727758407592773,15099.0,0.29160788655281067,189,1
SLIM*SIG1,676053df-1802-11f0-8423-54a95b9ec813,auction,2,733,0.28564170002937317,0.015623807907104492,14571.0,0.29160788655281067,189,1
SLIM*SIG1,676053df-1802-11f0-8423-54a95b9ec813,auction,2,734,0.2855733335018158,0.03125,15146.0,0.2915045917034149,202,1
SLIM*SIG1,676053df-1802-11f0-8423-54a95b9ec813,auction,2,735,0.2855733335018158,0.022188901901245117,14673.0,0.2915045917034149,202,1
SLIM*SIG1,676053df-1802-11f0-8423-54a95b9ec813,auction,2,736,0.2855733335018158,0.03135418891906738,14661.0,0.2915045917034149,202,1
SLIM*SIG1,676053df-1802-11f0-8423-54a95b9ec813,auction,2,737,0.2855733335018158,0.031147003173828125,14553.0,0.2915045917034149,202,1
SLIM*SIG1,676053df-1802-11f0-8423-54a95b9ec813,auction,2,738,0.2855733335018158,0.015723466873168945,14139.0,0.2915045917034149,202,1
SLIM*SIG1,676053df-1802-11f0-8423-54a95b9ec813,auction,2,739,0.2855733335018158,0.03691601753234863,14008.0,0.2915045917034149,202,1
SLIM*SIG1,676053df-1802-11f0-8423-54a95b9ec813,auction,2,740,0.2855733335018158,0.015622854232788086,14239.0,0.2915045917034149,202,1
SLIM*SIG1,676053df-1802-11f0-8423-54a95b9ec813,auction,2,741,0.2855733335018158,0.031258583068847656,14327.0,0.2915045917034149,202,1
SLIM*SIG1,676053df-1802-11f0-8423-54a95b9ec813,auction,2,742,0.2855733335018158,0.03124856948852539,15063.0,0.2915045917034149,202,1
SLIM*SIG1,676053df-1802-11f0-8423-54a95b9ec813,auction,2,743,0.2855733335018158,0.015623092651367188,16127.0,0.2915045917034149,202,1
SLIM*SIG1,676053df-1802-11f0-8423-54a95b9ec813,auction,2,744,0.2855733335018158,0.02487969398498535,15718.0,0.2915045917034149,202,1
SLIM*SIG1,676053df-1802-11f0-8423-54a95b9ec813,auction,2,745,0.2855733335018158,0.031357526779174805,15506.0,0.2915045917034149,202,1
SLIM*SIG1,676053df-1802-11f0-8423-54a95b9ec813,auction,2,746,0.2855733335018158,0.031246185302734375,15641.0,0.2915045917034149,202,1
SLIM*SIG1,676053df-1802-11f0-8423-54a95b9ec813,auction,2,747,0.28549453616142273,0.01562809944152832,15638.0,0.291216641664505,202,1
SLIM*SIG1,676053df-1802-11f0-8423-54a95b9ec813,auction,2,748,0.28549453616142273,0.036519527435302734,15668.0,0.291216641664505,202,1
SLIM*SIG1,676053df-1802-11f0-8423-54a95b9ec813,auction,2,749,0.28549453616142273,0.01572585105895996,15424.0,0.291216641664505,202,1
SLIM*SIG1,676053df-1802-11f0-8423-54a95b9ec813,auction,2,750,0.28549453616142273,0.031269073486328125,14926.0,0.291216641664505,202,1
SLIM*SIG1,676053df-1802-11f0-8423-54a95b9ec813,auction,2,751,0.28549453616142273,0.015609502792358398,14859.0,0.291216641664505,202,1
SLIM*SIG1,676053df-1802-11f0-8423-54a95b9ec813,auction,2,752,0.28549453616142273,0.021437406539916992,14262.0,0.291216641664505,202,1
SLIM*SIG1,676053df-1802-11f0-8423-54a95b9ec813,auction,2,753,0.28549453616142273,0.03137087821960449,13560.0,0.291216641664505,202,1
SLIM*SIG1,676053df-1802-11f0-8423-54a95b9ec813,auction,2,754,0.28549453616142273,0.015627384185791016,13742.0,0.291216641664505,202,1
SLIM*SIG1,676053df-1802-11f0-8423-54a95b9ec813,auction,2,755,0.28549453616142273,0.015729427337646484,14338.0,0.291216641664505,202,1
SLIM*SIG1,676053df-1802-11f0-8423-54a95b9ec813,auction,2,756,0.28549453616142273,0.021602869033813477,14444.0,0.291216641664505,202,1
SLIM*SIG1,676053df-1802-11f0-8423-54a95b9ec813,auction,2,757,0.28549453616142273,0.03135371208190918,15072.0,0.291216641664505,202,1
SLIM*SIG1,676053df-1802-11f0-8423-54a95b9ec813,auction,2,758,0.28549453616142273,0.031267642974853516,15134.0,0.291216641664505,202,1
SLIM*SIG1,676053df-1802-11f0-8423-54a95b9ec813,auction,2,759,0.28549453616142273,0.015609502792358398,15027.0,0.291216641664505,202,1
SLIM*SIG1,676053df-1802-11f0-8423-54a95b9ec813,auction,2,760,0.28549453616142273,0.022253036499023438,14878.0,0.291216641664505,202,1
SLIM*SIG1,676053df-1802-11f0-8423-54a95b9ec813,auction,2,761,0.28549453616142273,0.015733718872070312,14145.0,0.291216641664505,202,1
SLIM*SIG1,676053df-1802-11f0-8423-54a95b9ec813,auction,2,762,0.28549453616142273,0.03412961959838867,14368.0,0.291216641664505,202,1
SLIM*SIG1,676053df-1802-11f0-8423-54a95b9ec813,auction,2,763,0.28549453616142273,0.029515504837036133,15563.0,0.291216641664505,202,1
SLIM*SIG1,676053df-1802-11f0-8423-54a95b9ec813,auction,2,764,0.28549453616142273,0.041968584060668945,15400.0,0.291216641664505,202,1
SLIM*SIG1,676053df-1802-11f0-8423-54a95b9ec813,auction,2,765,0.28549453616142273,0.033478498458862305,16146.0,0.291216641664505,202,1
SLIM*SIG1,676053df-1802-11f0-8423-54a95b9ec813,auction,2,766,0.28549453616142273,0.03572702407836914,16248.0,0.291216641664505,202,1
SLIM*SIG1,676053df-1802-11f0-8423-54a95b9ec813,auction,2,767,0.28549453616142273,0.021539926528930664,15898.0,0.291216641664505,202,1
SLIM*SIG1,676053df-1802-11f0-8423-54a95b9ec813,auction,2,768,0.28549453616142273,0.015625476837158203,15089.0,0.291216641664505,202,1
SLIM*SIG1,676053df-1802-11f0-8423-54a95b9ec813,auction,2,769,0.28549453616142273,0.015620708465576172,15219.0,0.291216641664505,202,1
SLIM*SIG1,676053df-1802-11f0-8423-54a95b9ec813,auction,2,770,0.28547367453575134,0.03126215934753418,15216.0,0.2912064790725708,215,1
SLIM*SIG1,676053df-1802-11f0-8423-54a95b9ec813,auction,2,771,0.28547367453575134,0.02233147621154785,15080.0,0.2912064790725708,215,1
SLIM*SIG1,676053df-1802-11f0-8423-54a95b9ec813,auction,2,772,0.28547367453575134,0.031356096267700195,15225.0,0.2912064790725708,215,1
SLIM*SIG1,676053df-1802-11f0-8423-54a95b9ec813,auction,2,773,0.2852928340435028,0.015533208847045898,15721.0,0.2906586825847626,202,1
SLIM*SIG1,676053df-1802-11f0-8423-54a95b9ec813,auction,2,774,0.2852928340435028,0.031348466873168945,16114.0,0.2906586825847626,202,1
SLIM*SIG1,676053df-1802-11f0-8423-54a95b9ec813,auction,2,775,0.2852928340435028,0.037178754806518555,15746.0,0.2906586825847626,202,1
SLIM*SIG1,676053df-1802-11f0-8423-54a95b9ec813,auction,2,776,0.28528067469596863,0.03136301040649414,15255.0,0.29069849848747253,187,1
SLIM*SIG1,676053df-1802-11f0-8423-54a95b9ec813,auction,2,777,0.28528067469596863,0.01563096046447754,15730.0,0.29069849848747253,187,1
SLIM*SIG1,676053df-1802-11f0-8423-54a95b9ec813,auction,2,778,0.28528067469596863,0.03769230842590332,15561.0,0.29069849848747253,187,1
SLIM*SIG1,676053df-1802-11f0-8423-54a95b9ec813,auction,2,779,0.28528067469596863,0.015726804733276367,14913.0,0.29069849848747253,187,1
SLIM*SIG1,676053df-1802-11f0-8423-54a95b9ec813,auction,2,780,0.28528067469596863,0.031255483627319336,14355.0,0.29069849848747253,187,1
SLIM*SIG1,676053df-1802-11f0-8423-54a95b9ec813,auction,2,781,0.28528067469596863,0.01562356948852539,14752.0,0.29069849848747253,187,1
SLIM*SIG1,676053df-1802-11f0-8423-54a95b9ec813,auction,2,782,0.28528067469596863,0.031249046325683594,14420.0,0.29069849848747253,187,1
SLIM*SIG1,676053df-1802-11f0-8423-54a95b9ec813,auction,2,783,0.28528067469596863,0.02133631706237793,15049.0,0.29069849848747253,187,1
SLIM*SIG1,676053df-1802-11f0-8423-54a95b9ec813,auction,2,784,0.28528067469596863,0.01563715934753418,15163.0,0.29069849848747253,187,1
SLIM*SIG1,676053df-1802-11f0-8423-54a95b9ec813,auction,2,785,0.28516730666160583,0.015647411346435547,15608.0,0.2903367280960083,213,1
SLIM*SIG1,676053df-1802-11f0-8423-54a95b9ec813,auction,2,786,0.28516730666160583,0.03122234344482422,15229.0,0.2903367280960083,213,1
SLIM*SIG1,676053df-1802-11f0-8423-54a95b9ec813,auction,2,787,0.28516730666160583,0.01563119888305664,15816.0,0.2903367280960083,213,1
SLIM*SIG1,676053df-1802-11f0-8423-54a95b9ec813,auction,2,788,0.28516730666160583,0.02433156967163086,15457.0,0.2903367280960083,213,1
SLIM*SIG1,676053df-1802-11f0-8423-54a95b9ec813,auction,2,789,0.28516730666160583,0.031351327896118164,15811.0,0.2903367280960083,213,1
SLIM*SIG1,676053df-1802-11f0-8423-54a95b9ec813,auction,2,790,0.2851303815841675,0.015630483627319336,14888.0,0.29031574726104736,226,1
SLIM*SIG1,676053df-1802-11f0-8423-54a95b9ec813,auction,2,791,0.2851303815841675,0.015619277954101562,15599.0,0.29031574726104736,226,1
SLIM*SIG1,676053df-1802-11f0-8423-54a95b9ec813,auction,2,792,0.2851303815841675,0.021780967712402344,15890.0,0.29031574726104736,226,1
SLIM*SIG1,676053df-1802-11f0-8423-54a95b9ec813,auction,2,793,0.2851303815841675,0.03134346008300781,15524.0,0.29031574726104736,226,1
SLIM*SIG1,676053df-1802-11f0-8423-54a95b9ec813,auction,2,794,0.2851303815841675,0.015628576278686523,15732.0,0.29031574726104736,226,1
SLIM*SIG1,676053df-1802-11f0-8423-54a95b9ec813,auction,2,795,0.2851303815841675,0.01562047004699707,16272.0,0.29031574726104736,226,1
SLIM*SIG1,676053df-1802-11f0-8423-54a95b9ec813,auction,2,796,0.2851303815841675,0.02128148078918457,16915.0,0.29031574726104736,226,1
SLIM*SIG1,676053df-1802-11f0-8423-54a95b9ec813,auction,2,797,0.2851303815841675,0.03136277198791504,17939.0,0.29031574726104736,226,1
SLIM*SIG1,676053df-1802-11f0-8423-54a95b9ec813,auction,2,798,0.2851303815841675,0.04676699638366699,18058.0,0.29031574726104736,226,1
SLIM*SIG1,676053df-1802-11f0-8423-54a95b9ec813,auction,2,799,0.28499358892440796,0.05676388740539551,18647.0,0.28977668285369873,252,1
SLIM*SIG1,676053df-1802-11f0-8423-54a95b9ec813,auction,2,800,0.28499358892440796,0.04687142372131348,18659.0,0.28977668285369873,252,1
SLIM*SIG1,676053df-1802-11f0-8423-54a95b9ec813,auction,2,801,0.28499358892440796,0.08513331413269043,18294.0,0.28977668285369873,252,1
SLIM*SIG1,676053df-1802-11f0-8423-54a95b9ec813,auction,2,802,0.28499358892440796,0.033251047134399414,18586.0,0.28977668285369873,252,1
SLIM*SIG1,676053df-1802-11f0-8423-54a95b9ec813,auction,2,803,0.28499358892440796,0.06249880790710449,18749.0,0.28977668285369873,252,1
SLIM*SIG1,676053df-1802-11f0-8423-54a95b9ec813,auction,2,804,0.28499358892440796,0.05734395980834961,18007.0,0.28977668285369873,252,1
SLIM*SIG1,676053df-1802-11f0-8423-54a95b9ec813,auction,2,805,0.28499358892440796,0.062499046325683594,17027.0,0.28977668285369873,252,1
SLIM*SIG1,676053df-1802-11f0-8423-54a95b9ec813,auction,2,806,0.28499358892440796,0.0357515811920166,18320.0,0.28977668285369873,252,1
SLIM*SIG1,676053df-1802-11f0-8423-54a95b9ec813,auction,2,807,0.284967839717865,0.03132486343383789,18290.0,0.2897696793079376,239,1
SLIM*SIG1,676053df-1802-11f0-8423-54a95b9ec813,auction,2,808,0.284967839717865,0.01562976837158203,17394.0,0.2897696793079376,239,1
SLIM*SIG1,676053df-1802-11f0-8423-54a95b9ec813,auction,2,809,0.284967839717865,0.031244754791259766,16943.0,0.2897696793079376,239,1
SLIM*SIG1,676053df-1802-11f0-8423-54a95b9ec813,auction,2,810,0.284967839717865,0.036371707916259766,17456.0,0.2897696793079376,239,1
SLIM*SIG1,676053df-1802-11f0-8423-54a95b9ec813,auction,2,811,0.284967839717865,0.0313570499420166,17667.0,0.2897696793079376,239,1
SLIM*SIG1,676053df-1802-11f0-8423-54a95b9ec813,auction,2,812,0.284967839717865,0.015639066696166992,17946.0,0.2897696793079376,239,1
SLIM*SIG1,676053df-1802-11f0-8423-54a95b9ec813,auction,2,813,0.284967839717865,0.036501169204711914,17930.0,0.2897696793079376,239,1
SLIM*SIG1,676053df-1802-11f0-8423-54a95b9ec813,auction,2,814,0.284967839717865,0.01606130599975586,18198.0,0.2897696793079376,239,1
SLIM*SIG1,676053df-1802-11f0-8423-54a95b9ec813,auction,2,815,0.2848096489906311,0.031239032745361328,18074.0,0.28998613357543945,252,1
SLIM*SIG1,676053df-1802-11f0-8423-54a95b9ec813,auction,2,816,0.2848096489906311,0.015632152557373047,17985.0,0.28998613357543945,252,1
SLIM*SIG1,676053df-1802-11f0-8423-54a95b9ec813,auction,2,817,0.2848096489906311,0.03542447090148926,18343.0,0.28998613357543945,252,1
SLIM*SIG1,676053df-1802-11f0-8423-54a95b9ec813,auction,2,818,0.2848096489906311,0.01572442054748535,18683.0,0.28998613357543945,252,1
SLIM*SIG1,676053df-1802-11f0-8423-54a95b9ec813,auction,2,819,0.2848096489906311,0.01562976837158203,18547.0,0.28998613357543945,252,1
SLIM*SIG1,676053df-1802-11f0-8423-54a95b9ec813,auction,2,820,0.2848096489906311,0.015622138977050781,18984.0,0.28998613357543945,252,1
SLIM*SIG1,676053df-1802-11f0-8423-54a95b9ec813,auction,2,821,0.2848096489906311,0.03124547004699707,18718.0,0.28998613357543945,252,1
SLIM*SIG1,676053df-1802-11f0-8423-54a95b9ec813,auction,2,822,0.2848096489906311,0.01831817626953125,18606.0,0.28998613357543945,252,1
SLIM*SIG1,676053df-1802-11f0-8423-54a95b9ec813,auction,2,823,0.2848096489906311,0.031363725662231445,18249.0,0.28998613357543945,252,1
SLIM*SIG1,676053df-1802-11f0-8423-54a95b9ec813,auction,2,824,0.2848096489906311,0.015649080276489258,18093.0,0.28998613357543945,252,1
SLIM*SIG1,676053df-1802-11f0-8423-54a95b9ec813,auction,2,825,0.2848096489906311,0.03651571273803711,18538.0,0.28998613357543945,252,1
SLIM*SIG1,676053df-1802-11f0-8423-54a95b9ec813,auction,2,826,0.2848096489906311,0.0156097412109375,18554.0,0.28998613357543945,252,1
SLIM*SIG1,676053df-1802-11f0-8423-54a95b9ec813,auction,2,827,0.2848096489906311,0.0313572883605957,19135.0,0.28998613357543945,252,1
SLIM*SIG1,676053df-1802-11f0-8423-54a95b9ec813,auction,2,828,0.2848096489906311,0.015629053115844727,21036.0,0.28998613357543945,252,1
SLIM*SIG1,676053df-1802-11f0-8423-54a95b9ec813,auction,2,829,0.2848096489906311,0.05667757987976074,20383.0,0.28998613357543945,252,1
SLIM*SIG1,676053df-1802-11f0-8423-54a95b9ec813,auction,2,830,0.2848096489906311,0.07812356948852539,20096.0,0.28998613357543945,252,1
SLIM*SIG1,676053df-1802-11f0-8423-54a95b9ec813,auction,2,831,0.2848096489906311,0.06209254264831543,20120.0,0.28998613357543945,252,1
SLIM*SIG1,676053df-1802-11f0-8423-54a95b9ec813,auction,2,832,0.2848096489906311,0.036765098571777344,20232.0,0.28998613357543945,252,1
SLIM*SIG1,676053df-1802-11f0-8423-54a95b9ec813,auction,2,833,0.2847977578639984,0.03444385528564453,19914.0,0.28983908891677856,239,1
SLIM*SIG1,676053df-1802-11f0-8423-54a95b9ec813,auction,2,834,0.2847977578639984,0.07973742485046387,20061.0,0.28983908891677856,239,1
SLIM*SIG1,676053df-1802-11f0-8423-54a95b9ec813,auction,2,835,0.2847977578639984,0.0998992919921875,19522.0,0.28983908891677856,239,1
SLIM*SIG1,676053df-1802-11f0-8423-54a95b9ec813,auction,2,836,0.2847977578639984,0.02007460594177246,18598.0,0.28983908891677856,239,1
SLIM*SIG1,676053df-1802-11f0-8423-54a95b9ec813,auction,2,837,0.2847977578639984,0.015630245208740234,18020.0,0.28983908891677856,239,1
SLIM*SIG1,676053df-1802-11f0-8423-54a95b9ec813,auction,2,838,0.2847977578639984,0.046844482421875,17744.0,0.28983908891677856,239,1
SLIM*SIG1,676053df-1802-11f0-8423-54a95b9ec813,auction,2,839,0.2847977578639984,0.07005476951599121,16803.0,0.28983908891677856,239,1
SLIM*SIG1,676053df-1802-11f0-8423-54a95b9ec813,auction,2,840,0.2847977578639984,0.048232078552246094,16580.0,0.28983908891677856,239,1
SLIM*SIG1,676053df-1802-11f0-8423-54a95b9ec813,auction,2,841,0.2847977578639984,0.017635822296142578,16759.0,0.28983908891677856,239,1
SLIM*SIG1,676053df-1802-11f0-8423-54a95b9ec813,auction,2,842,0.2847977578639984,0.031250715255737305,17130.0,0.28983908891677856,239,1
SLIM*SIG1,676053df-1802-11f0-8423-54a95b9ec813,auction,2,843,0.2847977578639984,0.015630483627319336,17183.0,0.28983908891677856,239,1
SLIM*SIG1,676053df-1802-11f0-8423-54a95b9ec813,auction,2,844,0.2847977578639984,0.031239748001098633,17652.0,0.28983908891677856,239,1
SLIM*SIG1,676053df-1802-11f0-8423-54a95b9ec813,auction,2,845,0.2847977578639984,0.03932499885559082,18109.0,0.28983908891677856,239,1
SLIM*SIG1,676053df-1802-11f0-8423-54a95b9ec813,auction,2,846,0.2847977578639984,0.015734195709228516,18305.0,0.28983908891677856,239,1
SLIM*SIG1,676053df-1802-11f0-8423-54a95b9ec813,auction,2,847,0.2847977578639984,0.031243562698364258,18277.0,0.28983908891677856,239,1
SLIM*SIG1,676053df-1802-11f0-8423-54a95b9ec813,auction,2,848,0.2847977578639984,0.015632152557373047,17389.0,0.28983908891677856,239,1
SLIM*SIG1,676053df-1802-11f0-8423-54a95b9ec813,auction,2,849,0.2847977578639984,0.03682899475097656,16761.0,0.28983908891677856,239,1
SLIM*SIG1,676053df-1802-11f0-8423-54a95b9ec813,auction,2,850,0.2847977578639984,0.015605688095092773,17327.0,0.28983908891677856,239,1
SLIM*SIG1,676053df-1802-11f0-8423-54a95b9ec813,auction,2,851,0.2847977578639984,0.015626192092895508,17834.0,0.28983908891677856,239,1
SLIM*SIG1,676053df-1802-11f0-8423-54a95b9ec813,auction,2,852,0.2847977578639984,0.03125572204589844,19040.0,0.28983908891677856,239,1
SLIM*SIG1,676053df-1802-11f0-8423-54a95b9ec813,auction,2,853,0.2847977578639984,0.021639347076416016,18905.0,0.28983908891677856,239,1
SLIM*SIG1,676053df-1802-11f0-8423-54a95b9ec813,auction,2,854,0.2847977578639984,0.03134441375732422,18894.0,0.28983908891677856,239,1
SLIM*SIG1,676053df-1802-11f0-8423-54a95b9ec813,auction,2,855,0.2847977578639984,0.015635013580322266,18675.0,0.28983908891677856,239,1
SLIM*SIG1,676053df-1802-11f0-8423-54a95b9ec813,auction,2,856,0.2847977578639984,0.031263113021850586,19128.0,0.28983908891677856,239,1
SLIM*SIG1,676053df-1802-11f0-8423-54a95b9ec813,auction,2,857,0.2847977578639984,0.02160024642944336,18664.0,0.28983908891677856,239,1
SLIM*SIG1,676053df-1802-11f0-8423-54a95b9ec813,auction,2,858,0.2847977578639984,0.0313410758972168,18707.0,0.28983908891677856,239,1
SLIM*SIG1,676053df-1802-11f0-8423-54a95b9ec813,auction,2,859,0.2847977578639984,0.0312650203704834,18218.0,0.28983908891677856,239,1
SLIM*SIG1,676053df-1802-11f0-8423-54a95b9ec813,auction,2,860,0.2847977578639984,0.015620708465576172,18769.0,0.28983908891677856,239,1
SLIM*SIG1,676053df-1802-11f0-8423-54a95b9ec813,auction,2,861,0.2847977578639984,0.03124380111694336,19142.0,0.28983908891677856,239,1
SLIM*SIG1,676053df-1802-11f0-8423-54a95b9ec813,auction,2,862,0.2847977578639984,0.023370981216430664,18602.0,0.28983908891677856,239,1
SLIM*SIG1,676053df-1802-11f0-8423-54a95b9ec813,auction,2,863,0.2847977578639984,0.03135943412780762,18409.0,0.28983908891677856,239,1
SLIM*SIG1,676053df-1802-11f0-8423-54a95b9ec813,auction,2,864,0.2847977578639984,0.015622138977050781,18662.0,0.28983908891677856,239,1
SLIM*SIG1,676053df-1802-11f0-8423-54a95b9ec813,auction,2,865,0.2847977578639984,0.031249523162841797,18160.0,0.28983908891677856,239,1
SLIM*SIG1,676053df-1802-11f0-8423-54a95b9ec813,auction,2,866,0.2847977578639984,0.02265191078186035,18681.0,0.28983908891677856,239,1
SLIM*SIG1,676053df-1802-11f0-8423-54a95b9ec813,auction,2,867,0.2847977578639984,0.03136086463928223,19901.0,0.28983908891677856,239,1
SLIM*SIG1,676053df-1802-11f0-8423-54a95b9ec813,auction,2,868,0.2847977578639984,0.03114151954650879,20049.0,0.28983908891677856,239,1
SLIM*SIG1,676053df-1802-11f0-8423-54a95b9ec813,auction,2,869,0.2847977578639984,0.03418111801147461,20672.0,0.28983908891677856,239,1
SLIM*SIG1,676053df-1802-11f0-8423-54a95b9ec813,auction,2,870,0.2847977578639984,0.01717400550842285,20188.0,0.28983908891677856,239,1
SLIM*SIG1,676053df-1802-11f0-8423-54a95b9ec813,auction,2,871,0.2847977578639984,0.031239748001098633,19506.0,0.28983908891677856,239,1
SLIM*SIG1,676053df-1802-11f0-8423-54a95b9ec813,auction,2,872,0.2847977578639984,0.015645265579223633,19609.0,0.28983908891677856,239,1
SLIM*SIG1,676053df-1802-11f0-8423-54a95b9ec813,auction,2,873,0.2847977578639984,0.038071393966674805,19545.0,0.28983908891677856,239,1
SLIM*SIG1,676053df-1802-11f0-8423-54a95b9ec813,auction,2,874,0.2847977578639984,0.07822775840759277,19155.0,0.28983908891677856,239,1
SLIM*SIG1,676053df-1802-11f0-8423-54a95b9ec813,auction,2,875,0.2847977578639984,0.02103567123413086,19970.0,0.28983908891677856,239,1
SLIM*SIG1,676053df-1802-11f0-8423-54a95b9ec813,auction,2,876,0.2847977578639984,0.031249046325683594,19925.0,0.28983908891677856,239,1
SLIM*SIG1,676053df-1802-11f0-8423-54a95b9ec813,auction,2,877,0.2847977578639984,0.05779242515563965,19746.0,0.28983908891677856,239,1
SLIM*SIG1,676053df-1802-11f0-8423-54a95b9ec813,auction,2,878,0.2847977578639984,0.0313572883605957,20073.0,0.28983908891677856,239,1
SLIM*SIG1,676053df-1802-11f0-8423-54a95b9ec813,auction,2,879,0.2847977578639984,0.03128194808959961,20052.0,0.28983908891677856,239,1
SLIM*SIG1,676053df-1802-11f0-8423-54a95b9ec813,auction,2,880,0.2847977578639984,0.015585899353027344,19228.0,0.28983908891677856,239,1
SLIM*SIG1,676053df-1802-11f0-8423-54a95b9ec813,auction,2,881,0.2847977578639984,0.031250953674316406,18408.0,0.28983908891677856,239,1
SLIM*SIG1,676053df-1802-11f0-8423-54a95b9ec813,auction,2,882,0.28479722142219543,0.02021312713623047,17729.0,0.2897992432117462,252,1
SLIM*SIG1,676053df-1802-11f0-8423-54a95b9ec813,auction,2,883,0.28479722142219543,0.030840396881103516,17399.0,0.2897992432117462,252,1
SLIM*SIG1,676053df-1802-11f0-8423-54a95b9ec813,auction,2,884,0.28479722142219543,0.03125929832458496,17215.0,0.2897992432117462,252,1
SLIM*SIG1,676053df-1802-11f0-8423-54a95b9ec813,auction,2,885,0.28479722142219543,0.015617847442626953,16479.0,0.2897992432117462,252,1
SLIM*SIG1,676053df-1802-11f0-8423-54a95b9ec813,auction,2,886,0.28479722142219543,0.037339210510253906,16179.0,0.2897992432117462,252,1
SLIM*SIG1,676053df-1802-11f0-8423-54a95b9ec813,auction,2,887,0.28479722142219543,0.031256675720214844,15757.0,0.2897992432117462,252,1
SLIM*SIG1,676053df-1802-11f0-8423-54a95b9ec813,auction,2,888,0.28479722142219543,0.01562356948852539,15379.0,0.2897992432117462,252,1
SLIM*SIG1,676053df-1802-11f0-8423-54a95b9ec813,auction,2,889,0.28479722142219543,0.03739333152770996,15107.0,0.2897992432117462,252,1
SLIM*SIG1,676053df-1802-11f0-8423-54a95b9ec813,auction,2,890,0.28479722142219543,0.02332758903503418,15469.0,0.2897992432117462,252,1
SLIM*SIG1,676053df-1802-11f0-8423-54a95b9ec813,auction,2,891,0.28479722142219543,0.024343013763427734,16161.0,0.2897992432117462,252,1
SLIM*SIG1,676053df-1802-11f0-8423-54a95b9ec813,auction,2,892,0.28479722142219543,0.031149625778198242,17979.0,0.2897992432117462,252,1
SLIM*SIG1,676053df-1802-11f0-8423-54a95b9ec813,auction,2,893,0.28479722142219543,0.03836226463317871,18696.0,0.2897992432117462,252,1
SLIM*SIG1,676053df-1802-11f0-8423-54a95b9ec813,auction,2,894,0.28479722142219543,0.04687213897705078,19089.0,0.2897992432117462,252,1
SLIM*SIG1,676053df-1802-11f0-8423-54a95b9ec813,auction,2,895,0.28479722142219543,0.03506779670715332,19797.0,0.2897992432117462,252,1
SLIM*SIG1,676053df-1802-11f0-8423-54a95b9ec813,auction,2,896,0.28479722142219543,0.031357765197753906,20127.0,0.2897992432117462,252,1
SLIM*SIG1,676053df-1802-11f0-8423-54a95b9ec813,auction,2,897,0.28479722142219543,0.0467686653137207,20630.0,0.2897992432117462,252,1
SLIM*SIG1,676053df-1802-11f0-8423-54a95b9ec813,auction,2,898,0.28479722142219543,0.06961441040039062,19325.0,0.2897992432117462,252,1
SLIM*SIG1,676053df-1802-11f0-8423-54a95b9ec813,auction,2,899,0.28479722142219543,0.04196500778198242,18995.0,0.2897992432117462,252,1
SLIM*SIG1,676053df-1802-11f0-8423-54a95b9ec813,auction,2,900,0.28479722142219543,0.039395809173583984,19022.0,0.2897992432117462,252,1
SLIM*SIG1,676053df-1802-11f0-8423-54a95b9ec813,auction,2,901,0.28479722142219543,0.03358125686645508,18086.0,0.2897992432117462,252,1
SLIM*SIG1,676053df-1802-11f0-8423-54a95b9ec813,auction,2,902,0.28479722142219543,0.029668807983398438,17619.0,0.2897992432117462,252,1
SLIM*SIG1,676053df-1802-11f0-8423-54a95b9ec813,auction,2,903,0.28479722142219543,0.021802425384521484,17481.0,0.2897992432117462,252,1
SLIM*SIG1,676053df-1802-11f0-8423-54a95b9ec813,auction,2,904,0.28479722142219543,0.0313570499420166,17618.0,0.2897992432117462,252,1
SLIM*SIG1,676053df-1802-11f0-8423-54a95b9ec813,auction,2,905,0.28476932644844055,0.03114795684814453,17923.0,0.2900030016899109,265,1
SLIM*SIG1,676053df-1802-11f0-8423-54a95b9ec813,auction,2,906,0.28476932644844055,0.038297414779663086,18287.0,0.2900030016899109,265,1
SLIM*SIG1,676053df-1802-11f0-8423-54a95b9ec813,auction,2,907,0.28476932644844055,0.06239509582519531,18703.0,0.2900030016899109,265,1
SLIM*SIG1,676053df-1802-11f0-8423-54a95b9ec813,auction,2,908,0.28476932644844055,0.03758835792541504,19146.0,0.2900030016899109,265,1
SLIM*SIG1,676053df-1802-11f0-8423-54a95b9ec813,auction,2,909,0.28476932644844055,0.0625004768371582,20304.0,0.2900030016899109,265,1
SLIM*SIG1,676053df-1802-11f0-8423-54a95b9ec813,auction,2,910,0.28476932644844055,0.046877384185791016,21047.0,0.2900030016899109,265,1
SLIM*SIG1,676053df-1802-11f0-8423-54a95b9ec813,auction,2,911,0.28476932644844055,0.057868242263793945,21355.0,0.2900030016899109,265,1
SLIM*SIG1,676053df-1802-11f0-8423-54a95b9ec813,auction,2,912,0.28476932644844055,0.03125143051147461,21580.0,0.2900030016899109,265,1
SLIM*SIG1,676053df-1802-11f0-8423-54a95b9ec813,auction,2,913,0.28476932644844055,0.08417510986328125,21520.0,0.2900030016899109,265,1
SLIM*SIG1,676053df-1802-11f0-8423-54a95b9ec813,auction,2,914,0.28476932644844055,0.04933929443359375,21071.0,0.2900030016899109,265,1
SLIM*SIG1,676053df-1802-11f0-8423-54a95b9ec813,auction,2,915,0.28476932644844055,0.0313568115234375,20931.0,0.2900030016899109,265,1
SLIM*SIG1,676053df-1802-11f0-8423-54a95b9ec813,auction,2,916,0.28476932644844055,0.03114771842956543,21150.0,0.2900030016899109,265,1
SLIM*SIG1,676053df-1802-11f0-8423-54a95b9ec813,auction,2,917,0.28476932644844055,0.015721559524536133,21651.0,0.2900030016899109,265,1
SLIM*SIG1,676053df-1802-11f0-8423-54a95b9ec813,auction,2,918,0.28476932644844055,0.02164745330810547,21207.0,0.2900030016899109,265,1
SLIM*SIG1,676053df-1802-11f0-8423-54a95b9ec813,auction,2,919,0.28476932644844055,0.031356096267700195,21069.0,0.2900030016899109,265,1
SLIM*SIG1,676053df-1802-11f0-8423-54a95b9ec813,auction,2,920,0.28476932644844055,0.03126239776611328,21731.0,0.2900030016899109,265,1
SLIM*SIG1,676053df-1802-11f0-8423-54a95b9ec813,auction,2,921,0.28476932644844055,0.06238245964050293,21996.0,0.2900030016899109,265,1
SLIM*SIG1,676053df-1802-11f0-8423-54a95b9ec813,auction,2,922,0.28476932644844055,0.05912470817565918,22040.0,0.2900030016899109,265,1
SLIM*SIG1,676053df-1802-11f0-8423-54a95b9ec813,auction,2,923,0.28476932644844055,0.051787614822387695,21480.0,0.2900030016899109,265,1
SLIM*SIG1,676053df-1802-11f0-8423-54a95b9ec813,auction,2,924,0.28476932644844055,0.06254315376281738,20884.0,0.2900030016899109,265,1
SLIM*SIG1,676053df-1802-11f0-8423-54a95b9ec813,auction,2,925,0.28476932644844055,0.038011789321899414,20580.0,0.2900030016899109,265,1
SLIM*SIG1,676053df-1802-11f0-8423-54a95b9ec813,auction,2,926,0.28476932644844055,0.06250810623168945,20510.0,0.2900030016899109,265,1
SLIM*SIG1,676053df-1802-11f0-8423-54a95b9ec813,auction,2,927,0.28476932644844055,0.04687952995300293,20452.0,0.2900030016899109,265,1
SLIM*SIG1,676053df-1802-11f0-8423-54a95b9ec813,auction,2,928,0.28476932644844055,0.08414936065673828,20623.0,0.2900030016899109,265,1
SLIM*SIG1,676053df-1802-11f0-8423-54a95b9ec813,auction,2,929,0.28476932644844055,0.039118289947509766,20283.0,0.2900030016899109,265,1
SLIM*SIG1,676053df-1802-11f0-8423-54a95b9ec813,auction,2,930,0.28476932644844055,0.04687929153442383,20845.0,0.2900030016899109,265,1
SLIM*SIG1,676053df-1802-11f0-8423-54a95b9ec813,auction,2,931,0.28476932644844055,0.08446455001831055,19943.0,0.2900030016899109,265,1
SLIM*SIG1,676053df-1802-11f0-8423-54a95b9ec813,auction,2,932,0.28476932644844055,0.10164546966552734,19555.0,0.2900030016899109,265,1
SLIM*SIG1,676053df-1802-11f0-8423-54a95b9ec813,auction,2,933,0.28476932644844055,0.06916499137878418,19384.0,0.2900030016899109,265,1
SLIM*SIG1,676053df-1802-11f0-8423-54a95b9ec813,auction,2,934,0.28476932644844055,0.0469205379486084,19627.0,0.2900030016899109,265,1
SLIM*SIG1,676053df-1802-11f0-8423-54a95b9ec813,auction,2,935,0.28476932644844055,0.03722500801086426,19082.0,0.2900030016899109,265,1
SLIM*SIG1,676053df-1802-11f0-8423-54a95b9ec813,auction,2,936,0.28476932644844055,0.06250691413879395,18654.0,0.2900030016899109,265,1
SLIM*SIG1,676053df-1802-11f0-8423-54a95b9ec813,auction,2,937,0.28476932644844055,0.06374430656433105,18530.0,0.2900030016899109,265,1
SLIM*SIG1,676053df-1802-11f0-8423-54a95b9ec813,auction,2,938,0.28476932644844055,0.08304095268249512,19562.0,0.2900030016899109,265,1
SLIM*SIG1,676053df-1802-11f0-8423-54a95b9ec813,auction,2,939,0.28476932644844055,0.052281856536865234,20235.0,0.2900030016899109,265,1
SLIM*SIG1,676053df-1802-11f0-8423-54a95b9ec813,auction,2,940,0.28476932644844055,0.06278252601623535,21541.0,0.2900030016899109,265,1
SLIM*SIG1,676053df-1802-11f0-8423-54a95b9ec813,auction,2,941,0.28476932644844055,0.017662763595581055,21539.0,0.2900030016899109,265,1
SLIM*SIG1,676053df-1802-11f0-8423-54a95b9ec813,auction,2,942,0.28476932644844055,0.04218912124633789,22180.0,0.2900030016899109,265,1
SLIM*SIG1,676053df-1802-11f0-8423-54a95b9ec813,auction,2,943,0.28476932644844055,0.0361332893371582,21491.0,0.2900030016899109,265,1
SLIM*SIG1,676053df-1802-11f0-8423-54a95b9ec813,auction,2,944,0.28476932644844055,0.035836219787597656,21295.0,0.2900030016899109,265,1
SLIM*SIG1,676053df-1802-11f0-8423-54a95b9ec813,auction,2,945,0.28476932644844055,0.035474538803100586,20932.0,0.2900030016899109,265,1
SLIM*SIG1,676053df-1802-11f0-8423-54a95b9ec813,auction,2,946,0.28476932644844055,0.039110422134399414,21079.0,0.2900030016899109,265,1
SLIM*SIG1,676053df-1802-11f0-8423-54a95b9ec813,auction,2,947,0.28473860025405884,0.04607725143432617,21110.0,0.290412575006485,265,1
SLIM*SIG1,676053df-1802-11f0-8423-54a95b9ec813,auction,2,948,0.28473860025405884,0.0625154972076416,20647.0,0.290412575006485,265,1
SLIM*SIG1,676053df-1802-11f0-8423-54a95b9ec813,auction,2,949,0.28473860025405884,0.032250404357910156,20143.0,0.290412575006485,265,1
SLIM*SIG1,676053df-1802-11f0-8423-54a95b9ec813,auction,2,950,0.28473860025405884,0.08837676048278809,19943.0,0.290412575006485,265,1
SLIM*SIG1,676053df-1802-11f0-8423-54a95b9ec813,auction,2,951,0.28473860025405884,0.07813453674316406,20147.0,0.290412575006485,265,1
SLIM*SIG1,676053df-1802-11f0-8423-54a95b9ec813,auction,2,952,0.28473860025405884,0.03418135643005371,20389.0,0.290412575006485,265,1
SLIM*SIG1,676053df-1802-11f0-8423-54a95b9ec813,auction,2,953,0.28473860025405884,0.06249833106994629,20451.0,0.290412575006485,265,1
SLIM*SIG1,676053df-1802-11f0-8423-54a95b9ec813,auction,2,954,0.28473860025405884,0.0412745475769043,21224.0,0.290412575006485,265,1
SLIM*SIG1,676053df-1802-11f0-8423-54a95b9ec813,auction,2,955,0.28473860025405884,0.04697442054748535,20909.0,0.290412575006485,265,1
SLIM*SIG1,676053df-1802-11f0-8423-54a95b9ec813,auction,2,956,0.28473860025405884,0.05165910720825195,21214.0,0.290412575006485,265,1
SLIM*SIG1,676053df-1802-11f0-8423-54a95b9ec813,auction,2,957,0.28473860025405884,0.08241105079650879,21523.0,0.290412575006485,265,1
SLIM*SIG1,676053df-1802-11f0-8423-54a95b9ec813,auction,2,958,0.28473860025405884,0.04748034477233887,21752.0,0.290412575006485,265,1
SLIM*SIG1,676053df-1802-11f0-8423-54a95b9ec813,auction,2,959,0.28473860025405884,0.10066914558410645,21670.0,0.290412575006485,265,1
SLIM*SIG1,676053df-1802-11f0-8423-54a95b9ec813,auction,2,960,0.28473860025405884,0.04690217971801758,21671.0,0.290412575006485,265,1
SLIM*SIG1,676053df-1802-11f0-8423-54a95b9ec813,auction,2,961,0.28473860025405884,0.08593511581420898,22076.0,0.290412575006485,265,1
SLIM*SIG1,676053df-1802-11f0-8423-54a95b9ec813,auction,2,962,0.28473860025405884,0.05038142204284668,22058.0,0.290412575006485,265,1
SLIM*SIG1,676053df-1802-11f0-8423-54a95b9ec813,auction,2,963,0.28473860025405884,0.0781242847442627,22498.0,0.290412575006485,265,1
SLIM*SIG1,676053df-1802-11f0-8423-54a95b9ec813,auction,2,964,0.28473860025405884,0.0691680908203125,21654.0,0.290412575006485,265,1
SLIM*SIG1,676053df-1802-11f0-8423-54a95b9ec813,auction,2,965,0.28473860025405884,0.07159590721130371,21181.0,0.290412575006485,265,1
SLIM*SIG1,676053df-1802-11f0-8423-54a95b9ec813,auction,2,966,0.28473860025405884,0.03127622604370117,21778.0,0.290412575006485,265,1
SLIM*SIG1,676053df-1802-11f0-8423-54a95b9ec813,auction,2,967,0.28473860025405884,0.03307533264160156,21904.0,0.290412575006485,265,1
SLIM*SIG1,676053df-1802-11f0-8423-54a95b9ec813,auction,2,968,0.28473860025405884,0.03124523162841797,21329.0,0.290412575006485,265,1
SLIM*SIG1,676053df-1802-11f0-8423-54a95b9ec813,auction,2,969,0.2847350537776947,0.0468752384185791,21908.0,0.29044681787490845,278,1
SLIM*SIG1,676053df-1802-11f0-8423-54a95b9ec813,auction,2,970,0.2847350537776947,0.056902170181274414,21621.0,0.29044681787490845,278,1
SLIM*SIG1,676053df-1802-11f0-8423-54a95b9ec813,auction,2,971,0.2847350537776947,0.06252622604370117,21173.0,0.29044681787490845,278,1
SLIM*SIG1,676053df-1802-11f0-8423-54a95b9ec813,auction,2,972,0.2847350537776947,0.06930685043334961,21712.0,0.29044681787490845,278,1
SLIM*SIG1,676053df-1802-11f0-8423-54a95b9ec813,auction,2,973,0.2847350537776947,0.08628702163696289,20602.0,0.29044681787490845,278,1
SLIM*SIG1,676053df-1802-11f0-8423-54a95b9ec813,auction,2,974,0.2847350537776947,0.08437132835388184,20136.0,0.29044681787490845,278,1
SLIM*SIG1,676053df-1802-11f0-8423-54a95b9ec813,auction,2,975,0.2847350537776947,0.0468752384185791,19956.0,0.29044681787490845,278,1
SLIM*SIG1,676053df-1802-11f0-8423-54a95b9ec813,auction,2,976,0.2847350537776947,0.08413124084472656,19593.0,0.29044681787490845,278,1
SLIM*SIG1,676053df-1802-11f0-8423-54a95b9ec813,auction,2,977,0.2847350537776947,0.0781242847442627,19523.0,0.29044681787490845,278,1
SLIM*SIG1,676053df-1802-11f0-8423-54a95b9ec813,auction,2,978,0.2847350537776947,0.07115340232849121,18692.0,0.29044681787490845,278,1
SLIM*SIG1,676053df-1802-11f0-8423-54a95b9ec813,auction,2,979,0.2847350537776947,0.06195807456970215,19409.0,0.29044681787490845,278,1
SLIM*SIG1,676053df-1802-11f0-8423-54a95b9ec813,auction,2,980,0.2847350537776947,0.0625154972076416,20333.0,0.29044681787490845,278,1
SLIM*SIG1,676053df-1802-11f0-8423-54a95b9ec813,auction,2,981,0.2847350537776947,0.07196593284606934,20628.0,0.29044681787490845,278,1
SLIM*SIG1,676053df-1802-11f0-8423-54a95b9ec813,auction,2,982,0.2847350537776947,0.05613565444946289,20993.0,0.29044681787490845,278,1
SLIM*SIG1,676053df-1802-11f0-8423-54a95b9ec813,auction,2,983,0.2847350537776947,0.06562662124633789,21074.0,0.29044681787490845,278,1
SLIM*SIG1,676053df-1802-11f0-8423-54a95b9ec813,auction,2,984,0.2847350537776947,0.04691791534423828,21282.0,0.29044681787490845,278,1
SLIM*SIG1,676053df-1802-11f0-8423-54a95b9ec813,auction,2,985,0.2847350537776947,0.0671687126159668,20936.0,0.29044681787490845,278,1
SLIM*SIG1,676053df-1802-11f0-8423-54a95b9ec813,auction,2,986,0.2847350537776947,0.09375977516174316,20613.0,0.29044681787490845,278,1
SLIM*SIG1,676053df-1802-11f0-8423-54a95b9ec813,auction,2,987,0.2847350537776947,0.07146096229553223,20661.0,0.29044681787490845,278,1
SLIM*SIG1,676053df-1802-11f0-8423-54a95b9ec813,auction,2,988,0.2847350537776947,0.048822641372680664,20830.0,0.29044681787490845,278,1
SLIM*SIG1,676053df-1802-11f0-8423-54a95b9ec813,auction,2,989,0.2847350537776947,0.03125596046447754,21490.0,0.29044681787490845,278,1
SLIM*SIG1,676053df-1802-11f0-8423-54a95b9ec813,auction,2,990,0.2847350537776947,0.04687356948852539,21081.0,0.29044681787490845,278,1
SLIM*SIG1,676053df-1802-11f0-8423-54a95b9ec813,auction,2,991,0.2847350537776947,0.05503726005554199,22137.0,0.29044681787490845,278,1
SLIM*SIG1,676053df-1802-11f0-8423-54a95b9ec813,auction,2,992,0.2847350537776947,0.08643293380737305,22797.0,0.29044681787490845,278,1
SLIM*SIG1,676053df-1802-11f0-8423-54a95b9ec813,auction,2,993,0.2847350537776947,0.0840144157409668,22917.0,0.29044681787490845,278,1
SLIM*SIG1,676053df-1802-11f0-8423-54a95b9ec813,auction,2,994,0.2847350537776947,0.062499284744262695,23084.0,0.29044681787490845,278,1
SLIM*SIG1,676053df-1802-11f0-8423-54a95b9ec813,auction,2,995,0.2847350537776947,0.06993746757507324,22798.0,0.29044681787490845,278,1
SLIM*SIG1,676053df-1802-11f0-8423-54a95b9ec813,auction,2,996,0.2847350537776947,0.1008756160736084,22672.0,0.29044681787490845,278,1
SLIM*SIG1,676053df-1802-11f0-8423-54a95b9ec813,auction,2,997,0.2847350537776947,0.0781254768371582,21590.0,0.29044681787490845,278,1
SLIM*SIG1,676053df-1802-11f0-8423-54a95b9ec813,auction,2,998,0.2847350537776947,0.08388137817382812,20986.0,0.29044681787490845,278,1
SLIM*SIG1,676053df-1802-11f0-8423-54a95b9ec813,auction,2,999,0.2847350537776947,0.05091691017150879,20978.0,0.29044681787490845,278,1
SLIM*SIG1,676053df-1802-11f0-8423-54a95b9ec813,auction,2,1000,0.2847350537776947,0.04687952995300293,20472.0,0.29044681787490845,278,1
SLIM*SIG1,676053df-1802-11f0-8423-54a95b9ec813,auction,3,0,0.3538411557674408,0.05576586723327637,1340.0,0.35517650842666626,7,1
SLIM*SIG1,676053df-1802-11f0-8423-54a95b9ec813,auction,3,1,0.3538411557674408,0.015617609024047852,1329.0,0.35517650842666626,7,1
SLIM*SIG1,676053df-1802-11f0-8423-54a95b9ec813,auction,3,2,0.3538395166397095,0.015640974044799805,1216.0,0.35517242550849915,20,1
SLIM*SIG1,676053df-1802-11f0-8423-54a95b9ec813,auction,3,3,0.3536275029182434,0.015607833862304688,1271.0,0.35609886050224304,20,1
SLIM*SIG1,676053df-1802-11f0-8423-54a95b9ec813,auction,3,4,0.3517405092716217,0.01932358741760254,1069.0,0.3535592555999756,33,1
SLIM*SIG1,676053df-1802-11f0-8423-54a95b9ec813,auction,3,5,0.35061225295066833,0.015613317489624023,1146.0,0.35263141989707947,33,1
SLIM*SIG1,676053df-1802-11f0-8423-54a95b9ec813,auction,3,6,0.34675583243370056,0.01573348045349121,1370.0,0.34811803698539734,20,1
SLIM*SIG1,676053df-1802-11f0-8423-54a95b9ec813,auction,3,7,0.3447103500366211,0.015622854232788086,1567.0,0.34615546464920044,33,1
SLIM*SIG1,676053df-1802-11f0-8423-54a95b9ec813,auction,3,8,0.3363456726074219,0.021311521530151367,1683.0,0.3384646475315094,33,1
SLIM*SIG1,676053df-1802-11f0-8423-54a95b9ec813,auction,3,9,0.3363456726074219,0.03150749206542969,1829.0,0.3384646475315094,33,1
SLIM*SIG1,676053df-1802-11f0-8423-54a95b9ec813,auction,3,10,0.3363456726074219,0.019996166229248047,1745.0,0.3384646475315094,33,1
SLIM*SIG1,676053df-1802-11f0-8423-54a95b9ec813,auction,3,11,0.3363456726074219,0.008378982543945312,2193.0,0.3384646475315094,33,1
SLIM*SIG1,676053df-1802-11f0-8423-54a95b9ec813,auction,3,12,0.31915903091430664,0.032927751541137695,2386.0,0.3188619613647461,68,1
SLIM*SIG1,676053df-1802-11f0-8423-54a95b9ec813,auction,3,13,0.31915903091430664,0.01572728157043457,2600.0,0.3188619613647461,68,1
SLIM*SIG1,676053df-1802-11f0-8423-54a95b9ec813,auction,3,14,0.3129202425479889,0.022561073303222656,2901.0,0.30957168340682983,55,1
SLIM*SIG1,676053df-1802-11f0-8423-54a95b9ec813,auction,3,15,0.3127362132072449,0.01572895050048828,3116.0,0.3093299865722656,68,1
SLIM*SIG1,676053df-1802-11f0-8423-54a95b9ec813,auction,3,16,0.3127362132072449,0.01562643051147461,3258.0,0.3093299865722656,68,1
SLIM*SIG1,676053df-1802-11f0-8423-54a95b9ec813,auction,3,17,0.3127049207687378,0.031249284744262695,3711.0,0.3115386962890625,42,1
SLIM*SIG1,676053df-1802-11f0-8423-54a95b9ec813,auction,3,18,0.3127049207687378,0.015627145767211914,4635.0,0.3115386962890625,42,1
SLIM*SIG1,676053df-1802-11f0-8423-54a95b9ec813,auction,3,19,0.3127049207687378,0.022919654846191406,4959.0,0.3115386962890625,42,1
SLIM*SIG1,676053df-1802-11f0-8423-54a95b9ec813,auction,3,20,0.3119533061981201,0.015109062194824219,5147.0,0.31075912714004517,55,1
SLIM*SIG1,676053df-1802-11f0-8423-54a95b9ec813,auction,3,21,0.3119533061981201,0.01573944091796875,5283.0,0.31075912714004517,55,1
SLIM*SIG1,676053df-1802-11f0-8423-54a95b9ec813,auction,3,22,0.3085769712924957,0.015620708465576172,4856.0,0.30644556879997253,42,1
SLIM*SIG1,676053df-1802-11f0-8423-54a95b9ec813,auction,3,23,0.3085769712924957,0.01562809944152832,4612.0,0.30644556879997253,42,1
SLIM*SIG1,676053df-1802-11f0-8423-54a95b9ec813,auction,3,24,0.3085769712924957,0.021332979202270508,4641.0,0.30644556879997253,42,1
SLIM*SIG1,676053df-1802-11f0-8423-54a95b9ec813,auction,3,25,0.30805760622024536,0.015732526779174805,4691.0,0.30622753500938416,55,1
SLIM*SIG1,676053df-1802-11f0-8423-54a95b9ec813,auction,3,26,0.30726614594459534,0.031244993209838867,4255.0,0.30797240138053894,68,1
SLIM*SIG1,676053df-1802-11f0-8423-54a95b9ec813,auction,3,27,0.30726614594459534,0.015641212463378906,4274.0,0.30797240138053894,68,1
SLIM*SIG1,676053df-1802-11f0-8423-54a95b9ec813,auction,3,28,0.30459073185920715,0.015601873397827148,4595.0,0.30428528785705566,55,1
SLIM*SIG1,676053df-1802-11f0-8423-54a95b9ec813,auction,3,29,0.30459073185920715,0.031260013580322266,4602.0,0.30428528785705566,55,1
SLIM*SIG1,676053df-1802-11f0-8423-54a95b9ec813,auction,3,30,0.30459073185920715,0.015621185302734375,4994.0,0.30428528785705566,55,1
SLIM*SIG1,676053df-1802-11f0-8423-54a95b9ec813,auction,3,31,0.30325064063072205,0.01563429832458496,4927.0,0.3024507462978363,68,1
SLIM*SIG1,676053df-1802-11f0-8423-54a95b9ec813,auction,3,32,0.30325064063072205,0.03124213218688965,5208.0,0.3024507462978363,68,1
SLIM*SIG1,676053df-1802-11f0-8423-54a95b9ec813,auction,3,33,0.30325064063072205,0.03675055503845215,4954.0,0.3024507462978363,68,1
SLIM*SIG1,676053df-1802-11f0-8423-54a95b9ec813,auction,3,34,0.3023448884487152,0.02790236473083496,5203.0,0.3006627559661865,81,1
SLIM*SIG1,676053df-1802-11f0-8423-54a95b9ec813,auction,3,35,0.3023448884487152,0.03155970573425293,5212.0,0.3006627559661865,81,1
SLIM*SIG1,676053df-1802-11f0-8423-54a95b9ec813,auction,3,36,0.3023448884487152,0.029219627380371094,5312.0,0.3006627559661865,81,1
SLIM*SIG1,676053df-1802-11f0-8423-54a95b9ec813,auction,3,37,0.3023448884487152,0.030234575271606445,5542.0,0.3006627559661865,81,1
SLIM*SIG1,676053df-1802-11f0-8423-54a95b9ec813,auction,3,38,0.3023448884487152,0.01590108871459961,5718.0,0.3006627559661865,81,1
SLIM*SIG1,676053df-1802-11f0-8423-54a95b9ec813,auction,3,39,0.3023448884487152,0.03125357627868652,6346.0,0.3006627559661865,81,1
SLIM*SIG1,676053df-1802-11f0-8423-54a95b9ec813,auction,3,40,0.3023448884487152,0.015518903732299805,6598.0,0.3006627559661865,81,1
SLIM*SIG1,676053df-1802-11f0-8423-54a95b9ec813,auction,3,41,0.3023448884487152,0.0408482551574707,7198.0,0.3006627559661865,81,1
SLIM*SIG1,676053df-1802-11f0-8423-54a95b9ec813,auction,3,42,0.3023448884487152,0.024732351303100586,7395.0,0.3006627559661865,81,1
SLIM*SIG1,676053df-1802-11f0-8423-54a95b9ec813,auction,3,43,0.3023448884487152,0.03139615058898926,7817.0,0.3006627559661865,81,1
SLIM*SIG1,676053df-1802-11f0-8423-54a95b9ec813,auction,3,44,0.30226197838783264,0.015619754791259766,7071.0,0.30053311586380005,107,1
SLIM*SIG1,676053df-1802-11f0-8423-54a95b9ec813,auction,3,45,0.30226197838783264,0.02435135841369629,7056.0,0.30053311586380005,107,1
SLIM*SIG1,676053df-1802-11f0-8423-54a95b9ec813,auction,3,46,0.30226197838783264,0.03139781951904297,7143.0,0.30053311586380005,107,1
SLIM*SIG1,676053df-1802-11f0-8423-54a95b9ec813,auction,3,47,0.30226197838783264,0.015578508377075195,7476.0,0.30053311586380005,107,1
SLIM*SIG1,676053df-1802-11f0-8423-54a95b9ec813,auction,3,48,0.3004898130893707,0.03115081787109375,7706.0,0.29937878251075745,81,1
SLIM*SIG1,676053df-1802-11f0-8423-54a95b9ec813,auction,3,49,0.3003331422805786,0.021182537078857422,8116.0,0.2991076409816742,94,1
SLIM*SIG1,676053df-1802-11f0-8423-54a95b9ec813,auction,3,50,0.3003331422805786,0.015733003616333008,7942.0,0.2991076409816742,94,1
SLIM*SIG1,676053df-1802-11f0-8423-54a95b9ec813,auction,3,51,0.3003234267234802,0.031243085861206055,8281.0,0.2990729510784149,107,1
SLIM*SIG1,676053df-1802-11f0-8423-54a95b9ec813,auction,3,52,0.3003234267234802,0.015634536743164062,8497.0,0.2990729510784149,107,1
SLIM*SIG1,676053df-1802-11f0-8423-54a95b9ec813,auction,3,53,0.30017614364624023,0.03929924964904785,8694.0,0.2990625500679016,120,1
SLIM*SIG1,676053df-1802-11f0-8423-54a95b9ec813,auction,3,54,0.2999882698059082,0.015857458114624023,8422.0,0.2990175485610962,107,1
SLIM*SIG1,676053df-1802-11f0-8423-54a95b9ec813,auction,3,55,0.2999882698059082,0.01564478874206543,8678.0,0.2990175485610962,107,1
SLIM*SIG1,676053df-1802-11f0-8423-54a95b9ec813,auction,3,56,0.2996678054332733,0.015635251998901367,8630.0,0.29918599128723145,120,1
SLIM*SIG1,676053df-1802-11f0-8423-54a95b9ec813,auction,3,57,0.29960909485816956,0.015616178512573242,8208.0,0.29939067363739014,107,1
SLIM*SIG1,676053df-1802-11f0-8423-54a95b9ec813,auction,3,58,0.29960909485816956,0.0312504768371582,8258.0,0.29939067363739014,107,1
SLIM*SIG1,676053df-1802-11f0-8423-54a95b9ec813,auction,3,59,0.2981119155883789,0.021036386489868164,8323.0,0.29904812574386597,120,1
SLIM*SIG1,676053df-1802-11f0-8423-54a95b9ec813,auction,3,60,0.2981119155883789,0.015725135803222656,8256.0,0.29904812574386597,120,1
SLIM*SIG1,676053df-1802-11f0-8423-54a95b9ec813,auction,3,61,0.2981119155883789,0.03125762939453125,8167.0,0.29904812574386597,120,1
SLIM*SIG1,676053df-1802-11f0-8423-54a95b9ec813,auction,3,62,0.29803356528282166,0.015639066696166992,8078.0,0.2979627251625061,107,1
SLIM*SIG1,676053df-1802-11f0-8423-54a95b9ec813,auction,3,63,0.29801690578460693,0.015605926513671875,8173.0,0.2979045808315277,120,1
SLIM*SIG1,676053df-1802-11f0-8423-54a95b9ec813,auction,3,64,0.2976585030555725,0.03770327568054199,8311.0,0.2958061397075653,107,1
SLIM*SIG1,676053df-1802-11f0-8423-54a95b9ec813,auction,3,65,0.2976585030555725,0.015738725662231445,8798.0,0.2958061397075653,107,1
SLIM*SIG1,676053df-1802-11f0-8423-54a95b9ec813,auction,3,66,0.2976585030555725,0.031208276748657227,8677.0,0.2958061397075653,107,1
SLIM*SIG1,676053df-1802-11f0-8423-54a95b9ec813,auction,3,67,0.2976585030555725,0.0840446949005127,8725.0,0.2958061397075653,107,1
SLIM*SIG1,676053df-1802-11f0-8423-54a95b9ec813,auction,3,68,0.29548338055610657,0.015635013580322266,8919.0,0.2952239215373993,120,1
SLIM*SIG1,676053df-1802-11f0-8423-54a95b9ec813,auction,3,69,0.29548338055610657,0.04077935218811035,9652.0,0.2952239215373993,120,1
SLIM*SIG1,676053df-1802-11f0-8423-54a95b9ec813,auction,3,70,0.29548338055610657,0.017415285110473633,9670.0,0.2952239215373993,120,1
SLIM*SIG1,676053df-1802-11f0-8423-54a95b9ec813,auction,3,71,0.2954574525356293,0.01562809944152832,9644.0,0.2951944172382355,107,1
SLIM*SIG1,676053df-1802-11f0-8423-54a95b9ec813,auction,3,72,0.2954574525356293,0.031245946884155273,9753.0,0.2951944172382355,107,1
SLIM*SIG1,676053df-1802-11f0-8423-54a95b9ec813,auction,3,73,0.2954574525356293,0.03161215782165527,9512.0,0.2951944172382355,107,1
SLIM*SIG1,676053df-1802-11f0-8423-54a95b9ec813,auction,3,74,0.2954574525356293,0.01572895050048828,10052.0,0.2951944172382355,107,1
SLIM*SIG1,676053df-1802-11f0-8423-54a95b9ec813,auction,3,75,0.2952330410480499,0.031250953674316406,9796.0,0.2939818501472473,120,1
SLIM*SIG1,676053df-1802-11f0-8423-54a95b9ec813,auction,3,76,0.2952330410480499,0.01562356948852539,9216.0,0.2939818501472473,120,1
SLIM*SIG1,676053df-1802-11f0-8423-54a95b9ec813,auction,3,77,0.2952330410480499,0.015626907348632812,9043.0,0.2939818501472473,120,1
SLIM*SIG1,676053df-1802-11f0-8423-54a95b9ec813,auction,3,78,0.2952330410480499,0.023975133895874023,8673.0,0.2939818501472473,120,1
SLIM*SIG1,676053df-1802-11f0-8423-54a95b9ec813,auction,3,79,0.2952330410480499,0.03125,8510.0,0.2939818501472473,120,1
SLIM*SIG1,676053df-1802-11f0-8423-54a95b9ec813,auction,3,80,0.29510077834129333,0.015726089477539062,8050.0,0.29382145404815674,133,1
SLIM*SIG1,676053df-1802-11f0-8423-54a95b9ec813,auction,3,81,0.2942888140678406,0.03125596046447754,8081.0,0.29392704367637634,146,1
SLIM*SIG1,676053df-1802-11f0-8423-54a95b9ec813,auction,3,82,0.2942888140678406,0.015624761581420898,8411.0,0.29392704367637634,146,1
SLIM*SIG1,676053df-1802-11f0-8423-54a95b9ec813,auction,3,83,0.2941863238811493,0.01562643051147461,8745.0,0.2938060164451599,159,1
SLIM*SIG1,676053df-1802-11f0-8423-54a95b9ec813,auction,3,84,0.2941863238811493,0.021027088165283203,9731.0,0.2938060164451599,159,1
SLIM*SIG1,676053df-1802-11f0-8423-54a95b9ec813,auction,3,85,0.2941863238811493,0.0313563346862793,10537.0,0.2938060164451599,159,1
SLIM*SIG1,676053df-1802-11f0-8423-54a95b9ec813,auction,3,86,0.2941863238811493,0.0156252384185791,11202.0,0.2938060164451599,159,1
SLIM*SIG1,676053df-1802-11f0-8423-54a95b9ec813,auction,3,87,0.2941863238811493,0.031246662139892578,10723.0,0.2938060164451599,159,1
SLIM*SIG1,676053df-1802-11f0-8423-54a95b9ec813,auction,3,88,0.2941863238811493,0.0312654972076416,10104.0,0.2938060164451599,159,1
SLIM*SIG1,676053df-1802-11f0-8423-54a95b9ec813,auction,3,89,0.2941863238811493,0.015609264373779297,10821.0,0.2938060164451599,159,1
SLIM*SIG1,676053df-1802-11f0-8423-54a95b9ec813,auction,3,90,0.29408353567123413,0.015636205673217773,10975.0,0.2952433228492737,172,1
SLIM*SIG1,676053df-1802-11f0-8423-54a95b9ec813,auction,3,91,0.29408353567123413,0.03124070167541504,11480.0,0.2952433228492737,172,1
SLIM*SIG1,676053df-1802-11f0-8423-54a95b9ec813,auction,3,92,0.29408353567123413,0.028094768524169922,11636.0,0.2952433228492737,172,1
SLIM*SIG1,676053df-1802-11f0-8423-54a95b9ec813,auction,3,93,0.29408353567123413,0.01572728157043457,12078.0,0.2952433228492737,172,1
SLIM*SIG1,676053df-1802-11f0-8423-54a95b9ec813,auction,3,94,0.2937166690826416,0.01563882827758789,12197.0,0.2940486669540405,159,1
SLIM*SIG1,676053df-1802-11f0-8423-54a95b9ec813,auction,3,95,0.2937166690826416,0.031252145767211914,12942.0,0.2940486669540405,159,1
SLIM*SIG1,676053df-1802-11f0-8423-54a95b9ec813,auction,3,96,0.29331281781196594,0.015608549118041992,12864.0,0.2945210933685303,172,1
SLIM*SIG1,676053df-1802-11f0-8423-54a95b9ec813,auction,3,97,0.29331281781196594,0.021821975708007812,12873.0,0.2945210933685303,172,1
SLIM*SIG1,676053df-1802-11f0-8423-54a95b9ec813,auction,3,98,0.29305118322372437,0.03135204315185547,13226.0,0.29445889592170715,185,1
SLIM*SIG1,676053df-1802-11f0-8423-54a95b9ec813,auction,3,99,0.29305118322372437,0.0156252384185791,13200.0,0.29445889592170715,185,1
SLIM*SIG1,676053df-1802-11f0-8423-54a95b9ec813,auction,3,100,0.29305118322372437,0.03125452995300293,13824.0,0.29445889592170715,185,1
SLIM*SIG1,676053df-1802-11f0-8423-54a95b9ec813,auction,3,101,0.29305118322372437,0.015624761581420898,13620.0,0.29445889592170715,185,1
SLIM*SIG1,676053df-1802-11f0-8423-54a95b9ec813,auction,3,102,0.29305118322372437,0.02214336395263672,13791.0,0.29445889592170715,185,1
SLIM*SIG1,676053df-1802-11f0-8423-54a95b9ec813,auction,3,103,0.29305118322372437,0.015891551971435547,13540.0,0.29445889592170715,185,1
SLIM*SIG1,676053df-1802-11f0-8423-54a95b9ec813,auction,3,104,0.29305118322372437,0.015631914138793945,13765.0,0.29445889592170715,185,1
SLIM*SIG1,676053df-1802-11f0-8423-54a95b9ec813,auction,3,105,0.29305118322372437,0.031249046325683594,14526.0,0.29445889592170715,185,1
SLIM*SIG1,676053df-1802-11f0-8423-54a95b9ec813,auction,3,106,0.29305118322372437,0.03124403953552246,14073.0,0.29445889592170715,185,1
SLIM*SIG1,676053df-1802-11f0-8423-54a95b9ec813,auction,3,107,0.29305118322372437,0.021948814392089844,15126.0,0.29445889592170715,185,1
SLIM*SIG1,676053df-1802-11f0-8423-54a95b9ec813,auction,3,108,0.29305118322372437,0.01563262939453125,14524.0,0.29445889592170715,185,1
SLIM*SIG1,676053df-1802-11f0-8423-54a95b9ec813,auction,3,109,0.29305118322372437,0.03126239776611328,14814.0,0.29445889592170715,185,1
SLIM*SIG1,676053df-1802-11f0-8423-54a95b9ec813,auction,3,110,0.29305118322372437,0.031232357025146484,14411.0,0.29445889592170715,185,1
SLIM*SIG1,676053df-1802-11f0-8423-54a95b9ec813,auction,3,111,0.29305118322372437,0.018346786499023438,13708.0,0.29445889592170715,185,1
SLIM*SIG1,676053df-1802-11f0-8423-54a95b9ec813,auction,3,112,0.29305118322372437,0.03136014938354492,14055.0,0.29445889592170715,185,1
SLIM*SIG1,676053df-1802-11f0-8423-54a95b9ec813,auction,3,113,0.29305118322372437,0.015639781951904297,14096.0,0.29445889592170715,185,1
SLIM*SIG1,676053df-1802-11f0-8423-54a95b9ec813,auction,3,114,0.29305118322372437,0.03123927116394043,14022.0,0.29445889592170715,185,1
SLIM*SIG1,676053df-1802-11f0-8423-54a95b9ec813,auction,3,115,0.29305118322372437,0.021062135696411133,14522.0,0.29445889592170715,185,1
SLIM*SIG1,676053df-1802-11f0-8423-54a95b9ec813,auction,3,116,0.29305118322372437,0.01562952995300293,14202.0,0.29445889592170715,185,1
SLIM*SIG1,676053df-1802-11f0-8423-54a95b9ec813,auction,3,117,0.29305118322372437,0.03125286102294922,14673.0,0.29445889592170715,185,1
SLIM*SIG1,676053df-1802-11f0-8423-54a95b9ec813,auction,3,118,0.29305118322372437,0.015621423721313477,15001.0,0.29445889592170715,185,1
SLIM*SIG1,676053df-1802-11f0-8423-54a95b9ec813,auction,3,119,0.29282069206237793,0.031245946884155273,15330.0,0.29443487524986267,198,1
SLIM*SIG1,676053df-1802-11f0-8423-54a95b9ec813,auction,3,120,0.29282069206237793,0.04251599311828613,15029.0,0.29443487524986267,198,1
SLIM*SIG1,676053df-1802-11f0-8423-54a95b9ec813,auction,3,121,0.29282069206237793,0.03365945816040039,15673.0,0.29443487524986267,198,1
SLIM*SIG1,676053df-1802-11f0-8423-54a95b9ec813,auction,3,122,0.29282069206237793,0.03504014015197754,16824.0,0.29443487524986267,198,1
SLIM*SIG1,676053df-1802-11f0-8423-54a95b9ec813,auction,3,123,0.29282069206237793,0.04046773910522461,17062.0,0.29443487524986267,198,1
SLIM*SIG1,676053df-1802-11f0-8423-54a95b9ec813,auction,3,124,0.29282069206237793,0.030370235443115234,16305.0,0.29443487524986267,198,1
SLIM*SIG1,676053df-1802-11f0-8423-54a95b9ec813,auction,3,125,0.29282069206237793,0.0311734676361084,16698.0,0.29443487524986267,198,1
SLIM*SIG1,676053df-1802-11f0-8423-54a95b9ec813,auction,3,126,0.29282069206237793,0.025427818298339844,17357.0,0.29443487524986267,198,1
SLIM*SIG1,676053df-1802-11f0-8423-54a95b9ec813,auction,3,127,0.29282069206237793,0.031145811080932617,17063.0,0.29443487524986267,198,1
SLIM*SIG1,676053df-1802-11f0-8423-54a95b9ec813,auction,3,128,0.29261696338653564,0.031356096267700195,16634.0,0.29412195086479187,211,1
SLIM*SIG1,676053df-1802-11f0-8423-54a95b9ec813,auction,3,129,0.29261696338653564,0.01992630958557129,16270.0,0.29412195086479187,211,1
SLIM*SIG1,676053df-1802-11f0-8423-54a95b9ec813,auction,3,130,0.29261696338653564,0.03134298324584961,16750.0,0.29412195086479187,211,1
SLIM*SIG1,676053df-1802-11f0-8423-54a95b9ec813,auction,3,131,0.29261696338653564,0.016209125518798828,16310.0,0.29412195086479187,211,1
SLIM*SIG1,676053df-1802-11f0-8423-54a95b9ec813,auction,3,132,0.29250186681747437,0.03136420249938965,15884.0,0.2939639091491699,224,1
SLIM*SIG1,676053df-1802-11f0-8423-54a95b9ec813,auction,3,133,0.29250186681747437,0.021887540817260742,15310.0,0.2939639091491699,224,1
SLIM*SIG1,676053df-1802-11f0-8423-54a95b9ec813,auction,3,134,0.29250186681747437,0.031351566314697266,15847.0,0.2939639091491699,224,1
SLIM*SIG1,676053df-1802-11f0-8423-54a95b9ec813,auction,3,135,0.29250186681747437,0.015627622604370117,15860.0,0.2939639091491699,224,1
SLIM*SIG1,676053df-1802-11f0-8423-54a95b9ec813,auction,3,136,0.29250186681747437,0.03125357627868652,16441.0,0.2939639091491699,224,1
SLIM*SIG1,676053df-1802-11f0-8423-54a95b9ec813,auction,3,137,0.29245543479919434,0.02097463607788086,17509.0,0.29491928219795227,211,1
SLIM*SIG1,676053df-1802-11f0-8423-54a95b9ec813,auction,3,138,0.29245543479919434,0.03135871887207031,18271.0,0.29491928219795227,211,1
SLIM*SIG1,676053df-1802-11f0-8423-54a95b9ec813,auction,3,139,0.29245543479919434,0.02822589874267578,19123.0,0.29491928219795227,211,1
SLIM*SIG1,676053df-1802-11f0-8423-54a95b9ec813,auction,3,140,0.29245543479919434,0.01922297477722168,19192.0,0.29491928219795227,211,1
SLIM*SIG1,676053df-1802-11f0-8423-54a95b9ec813,auction,3,141,0.29245543479919434,0.0156857967376709,18200.0,0.29491928219795227,211,1
SLIM*SIG1,676053df-1802-11f0-8423-54a95b9ec813,auction,3,142,0.29244109988212585,0.0390620231628418,17763.0,0.294883668422699,224,1
SLIM*SIG1,676053df-1802-11f0-8423-54a95b9ec813,auction,3,143,0.29244109988212585,0.01572561264038086,18116.0,0.294883668422699,224,1
SLIM*SIG1,676053df-1802-11f0-8423-54a95b9ec813,auction,3,144,0.29244109988212585,0.03125166893005371,17969.0,0.294883668422699,224,1
SLIM*SIG1,676053df-1802-11f0-8423-54a95b9ec813,auction,3,145,0.29244109988212585,0.015654563903808594,18018.0,0.294883668422699,224,1
SLIM*SIG1,676053df-1802-11f0-8423-54a95b9ec813,auction,3,146,0.29244109988212585,0.037161827087402344,18399.0,0.294883668422699,224,1
SLIM*SIG1,676053df-1802-11f0-8423-54a95b9ec813,auction,3,147,0.29244109988212585,0.01568126678466797,18076.0,0.294883668422699,224,1
SLIM*SIG1,676053df-1802-11f0-8423-54a95b9ec813,auction,3,148,0.29244109988212585,0.031314849853515625,18000.0,0.294883668422699,224,1
SLIM*SIG1,676053df-1802-11f0-8423-54a95b9ec813,auction,3,149,0.29244109988212585,0.031247615814208984,17426.0,0.294883668422699,224,1
SLIM*SIG1,676053df-1802-11f0-8423-54a95b9ec813,auction,3,150,0.2924186885356903,0.02252817153930664,16860.0,0.2949095666408539,237,1
SLIM*SIG1,676053df-1802-11f0-8423-54a95b9ec813,auction,3,151,0.2924186885356903,0.030849456787109375,16408.0,0.2949095666408539,237,1
SLIM*SIG1,676053df-1802-11f0-8423-54a95b9ec813,auction,3,152,0.29238706827163696,0.015627384185791016,16607.0,0.29495999217033386,237,1
SLIM*SIG1,676053df-1802-11f0-8423-54a95b9ec813,auction,3,153,0.2919389307498932,0.03125429153442383,16998.0,0.29495617747306824,250,1
SLIM*SIG1,676053df-1802-11f0-8423-54a95b9ec813,auction,3,154,0.2919389307498932,0.021806716918945312,17607.0,0.29495617747306824,250,1
SLIM*SIG1,676053df-1802-11f0-8423-54a95b9ec813,auction,3,155,0.2919389307498932,0.03140592575073242,17113.0,0.29495617747306824,250,1
SLIM*SIG1,676053df-1802-11f0-8423-54a95b9ec813,auction,3,156,0.2919389307498932,0.015522956848144531,17676.0,0.29495617747306824,250,1
SLIM*SIG1,676053df-1802-11f0-8423-54a95b9ec813,auction,3,157,0.2919389307498932,0.015627622604370117,17151.0,0.29495617747306824,250,1
SLIM*SIG1,676053df-1802-11f0-8423-54a95b9ec813,auction,3,158,0.2919389307498932,0.03762364387512207,16726.0,0.29495617747306824,250,1
SLIM*SIG1,676053df-1802-11f0-8423-54a95b9ec813,auction,3,159,0.2919389307498932,0.015628814697265625,16480.0,0.29495617747306824,250,1
SLIM*SIG1,676053df-1802-11f0-8423-54a95b9ec813,auction,3,160,0.2919389307498932,0.0156252384185791,16798.0,0.29495617747306824,250,1
SLIM*SIG1,676053df-1802-11f0-8423-54a95b9ec813,auction,3,161,0.2919389307498932,0.03124403953552246,16833.0,0.29495617747306824,250,1
SLIM*SIG1,676053df-1802-11f0-8423-54a95b9ec813,auction,3,162,0.2919389307498932,0.031258344650268555,16625.0,0.29495617747306824,250,1
SLIM*SIG1,676053df-1802-11f0-8423-54a95b9ec813,auction,3,163,0.2919389307498932,0.023706436157226562,17132.0,0.29495617747306824,250,1
SLIM*SIG1,676053df-1802-11f0-8423-54a95b9ec813,auction,3,164,0.2919389307498932,0.031148433685302734,17657.0,0.29495617747306824,250,1
SLIM*SIG1,676053df-1802-11f0-8423-54a95b9ec813,auction,3,165,0.2919389307498932,0.0157315731048584,18528.0,0.29495617747306824,250,1
SLIM*SIG1,676053df-1802-11f0-8423-54a95b9ec813,auction,3,166,0.2919389307498932,0.03894782066345215,17891.0,0.29495617747306824,250,1
SLIM*SIG1,676053df-1802-11f0-8423-54a95b9ec813,auction,3,167,0.2919389307498932,0.015610694885253906,16955.0,0.29495617747306824,250,1
SLIM*SIG1,676053df-1802-11f0-8423-54a95b9ec813,auction,3,168,0.2919389307498932,0.03125762939453125,17945.0,0.29495617747306824,250,1
SLIM*SIG1,676053df-1802-11f0-8423-54a95b9ec813,auction,3,169,0.2919389307498932,0.07161211967468262,18738.0,0.29495617747306824,250,1
SLIM*SIG1,676053df-1802-11f0-8423-54a95b9ec813,auction,3,170,0.2919389307498932,0.03125190734863281,19176.0,0.29495617747306824,250,1
SLIM*SIG1,676053df-1802-11f0-8423-54a95b9ec813,auction,3,171,0.2919389307498932,0.033423662185668945,19622.0,0.29495617747306824,250,1
SLIM*SIG1,676053df-1802-11f0-8423-54a95b9ec813,auction,3,172,0.2919389307498932,0.03135967254638672,20562.0,0.29495617747306824,250,1
SLIM*SIG1,676053df-1802-11f0-8423-54a95b9ec813,auction,3,173,0.2919389307498932,0.04677295684814453,20512.0,0.29495617747306824,250,1
SLIM*SIG1,676053df-1802-11f0-8423-54a95b9ec813,auction,3,174,0.2919389307498932,0.05861473083496094,20989.0,0.29495617747306824,250,1
SLIM*SIG1,676053df-1802-11f0-8423-54a95b9ec813,auction,3,175,0.2919389307498932,0.06682085990905762,21121.0,0.29495617747306824,250,1
SLIM*SIG1,676053df-1802-11f0-8423-54a95b9ec813,auction,3,176,0.2919389307498932,0.04692411422729492,20896.0,0.29495617747306824,250,1
SLIM*SIG1,676053df-1802-11f0-8423-54a95b9ec813,auction,3,177,0.2919389307498932,0.04687356948852539,20792.0,0.29495617747306824,250,1
SLIM*SIG1,676053df-1802-11f0-8423-54a95b9ec813,auction,3,178,0.2919389307498932,0.0557863712310791,20491.0,0.29495617747306824,250,1
SLIM*SIG1,676053df-1802-11f0-8423-54a95b9ec813,auction,3,179,0.2919389307498932,0.04693913459777832,20948.0,0.29495617747306824,250,1
SLIM*SIG1,676053df-1802-11f0-8423-54a95b9ec813,auction,3,180,0.2919389307498932,0.08126330375671387,20012.0,0.29495617747306824,250,1
SLIM*SIG1,676053df-1802-11f0-8423-54a95b9ec813,auction,3,181,0.2919389307498932,0.05318784713745117,19555.0,0.29495617747306824,250,1
SLIM*SIG1,676053df-1802-11f0-8423-54a95b9ec813,auction,3,182,0.2919389307498932,0.015733957290649414,19605.0,0.29495617747306824,250,1
SLIM*SIG1,676053df-1802-11f0-8423-54a95b9ec813,auction,3,183,0.29186612367630005,0.031244277954101562,19295.0,0.2950510084629059,263,1
SLIM*SIG1,676053df-1802-11f0-8423-54a95b9ec813,auction,3,184,0.29186612367630005,0.031249284744262695,18803.0,0.2950510084629059,263,1
SLIM*SIG1,676053df-1802-11f0-8423-54a95b9ec813,auction,3,185,0.29186612367630005,0.019682884216308594,17865.0,0.2950510084629059,263,1
SLIM*SIG1,676053df-1802-11f0-8423-54a95b9ec813,auction,3,186,0.29186612367630005,0.03136038780212402,18768.0,0.2950510084629059,263,1
SLIM*SIG1,676053df-1802-11f0-8423-54a95b9ec813,auction,3,187,0.29186612367630005,0.031142711639404297,18755.0,0.2950510084629059,263,1
SLIM*SIG1,676053df-1802-11f0-8423-54a95b9ec813,auction,3,188,0.29186612367630005,0.03896021842956543,19145.0,0.2950510084629059,263,1
SLIM*SIG1,676053df-1802-11f0-8423-54a95b9ec813,auction,3,189,0.29186612367630005,0.036257028579711914,19368.0,0.2950510084629059,263,1
SLIM*SIG1,676053df-1802-11f0-8423-54a95b9ec813,auction,3,190,0.29186612367630005,0.06648039817810059,19009.0,0.2950510084629059,263,1
SLIM*SIG1,676053df-1802-11f0-8423-54a95b9ec813,auction,3,191,0.29186612367630005,0.04637002944946289,18734.0,0.2950510084629059,263,1
SLIM*SIG1,676053df-1802-11f0-8423-54a95b9ec813,auction,3,192,0.29186612367630005,0.03127646446228027,18242.0,0.2950510084629059,263,1
SLIM*SIG1,676053df-1802-11f0-8423-54a95b9ec813,auction,3,193,0.29186612367630005,0.03528928756713867,18344.0,0.2950510084629059,263,1
SLIM*SIG1,676053df-1802-11f0-8423-54a95b9ec813,auction,3,194,0.29186612367630005,0.015734195709228516,18539.0,0.2950510084629059,263,1
SLIM*SIG1,676053df-1802-11f0-8423-54a95b9ec813,auction,3,195,0.29186612367630005,0.0312497615814209,18320.0,0.2950510084629059,263,1
SLIM*SIG1,676053df-1802-11f0-8423-54a95b9ec813,auction,3,196,0.29186612367630005,0.03125309944152832,18558.0,0.2950510084629059,263,1
SLIM*SIG1,676053df-1802-11f0-8423-54a95b9ec813,auction,3,197,0.29186612367630005,0.03855156898498535,17821.0,0.2950510084629059,263,1
SLIM*SIG1,676053df-1802-11f0-8423-54a95b9ec813,auction,3,198,0.29186612367630005,0.015625715255737305,17843.0,0.2950510084629059,263,1
SLIM*SIG1,676053df-1802-11f0-8423-54a95b9ec813,auction,3,199,0.29186612367630005,0.04677748680114746,18497.0,0.2950510084629059,263,1
SLIM*SIG1,676053df-1802-11f0-8423-54a95b9ec813,auction,3,200,0.29186612367630005,0.05591011047363281,18896.0,0.2950510084629059,263,1
SLIM*SIG1,676053df-1802-11f0-8423-54a95b9ec813,auction,3,201,0.29186612367630005,0.06965017318725586,20690.0,0.2950510084629059,263,1
SLIM*SIG1,676053df-1802-11f0-8423-54a95b9ec813,auction,3,202,0.29186612367630005,0.07812666893005371,20972.0,0.2950510084629059,263,1
SLIM*SIG1,676053df-1802-11f0-8423-54a95b9ec813,auction,3,203,0.29186612367630005,0.05242753028869629,21295.0,0.2950510084629059,263,1
SLIM*SIG1,676053df-1802-11f0-8423-54a95b9ec813,auction,3,204,0.29186612367630005,0.046874284744262695,21427.0,0.2950510084629059,263,1
SLIM*SIG1,676053df-1802-11f0-8423-54a95b9ec813,auction,3,205,0.29186612367630005,0.05341792106628418,20742.0,0.2950510084629059,263,1
SLIM*SIG1,676053df-1802-11f0-8423-54a95b9ec813,auction,3,206,0.29184699058532715,0.03122687339782715,21232.0,0.29549679160118103,263,1
SLIM*SIG1,676053df-1802-11f0-8423-54a95b9ec813,auction,3,207,0.29184699058532715,0.05220818519592285,21338.0,0.29549679160118103,263,1
SLIM*SIG1,676053df-1802-11f0-8423-54a95b9ec813,auction,3,208,0.29184699058532715,0.04687905311584473,21557.0,0.29549679160118103,263,1
SLIM*SIG1,676053df-1802-11f0-8423-54a95b9ec813,auction,3,209,0.29184699058532715,0.08867812156677246,21386.0,0.29549679160118103,263,1
SLIM*SIG1,676053df-1802-11f0-8423-54a95b9ec813,auction,3,210,0.29184699058532715,0.08376836776733398,21626.0,0.29549679160118103,263,1
SLIM*SIG1,676053df-1802-11f0-8423-54a95b9ec813,auction,3,211,0.29184699058532715,0.07812809944152832,21422.0,0.29549679160118103,263,1
SLIM*SIG1,676053df-1802-11f0-8423-54a95b9ec813,auction,3,212,0.29184699058532715,0.08331990242004395,21326.0,0.29549679160118103,263,1
SLIM*SIG1,676053df-1802-11f0-8423-54a95b9ec813,auction,3,213,0.29184699058532715,0.0468754768371582,21056.0,0.29549679160118103,263,1
SLIM*SIG1,676053df-1802-11f0-8423-54a95b9ec813,auction,3,214,0.29184699058532715,0.08657407760620117,20622.0,0.29549679160118103,263,1
SLIM*SIG1,676053df-1802-11f0-8423-54a95b9ec813,auction,3,215,0.29184699058532715,0.08507871627807617,20290.0,0.29549679160118103,263,1
SLIM*SIG1,676053df-1802-11f0-8423-54a95b9ec813,auction,3,216,0.29184699058532715,0.08272576332092285,20799.0,0.29549679160118103,263,1
SLIM*SIG1,676053df-1802-11f0-8423-54a95b9ec813,auction,3,217,0.29179760813713074,0.04728078842163086,21143.0,0.29496219754219055,276,1
SLIM*SIG1,676053df-1802-11f0-8423-54a95b9ec813,auction,3,218,0.29179760813713074,0.08387064933776855,20513.0,0.29496219754219055,276,1
SLIM*SIG1,676053df-1802-11f0-8423-54a95b9ec813,auction,3,219,0.29179760813713074,0.06977415084838867,20167.0,0.29496219754219055,276,1
SLIM*SIG1,676053df-1802-11f0-8423-54a95b9ec813,auction,3,220,0.29179760813713074,0.046874284744262695,20210.0,0.29496219754219055,276,1
SLIM*SIG1,676053df-1802-11f0-8423-54a95b9ec813,auction,3,221,0.29179760813713074,0.054869890213012695,20123.0,0.29496219754219055,276,1
SLIM*SIG1,676053df-1802-11f0-8423-54a95b9ec813,auction,3,222,0.29168233275413513,0.10039091110229492,20410.0,0.29437685012817383,250,1
SLIM*SIG1,676053df-1802-11f0-8423-54a95b9ec813,auction,3,223,0.29168233275413513,0.0781550407409668,20839.0,0.29437685012817383,250,1
SLIM*SIG1,676053df-1802-11f0-8423-54a95b9ec813,auction,3,224,0.29165297746658325,0.062470197677612305,21136.0,0.29448363184928894,237,1
SLIM*SIG1,676053df-1802-11f0-8423-54a95b9ec813,auction,3,225,0.29165297746658325,0.0592041015625,20919.0,0.29448363184928894,237,1
SLIM*SIG1,676053df-1802-11f0-8423-54a95b9ec813,auction,3,226,0.29164546728134155,0.05759572982788086,20750.0,0.2944144606590271,224,1
SLIM*SIG1,676053df-1802-11f0-8423-54a95b9ec813,auction,3,227,0.29160794615745544,0.041777610778808594,20800.0,0.2942740023136139,237,1
SLIM*SIG1,676053df-1802-11f0-8423-54a95b9ec813,auction,3,228,0.29160794615745544,0.06050753593444824,21521.0,0.2942740023136139,237,1
SLIM*SIG1,676053df-1802-11f0-8423-54a95b9ec813,auction,3,229,0.29159632325172424,0.05353689193725586,20874.0,0.2945327162742615,224,1
SLIM*SIG1,676053df-1802-11f0-8423-54a95b9ec813,auction,3,230,0.29159632325172424,0.04689216613769531,20077.0,0.2945327162742615,224,1
SLIM*SIG1,676053df-1802-11f0-8423-54a95b9ec813,auction,3,231,0.29159632325172424,0.046837806701660156,20109.0,0.2945327162742615,224,1
SLIM*SIG1,676053df-1802-11f0-8423-54a95b9ec813,auction,3,232,0.29159632325172424,0.018592119216918945,19850.0,0.2945327162742615,224,1
SLIM*SIG1,676053df-1802-11f0-8423-54a95b9ec813,auction,3,233,0.29159632325172424,0.031250953674316406,19699.0,0.2945327162742615,224,1
SLIM*SIG1,676053df-1802-11f0-8423-54a95b9ec813,auction,3,234,0.29159632325172424,0.0156402587890625,19759.0,0.2945327162742615,224,1
SLIM*SIG1,676053df-1802-11f0-8423-54a95b9ec813,auction,3,235,0.29159632325172424,0.03714704513549805,19688.0,0.2945327162742615,224,1
SLIM*SIG1,676053df-1802-11f0-8423-54a95b9ec813,auction,3,236,0.2915162146091461,0.015732765197753906,19129.0,0.2945367097854614,237,1
SLIM*SIG1,676053df-1802-11f0-8423-54a95b9ec813,auction,3,237,0.2915162146091461,0.031249523162841797,18959.0,0.2945367097854614,237,1
SLIM*SIG1,676053df-1802-11f0-8423-54a95b9ec813,auction,3,238,0.2915162146091461,0.05390143394470215,19242.0,0.2945367097854614,237,1
SLIM*SIG1,676053df-1802-11f0-8423-54a95b9ec813,auction,3,239,0.2915162146091461,0.06250572204589844,18935.0,0.2945367097854614,237,1
SLIM*SIG1,676053df-1802-11f0-8423-54a95b9ec813,auction,3,240,0.2915162146091461,0.0313565731048584,18472.0,0.2945367097854614,237,1
SLIM*SIG1,676053df-1802-11f0-8423-54a95b9ec813,auction,3,241,0.2915162146091461,0.03698897361755371,18321.0,0.2945367097854614,237,1
SLIM*SIG1,676053df-1802-11f0-8423-54a95b9ec813,auction,3,242,0.2915162146091461,0.03135323524475098,18826.0,0.2945367097854614,237,1
SLIM*SIG1,676053df-1802-11f0-8423-54a95b9ec813,auction,3,243,0.2915162146091461,0.01562786102294922,18272.0,0.2945367097854614,237,1
SLIM*SIG1,676053df-1802-11f0-8423-54a95b9ec813,auction,3,244,0.2915162146091461,0.03124523162841797,19103.0,0.2945367097854614,237,1
SLIM*SIG1,676053df-1802-11f0-8423-54a95b9ec813,auction,3,245,0.2915162146091461,0.02021336555480957,18428.0,0.2945367097854614,237,1
SLIM*SIG1,676053df-1802-11f0-8423-54a95b9ec813,auction,3,246,0.2915162146091461,0.0313413143157959,18507.0,0.2945367097854614,237,1
SLIM*SIG1,676053df-1802-11f0-8423-54a95b9ec813,auction,3,247,0.2915162146091461,0.01562643051147461,19007.0,0.2945367097854614,237,1
SLIM*SIG1,676053df-1802-11f0-8423-54a95b9ec813,auction,3,248,0.2915162146091461,0.01563262939453125,18713.0,0.2945367097854614,237,1
SLIM*SIG1,676053df-1802-11f0-8423-54a95b9ec813,auction,3,249,0.2915162146091461,0.03825092315673828,18024.0,0.2945367097854614,237,1
SLIM*SIG1,676053df-1802-11f0-8423-54a95b9ec813,auction,3,250,0.2915162146091461,0.031248807907104492,17623.0,0.2945367097854614,237,1
SLIM*SIG1,676053df-1802-11f0-8423-54a95b9ec813,auction,3,251,0.2915162146091461,0.031243324279785156,18045.0,0.2945367097854614,237,1
SLIM*SIG1,676053df-1802-11f0-8423-54a95b9ec813,auction,3,252,0.2915162146091461,0.020804643630981445,18693.0,0.2945367097854614,237,1
SLIM*SIG1,676053df-1802-11f0-8423-54a95b9ec813,auction,3,253,0.2915162146091461,0.031351327896118164,18190.0,0.2945367097854614,237,1
SLIM*SIG1,676053df-1802-11f0-8423-54a95b9ec813,auction,3,254,0.2915162146091461,0.015627384185791016,18298.0,0.2945367097854614,237,1
SLIM*SIG1,676053df-1802-11f0-8423-54a95b9ec813,auction,3,255,0.2915162146091461,0.031248092651367188,18543.0,0.2945367097854614,237,1
SLIM*SIG1,676053df-1802-11f0-8423-54a95b9ec813,auction,3,256,0.2915162146091461,0.0217740535736084,18112.0,0.2945367097854614,237,1
SLIM*SIG1,676053df-1802-11f0-8423-54a95b9ec813,auction,3,257,0.2915162146091461,0.031381845474243164,17783.0,0.2945367097854614,237,1
SLIM*SIG1,676053df-1802-11f0-8423-54a95b9ec813,auction,3,258,0.2915162146091461,0.07812261581420898,18366.0,0.2945367097854614,237,1
SLIM*SIG1,676053df-1802-11f0-8423-54a95b9ec813,auction,3,259,0.2915162146091461,0.023784399032592773,18503.0,0.2945367097854614,237,1
SLIM*SIG1,676053df-1802-11f0-8423-54a95b9ec813,auction,3,260,0.2915162146091461,0.031256914138793945,18495.0,0.2945367097854614,237,1
SLIM*SIG1,676053df-1802-11f0-8423-54a95b9ec813,auction,3,261,0.2915162146091461,0.015624761581420898,18374.0,0.2945367097854614,237,1
SLIM*SIG1,676053df-1802-11f0-8423-54a95b9ec813,auction,3,262,0.2915162146091461,0.031244516372680664,18292.0,0.2945367097854614,237,1
SLIM*SIG1,676053df-1802-11f0-8423-54a95b9ec813,auction,3,263,0.2915162146091461,0.021954059600830078,18534.0,0.2945367097854614,237,1
SLIM*SIG1,676053df-1802-11f0-8423-54a95b9ec813,auction,3,264,0.2915162146091461,0.015635013580322266,18354.0,0.2945367097854614,237,1
SLIM*SIG1,676053df-1802-11f0-8423-54a95b9ec813,auction,3,265,0.2915162146091461,0.031240463256835938,18359.0,0.2945367097854614,237,1
SLIM*SIG1,676053df-1802-11f0-8423-54a95b9ec813,auction,3,266,0.2915162146091461,0.03125452995300293,18831.0,0.2945367097854614,237,1
SLIM*SIG1,676053df-1802-11f0-8423-54a95b9ec813,auction,3,267,0.2915162146091461,0.022516965866088867,18816.0,0.2945367097854614,237,1
SLIM*SIG1,676053df-1802-11f0-8423-54a95b9ec813,auction,3,268,0.2915162146091461,0.031247615814208984,18881.0,0.2945367097854614,237,1
SLIM*SIG1,676053df-1802-11f0-8423-54a95b9ec813,auction,3,269,0.2915162146091461,0.0312497615814209,19494.0,0.2945367097854614,237,1
SLIM*SIG1,676053df-1802-11f0-8423-54a95b9ec813,auction,3,270,0.2915162146091461,0.021944284439086914,19191.0,0.2945367097854614,237,1
SLIM*SIG1,676053df-1802-11f0-8423-54a95b9ec813,auction,3,271,0.2915162146091461,0.031403303146362305,19273.0,0.2945367097854614,237,1
SLIM*SIG1,676053df-1802-11f0-8423-54a95b9ec813,auction,3,272,0.2915162146091461,0.015609025955200195,19087.0,0.2945367097854614,237,1
SLIM*SIG1,676053df-1802-11f0-8423-54a95b9ec813,auction,3,273,0.29145875573158264,0.031249523162841797,18820.0,0.2931775748729706,237,1
SLIM*SIG1,676053df-1802-11f0-8423-54a95b9ec813,auction,3,274,0.29145875573158264,0.036798954010009766,18512.0,0.2931775748729706,237,1
SLIM*SIG1,676053df-1802-11f0-8423-54a95b9ec813,auction,3,275,0.29145875573158264,0.015636205673217773,18540.0,0.2931775748729706,237,1
SLIM*SIG1,676053df-1802-11f0-8423-54a95b9ec813,auction,3,276,0.29145875573158264,0.03125429153442383,19081.0,0.2931775748729706,237,1
SLIM*SIG1,676053df-1802-11f0-8423-54a95b9ec813,auction,3,277,0.29145875573158264,0.037760019302368164,18869.0,0.2931775748729706,237,1
SLIM*SIG1,676053df-1802-11f0-8423-54a95b9ec813,auction,3,278,0.2914554178714752,0.015736103057861328,18834.0,0.2936117947101593,224,1
SLIM*SIG1,676053df-1802-11f0-8423-54a95b9ec813,auction,3,279,0.2914554178714752,0.031245946884155273,18743.0,0.2936117947101593,224,1
SLIM*SIG1,676053df-1802-11f0-8423-54a95b9ec813,auction,3,280,0.2914554178714752,0.01562190055847168,18854.0,0.2936117947101593,224,1
SLIM*SIG1,676053df-1802-11f0-8423-54a95b9ec813,auction,3,281,0.2914554178714752,0.034676313400268555,18275.0,0.2936117947101593,224,1
SLIM*SIG1,676053df-1802-11f0-8423-54a95b9ec813,auction,3,282,0.2914554178714752,0.018157005310058594,17771.0,0.2936117947101593,224,1
SLIM*SIG1,676053df-1802-11f0-8423-54a95b9ec813,auction,3,283,0.2914554178714752,0.0312502384185791,17429.0,0.2936117947101593,224,1
SLIM*SIG1,676053df-1802-11f0-8423-54a95b9ec813,auction,3,284,0.2914554178714752,0.03125190734863281,17620.0,0.2936117947101593,224,1
SLIM*SIG1,676053df-1802-11f0-8423-54a95b9ec813,auction,3,285,0.2914554178714752,0.031249046325683594,18881.0,0.2936117947101593,224,1
SLIM*SIG1,676053df-1802-11f0-8423-54a95b9ec813,auction,3,286,0.2913280725479126,0.02462315559387207,19113.0,0.29305580258369446,224,1
SLIM*SIG1,676053df-1802-11f0-8423-54a95b9ec813,auction,3,287,0.2913280725479126,0.03135943412780762,19126.0,0.29305580258369446,224,1
SLIM*SIG1,676053df-1802-11f0-8423-54a95b9ec813,auction,3,288,0.2913280725479126,0.015616655349731445,19217.0,0.29305580258369446,224,1
SLIM*SIG1,676053df-1802-11f0-8423-54a95b9ec813,auction,3,289,0.2913280725479126,0.03125596046447754,19234.0,0.29305580258369446,224,1
SLIM*SIG1,676053df-1802-11f0-8423-54a95b9ec813,auction,3,290,0.2913280725479126,0.02100205421447754,19245.0,0.29305580258369446,224,1
SLIM*SIG1,676053df-1802-11f0-8423-54a95b9ec813,auction,3,291,0.2913280725479126,0.03134965896606445,18993.0,0.29305580258369446,224,1
SLIM*SIG1,676053df-1802-11f0-8423-54a95b9ec813,auction,3,292,0.2913280725479126,0.031267404556274414,18761.0,0.29305580258369446,224,1
SLIM*SIG1,676053df-1802-11f0-8423-54a95b9ec813,auction,3,293,0.2913280725479126,0.015611410140991211,17685.0,0.29305580258369446,224,1
SLIM*SIG1,676053df-1802-11f0-8423-54a95b9ec813,auction,3,294,0.2913280725479126,0.03744077682495117,17165.0,0.29305580258369446,224,1
SLIM*SIG1,676053df-1802-11f0-8423-54a95b9ec813,auction,3,295,0.2913280725479126,0.015615463256835938,16710.0,0.29305580258369446,224,1
SLIM*SIG1,676053df-1802-11f0-8423-54a95b9ec813,auction,3,296,0.2913280725479126,0.03126931190490723,16790.0,0.29305580258369446,224,1
SLIM*SIG1,676053df-1802-11f0-8423-54a95b9ec813,auction,3,297,0.2913280725479126,0.031235694885253906,16144.0,0.29305580258369446,224,1
SLIM*SIG1,676053df-1802-11f0-8423-54a95b9ec813,auction,3,298,0.2913280725479126,0.035196542739868164,15959.0,0.29305580258369446,224,1
SLIM*SIG1,676053df-1802-11f0-8423-54a95b9ec813,auction,3,299,0.2913280725479126,0.029948711395263672,15976.0,0.29305580258369446,224,1
SLIM*SIG1,676053df-1802-11f0-8423-54a95b9ec813,auction,3,300,0.2913280725479126,0.0431976318359375,16607.0,0.29305580258369446,224,1
SLIM*SIG1,676053df-1802-11f0-8423-54a95b9ec813,auction,3,301,0.2913280725479126,0.03131246566772461,15287.0,0.29305580258369446,224,1
SLIM*SIG1,676053df-1802-11f0-8423-54a95b9ec813,auction,3,302,0.2913280725479126,0.025412321090698242,15097.0,0.29305580258369446,224,1
SLIM*SIG1,676053df-1802-11f0-8423-54a95b9ec813,auction,3,303,0.29121261835098267,0.031775712966918945,15417.0,0.2927435040473938,237,1
SLIM*SIG1,676053df-1802-11f0-8423-54a95b9ec813,auction,3,304,0.29121261835098267,0.03495073318481445,15369.0,0.2927435040473938,237,1
SLIM*SIG1,676053df-1802-11f0-8423-54a95b9ec813,auction,3,305,0.29121261835098267,0.018118858337402344,16479.0,0.2927435040473938,237,1
SLIM*SIG1,676053df-1802-11f0-8423-54a95b9ec813,auction,3,306,0.29121261835098267,0.03135967254638672,17000.0,0.2927435040473938,237,1
SLIM*SIG1,676053df-1802-11f0-8423-54a95b9ec813,auction,3,307,0.29121261835098267,0.03125143051147461,17542.0,0.2927435040473938,237,1
SLIM*SIG1,676053df-1802-11f0-8423-54a95b9ec813,auction,3,308,0.29121261835098267,0.02080845832824707,17686.0,0.2927435040473938,237,1
SLIM*SIG1,676053df-1802-11f0-8423-54a95b9ec813,auction,3,309,0.29121261835098267,0.03135347366333008,17903.0,0.2927435040473938,237,1
SLIM*SIG1,676053df-1802-11f0-8423-54a95b9ec813,auction,3,310,0.29121261835098267,0.015618562698364258,17702.0,0.2927435040473938,237,1
SLIM*SIG1,676053df-1802-11f0-8423-54a95b9ec813,auction,3,311,0.29121261835098267,0.031256914138793945,17293.0,0.2927435040473938,237,1
SLIM*SIG1,676053df-1802-11f0-8423-54a95b9ec813,auction,3,312,0.29121261835098267,0.022072315216064453,17624.0,0.2927435040473938,237,1
SLIM*SIG1,676053df-1802-11f0-8423-54a95b9ec813,auction,3,313,0.29121261835098267,0.028561830520629883,17819.0,0.2927435040473938,237,1
SLIM*SIG1,676053df-1802-11f0-8423-54a95b9ec813,auction,3,314,0.29121261835098267,0.015763044357299805,17865.0,0.2927435040473938,237,1
SLIM*SIG1,676053df-1802-11f0-8423-54a95b9ec813,auction,3,315,0.29121261835098267,0.03125739097595215,18201.0,0.2927435040473938,237,1
SLIM*SIG1,676053df-1802-11f0-8423-54a95b9ec813,auction,3,316,0.29121261835098267,0.023659944534301758,17557.0,0.2927435040473938,237,1
SLIM*SIG1,676053df-1802-11f0-8423-54a95b9ec813,auction,3,317,0.29121261835098267,0.03136301040649414,17682.0,0.2927435040473938,237,1
SLIM*SIG1,676053df-1802-11f0-8423-54a95b9ec813,auction,3,318,0.29121261835098267,0.015615463256835938,17838.0,0.2927435040473938,237,1
SLIM*SIG1,676053df-1802-11f0-8423-54a95b9ec813,auction,3,319,0.29117488861083984,0.07050156593322754,18897.0,0.2932993471622467,198,1
SLIM*SIG1,676053df-1802-11f0-8423-54a95b9ec813,auction,3,320,0.2911127507686615,0.07812666893005371,18477.0,0.2927212119102478,250,1
SLIM*SIG1,676053df-1802-11f0-8423-54a95b9ec813,auction,3,321,0.2911127507686615,0.022700071334838867,18655.0,0.2927212119102478,250,1
SLIM*SIG1,676053df-1802-11f0-8423-54a95b9ec813,auction,3,322,0.29110702872276306,0.03125405311584473,18848.0,0.2929391860961914,198,1
SLIM*SIG1,676053df-1802-11f0-8423-54a95b9ec813,auction,3,323,0.29110702872276306,0.07244610786437988,19325.0,0.2929391860961914,198,1
SLIM*SIG1,676053df-1802-11f0-8423-54a95b9ec813,auction,3,324,0.29110702872276306,0.0850071907043457,18972.0,0.2929391860961914,198,1
SLIM*SIG1,676053df-1802-11f0-8423-54a95b9ec813,auction,3,325,0.29110702872276306,0.07813835144042969,18698.0,0.2929391860961914,198,1
SLIM*SIG1,676053df-1802-11f0-8423-54a95b9ec813,auction,3,326,0.29110702872276306,0.06784248352050781,18177.0,0.2929391860961914,198,1
SLIM*SIG1,676053df-1802-11f0-8423-54a95b9ec813,auction,3,327,0.29110702872276306,0.05423164367675781,17815.0,0.2929391860961914,198,1
SLIM*SIG1,676053df-1802-11f0-8423-54a95b9ec813,auction,3,328,0.29110702872276306,0.04690051078796387,17296.0,0.2929391860961914,198,1
SLIM*SIG1,676053df-1802-11f0-8423-54a95b9ec813,auction,3,329,0.29110702872276306,0.03329730033874512,17173.0,0.2929391860961914,198,1
SLIM*SIG1,676053df-1802-11f0-8423-54a95b9ec813,auction,3,330,0.29110702872276306,0.03135490417480469,17244.0,0.2929391860961914,198,1
SLIM*SIG1,676053df-1802-11f0-8423-54a95b9ec813,auction,3,331,0.29110702872276306,0.031248807907104492,17797.0,0.2929391860961914,198,1
SLIM*SIG1,676053df-1802-11f0-8423-54a95b9ec813,auction,3,332,0.29110702872276306,0.015628814697265625,17754.0,0.2929391860961914,198,1
SLIM*SIG1,676053df-1802-11f0-8423-54a95b9ec813,auction,3,333,0.29110702872276306,0.03706932067871094,16904.0,0.2929391860961914,198,1
SLIM*SIG1,676053df-1802-11f0-8423-54a95b9ec813,auction,3,334,0.2907048463821411,0.015627622604370117,16620.0,0.29210349917411804,211,1
SLIM*SIG1,676053df-1802-11f0-8423-54a95b9ec813,auction,3,335,0.2907048463821411,0.03125762939453125,16083.0,0.29210349917411804,211,1
SLIM*SIG1,676053df-1802-11f0-8423-54a95b9ec813,auction,3,336,0.29044634103775024,0.01562190055847168,16261.0,0.292415976524353,198,1
SLIM*SIG1,676053df-1802-11f0-8423-54a95b9ec813,auction,3,337,0.29044634103775024,0.031248092651367188,16813.0,0.292415976524353,198,1
SLIM*SIG1,676053df-1802-11f0-8423-54a95b9ec813,auction,3,338,0.29044634103775024,0.0244901180267334,16538.0,0.292415976524353,198,1
SLIM*SIG1,676053df-1802-11f0-8423-54a95b9ec813,auction,3,339,0.29044634103775024,0.03135967254638672,16127.0,0.292415976524353,198,1
SLIM*SIG1,676053df-1802-11f0-8423-54a95b9ec813,auction,3,340,0.29044634103775024,0.015619277954101562,15464.0,0.292415976524353,198,1
SLIM*SIG1,676053df-1802-11f0-8423-54a95b9ec813,auction,3,341,0.29044634103775024,0.03125452995300293,15672.0,0.292415976524353,198,1
SLIM*SIG1,676053df-1802-11f0-8423-54a95b9ec813,auction,3,342,0.29044634103775024,0.03664970397949219,15941.0,0.292415976524353,198,1
SLIM*SIG1,676053df-1802-11f0-8423-54a95b9ec813,auction,3,343,0.29044634103775024,0.015534639358520508,15696.0,0.292415976524353,198,1
SLIM*SIG1,676053df-1802-11f0-8423-54a95b9ec813,auction,3,344,0.29044634103775024,0.031247854232788086,16004.0,0.292415976524353,198,1
SLIM*SIG1,676053df-1802-11f0-8423-54a95b9ec813,auction,3,345,0.29044634103775024,0.03497481346130371,16257.0,0.292415976524353,198,1
SLIM*SIG1,676053df-1802-11f0-8423-54a95b9ec813,auction,3,346,0.29044634103775024,0.01804947853088379,16368.0,0.292415976524353,198,1
SLIM*SIG1,676053df-1802-11f0-8423-54a95b9ec813,auction,3,347,0.29044634103775024,0.029194355010986328,15770.0,0.292415976524353,198,1
SLIM*SIG1,676053df-1802-11f0-8423-54a95b9ec813,auction,3,348,0.29044634103775024,0.015629053115844727,15579.0,0.292415976524353,198,1
SLIM*SIG1,676053df-1802-11f0-8423-54a95b9ec813,auction,3,349,0.29044634103775024,0.03125429153442383,15358.0,0.292415976524353,198,1
SLIM*SIG1,676053df-1802-11f0-8423-54a95b9ec813,auction,3,350,0.29044634103775024,0.02354121208190918,15204.0,0.292415976524353,198,1
SLIM*SIG1,676053df-1802-11f0-8423-54a95b9ec813,auction,3,351,0.29044634103775024,0.015757322311401367,14658.0,0.292415976524353,198,1
SLIM*SIG1,676053df-1802-11f0-8423-54a95b9ec813,auction,3,352,0.29044634103775024,0.01562809944152832,14357.0,0.292415976524353,198,1
SLIM*SIG1,676053df-1802-11f0-8423-54a95b9ec813,auction,3,353,0.29044634103775024,0.031239032745361328,14695.0,0.292415976524353,198,1
SLIM*SIG1,676053df-1802-11f0-8423-54a95b9ec813,auction,3,354,0.29044634103775024,0.018473148345947266,15215.0,0.292415976524353,198,1
SLIM*SIG1,676053df-1802-11f0-8423-54a95b9ec813,auction,3,355,0.29044634103775024,0.031250715255737305,15213.0,0.292415976524353,198,1
SLIM*SIG1,676053df-1802-11f0-8423-54a95b9ec813,auction,3,356,0.29044634103775024,0.015623092651367188,15603.0,0.292415976524353,198,1
SLIM*SIG1,676053df-1802-11f0-8423-54a95b9ec813,auction,3,357,0.29041990637779236,0.015626192092895508,15642.0,0.2924053370952606,211,1
SLIM*SIG1,676053df-1802-11f0-8423-54a95b9ec813,auction,3,358,0.2904071509838104,0.03778266906738281,15956.0,0.2924596071243286,224,1
SLIM*SIG1,676053df-1802-11f0-8423-54a95b9ec813,auction,3,359,0.2904071509838104,0.01574230194091797,16242.0,0.2924596071243286,224,1
SLIM*SIG1,676053df-1802-11f0-8423-54a95b9ec813,auction,3,360,0.2904071509838104,0.03126025199890137,16593.0,0.2924596071243286,224,1
SLIM*SIG1,676053df-1802-11f0-8423-54a95b9ec813,auction,3,361,0.2904071509838104,0.015605449676513672,16140.0,0.2924596071243286,224,1
SLIM*SIG1,676053df-1802-11f0-8423-54a95b9ec813,auction,3,362,0.2904071509838104,0.022281646728515625,16335.0,0.2924596071243286,224,1
SLIM*SIG1,676053df-1802-11f0-8423-54a95b9ec813,auction,3,363,0.2904071509838104,0.015608787536621094,17037.0,0.2924596071243286,224,1
SLIM*SIG1,676053df-1802-11f0-8423-54a95b9ec813,auction,3,364,0.2904071509838104,0.03124547004699707,17635.0,0.2924596071243286,224,1
SLIM*SIG1,676053df-1802-11f0-8423-54a95b9ec813,auction,3,365,0.2904071509838104,0.04162144660949707,17340.0,0.2924596071243286,224,1
SLIM*SIG1,676053df-1802-11f0-8423-54a95b9ec813,auction,3,366,0.2904071509838104,0.0348660945892334,17124.0,0.2924596071243286,224,1
SLIM*SIG1,676053df-1802-11f0-8423-54a95b9ec813,auction,3,367,0.2904071509838104,0.03410935401916504,17466.0,0.2924596071243286,224,1
SLIM*SIG1,676053df-1802-11f0-8423-54a95b9ec813,auction,3,368,0.2904071509838104,0.035245418548583984,17934.0,0.2924596071243286,224,1
SLIM*SIG1,676053df-1802-11f0-8423-54a95b9ec813,auction,3,369,0.2904071509838104,0.03481554985046387,17633.0,0.2924596071243286,224,1
SLIM*SIG1,676053df-1802-11f0-8423-54a95b9ec813,auction,3,370,0.29040712118148804,0.02819204330444336,17306.0,0.2924595773220062,237,1
SLIM*SIG1,676053df-1802-11f0-8423-54a95b9ec813,auction,3,371,0.2903808057308197,0.031290531158447266,18285.0,0.2923894226551056,250,1
SLIM*SIG1,676053df-1802-11f0-8423-54a95b9ec813,auction,3,372,0.2903808057308197,0.02456355094909668,18575.0,0.2923894226551056,250,1
SLIM*SIG1,676053df-1802-11f0-8423-54a95b9ec813,auction,3,373,0.2903808057308197,0.015603065490722656,18664.0,0.2923894226551056,250,1
SLIM*SIG1,676053df-1802-11f0-8423-54a95b9ec813,auction,3,374,0.2903808057308197,0.015626192092895508,18690.0,0.2923894226551056,250,1
SLIM*SIG1,676053df-1802-11f0-8423-54a95b9ec813,auction,3,375,0.2903808057308197,0.03672504425048828,17686.0,0.2923894226551056,250,1
SLIM*SIG1,676053df-1802-11f0-8423-54a95b9ec813,auction,3,376,0.2903808057308197,0.08042526245117188,18222.0,0.2923894226551056,250,1
SLIM*SIG1,676053df-1802-11f0-8423-54a95b9ec813,auction,3,377,0.2903808057308197,0.03567004203796387,17988.0,0.2923894226551056,250,1
SLIM*SIG1,676053df-1802-11f0-8423-54a95b9ec813,auction,3,378,0.2903808057308197,0.031246662139892578,18614.0,0.2923894226551056,250,1
SLIM*SIG1,676053df-1802-11f0-8423-54a95b9ec813,auction,3,379,0.2903808057308197,0.031242847442626953,18909.0,0.2923894226551056,250,1
SLIM*SIG1,676053df-1802-11f0-8423-54a95b9ec813,auction,3,380,0.2903808057308197,0.015630483627319336,19251.0,0.2923894226551056,250,1
SLIM*SIG1,676053df-1802-11f0-8423-54a95b9ec813,auction,3,381,0.2903808057308197,0.015621662139892578,19630.0,0.2923894226551056,250,1
SLIM*SIG1,676053df-1802-11f0-8423-54a95b9ec813,auction,3,382,0.2903808057308197,0.03125882148742676,20673.0,0.2923894226551056,250,1
SLIM*SIG1,676053df-1802-11f0-8423-54a95b9ec813,auction,3,383,0.2903808057308197,0.0311429500579834,19884.0,0.2923894226551056,250,1
SLIM*SIG1,676053df-1802-11f0-8423-54a95b9ec813,auction,3,384,0.2903808057308197,0.07936644554138184,20204.0,0.2923894226551056,250,1
SLIM*SIG1,676053df-1802-11f0-8423-54a95b9ec813,auction,3,385,0.2903808057308197,0.08331894874572754,20356.0,0.2923894226551056,250,1
SLIM*SIG1,676053df-1802-11f0-8423-54a95b9ec813,auction,3,386,0.2903808057308197,0.07811260223388672,20965.0,0.2923894226551056,250,1
SLIM*SIG1,676053df-1802-11f0-8423-54a95b9ec813,auction,3,387,0.2903808057308197,0.056880950927734375,20395.0,0.2923894226551056,250,1
SLIM*SIG1,676053df-1802-11f0-8423-54a95b9ec813,auction,3,388,0.2903808057308197,0.08427953720092773,20742.0,0.2923894226551056,250,1
SLIM*SIG1,676053df-1802-11f0-8423-54a95b9ec813,auction,3,389,0.2903808057308197,0.06250119209289551,20772.0,0.2923894226551056,250,1
SLIM*SIG1,676053df-1802-11f0-8423-54a95b9ec813,auction,3,390,0.2903808057308197,0.03771233558654785,20514.0,0.2923894226551056,250,1
SLIM*SIG1,676053df-1802-11f0-8423-54a95b9ec813,auction,3,391,0.2903808057308197,0.03127598762512207,20592.0,0.2923894226551056,250,1
SLIM*SIG1,676053df-1802-11f0-8423-54a95b9ec813,auction,3,392,0.2903808057308197,0.01563858985900879,20409.0,0.2923894226551056,250,1
SLIM*SIG1,676053df-1802-11f0-8423-54a95b9ec813,auction,3,393,0.2903808057308197,0.033066749572753906,19627.0,0.2923894226551056,250,1
SLIM*SIG1,676053df-1802-11f0-8423-54a95b9ec813,auction,3,394,0.2903808057308197,0.03135418891906738,19303.0,0.2923894226551056,250,1
SLIM*SIG1,676053df-1802-11f0-8423-54a95b9ec813,auction,3,395,0.2903808057308197,0.015629291534423828,19225.0,0.2923894226551056,250,1
SLIM*SIG1,676053df-1802-11f0-8423-54a95b9ec813,auction,3,396,0.2903808057308197,0.015619754791259766,18855.0,0.2923894226551056,250,1
SLIM*SIG1,676053df-1802-11f0-8423-54a95b9ec813,auction,3,397,0.2903808057308197,0.022183656692504883,18764.0,0.2923894226551056,250,1
SLIM*SIG1,676053df-1802-11f0-8423-54a95b9ec813,auction,3,398,0.2903808057308197,0.03135824203491211,18714.0,0.2923894226551056,250,1
SLIM*SIG1,676053df-1802-11f0-8423-54a95b9ec813,auction,3,399,0.2903808057308197,0.031145334243774414,19282.0,0.2923894226551056,250,1
SLIM*SIG1,676053df-1802-11f0-8423-54a95b9ec813,auction,3,400,0.2903808057308197,0.07051849365234375,18621.0,0.2923894226551056,250,1
SLIM*SIG1,676053df-1802-11f0-8423-54a95b9ec813,auction,3,401,0.2903808057308197,0.046974897384643555,18188.0,0.2923894226551056,250,1
SLIM*SIG1,676053df-1802-11f0-8423-54a95b9ec813,auction,3,402,0.2903808057308197,0.015523433685302734,18123.0,0.2923894226551056,250,1
SLIM*SIG1,676053df-1802-11f0-8423-54a95b9ec813,auction,3,403,0.2903808057308197,0.03717684745788574,18268.0,0.2923894226551056,250,1
SLIM*SIG1,676053df-1802-11f0-8423-54a95b9ec813,auction,3,404,0.2903808057308197,0.015612125396728516,17665.0,0.2923894226551056,250,1
SLIM*SIG1,676053df-1802-11f0-8423-54a95b9ec813,auction,3,405,0.2903808057308197,0.016222715377807617,17932.0,0.2923894226551056,250,1
SLIM*SIG1,676053df-1802-11f0-8423-54a95b9ec813,auction,3,406,0.2903808057308197,0.03136420249938965,17607.0,0.2923894226551056,250,1
SLIM*SIG1,676053df-1802-11f0-8423-54a95b9ec813,auction,3,407,0.2903808057308197,0.022376060485839844,17889.0,0.2923894226551056,250,1
SLIM*SIG1,676053df-1802-11f0-8423-54a95b9ec813,auction,3,408,0.2903808057308197,0.03135490417480469,17843.0,0.2923894226551056,250,1
SLIM*SIG1,676053df-1802-11f0-8423-54a95b9ec813,auction,3,409,0.2903808057308197,0.0312657356262207,18240.0,0.2923894226551056,250,1
SLIM*SIG1,676053df-1802-11f0-8423-54a95b9ec813,auction,3,410,0.2903808057308197,0.015617609024047852,17969.0,0.2923894226551056,250,1
SLIM*SIG1,676053df-1802-11f0-8423-54a95b9ec813,auction,3,411,0.2903808057308197,0.03629302978515625,17579.0,0.2923894226551056,250,1
SLIM*SIG1,676053df-1802-11f0-8423-54a95b9ec813,auction,3,412,0.2903808057308197,0.01562643051147461,17633.0,0.2923894226551056,250,1
SLIM*SIG1,676053df-1802-11f0-8423-54a95b9ec813,auction,3,413,0.2903808057308197,0.03182554244995117,17663.0,0.2923894226551056,250,1
SLIM*SIG1,676053df-1802-11f0-8423-54a95b9ec813,auction,3,414,0.2903808057308197,0.01573491096496582,18191.0,0.2923894226551056,250,1
SLIM*SIG1,676053df-1802-11f0-8423-54a95b9ec813,auction,3,415,0.2903808057308197,0.03726053237915039,19009.0,0.2923894226551056,250,1
SLIM*SIG1,676053df-1802-11f0-8423-54a95b9ec813,auction,3,416,0.2903289794921875,0.0156402587890625,19376.0,0.29293370246887207,263,1
SLIM*SIG1,676053df-1802-11f0-8423-54a95b9ec813,auction,3,417,0.2903289794921875,0.031239748001098633,20307.0,0.29293370246887207,263,1
SLIM*SIG1,676053df-1802-11f0-8423-54a95b9ec813,auction,3,418,0.2903289794921875,0.03796792030334473,21253.0,0.29293370246887207,263,1
SLIM*SIG1,676053df-1802-11f0-8423-54a95b9ec813,auction,3,419,0.2903289794921875,0.046875953674316406,21273.0,0.29293370246887207,263,1
SLIM*SIG1,676053df-1802-11f0-8423-54a95b9ec813,auction,3,420,0.2903289794921875,0.0781252384185791,20714.0,0.29293370246887207,263,1
SLIM*SIG1,676053df-1802-11f0-8423-54a95b9ec813,auction,3,421,0.2903289794921875,0.0402989387512207,20062.0,0.29293370246887207,263,1
SLIM*SIG1,676053df-1802-11f0-8423-54a95b9ec813,auction,3,422,0.2903289794921875,0.03125810623168945,20064.0,0.29293370246887207,263,1
SLIM*SIG1,676053df-1802-11f0-8423-54a95b9ec813,auction,3,423,0.2903289794921875,0.04840898513793945,19882.0,0.29293370246887207,263,1
SLIM*SIG1,676053df-1802-11f0-8423-54a95b9ec813,auction,3,424,0.2903289794921875,0.03460192680358887,19494.0,0.29293370246887207,263,1
SLIM*SIG1,676053df-1802-11f0-8423-54a95b9ec813,auction,3,425,0.2903289794921875,0.03503608703613281,19668.0,0.29293370246887207,263,1
SLIM*SIG1,676053df-1802-11f0-8423-54a95b9ec813,auction,3,426,0.2903289794921875,0.03876328468322754,19639.0,0.29293370246887207,263,1
SLIM*SIG1,676053df-1802-11f0-8423-54a95b9ec813,auction,3,427,0.2903289794921875,0.06977963447570801,19128.0,0.29293370246887207,263,1
SLIM*SIG1,676053df-1802-11f0-8423-54a95b9ec813,auction,3,428,0.2903289794921875,0.0664522647857666,19520.0,0.29293370246887207,263,1
SLIM*SIG1,676053df-1802-11f0-8423-54a95b9ec813,auction,3,429,0.2903289794921875,0.03480935096740723,19717.0,0.29293370246887207,263,1
SLIM*SIG1,676053df-1802-11f0-8423-54a95b9ec813,auction,3,430,0.2903289794921875,0.04687809944152832,19164.0,0.29293370246887207,263,1
SLIM*SIG1,676053df-1802-11f0-8423-54a95b9ec813,auction,3,431,0.2903289794921875,0.08684086799621582,20034.0,0.29293370246887207,263,1
SLIM*SIG1,676053df-1802-11f0-8423-54a95b9ec813,auction,3,432,0.2903289794921875,0.0829629898071289,20163.0,0.29293370246887207,263,1
SLIM*SIG1,676053df-1802-11f0-8423-54a95b9ec813,auction,3,433,0.2903289794921875,0.04687333106994629,20044.0,0.29293370246887207,263,1
SLIM*SIG1,676053df-1802-11f0-8423-54a95b9ec813,auction,3,434,0.2902697026729584,0.055957794189453125,19429.0,0.29298317432403564,263,1
SLIM*SIG1,676053df-1802-11f0-8423-54a95b9ec813,auction,3,435,0.2902697026729584,0.04689168930053711,19360.0,0.29298317432403564,263,1
SLIM*SIG1,676053df-1802-11f0-8423-54a95b9ec813,auction,3,436,0.2902697026729584,0.03663516044616699,19293.0,0.29298317432403564,263,1
SLIM*SIG1,676053df-1802-11f0-8423-54a95b9ec813,auction,3,437,0.2902697026729584,0.031247854232788086,18409.0,0.29298317432403564,263,1
SLIM*SIG1,676053df-1802-11f0-8423-54a95b9ec813,auction,3,438,0.2902697026729584,0.046904563903808594,18554.0,0.29298317432403564,263,1
SLIM*SIG1,676053df-1802-11f0-8423-54a95b9ec813,auction,3,439,0.2902697026729584,0.035845041275024414,18686.0,0.29298317432403564,263,1
SLIM*SIG1,676053df-1802-11f0-8423-54a95b9ec813,auction,3,440,0.2902697026729584,0.031363725662231445,19381.0,0.29298317432403564,263,1
SLIM*SIG1,676053df-1802-11f0-8423-54a95b9ec813,auction,3,441,0.2902697026729584,0.015627145767211914,19470.0,0.29298317432403564,263,1
SLIM*SIG1,676053df-1802-11f0-8423-54a95b9ec813,auction,3,442,0.2902697026729584,0.031244993209838867,19875.0,0.29298317432403564,263,1
SLIM*SIG1,676053df-1802-11f0-8423-54a95b9ec813,auction,3,443,0.2902697026729584,0.03700089454650879,20236.0,0.29298317432403564,263,1
SLIM*SIG1,676053df-1802-11f0-8423-54a95b9ec813,auction,3,444,0.2902697026729584,0.028728246688842773,19993.0,0.29298317432403564,263,1
SLIM*SIG1,676053df-1802-11f0-8423-54a95b9ec813,auction,3,445,0.2902697026729584,0.03125810623168945,20107.0,0.29298317432403564,263,1
SLIM*SIG1,676053df-1802-11f0-8423-54a95b9ec813,auction,3,446,0.2902697026729584,0.0902256965637207,19995.0,0.29298317432403564,263,1
SLIM*SIG1,676053df-1802-11f0-8423-54a95b9ec813,auction,3,447,0.2902697026729584,0.03481125831604004,20073.0,0.29298317432403564,263,1
SLIM*SIG1,676053df-1802-11f0-8423-54a95b9ec813,auction,3,448,0.2902697026729584,0.06250476837158203,20001.0,0.29298317432403564,263,1
SLIM*SIG1,676053df-1802-11f0-8423-54a95b9ec813,auction,3,449,0.2902697026729584,0.07143688201904297,20291.0,0.29298317432403564,263,1
SLIM*SIG1,676053df-1802-11f0-8423-54a95b9ec813,auction,3,450,0.2902697026729584,0.07811832427978516,20263.0,0.29298317432403564,263,1
SLIM*SIG1,676053df-1802-11f0-8423-54a95b9ec813,auction,3,451,0.2902697026729584,0.05320334434509277,20566.0,0.29298317432403564,263,1
SLIM*SIG1,676053df-1802-11f0-8423-54a95b9ec813,auction,3,452,0.2902697026729584,0.06772899627685547,20353.0,0.29298317432403564,263,1
SLIM*SIG1,676053df-1802-11f0-8423-54a95b9ec813,auction,3,453,0.2902697026729584,0.04968595504760742,20958.0,0.29298317432403564,263,1
SLIM*SIG1,676053df-1802-11f0-8423-54a95b9ec813,auction,3,454,0.2902697026729584,0.05353355407714844,20986.0,0.29298317432403564,263,1
SLIM*SIG1,676053df-1802-11f0-8423-54a95b9ec813,auction,3,455,0.2902697026729584,0.03126072883605957,20792.0,0.29298317432403564,263,1
SLIM*SIG1,676053df-1802-11f0-8423-54a95b9ec813,auction,3,456,0.2902697026729584,0.06815409660339355,20115.0,0.29298317432403564,263,1
SLIM*SIG1,676053df-1802-11f0-8423-54a95b9ec813,auction,3,457,0.2902480959892273,0.08066630363464355,21010.0,0.29238176345825195,250,1
SLIM*SIG1,676053df-1802-11f0-8423-54a95b9ec813,auction,3,458,0.2902480959892273,0.07918429374694824,21097.0,0.29238176345825195,250,1
SLIM*SIG1,676053df-1802-11f0-8423-54a95b9ec813,auction,3,459,0.2902480959892273,0.14963412284851074,20863.0,0.29238176345825195,250,1
SLIM*SIG1,676053df-1802-11f0-8423-54a95b9ec813,auction,3,460,0.2902480959892273,0.015732526779174805,20701.0,0.29238176345825195,250,1
SLIM*SIG1,676053df-1802-11f0-8423-54a95b9ec813,auction,3,461,0.2902480959892273,0.031250953674316406,20311.0,0.29238176345825195,250,1
SLIM*SIG1,676053df-1802-11f0-8423-54a95b9ec813,auction,3,462,0.2902480959892273,0.03114461898803711,20400.0,0.29238176345825195,250,1
SLIM*SIG1,676053df-1802-11f0-8423-54a95b9ec813,auction,3,463,0.2902480959892273,0.04123067855834961,20281.0,0.29238176345825195,250,1
SLIM*SIG1,676053df-1802-11f0-8423-54a95b9ec813,auction,3,464,0.2902480959892273,0.062093496322631836,20105.0,0.29238176345825195,250,1
SLIM*SIG1,676053df-1802-11f0-8423-54a95b9ec813,auction,3,465,0.2902480959892273,0.06420636177062988,20974.0,0.29238176345825195,250,1
SLIM*SIG1,676053df-1802-11f0-8423-54a95b9ec813,auction,3,466,0.2902480959892273,0.06085777282714844,21624.0,0.29238176345825195,250,1
SLIM*SIG1,676053df-1802-11f0-8423-54a95b9ec813,auction,3,467,0.2902480959892273,0.05387115478515625,20965.0,0.29238176345825195,250,1
SLIM*SIG1,676053df-1802-11f0-8423-54a95b9ec813,auction,3,468,0.2902480959892273,0.053252458572387695,21567.0,0.29238176345825195,250,1
SLIM*SIG1,676053df-1802-11f0-8423-54a95b9ec813,auction,3,469,0.2902480959892273,0.029817581176757812,21192.0,0.29238176345825195,250,1
SLIM*SIG1,676053df-1802-11f0-8423-54a95b9ec813,auction,3,470,0.2902480959892273,0.031331539154052734,21238.0,0.29238176345825195,250,1
SLIM*SIG1,676053df-1802-11f0-8423-54a95b9ec813,auction,3,471,0.2902480959892273,0.031236648559570312,20484.0,0.29238176345825195,250,1
SLIM*SIG1,676053df-1802-11f0-8423-54a95b9ec813,auction,3,472,0.2902480959892273,0.02131342887878418,20557.0,0.29238176345825195,250,1
SLIM*SIG1,676053df-1802-11f0-8423-54a95b9ec813,auction,3,473,0.2902480959892273,0.04688549041748047,21107.0,0.29238176345825195,250,1
SLIM*SIG1,676053df-1802-11f0-8423-54a95b9ec813,auction,3,474,0.2902480959892273,0.08961224555969238,20722.0,0.29238176345825195,250,1
SLIM*SIG1,676053df-1802-11f0-8423-54a95b9ec813,auction,3,475,0.2902480959892273,0.04921984672546387,20794.0,0.29238176345825195,250,1
SLIM*SIG1,676053df-1802-11f0-8423-54a95b9ec813,auction,3,476,0.2902480959892273,0.09415125846862793,20090.0,0.29238176345825195,250,1
SLIM*SIG1,676053df-1802-11f0-8423-54a95b9ec813,auction,3,477,0.2902480959892273,0.08957433700561523,19375.0,0.29238176345825195,250,1
SLIM*SIG1,676053df-1802-11f0-8423-54a95b9ec813,auction,3,478,0.2902480959892273,0.08388686180114746,19628.0,0.29238176345825195,250,1
SLIM*SIG1,676053df-1802-11f0-8423-54a95b9ec813,auction,3,479,0.2902480959892273,0.046874284744262695,19799.0,0.29238176345825195,250,1
SLIM*SIG1,676053df-1802-11f0-8423-54a95b9ec813,auction,3,480,0.2902480959892273,0.08132266998291016,19645.0,0.29238176345825195,250,1
SLIM*SIG1,676053df-1802-11f0-8423-54a95b9ec813,auction,3,481,0.2902480959892273,0.031245946884155273,19701.0,0.29238176345825195,250,1
SLIM*SIG1,676053df-1802-11f0-8423-54a95b9ec813,auction,3,482,0.2902480959892273,0.07357525825500488,19460.0,0.29238176345825195,250,1
SLIM*SIG1,676053df-1802-11f0-8423-54a95b9ec813,auction,3,483,0.2902480959892273,0.04724287986755371,19573.0,0.29238176345825195,250,1
SLIM*SIG1,676053df-1802-11f0-8423-54a95b9ec813,auction,3,484,0.2902480959892273,0.04875373840332031,20193.0,0.29238176345825195,250,1
SLIM*SIG1,676053df-1802-11f0-8423-54a95b9ec813,auction,3,485,0.2902480959892273,0.0701901912689209,19749.0,0.29238176345825195,250,1
SLIM*SIG1,676053df-1802-11f0-8423-54a95b9ec813,auction,3,486,0.2902480959892273,0.06249594688415527,18795.0,0.29238176345825195,250,1
SLIM*SIG1,676053df-1802-11f0-8423-54a95b9ec813,auction,3,487,0.2902480959892273,0.046880483627319336,19475.0,0.29238176345825195,250,1
SLIM*SIG1,676053df-1802-11f0-8423-54a95b9ec813,auction,3,488,0.2902480959892273,0.06041455268859863,19575.0,0.29238176345825195,250,1
SLIM*SIG1,676053df-1802-11f0-8423-54a95b9ec813,auction,3,489,0.2902480959892273,0.0781257152557373,20580.0,0.29238176345825195,250,1
SLIM*SIG1,676053df-1802-11f0-8423-54a95b9ec813,auction,3,490,0.2902480959892273,0.05215764045715332,20729.0,0.29238176345825195,250,1
SLIM*SIG1,676053df-1802-11f0-8423-54a95b9ec813,auction,3,491,0.2902480959892273,0.07812356948852539,21347.0,0.29238176345825195,250,1
SLIM*SIG1,676053df-1802-11f0-8423-54a95b9ec813,auction,3,492,0.2902480959892273,0.0868380069732666,21843.0,0.29238176345825195,250,1
SLIM*SIG1,676053df-1802-11f0-8423-54a95b9ec813,auction,3,493,0.2902480959892273,0.08459019660949707,21455.0,0.29238176345825195,250,1
SLIM*SIG1,676053df-1802-11f0-8423-54a95b9ec813,auction,3,494,0.2902480959892273,0.10110616683959961,21488.0,0.29238176345825195,250,1
SLIM*SIG1,676053df-1802-11f0-8423-54a95b9ec813,auction,3,495,0.2902480959892273,0.08321189880371094,22002.0,0.29238176345825195,250,1
SLIM*SIG1,676053df-1802-11f0-8423-54a95b9ec813,auction,3,496,0.2902480959892273,0.06897640228271484,22073.0,0.29238176345825195,250,1
SLIM*SIG1,676053df-1802-11f0-8423-54a95b9ec813,auction,3,497,0.2902480959892273,0.06250357627868652,22189.0,0.29238176345825195,250,1
SLIM*SIG1,676053df-1802-11f0-8423-54a95b9ec813,auction,3,498,0.2902480959892273,0.06923127174377441,21483.0,0.29238176345825195,250,1
SLIM*SIG1,676053df-1802-11f0-8423-54a95b9ec813,auction,3,499,0.2902480959892273,0.06810951232910156,20378.0,0.29238176345825195,250,1
SLIM*SIG1,676053df-1802-11f0-8423-54a95b9ec813,auction,3,500,0.2902480959892273,0.04734396934509277,19596.0,0.29238176345825195,250,1
SLIM*SIG1,676053df-1802-11f0-8423-54a95b9ec813,auction,3,501,0.2902480959892273,0.03568696975708008,19596.0,0.29238176345825195,250,1
SLIM*SIG1,676053df-1802-11f0-8423-54a95b9ec813,auction,3,502,0.2902480959892273,0.03880000114440918,19334.0,0.29238176345825195,250,1
SLIM*SIG1,676053df-1802-11f0-8423-54a95b9ec813,auction,3,503,0.2902480959892273,0.03505897521972656,19713.0,0.29238176345825195,250,1
SLIM*SIG1,676053df-1802-11f0-8423-54a95b9ec813,auction,3,504,0.2902480959892273,0.03138303756713867,19867.0,0.29238176345825195,250,1
SLIM*SIG1,676053df-1802-11f0-8423-54a95b9ec813,auction,3,505,0.2902480959892273,0.03345370292663574,19791.0,0.29238176345825195,250,1
SLIM*SIG1,676053df-1802-11f0-8423-54a95b9ec813,auction,3,506,0.2902480959892273,0.06583046913146973,19613.0,0.29238176345825195,250,1
SLIM*SIG1,676053df-1802-11f0-8423-54a95b9ec813,auction,3,507,0.2902480959892273,0.05413532257080078,19368.0,0.29238176345825195,250,1
SLIM*SIG1,676053df-1802-11f0-8423-54a95b9ec813,auction,3,508,0.2902480959892273,0.046874284744262695,19398.0,0.29238176345825195,250,1
SLIM*SIG1,676053df-1802-11f0-8423-54a95b9ec813,auction,3,509,0.29000991582870483,0.062497854232788086,19020.0,0.2920629382133484,250,1
SLIM*SIG1,676053df-1802-11f0-8423-54a95b9ec813,auction,3,510,0.29000991582870483,0.04230642318725586,18253.0,0.2920629382133484,250,1
SLIM*SIG1,676053df-1802-11f0-8423-54a95b9ec813,auction,3,511,0.29000991582870483,0.03126049041748047,18127.0,0.2920629382133484,250,1
SLIM*SIG1,676053df-1802-11f0-8423-54a95b9ec813,auction,3,512,0.29000991582870483,0.03409528732299805,17550.0,0.2920629382133484,250,1
SLIM*SIG1,676053df-1802-11f0-8423-54a95b9ec813,auction,3,513,0.29000991582870483,0.03125143051147461,17891.0,0.2920629382133484,250,1
SLIM*SIG1,676053df-1802-11f0-8423-54a95b9ec813,auction,3,514,0.29000991582870483,0.04687643051147461,18307.0,0.2920629382133484,250,1
SLIM*SIG1,676053df-1802-11f0-8423-54a95b9ec813,auction,3,515,0.29000991582870483,0.05739307403564453,17973.0,0.2920629382133484,250,1
SLIM*SIG1,676053df-1802-11f0-8423-54a95b9ec813,auction,3,516,0.29000991582870483,0.031245708465576172,17923.0,0.2920629382133484,250,1
SLIM*SIG1,676053df-1802-11f0-8423-54a95b9ec813,auction,3,517,0.29000991582870483,0.03314566612243652,18808.0,0.2920629382133484,250,1
SLIM*SIG1,676053df-1802-11f0-8423-54a95b9ec813,auction,3,518,0.29000991582870483,0.04688096046447754,17925.0,0.2920629382133484,250,1
SLIM*SIG1,676053df-1802-11f0-8423-54a95b9ec813,auction,3,519,0.29000991582870483,0.10243773460388184,18993.0,0.2920629382133484,250,1
SLIM*SIG1,676053df-1802-11f0-8423-54a95b9ec813,auction,3,520,0.29000991582870483,0.0468745231628418,19142.0,0.2920629382133484,250,1
SLIM*SIG1,676053df-1802-11f0-8423-54a95b9ec813,auction,3,521,0.29000991582870483,0.037502288818359375,19160.0,0.2920629382133484,250,1
SLIM*SIG1,676053df-1802-11f0-8423-54a95b9ec813,auction,3,522,0.29000991582870483,0.0625,21102.0,0.2920629382133484,250,1
SLIM*SIG1,676053df-1802-11f0-8423-54a95b9ec813,auction,3,523,0.29000991582870483,0.06924223899841309,21990.0,0.2920629382133484,250,1
SLIM*SIG1,676053df-1802-11f0-8423-54a95b9ec813,auction,3,524,0.29000991582870483,0.0468752384185791,22536.0,0.2920629382133484,250,1
SLIM*SIG1,676053df-1802-11f0-8423-54a95b9ec813,auction,3,525,0.29000991582870483,0.07170844078063965,22226.0,0.2920629382133484,250,1
SLIM*SIG1,676053df-1802-11f0-8423-54a95b9ec813,auction,3,526,0.29000991582870483,0.03760170936584473,22013.0,0.2920629382133484,250,1
SLIM*SIG1,676053df-1802-11f0-8423-54a95b9ec813,auction,3,527,0.29000991582870483,0.07877707481384277,21660.0,0.2920629382133484,250,1
SLIM*SIG1,676053df-1802-11f0-8423-54a95b9ec813,auction,3,528,0.29000991582870483,0.08081507682800293,21097.0,0.2920629382133484,250,1
SLIM*SIG1,676053df-1802-11f0-8423-54a95b9ec813,auction,3,529,0.29000991582870483,0.05543780326843262,20957.0,0.2920629382133484,250,1
SLIM*SIG1,676053df-1802-11f0-8423-54a95b9ec813,auction,3,530,0.29000991582870483,0.07770562171936035,20850.0,0.2920629382133484,250,1
SLIM*SIG1,676053df-1802-11f0-8423-54a95b9ec813,auction,3,531,0.2900003492832184,0.01899886131286621,20323.0,0.29199597239494324,237,1
SLIM*SIG1,676053df-1802-11f0-8423-54a95b9ec813,auction,3,532,0.2900003492832184,0.03124523162841797,19877.0,0.29199597239494324,237,1
SLIM*SIG1,676053df-1802-11f0-8423-54a95b9ec813,auction,3,533,0.2900003492832184,0.031247377395629883,19931.0,0.29199597239494324,237,1
SLIM*SIG1,676053df-1802-11f0-8423-54a95b9ec813,auction,3,534,0.2900003492832184,0.0341181755065918,20249.0,0.29199597239494324,237,1
SLIM*SIG1,676053df-1802-11f0-8423-54a95b9ec813,auction,3,535,0.2900003492832184,0.015628814697265625,20352.0,0.29199597239494324,237,1
SLIM*SIG1,676053df-1802-11f0-8423-54a95b9ec813,auction,3,536,0.2900003492832184,0.0311892032623291,20148.0,0.29199597239494324,237,1
SLIM*SIG1,676053df-1802-11f0-8423-54a95b9ec813,auction,3,537,0.2900003492832184,0.03796672821044922,19760.0,0.29199597239494324,237,1
SLIM*SIG1,676053df-1802-11f0-8423-54a95b9ec813,auction,3,538,0.2900003492832184,0.015608549118041992,19680.0,0.29199597239494324,237,1
SLIM*SIG1,676053df-1802-11f0-8423-54a95b9ec813,auction,3,539,0.2900003492832184,0.03135871887207031,19120.0,0.29199597239494324,237,1
SLIM*SIG1,676053df-1802-11f0-8423-54a95b9ec813,auction,3,540,0.2900003492832184,0.0312502384185791,18514.0,0.29199597239494324,237,1
SLIM*SIG1,676053df-1802-11f0-8423-54a95b9ec813,auction,3,541,0.2900003492832184,0.021810531616210938,18261.0,0.29199597239494324,237,1
SLIM*SIG1,676053df-1802-11f0-8423-54a95b9ec813,auction,3,542,0.2900003492832184,0.03135848045349121,18376.0,0.29199597239494324,237,1
SLIM*SIG1,676053df-1802-11f0-8423-54a95b9ec813,auction,3,543,0.2900003492832184,0.015616178512573242,18014.0,0.29199597239494324,237,1
SLIM*SIG1,676053df-1802-11f0-8423-54a95b9ec813,auction,3,544,0.2900003492832184,0.03125357627868652,18170.0,0.29199597239494324,237,1
SLIM*SIG1,676053df-1802-11f0-8423-54a95b9ec813,auction,3,545,0.2900003492832184,0.021960020065307617,18833.0,0.29199597239494324,237,1
SLIM*SIG1,676053df-1802-11f0-8423-54a95b9ec813,auction,3,546,0.2900003492832184,0.015727519989013672,18861.0,0.29199597239494324,237,1
SLIM*SIG1,676053df-1802-11f0-8423-54a95b9ec813,auction,3,547,0.2900003492832184,0.03125119209289551,19329.0,0.29199597239494324,237,1
SLIM*SIG1,676053df-1802-11f0-8423-54a95b9ec813,auction,3,548,0.2900003492832184,0.03125119209289551,19764.0,0.29199597239494324,237,1
SLIM*SIG1,676053df-1802-11f0-8423-54a95b9ec813,auction,3,549,0.2900003492832184,0.02101874351501465,20003.0,0.29199597239494324,237,1
SLIM*SIG1,676053df-1802-11f0-8423-54a95b9ec813,auction,3,550,0.2900003492832184,0.04261016845703125,19639.0,0.29199597239494324,237,1
SLIM*SIG1,676053df-1802-11f0-8423-54a95b9ec813,auction,3,551,0.2900003492832184,0.03722214698791504,19208.0,0.29199597239494324,237,1
SLIM*SIG1,676053df-1802-11f0-8423-54a95b9ec813,auction,3,552,0.2900003492832184,0.03789067268371582,18803.0,0.29199597239494324,237,1
SLIM*SIG1,676053df-1802-11f0-8423-54a95b9ec813,auction,3,553,0.2900003492832184,0.03571939468383789,18916.0,0.29199597239494324,237,1
SLIM*SIG1,676053df-1802-11f0-8423-54a95b9ec813,auction,3,554,0.2900003492832184,0.03527116775512695,18307.0,0.29199597239494324,237,1
SLIM*SIG1,676053df-1802-11f0-8423-54a95b9ec813,auction,3,555,0.2900003492832184,0.019855737686157227,17761.0,0.29199597239494324,237,1
SLIM*SIG1,676053df-1802-11f0-8423-54a95b9ec813,auction,3,556,0.2900003492832184,0.03676772117614746,17165.0,0.29199597239494324,237,1
SLIM*SIG1,676053df-1802-11f0-8423-54a95b9ec813,auction,3,557,0.289988249540329,0.031250715255737305,17902.0,0.29214295744895935,250,1
SLIM*SIG1,676053df-1802-11f0-8423-54a95b9ec813,auction,3,558,0.28996285796165466,0.058512210845947266,18374.0,0.29209640622138977,250,1
SLIM*SIG1,676053df-1802-11f0-8423-54a95b9ec813,auction,3,559,0.28996285796165466,0.06252360343933105,19581.0,0.29209640622138977,250,1
SLIM*SIG1,676053df-1802-11f0-8423-54a95b9ec813,auction,3,560,0.28983020782470703,0.032070159912109375,20400.0,0.2913116216659546,237,1
SLIM*SIG1,676053df-1802-11f0-8423-54a95b9ec813,auction,3,561,0.28983020782470703,0.015628576278686523,20568.0,0.2913116216659546,237,1
SLIM*SIG1,676053df-1802-11f0-8423-54a95b9ec813,auction,3,562,0.28983020782470703,0.0735478401184082,20988.0,0.2913116216659546,237,1
SLIM*SIG1,676053df-1802-11f0-8423-54a95b9ec813,auction,3,563,0.28983020782470703,0.06249570846557617,21174.0,0.2913116216659546,237,1
SLIM*SIG1,676053df-1802-11f0-8423-54a95b9ec813,auction,3,564,0.28983020782470703,0.08344125747680664,21753.0,0.2913116216659546,237,1
SLIM*SIG1,676053df-1802-11f0-8423-54a95b9ec813,auction,3,565,0.28983020782470703,0.0859825611114502,21378.0,0.2913116216659546,237,1
SLIM*SIG1,676053df-1802-11f0-8423-54a95b9ec813,auction,3,566,0.28983020782470703,0.09254121780395508,20613.0,0.2913116216659546,237,1
SLIM*SIG1,676053df-1802-11f0-8423-54a95b9ec813,auction,3,567,0.2898300588130951,0.0536952018737793,20039.0,0.29131799936294556,250,1
SLIM*SIG1,676053df-1802-11f0-8423-54a95b9ec813,auction,3,568,0.2898241877555847,0.05144357681274414,19955.0,0.291324257850647,250,1
SLIM*SIG1,676053df-1802-11f0-8423-54a95b9ec813,auction,3,569,0.2898241877555847,0.0625,19656.0,0.291324257850647,250,1
SLIM*SIG1,676053df-1802-11f0-8423-54a95b9ec813,auction,3,570,0.2898241877555847,0.06918716430664062,20378.0,0.291324257850647,250,1
SLIM*SIG1,676053df-1802-11f0-8423-54a95b9ec813,auction,3,571,0.2898241877555847,0.050107479095458984,20874.0,0.291324257850647,250,1
SLIM*SIG1,676053df-1802-11f0-8423-54a95b9ec813,auction,3,572,0.2898241877555847,0.03127479553222656,21173.0,0.291324257850647,250,1
SLIM*SIG1,676053df-1802-11f0-8423-54a95b9ec813,auction,3,573,0.2898241877555847,0.031226158142089844,20694.0,0.291324257850647,250,1
SLIM*SIG1,676053df-1802-11f0-8423-54a95b9ec813,auction,3,574,0.2898241877555847,0.015738248825073242,19819.0,0.291324257850647,250,1
SLIM*SIG1,676053df-1802-11f0-8423-54a95b9ec813,auction,3,575,0.2898241877555847,0.031244754791259766,19518.0,0.291324257850647,250,1
SLIM*SIG1,676053df-1802-11f0-8423-54a95b9ec813,auction,3,576,0.2898241877555847,0.03824567794799805,20196.0,0.291324257850647,250,1
SLIM*SIG1,676053df-1802-11f0-8423-54a95b9ec813,auction,3,577,0.2898241877555847,0.03114914894104004,20072.0,0.291324257850647,250,1
SLIM*SIG1,676053df-1802-11f0-8423-54a95b9ec813,auction,3,578,0.2898241877555847,0.05411982536315918,20205.0,0.291324257850647,250,1
SLIM*SIG1,676053df-1802-11f0-8423-54a95b9ec813,auction,3,579,0.2898241877555847,0.04687905311584473,20950.0,0.291324257850647,250,1
SLIM*SIG1,676053df-1802-11f0-8423-54a95b9ec813,auction,3,580,0.2898241877555847,0.05514383316040039,21099.0,0.291324257850647,250,1
SLIM*SIG1,676053df-1802-11f0-8423-54a95b9ec813,auction,3,581,0.2898241877555847,0.046875,21551.0,0.291324257850647,250,1
SLIM*SIG1,676053df-1802-11f0-8423-54a95b9ec813,auction,3,582,0.2898241877555847,0.06952786445617676,21395.0,0.291324257850647,250,1
SLIM*SIG1,676053df-1802-11f0-8423-54a95b9ec813,auction,3,583,0.2898241877555847,0.062497854232788086,20617.0,0.291324257850647,250,1
SLIM*SIG1,676053df-1802-11f0-8423-54a95b9ec813,auction,3,584,0.2898241877555847,0.06758260726928711,20461.0,0.291324257850647,250,1
SLIM*SIG1,676053df-1802-11f0-8423-54a95b9ec813,auction,3,585,0.2898241877555847,0.05130290985107422,19937.0,0.291324257850647,250,1
SLIM*SIG1,676053df-1802-11f0-8423-54a95b9ec813,auction,3,586,0.2898241877555847,0.0468754768371582,19841.0,0.291324257850647,250,1
SLIM*SIG1,676053df-1802-11f0-8423-54a95b9ec813,auction,3,587,0.2898241877555847,0.046874284744262695,19448.0,0.291324257850647,250,1
SLIM*SIG1,676053df-1802-11f0-8423-54a95b9ec813,auction,3,588,0.2898241877555847,0.05061745643615723,19533.0,0.291324257850647,250,1
SLIM*SIG1,676053df-1802-11f0-8423-54a95b9ec813,auction,3,589,0.2898241877555847,0.03135848045349121,18837.0,0.291324257850647,250,1
SLIM*SIG1,676053df-1802-11f0-8423-54a95b9ec813,auction,3,590,0.2898241877555847,0.033675432205200195,18150.0,0.291324257850647,250,1
SLIM*SIG1,676053df-1802-11f0-8423-54a95b9ec813,auction,3,591,0.2898241877555847,0.015722036361694336,18738.0,0.291324257850647,250,1
SLIM*SIG1,676053df-1802-11f0-8423-54a95b9ec813,auction,3,592,0.2898241877555847,0.03125429153442383,18934.0,0.291324257850647,250,1
SLIM*SIG1,676053df-1802-11f0-8423-54a95b9ec813,auction,3,593,0.2898241877555847,0.03460955619812012,19500.0,0.291324257850647,250,1
SLIM*SIG1,676053df-1802-11f0-8423-54a95b9ec813,auction,3,594,0.2898241877555847,0.017457962036132812,19868.0,0.291324257850647,250,1
SLIM*SIG1,676053df-1802-11f0-8423-54a95b9ec813,auction,3,595,0.2898241877555847,0.07802033424377441,20280.0,0.291324257850647,250,1
SLIM*SIG1,676053df-1802-11f0-8423-54a95b9ec813,auction,3,596,0.2898241877555847,0.05881237983703613,21122.0,0.291324257850647,250,1
SLIM*SIG1,676053df-1802-11f0-8423-54a95b9ec813,auction,3,597,0.2898241877555847,0.03725719451904297,21373.0,0.291324257850647,250,1
SLIM*SIG1,676053df-1802-11f0-8423-54a95b9ec813,auction,3,598,0.2898241877555847,0.045610904693603516,20903.0,0.291324257850647,250,1
SLIM*SIG1,676053df-1802-11f0-8423-54a95b9ec813,auction,3,599,0.2898241877555847,0.05397152900695801,20832.0,0.291324257850647,250,1
SLIM*SIG1,676053df-1802-11f0-8423-54a95b9ec813,auction,3,600,0.2898241877555847,0.038641929626464844,20087.0,0.291324257850647,250,1
SLIM*SIG1,676053df-1802-11f0-8423-54a95b9ec813,auction,3,601,0.2898241877555847,0.031255483627319336,19241.0,0.291324257850647,250,1
SLIM*SIG1,676053df-1802-11f0-8423-54a95b9ec813,auction,3,602,0.2898241877555847,0.03126931190490723,19219.0,0.291324257850647,250,1
SLIM*SIG1,676053df-1802-11f0-8423-54a95b9ec813,auction,3,603,0.2898241877555847,0.046854257583618164,18740.0,0.291324257850647,250,1
SLIM*SIG1,676053df-1802-11f0-8423-54a95b9ec813,auction,3,604,0.2898241877555847,0.08937215805053711,18300.0,0.291324257850647,250,1
SLIM*SIG1,676053df-1802-11f0-8423-54a95b9ec813,auction,3,605,0.2898241877555847,0.032987117767333984,18651.0,0.291324257850647,250,1
SLIM*SIG1,676053df-1802-11f0-8423-54a95b9ec813,auction,3,606,0.2898241877555847,0.031256675720214844,18484.0,0.291324257850647,250,1
SLIM*SIG1,676053df-1802-11f0-8423-54a95b9ec813,auction,3,607,0.2896450459957123,0.046869516372680664,20075.0,0.2915731370449066,263,1
SLIM*SIG1,676053df-1802-11f0-8423-54a95b9ec813,auction,3,608,0.2896450459957123,0.03843092918395996,20889.0,0.2915731370449066,263,1
SLIM*SIG1,676053df-1802-11f0-8423-54a95b9ec813,auction,3,609,0.2896450459957123,0.08677840232849121,21884.0,0.2915731370449066,263,1
SLIM*SIG1,676053df-1802-11f0-8423-54a95b9ec813,auction,3,610,0.2896450459957123,0.06261181831359863,22118.0,0.2915731370449066,263,1
SLIM*SIG1,676053df-1802-11f0-8423-54a95b9ec813,auction,3,611,0.2896450459957123,0.08245062828063965,21472.0,0.2915731370449066,263,1
SLIM*SIG1,676053df-1802-11f0-8423-54a95b9ec813,auction,3,612,0.2896450459957123,0.0313565731048584,21548.0,0.2915731370449066,263,1
SLIM*SIG1,676053df-1802-11f0-8423-54a95b9ec813,auction,3,613,0.2896450459957123,0.056490421295166016,20998.0,0.2915731370449066,263,1
SLIM*SIG1,676053df-1802-11f0-8423-54a95b9ec813,auction,3,614,0.2896377146244049,0.062496185302734375,20684.0,0.2916546165943146,276,1
SLIM*SIG1,676053df-1802-11f0-8423-54a95b9ec813,auction,3,615,0.2896377146244049,0.05320858955383301,19527.0,0.2916546165943146,276,1
SLIM*SIG1,676053df-1802-11f0-8423-54a95b9ec813,auction,3,616,0.2896377146244049,0.062497615814208984,19046.0,0.2916546165943146,276,1
SLIM*SIG1,676053df-1802-11f0-8423-54a95b9ec813,auction,3,617,0.2896377146244049,0.03860735893249512,18699.0,0.2916546165943146,276,1
SLIM*SIG1,676053df-1802-11f0-8423-54a95b9ec813,auction,3,618,0.2896377146244049,0.06249856948852539,18489.0,0.2916546165943146,276,1
SLIM*SIG1,676053df-1802-11f0-8423-54a95b9ec813,auction,3,619,0.2896377146244049,0.05465245246887207,18242.0,0.2916546165943146,276,1
SLIM*SIG1,676053df-1802-11f0-8423-54a95b9ec813,auction,3,620,0.2896377146244049,0.04688835144042969,17982.0,0.2916546165943146,276,1
SLIM*SIG1,676053df-1802-11f0-8423-54a95b9ec813,auction,3,621,0.2896377146244049,0.04687976837158203,18359.0,0.2916546165943146,276,1
SLIM*SIG1,676053df-1802-11f0-8423-54a95b9ec813,auction,3,622,0.2896377146244049,0.062497854232788086,18682.0,0.2916546165943146,276,1
SLIM*SIG1,676053df-1802-11f0-8423-54a95b9ec813,auction,3,623,0.2896377146244049,0.0576167106628418,19139.0,0.2916546165943146,276,1
SLIM*SIG1,676053df-1802-11f0-8423-54a95b9ec813,auction,3,624,0.28963541984558105,0.06849217414855957,19520.0,0.2907436192035675,237,1
SLIM*SIG1,676053df-1802-11f0-8423-54a95b9ec813,auction,3,625,0.28963541984558105,0.07817816734313965,19581.0,0.2907436192035675,237,1
SLIM*SIG1,676053df-1802-11f0-8423-54a95b9ec813,auction,3,626,0.28963541984558105,0.056112051010131836,19880.0,0.2907436192035675,237,1
SLIM*SIG1,676053df-1802-11f0-8423-54a95b9ec813,auction,3,627,0.28963541984558105,0.0831596851348877,19765.0,0.2907436192035675,237,1
SLIM*SIG1,676053df-1802-11f0-8423-54a95b9ec813,auction,3,628,0.28963541984558105,0.07813119888305664,19763.0,0.2907436192035675,237,1
SLIM*SIG1,676053df-1802-11f0-8423-54a95b9ec813,auction,3,629,0.28963541984558105,0.052374839782714844,20521.0,0.2907436192035675,237,1
SLIM*SIG1,676053df-1802-11f0-8423-54a95b9ec813,auction,3,630,0.28963541984558105,0.03125619888305664,20510.0,0.2907436192035675,237,1
SLIM*SIG1,676053df-1802-11f0-8423-54a95b9ec813,auction,3,631,0.28963541984558105,0.03489065170288086,21030.0,0.2907436192035675,237,1
SLIM*SIG1,676053df-1802-11f0-8423-54a95b9ec813,auction,3,632,0.28963541984558105,0.03141164779663086,20844.0,0.2907436192035675,237,1
SLIM*SIG1,676053df-1802-11f0-8423-54a95b9ec813,auction,3,633,0.28962329030036926,0.08841967582702637,20328.0,0.2907109260559082,224,1
SLIM*SIG1,676053df-1802-11f0-8423-54a95b9ec813,auction,3,634,0.28962329030036926,0.03135561943054199,20109.0,0.2907109260559082,224,1
SLIM*SIG1,676053df-1802-11f0-8423-54a95b9ec813,auction,3,635,0.28962329030036926,0.031241655349731445,19410.0,0.2907109260559082,224,1
SLIM*SIG1,676053df-1802-11f0-8423-54a95b9ec813,auction,3,636,0.2894878685474396,0.03125119209289551,19191.0,0.29107338190078735,198,1
SLIM*SIG1,676053df-1802-11f0-8423-54a95b9ec813,auction,3,637,0.2894878685474396,0.035951852798461914,18935.0,0.29107338190078735,198,1
SLIM*SIG1,676053df-1802-11f0-8423-54a95b9ec813,auction,3,638,0.2894878685474396,0.06718635559082031,18220.0,0.29107338190078735,198,1
SLIM*SIG1,676053df-1802-11f0-8423-54a95b9ec813,auction,3,639,0.2894878685474396,0.059612274169921875,18118.0,0.29107338190078735,198,1
SLIM*SIG1,676053df-1802-11f0-8423-54a95b9ec813,auction,3,640,0.2894878685474396,0.049439191818237305,17910.0,0.29107338190078735,198,1
SLIM*SIG1,676053df-1802-11f0-8423-54a95b9ec813,auction,3,641,0.2894878685474396,0.041754722595214844,17715.0,0.29107338190078735,198,1
SLIM*SIG1,676053df-1802-11f0-8423-54a95b9ec813,auction,3,642,0.2894878685474396,0.02764105796813965,17477.0,0.29107338190078735,198,1
SLIM*SIG1,676053df-1802-11f0-8423-54a95b9ec813,auction,3,643,0.2894878685474396,0.03246450424194336,16957.0,0.29107338190078735,198,1
SLIM*SIG1,676053df-1802-11f0-8423-54a95b9ec813,auction,3,644,0.2894878685474396,0.01706409454345703,16755.0,0.29107338190078735,198,1
SLIM*SIG1,676053df-1802-11f0-8423-54a95b9ec813,auction,3,645,0.2894878685474396,0.03135061264038086,16228.0,0.29107338190078735,198,1
SLIM*SIG1,676053df-1802-11f0-8423-54a95b9ec813,auction,3,646,0.2894878685474396,0.03125143051147461,15359.0,0.29107338190078735,198,1
SLIM*SIG1,676053df-1802-11f0-8423-54a95b9ec813,auction,3,647,0.2894878685474396,0.02131962776184082,14330.0,0.29107338190078735,198,1
SLIM*SIG1,676053df-1802-11f0-8423-54a95b9ec813,auction,3,648,0.2894878685474396,0.030739545822143555,13468.0,0.29107338190078735,198,1
SLIM*SIG1,676053df-1802-11f0-8423-54a95b9ec813,auction,3,649,0.2894878685474396,0.015625715255737305,13307.0,0.29107338190078735,198,1
SLIM*SIG1,676053df-1802-11f0-8423-54a95b9ec813,auction,3,650,0.2894878685474396,0.08518767356872559,12941.0,0.29107338190078735,198,1
SLIM*SIG1,676053df-1802-11f0-8423-54a95b9ec813,auction,3,651,0.2894878685474396,0.03123927116394043,12664.0,0.29107338190078735,198,1
SLIM*SIG1,676053df-1802-11f0-8423-54a95b9ec813,auction,3,652,0.2894878685474396,0.015623092651367188,12974.0,0.29107338190078735,198,1
SLIM*SIG1,676053df-1802-11f0-8423-54a95b9ec813,auction,3,653,0.2894878685474396,0.02119755744934082,13745.0,0.29107338190078735,198,1
SLIM*SIG1,676053df-1802-11f0-8423-54a95b9ec813,auction,3,654,0.2894878685474396,0.03175663948059082,13864.0,0.29107338190078735,198,1
SLIM*SIG1,676053df-1802-11f0-8423-54a95b9ec813,auction,3,655,0.2894878685474396,0.015618085861206055,14673.0,0.29107338190078735,198,1
SLIM*SIG1,676053df-1802-11f0-8423-54a95b9ec813,auction,3,656,0.2894878685474396,0.03136277198791504,15499.0,0.29107338190078735,198,1
SLIM*SIG1,676053df-1802-11f0-8423-54a95b9ec813,auction,3,657,0.2894878685474396,0.0358881950378418,15473.0,0.29107338190078735,198,1
SLIM*SIG1,676053df-1802-11f0-8423-54a95b9ec813,auction,3,658,0.2894878685474396,0.0176236629486084,16114.0,0.29107338190078735,198,1
SLIM*SIG1,676053df-1802-11f0-8423-54a95b9ec813,auction,3,659,0.2894878685474396,0.03125596046447754,16500.0,0.29107338190078735,198,1
SLIM*SIG1,676053df-1802-11f0-8423-54a95b9ec813,auction,3,660,0.2894878685474396,0.015520811080932617,15787.0,0.29107338190078735,198,1
SLIM*SIG1,676053df-1802-11f0-8423-54a95b9ec813,auction,3,661,0.2894878685474396,0.03710365295410156,15744.0,0.29107338190078735,198,1
SLIM*SIG1,676053df-1802-11f0-8423-54a95b9ec813,auction,3,662,0.2894878685474396,0.01572561264038086,15133.0,0.29107338190078735,198,1
SLIM*SIG1,676053df-1802-11f0-8423-54a95b9ec813,auction,3,663,0.2894878685474396,0.03116464614868164,14994.0,0.29107338190078735,198,1
SLIM*SIG1,676053df-1802-11f0-8423-54a95b9ec813,auction,3,664,0.2894878685474396,0.03133726119995117,15440.0,0.29107338190078735,198,1
SLIM*SIG1,676053df-1802-11f0-8423-54a95b9ec813,auction,3,665,0.2894878685474396,0.022324085235595703,15017.0,0.29107338190078735,198,1
SLIM*SIG1,676053df-1802-11f0-8423-54a95b9ec813,auction,3,666,0.2894878685474396,0.03125262260437012,14729.0,0.29107338190078735,198,1
SLIM*SIG1,676053df-1802-11f0-8423-54a95b9ec813,auction,3,667,0.2894878685474396,0.0156252384185791,15199.0,0.29107338190078735,198,1
SLIM*SIG1,676053df-1802-11f0-8423-54a95b9ec813,auction,3,668,0.2894878685474396,0.031349897384643555,15550.0,0.29107338190078735,198,1
SLIM*SIG1,676053df-1802-11f0-8423-54a95b9ec813,auction,3,669,0.2894878685474396,0.023711442947387695,15696.0,0.29107338190078735,198,1
SLIM*SIG1,676053df-1802-11f0-8423-54a95b9ec813,auction,3,670,0.2894878685474396,0.015744924545288086,15748.0,0.29107338190078735,198,1
SLIM*SIG1,676053df-1802-11f0-8423-54a95b9ec813,auction,3,671,0.2894878685474396,0.031152963638305664,16281.0,0.29107338190078735,198,1
SLIM*SIG1,676053df-1802-11f0-8423-54a95b9ec813,auction,3,672,0.2894878685474396,0.03135275840759277,15977.0,0.29107338190078735,198,1
SLIM*SIG1,676053df-1802-11f0-8423-54a95b9ec813,auction,3,673,0.2894878685474396,0.01920175552368164,16538.0,0.29107338190078735,198,1
SLIM*SIG1,676053df-1802-11f0-8423-54a95b9ec813,auction,3,674,0.2894878685474396,0.031239748001098633,16261.0,0.29107338190078735,198,1
SLIM*SIG1,676053df-1802-11f0-8423-54a95b9ec813,auction,3,675,0.2894604206085205,0.03115248680114746,15847.0,0.2910948097705841,211,1
SLIM*SIG1,676053df-1802-11f0-8423-54a95b9ec813,auction,3,676,0.2894604206085205,0.015729904174804688,14783.0,0.2910948097705841,211,1
SLIM*SIG1,676053df-1802-11f0-8423-54a95b9ec813,auction,3,677,0.2894403636455536,0.02208876609802246,15202.0,0.2911320924758911,224,1
SLIM*SIG1,676053df-1802-11f0-8423-54a95b9ec813,auction,3,678,0.2894403636455536,0.031354665756225586,15434.0,0.2911320924758911,224,1
SLIM*SIG1,676053df-1802-11f0-8423-54a95b9ec813,auction,3,679,0.2894403636455536,0.01562786102294922,15943.0,0.2911320924758911,224,1
SLIM*SIG1,676053df-1802-11f0-8423-54a95b9ec813,auction,3,680,0.2894403636455536,0.031260013580322266,15813.0,0.2911320924758911,224,1
SLIM*SIG1,676053df-1802-11f0-8423-54a95b9ec813,auction,3,681,0.2894403636455536,0.022305727005004883,16879.0,0.2911320924758911,224,1
SLIM*SIG1,676053df-1802-11f0-8423-54a95b9ec813,auction,3,682,0.2894403636455536,0.03135871887207031,17247.0,0.2911320924758911,224,1
SLIM*SIG1,676053df-1802-11f0-8423-54a95b9ec813,auction,3,683,0.2894403636455536,0.031193256378173828,17751.0,0.2911320924758911,224,1
SLIM*SIG1,676053df-1802-11f0-8423-54a95b9ec813,auction,3,684,0.2894403636455536,0.0371859073638916,17394.0,0.2911320924758911,224,1
SLIM*SIG1,676053df-1802-11f0-8423-54a95b9ec813,auction,3,685,0.2894403636455536,0.03135061264038086,17895.0,0.2911320924758911,224,1
SLIM*SIG1,676053df-1802-11f0-8423-54a95b9ec813,auction,3,686,0.2894403636455536,0.015629291534423828,17568.0,0.2911320924758911,224,1
SLIM*SIG1,676053df-1802-11f0-8423-54a95b9ec813,auction,3,687,0.2894403636455536,0.03124523162841797,18733.0,0.2911320924758911,224,1
SLIM*SIG1,676053df-1802-11f0-8423-54a95b9ec813,auction,3,688,0.2894403636455536,0.031249046325683594,17882.0,0.2911320924758911,224,1
SLIM*SIG1,676053df-1802-11f0-8423-54a95b9ec813,auction,3,689,0.2894403636455536,0.023781299591064453,17587.0,0.2911320924758911,224,1
SLIM*SIG1,676053df-1802-11f0-8423-54a95b9ec813,auction,3,690,0.2894403636455536,0.04687309265136719,16913.0,0.2911320924758911,224,1
SLIM*SIG1,676053df-1802-11f0-8423-54a95b9ec813,auction,3,691,0.2894403636455536,0.03979969024658203,17484.0,0.2911320924758911,224,1
SLIM*SIG1,676053df-1802-11f0-8423-54a95b9ec813,auction,3,692,0.2894403636455536,0.035366058349609375,17909.0,0.2911320924758911,224,1
SLIM*SIG1,676053df-1802-11f0-8423-54a95b9ec813,auction,3,693,0.2894403636455536,0.02784562110900879,18594.0,0.2911320924758911,224,1
SLIM*SIG1,676053df-1802-11f0-8423-54a95b9ec813,auction,3,694,0.2894403636455536,0.034741878509521484,18641.0,0.2911320924758911,224,1
SLIM*SIG1,676053df-1802-11f0-8423-54a95b9ec813,auction,3,695,0.2894403636455536,0.015723228454589844,18279.0,0.2911320924758911,224,1
SLIM*SIG1,676053df-1802-11f0-8423-54a95b9ec813,auction,3,696,0.2894403636455536,0.03126382827758789,18336.0,0.2911320924758911,224,1
SLIM*SIG1,676053df-1802-11f0-8423-54a95b9ec813,auction,3,697,0.2894403636455536,0.03544449806213379,17948.0,0.2911320924758911,224,1
SLIM*SIG1,676053df-1802-11f0-8423-54a95b9ec813,auction,3,698,0.2894403636455536,0.026566028594970703,17490.0,0.2911320924758911,224,1
SLIM*SIG1,676053df-1802-11f0-8423-54a95b9ec813,auction,3,699,0.2894403636455536,0.02233290672302246,16778.0,0.2911320924758911,224,1
SLIM*SIG1,676053df-1802-11f0-8423-54a95b9ec813,auction,3,700,0.2894403636455536,0.031248092651367188,16281.0,0.2911320924758911,224,1
SLIM*SIG1,676053df-1802-11f0-8423-54a95b9ec813,auction,3,701,0.2894403636455536,0.02132129669189453,16310.0,0.2911320924758911,224,1
SLIM*SIG1,676053df-1802-11f0-8423-54a95b9ec813,auction,3,702,0.2894403636455536,0.015737295150756836,16553.0,0.2911320924758911,224,1
SLIM*SIG1,676053df-1802-11f0-8423-54a95b9ec813,auction,3,703,0.2894403636455536,0.0156404972076416,17359.0,0.2911320924758911,224,1
SLIM*SIG1,676053df-1802-11f0-8423-54a95b9ec813,auction,3,704,0.2894403636455536,0.031240463256835938,18065.0,0.2911320924758911,224,1
SLIM*SIG1,676053df-1802-11f0-8423-54a95b9ec813,auction,3,705,0.2894403636455536,0.039830684661865234,19101.0,0.2911320924758911,224,1
SLIM*SIG1,676053df-1802-11f0-8423-54a95b9ec813,auction,3,706,0.2894403636455536,0.015724897384643555,18982.0,0.2911320924758911,224,1
SLIM*SIG1,676053df-1802-11f0-8423-54a95b9ec813,auction,3,707,0.2894403636455536,0.03125429153442383,18892.0,0.2911320924758911,224,1
SLIM*SIG1,676053df-1802-11f0-8423-54a95b9ec813,auction,3,708,0.2894403636455536,0.03124690055847168,18775.0,0.2911320924758911,224,1
SLIM*SIG1,676053df-1802-11f0-8423-54a95b9ec813,auction,3,709,0.2894403636455536,0.021786212921142578,18794.0,0.2911320924758911,224,1
SLIM*SIG1,676053df-1802-11f0-8423-54a95b9ec813,auction,3,710,0.2894403636455536,0.0313572883605957,19275.0,0.2911320924758911,224,1
SLIM*SIG1,676053df-1802-11f0-8423-54a95b9ec813,auction,3,711,0.2894403636455536,0.04261326789855957,19091.0,0.2911320924758911,224,1
SLIM*SIG1,676053df-1802-11f0-8423-54a95b9ec813,auction,3,712,0.2894403636455536,0.03979682922363281,18469.0,0.2911320924758911,224,1
SLIM*SIG1,676053df-1802-11f0-8423-54a95b9ec813,auction,3,713,0.2894403636455536,0.03834867477416992,18818.0,0.2911320924758911,224,1
SLIM*SIG1,676053df-1802-11f0-8423-54a95b9ec813,auction,3,714,0.2894403636455536,0.036943674087524414,18804.0,0.2911320924758911,224,1
SLIM*SIG1,676053df-1802-11f0-8423-54a95b9ec813,auction,3,715,0.2894403636455536,0.023891687393188477,17934.0,0.2911320924758911,224,1
SLIM*SIG1,676053df-1802-11f0-8423-54a95b9ec813,auction,3,716,0.2894403636455536,0.045920372009277344,18194.0,0.2911320924758911,224,1
SLIM*SIG1,676053df-1802-11f0-8423-54a95b9ec813,auction,3,717,0.2894403636455536,0.015619039535522461,18326.0,0.2911320924758911,224,1
SLIM*SIG1,676053df-1802-11f0-8423-54a95b9ec813,auction,3,718,0.2894403636455536,0.0369417667388916,18466.0,0.2911320924758911,224,1
SLIM*SIG1,676053df-1802-11f0-8423-54a95b9ec813,auction,3,719,0.2894403636455536,0.03135061264038086,17917.0,0.2911320924758911,224,1
SLIM*SIG1,676053df-1802-11f0-8423-54a95b9ec813,auction,3,720,0.2894403636455536,0.015571117401123047,17563.0,0.2911320924758911,224,1
SLIM*SIG1,676053df-1802-11f0-8423-54a95b9ec813,auction,3,721,0.2894403636455536,0.031316280364990234,17932.0,0.2911320924758911,224,1
SLIM*SIG1,676053df-1802-11f0-8423-54a95b9ec813,auction,3,722,0.2894403636455536,0.03123617172241211,18285.0,0.2911320924758911,224,1
SLIM*SIG1,676053df-1802-11f0-8423-54a95b9ec813,auction,3,723,0.2894403636455536,0.031255245208740234,17691.0,0.2911320924758911,224,1
SLIM*SIG1,676053df-1802-11f0-8423-54a95b9ec813,auction,3,724,0.2894403636455536,0.015615701675415039,17404.0,0.2911320924758911,224,1
SLIM*SIG1,676053df-1802-11f0-8423-54a95b9ec813,auction,3,725,0.2894403636455536,0.03125405311584473,17744.0,0.2911320924758911,224,1
SLIM*SIG1,676053df-1802-11f0-8423-54a95b9ec813,auction,3,726,0.2894403636455536,0.029498577117919922,16839.0,0.2911320924758911,224,1
SLIM*SIG1,676053df-1802-11f0-8423-54a95b9ec813,auction,3,727,0.2894403636455536,0.03136730194091797,17134.0,0.2911320924758911,224,1
SLIM*SIG1,676053df-1802-11f0-8423-54a95b9ec813,auction,3,728,0.2894403636455536,0.015616416931152344,17194.0,0.2911320924758911,224,1
SLIM*SIG1,676053df-1802-11f0-8423-54a95b9ec813,auction,3,729,0.2894403636455536,0.03124690055847168,16693.0,0.2911320924758911,224,1
SLIM*SIG1,676053df-1802-11f0-8423-54a95b9ec813,auction,3,730,0.2894403636455536,0.022806167602539062,16355.0,0.2911320924758911,224,1
SLIM*SIG1,676053df-1802-11f0-8423-54a95b9ec813,auction,3,731,0.2894403636455536,0.03135418891906738,15614.0,0.2911320924758911,224,1
SLIM*SIG1,676053df-1802-11f0-8423-54a95b9ec813,auction,3,732,0.2894403636455536,0.01562190055847168,15449.0,0.2911320924758911,224,1
SLIM*SIG1,676053df-1802-11f0-8423-54a95b9ec813,auction,3,733,0.2894403636455536,0.03125762939453125,15054.0,0.2911320924758911,224,1
SLIM*SIG1,676053df-1802-11f0-8423-54a95b9ec813,auction,3,734,0.2894403636455536,0.02182626724243164,14789.0,0.2911320924758911,224,1
SLIM*SIG1,676053df-1802-11f0-8423-54a95b9ec813,auction,3,735,0.2894403636455536,0.015726089477539062,15000.0,0.2911320924758911,224,1
SLIM*SIG1,676053df-1802-11f0-8423-54a95b9ec813,auction,3,736,0.2894403636455536,0.015623807907104492,15229.0,0.2911320924758911,224,1
SLIM*SIG1,676053df-1802-11f0-8423-54a95b9ec813,auction,3,737,0.2894403636455536,0.031250715255737305,15815.0,0.2911320924758911,224,1
SLIM*SIG1,676053df-1802-11f0-8423-54a95b9ec813,auction,3,738,0.2894403636455536,0.021456003189086914,17002.0,0.2911320924758911,224,1
SLIM*SIG1,676053df-1802-11f0-8423-54a95b9ec813,auction,3,739,0.2894403636455536,0.03140139579772949,17792.0,0.2911320924758911,224,1
SLIM*SIG1,676053df-1802-11f0-8423-54a95b9ec813,auction,3,740,0.2894403636455536,0.031149625778198242,17970.0,0.2911320924758911,224,1
SLIM*SIG1,676053df-1802-11f0-8423-54a95b9ec813,auction,3,741,0.2894403636455536,0.031250715255737305,18737.0,0.2911320924758911,224,1
SLIM*SIG1,676053df-1802-11f0-8423-54a95b9ec813,auction,3,742,0.2894403636455536,0.01573038101196289,18005.0,0.2911320924758911,224,1
SLIM*SIG1,676053df-1802-11f0-8423-54a95b9ec813,auction,3,743,0.2894403636455536,0.023161649703979492,17567.0,0.2911320924758911,224,1
SLIM*SIG1,676053df-1802-11f0-8423-54a95b9ec813,auction,3,744,0.2894403636455536,0.01573657989501953,17184.0,0.2911320924758911,224,1
SLIM*SIG1,676053df-1802-11f0-8423-54a95b9ec813,auction,3,745,0.2894403636455536,0.03125405311584473,17381.0,0.2911320924758911,224,1
SLIM*SIG1,676053df-1802-11f0-8423-54a95b9ec813,auction,3,746,0.289300799369812,0.03124380111694336,16244.0,0.2905244529247284,224,1
SLIM*SIG1,676053df-1802-11f0-8423-54a95b9ec813,auction,3,747,0.289300799369812,0.0156404972076416,15878.0,0.2905244529247284,224,1
SLIM*SIG1,676053df-1802-11f0-8423-54a95b9ec813,auction,3,748,0.289300799369812,0.031136274337768555,15785.0,0.2905244529247284,224,1
SLIM*SIG1,676053df-1802-11f0-8423-54a95b9ec813,auction,3,749,0.289300799369812,0.031348466873168945,15523.0,0.2905244529247284,224,1
SLIM*SIG1,676053df-1802-11f0-8423-54a95b9ec813,auction,3,750,0.289300799369812,0.029488801956176758,16188.0,0.2905244529247284,224,1
SLIM*SIG1,676053df-1802-11f0-8423-54a95b9ec813,auction,3,751,0.289300799369812,0.03135418891906738,16920.0,0.2905244529247284,224,1
SLIM*SIG1,676053df-1802-11f0-8423-54a95b9ec813,auction,3,752,0.289300799369812,0.031250953674316406,17232.0,0.2905244529247284,224,1
SLIM*SIG1,676053df-1802-11f0-8423-54a95b9ec813,auction,3,753,0.289300799369812,0.0312504768371582,16870.0,0.2905244529247284,224,1
SLIM*SIG1,676053df-1802-11f0-8423-54a95b9ec813,auction,3,754,0.289300799369812,0.021996498107910156,16326.0,0.2905244529247284,224,1
SLIM*SIG1,676053df-1802-11f0-8423-54a95b9ec813,auction,3,755,0.289300799369812,0.015730857849121094,16794.0,0.2905244529247284,224,1
SLIM*SIG1,676053df-1802-11f0-8423-54a95b9ec813,auction,3,756,0.289300799369812,0.015619516372680664,17487.0,0.2905244529247284,224,1
SLIM*SIG1,676053df-1802-11f0-8423-54a95b9ec813,auction,3,757,0.289300799369812,0.03572845458984375,18135.0,0.2905244529247284,224,1
SLIM*SIG1,676053df-1802-11f0-8423-54a95b9ec813,auction,3,758,0.289300799369812,0.015730857849121094,17899.0,0.2905244529247284,224,1
SLIM*SIG1,676053df-1802-11f0-8423-54a95b9ec813,auction,3,759,0.289300799369812,0.03125190734863281,17401.0,0.2905244529247284,224,1
SLIM*SIG1,676053df-1802-11f0-8423-54a95b9ec813,auction,3,760,0.289300799369812,0.031243324279785156,17490.0,0.2905244529247284,224,1
SLIM*SIG1,676053df-1802-11f0-8423-54a95b9ec813,auction,3,761,0.289300799369812,0.021625757217407227,17828.0,0.2905244529247284,224,1
SLIM*SIG1,676053df-1802-11f0-8423-54a95b9ec813,auction,3,762,0.289300799369812,0.03134965896606445,18894.0,0.2905244529247284,224,1
SLIM*SIG1,676053df-1802-11f0-8423-54a95b9ec813,auction,3,763,0.289300799369812,0.015633583068847656,19475.0,0.2905244529247284,224,1
SLIM*SIG1,676053df-1802-11f0-8423-54a95b9ec813,auction,3,764,0.289300799369812,0.031244516372680664,19910.0,0.2905244529247284,224,1
SLIM*SIG1,676053df-1802-11f0-8423-54a95b9ec813,auction,3,765,0.289300799369812,0.02184915542602539,19531.0,0.2905244529247284,224,1
SLIM*SIG1,676053df-1802-11f0-8423-54a95b9ec813,auction,3,766,0.289300799369812,0.031351566314697266,19188.0,0.2905244529247284,224,1
SLIM*SIG1,676053df-1802-11f0-8423-54a95b9ec813,auction,3,767,0.289300799369812,0.03127169609069824,19413.0,0.2905244529247284,224,1
SLIM*SIG1,676053df-1802-11f0-8423-54a95b9ec813,auction,3,768,0.289300799369812,0.03122854232788086,18538.0,0.2905244529247284,224,1
SLIM*SIG1,676053df-1802-11f0-8423-54a95b9ec813,auction,3,769,0.289300799369812,0.015618085861206055,18282.0,0.2905244529247284,224,1
SLIM*SIG1,676053df-1802-11f0-8423-54a95b9ec813,auction,3,770,0.289300799369812,0.04112887382507324,17453.0,0.2905244529247284,224,1
SLIM*SIG1,676053df-1802-11f0-8423-54a95b9ec813,auction,3,771,0.289300799369812,0.031244754791259766,16784.0,0.2905244529247284,224,1
SLIM*SIG1,676053df-1802-11f0-8423-54a95b9ec813,auction,3,772,0.289300799369812,0.031250953674316406,16335.0,0.2905244529247284,224,1
SLIM*SIG1,676053df-1802-11f0-8423-54a95b9ec813,auction,3,773,0.289300799369812,0.021534204483032227,15666.0,0.2905244529247284,224,1
SLIM*SIG1,676053df-1802-11f0-8423-54a95b9ec813,auction,3,774,0.289300799369812,0.03135395050048828,15094.0,0.2905244529247284,224,1
SLIM*SIG1,676053df-1802-11f0-8423-54a95b9ec813,auction,3,775,0.289300799369812,0.03125739097595215,15278.0,0.2905244529247284,224,1
SLIM*SIG1,676053df-1802-11f0-8423-54a95b9ec813,auction,3,776,0.289300799369812,0.015614509582519531,16127.0,0.2905244529247284,224,1
SLIM*SIG1,676053df-1802-11f0-8423-54a95b9ec813,auction,3,777,0.289300799369812,0.036556243896484375,16313.0,0.2905244529247284,224,1
SLIM*SIG1,676053df-1802-11f0-8423-54a95b9ec813,auction,3,778,0.289300799369812,0.015616416931152344,16527.0,0.2905244529247284,224,1
SLIM*SIG1,676053df-1802-11f0-8423-54a95b9ec813,auction,3,779,0.289300799369812,0.03114938735961914,16202.0,0.2905244529247284,224,1
SLIM*SIG1,676053df-1802-11f0-8423-54a95b9ec813,auction,3,780,0.289300799369812,0.03773856163024902,16247.0,0.2905244529247284,224,1
SLIM*SIG1,676053df-1802-11f0-8423-54a95b9ec813,auction,3,781,0.289300799369812,0.01577281951904297,16149.0,0.2905244529247284,224,1
SLIM*SIG1,676053df-1802-11f0-8423-54a95b9ec813,auction,3,782,0.289300799369812,0.03124690055847168,17238.0,0.2905244529247284,224,1
SLIM*SIG1,676053df-1802-11f0-8423-54a95b9ec813,auction,3,783,0.289300799369812,0.031244754791259766,17739.0,0.2905244529247284,224,1
SLIM*SIG1,676053df-1802-11f0-8423-54a95b9ec813,auction,3,784,0.289300799369812,0.03765988349914551,17912.0,0.2905244529247284,224,1
SLIM*SIG1,676053df-1802-11f0-8423-54a95b9ec813,auction,3,785,0.289300799369812,0.031212568283081055,18044.0,0.2905244529247284,224,1
SLIM*SIG1,676053df-1802-11f0-8423-54a95b9ec813,auction,3,786,0.289300799369812,0.015528202056884766,17662.0,0.2905244529247284,224,1
SLIM*SIG1,676053df-1802-11f0-8423-54a95b9ec813,auction,3,787,0.289300799369812,0.03652191162109375,18168.0,0.2905244529247284,224,1
SLIM*SIG1,676053df-1802-11f0-8423-54a95b9ec813,auction,3,788,0.289300799369812,0.03636908531188965,18595.0,0.2905244529247284,224,1
SLIM*SIG1,676053df-1802-11f0-8423-54a95b9ec813,auction,3,789,0.289300799369812,0.03644394874572754,18610.0,0.2905244529247284,224,1
SLIM*SIG1,676053df-1802-11f0-8423-54a95b9ec813,auction,3,790,0.289300799369812,0.04136061668395996,18560.0,0.2905244529247284,224,1
SLIM*SIG1,676053df-1802-11f0-8423-54a95b9ec813,auction,3,791,0.289300799369812,0.03631258010864258,17999.0,0.2905244529247284,224,1
SLIM*SIG1,676053df-1802-11f0-8423-54a95b9ec813,auction,3,792,0.289300799369812,0.024621248245239258,17566.0,0.2905244529247284,224,1
SLIM*SIG1,676053df-1802-11f0-8423-54a95b9ec813,auction,3,793,0.289300799369812,0.030837059020996094,17176.0,0.2905244529247284,224,1
SLIM*SIG1,676053df-1802-11f0-8423-54a95b9ec813,auction,3,794,0.289300799369812,0.023397207260131836,16827.0,0.2905244529247284,224,1
SLIM*SIG1,676053df-1802-11f0-8423-54a95b9ec813,auction,3,795,0.289300799369812,0.01573348045349121,17342.0,0.2905244529247284,224,1
SLIM*SIG1,676053df-1802-11f0-8423-54a95b9ec813,auction,3,796,0.289300799369812,0.03126120567321777,16908.0,0.2905244529247284,224,1
SLIM*SIG1,676053df-1802-11f0-8423-54a95b9ec813,auction,3,797,0.289300799369812,0.03125596046447754,16323.0,0.2905244529247284,224,1
SLIM*SIG1,676053df-1802-11f0-8423-54a95b9ec813,auction,3,798,0.289300799369812,0.02243971824645996,17662.0,0.2905244529247284,224,1
SLIM*SIG1,676053df-1802-11f0-8423-54a95b9ec813,auction,3,799,0.289300799369812,0.03124713897705078,18066.0,0.2905244529247284,224,1
SLIM*SIG1,676053df-1802-11f0-8423-54a95b9ec813,auction,3,800,0.289300799369812,0.03125190734863281,18487.0,0.2905244529247284,224,1
SLIM*SIG1,676053df-1802-11f0-8423-54a95b9ec813,auction,3,801,0.289300799369812,0.021636486053466797,18843.0,0.2905244529247284,224,1
SLIM*SIG1,676053df-1802-11f0-8423-54a95b9ec813,auction,3,802,0.289300799369812,0.03134608268737793,18036.0,0.2905244529247284,224,1
SLIM*SIG1,676053df-1802-11f0-8423-54a95b9ec813,auction,3,803,0.289300799369812,0.015626192092895508,18155.0,0.2905244529247284,224,1
SLIM*SIG1,676053df-1802-11f0-8423-54a95b9ec813,auction,3,804,0.289300799369812,0.03125309944152832,18328.0,0.2905244529247284,224,1
SLIM*SIG1,676053df-1802-11f0-8423-54a95b9ec813,auction,3,805,0.289300799369812,0.022205591201782227,18092.0,0.2905244529247284,224,1
SLIM*SIG1,676053df-1802-11f0-8423-54a95b9ec813,auction,3,806,0.289300799369812,0.031252384185791016,18307.0,0.2905244529247284,224,1
SLIM*SIG1,676053df-1802-11f0-8423-54a95b9ec813,auction,3,807,0.289300799369812,0.031287193298339844,18333.0,0.2905244529247284,224,1
SLIM*SIG1,676053df-1802-11f0-8423-54a95b9ec813,auction,3,808,0.289300799369812,0.01558828353881836,18389.0,0.2905244529247284,224,1
SLIM*SIG1,676053df-1802-11f0-8423-54a95b9ec813,auction,3,809,0.289300799369812,0.021289348602294922,17975.0,0.2905244529247284,224,1
SLIM*SIG1,676053df-1802-11f0-8423-54a95b9ec813,auction,3,810,0.289300799369812,0.01562643051147461,17706.0,0.2905244529247284,224,1
SLIM*SIG1,676053df-1802-11f0-8423-54a95b9ec813,auction,3,811,0.289300799369812,0.031188249588012695,17279.0,0.2905244529247284,224,1
SLIM*SIG1,676053df-1802-11f0-8423-54a95b9ec813,auction,3,812,0.289300799369812,0.015686988830566406,17390.0,0.2905244529247284,224,1
SLIM*SIG1,676053df-1802-11f0-8423-54a95b9ec813,auction,3,813,0.2892894148826599,0.031248092651367188,17899.0,0.2905370891094208,237,1
SLIM*SIG1,676053df-1802-11f0-8423-54a95b9ec813,auction,3,814,0.288956880569458,0.02445220947265625,17729.0,0.29039013385772705,250,1
SLIM*SIG1,676053df-1802-11f0-8423-54a95b9ec813,auction,3,815,0.288956880569458,0.03135418891906738,17924.0,0.29039013385772705,250,1
SLIM*SIG1,676053df-1802-11f0-8423-54a95b9ec813,auction,3,816,0.288956880569458,0.03114795684814453,18082.0,0.29039013385772705,250,1
SLIM*SIG1,676053df-1802-11f0-8423-54a95b9ec813,auction,3,817,0.288956880569458,0.034535884857177734,18695.0,0.29039013385772705,250,1
SLIM*SIG1,676053df-1802-11f0-8423-54a95b9ec813,auction,3,818,0.288956880569458,0.017853260040283203,19112.0,0.29039013385772705,250,1
SLIM*SIG1,676053df-1802-11f0-8423-54a95b9ec813,auction,3,819,0.288956880569458,0.03125500679016113,19265.0,0.29039013385772705,250,1
SLIM*SIG1,676053df-1802-11f0-8423-54a95b9ec813,auction,3,820,0.288956880569458,0.031231403350830078,18769.0,0.29039013385772705,250,1
SLIM*SIG1,676053df-1802-11f0-8423-54a95b9ec813,auction,3,821,0.288956880569458,0.022129058837890625,18632.0,0.29039013385772705,250,1
SLIM*SIG1,676053df-1802-11f0-8423-54a95b9ec813,auction,3,822,0.288956880569458,0.027782201766967773,18493.0,0.29039013385772705,250,1
SLIM*SIG1,676053df-1802-11f0-8423-54a95b9ec813,auction,3,823,0.288956880569458,0.03127551078796387,18799.0,0.29039013385772705,250,1
SLIM*SIG1,676053df-1802-11f0-8423-54a95b9ec813,auction,3,824,0.288956880569458,0.0414273738861084,19015.0,0.29039013385772705,250,1
SLIM*SIG1,676053df-1802-11f0-8423-54a95b9ec813,auction,3,825,0.288956880569458,0.046875,19896.0,0.29039013385772705,250,1
SLIM*SIG1,676053df-1802-11f0-8423-54a95b9ec813,auction,3,826,0.288956880569458,0.07088088989257812,20225.0,0.29039013385772705,250,1
SLIM*SIG1,676053df-1802-11f0-8423-54a95b9ec813,auction,3,827,0.288956880569458,0.04697418212890625,21071.0,0.29039013385772705,250,1
SLIM*SIG1,676053df-1802-11f0-8423-54a95b9ec813,auction,3,828,0.288956880569458,0.0357661247253418,20659.0,0.29039013385772705,250,1
SLIM*SIG1,676053df-1802-11f0-8423-54a95b9ec813,auction,3,829,0.2883971035480499,0.0625,21715.0,0.2897663414478302,263,1
SLIM*SIG1,676053df-1802-11f0-8423-54a95b9ec813,auction,3,830,0.2883971035480499,0.1006612777709961,21513.0,0.2897663414478302,263,1
SLIM*SIG1,676053df-1802-11f0-8423-54a95b9ec813,auction,3,831,0.2883971035480499,0.06979131698608398,21338.0,0.2897663414478302,263,1
SLIM*SIG1,676053df-1802-11f0-8423-54a95b9ec813,auction,3,832,0.2883971035480499,0.04677772521972656,21056.0,0.2897663414478302,263,1
SLIM*SIG1,676053df-1802-11f0-8423-54a95b9ec813,auction,3,833,0.2883971035480499,0.031248807907104492,20421.0,0.2897663414478302,263,1
SLIM*SIG1,676053df-1802-11f0-8423-54a95b9ec813,auction,3,834,0.2883971035480499,0.021322965621948242,20619.0,0.2897663414478302,263,1
SLIM*SIG1,676053df-1802-11f0-8423-54a95b9ec813,auction,3,835,0.2883971035480499,0.030842065811157227,20727.0,0.2897663414478302,263,1
SLIM*SIG1,676053df-1802-11f0-8423-54a95b9ec813,auction,3,836,0.2883971035480499,0.031273841857910156,20444.0,0.2897663414478302,263,1
SLIM*SIG1,676053df-1802-11f0-8423-54a95b9ec813,auction,3,837,0.2883971035480499,0.037099599838256836,20779.0,0.2897663414478302,263,1
SLIM*SIG1,676053df-1802-11f0-8423-54a95b9ec813,auction,3,838,0.2883971035480499,0.03206229209899902,21071.0,0.2897663414478302,263,1
SLIM*SIG1,676053df-1802-11f0-8423-54a95b9ec813,auction,3,839,0.2883971035480499,0.07205700874328613,21671.0,0.2897663414478302,263,1
SLIM*SIG1,676053df-1802-11f0-8423-54a95b9ec813,auction,3,840,0.2883971035480499,0.078125,21747.0,0.2897663414478302,263,1
SLIM*SIG1,676053df-1802-11f0-8423-54a95b9ec813,auction,3,841,0.2883971035480499,0.05013585090637207,21426.0,0.2897663414478302,263,1
SLIM*SIG1,676053df-1802-11f0-8423-54a95b9ec813,auction,3,842,0.2883157730102539,0.062499284744262695,21400.0,0.2899288535118103,276,1
SLIM*SIG1,676053df-1802-11f0-8423-54a95b9ec813,auction,3,843,0.2883157730102539,0.06998586654663086,20838.0,0.2899288535118103,276,1
SLIM*SIG1,676053df-1802-11f0-8423-54a95b9ec813,auction,3,844,0.2883157730102539,0.06999397277832031,20468.0,0.2899288535118103,276,1
SLIM*SIG1,676053df-1802-11f0-8423-54a95b9ec813,auction,3,845,0.2883157730102539,0.05855607986450195,19858.0,0.2899288535118103,276,1
SLIM*SIG1,676053df-1802-11f0-8423-54a95b9ec813,auction,3,846,0.2883157730102539,0.07171463966369629,20044.0,0.2899288535118103,276,1
SLIM*SIG1,676053df-1802-11f0-8423-54a95b9ec813,auction,3,847,0.2883012294769287,0.09066057205200195,20731.0,0.29004091024398804,289,1
SLIM*SIG1,676053df-1802-11f0-8423-54a95b9ec813,auction,3,848,0.2883012294769287,0.052335262298583984,20779.0,0.29004091024398804,289,1
SLIM*SIG1,676053df-1802-11f0-8423-54a95b9ec813,auction,3,849,0.2883012294769287,0.08280110359191895,21425.0,0.29004091024398804,289,1
SLIM*SIG1,676053df-1802-11f0-8423-54a95b9ec813,auction,3,850,0.2883012294769287,0.052533864974975586,21711.0,0.29004091024398804,289,1
SLIM*SIG1,676053df-1802-11f0-8423-54a95b9ec813,auction,3,851,0.28828465938568115,0.07812142372131348,22790.0,0.289637953042984,302,1
SLIM*SIG1,676053df-1802-11f0-8423-54a95b9ec813,auction,3,852,0.28828465938568115,0.08848690986633301,23806.0,0.289637953042984,302,1
SLIM*SIG1,676053df-1802-11f0-8423-54a95b9ec813,auction,3,853,0.28828465938568115,0.0676724910736084,24887.0,0.289637953042984,302,1
SLIM*SIG1,676053df-1802-11f0-8423-54a95b9ec813,auction,3,854,0.28828465938568115,0.06387639045715332,24969.0,0.289637953042984,302,1
SLIM*SIG1,676053df-1802-11f0-8423-54a95b9ec813,auction,3,855,0.28828465938568115,0.08110809326171875,25320.0,0.289637953042984,302,1
SLIM*SIG1,676053df-1802-11f0-8423-54a95b9ec813,auction,3,856,0.28828465938568115,0.05459308624267578,25190.0,0.289637953042984,302,1
SLIM*SIG1,676053df-1802-11f0-8423-54a95b9ec813,auction,3,857,0.28828465938568115,0.06250381469726562,25086.0,0.289637953042984,302,1
SLIM*SIG1,676053df-1802-11f0-8423-54a95b9ec813,auction,3,858,0.28828465938568115,0.08544683456420898,24919.0,0.289637953042984,302,1
SLIM*SIG1,676053df-1802-11f0-8423-54a95b9ec813,auction,3,859,0.28828465938568115,0.06764006614685059,24984.0,0.289637953042984,302,1
SLIM*SIG1,676053df-1802-11f0-8423-54a95b9ec813,auction,3,860,0.28828465938568115,0.08202767372131348,25445.0,0.289637953042984,302,1
SLIM*SIG1,676053df-1802-11f0-8423-54a95b9ec813,auction,3,861,0.28828465938568115,0.06250166893005371,25998.0,0.289637953042984,302,1
SLIM*SIG1,676053df-1802-11f0-8423-54a95b9ec813,auction,3,862,0.28828465938568115,0.08843564987182617,25487.0,0.289637953042984,302,1
SLIM*SIG1,676053df-1802-11f0-8423-54a95b9ec813,auction,3,863,0.28828465938568115,0.07730460166931152,24984.0,0.289637953042984,302,1
SLIM*SIG1,676053df-1802-11f0-8423-54a95b9ec813,auction,3,864,0.28828465938568115,0.05400228500366211,24446.0,0.289637953042984,302,1
SLIM*SIG1,676053df-1802-11f0-8423-54a95b9ec813,auction,3,865,0.28828465938568115,0.06704401969909668,23522.0,0.289637953042984,302,1
SLIM*SIG1,676053df-1802-11f0-8423-54a95b9ec813,auction,3,866,0.28828465938568115,0.07994627952575684,22571.0,0.289637953042984,302,1
SLIM*SIG1,676053df-1802-11f0-8423-54a95b9ec813,auction,3,867,0.28828465938568115,0.05074644088745117,23027.0,0.289637953042984,302,1
SLIM*SIG1,676053df-1802-11f0-8423-54a95b9ec813,auction,3,868,0.28828465938568115,0.06856179237365723,23848.0,0.289637953042984,302,1
SLIM*SIG1,676053df-1802-11f0-8423-54a95b9ec813,auction,3,869,0.28828465938568115,0.09375190734863281,24028.0,0.289637953042984,302,1
SLIM*SIG1,676053df-1802-11f0-8423-54a95b9ec813,auction,3,870,0.28828465938568115,0.0869905948638916,24102.0,0.289637953042984,302,1
SLIM*SIG1,676053df-1802-11f0-8423-54a95b9ec813,auction,3,871,0.28828465938568115,0.08324623107910156,24938.0,0.289637953042984,302,1
SLIM*SIG1,676053df-1802-11f0-8423-54a95b9ec813,auction,3,872,0.28828465938568115,0.06974029541015625,25161.0,0.289637953042984,302,1
SLIM*SIG1,676053df-1802-11f0-8423-54a95b9ec813,auction,3,873,0.28828465938568115,0.06964540481567383,25534.0,0.289637953042984,302,1
SLIM*SIG1,676053df-1802-11f0-8423-54a95b9ec813,auction,3,874,0.28828465938568115,0.07853269577026367,26333.0,0.289637953042984,302,1
SLIM*SIG1,676053df-1802-11f0-8423-54a95b9ec813,auction,3,875,0.28827258944511414,0.06423640251159668,25405.0,0.28993186354637146,302,1
SLIM*SIG1,676053df-1802-11f0-8423-54a95b9ec813,auction,3,876,0.28827258944511414,0.08743739128112793,25115.0,0.28993186354637146,302,1
SLIM*SIG1,676053df-1802-11f0-8423-54a95b9ec813,auction,3,877,0.28827258944511414,0.07364702224731445,25521.0,0.28993186354637146,302,1
SLIM*SIG1,676053df-1802-11f0-8423-54a95b9ec813,auction,3,878,0.28827258944511414,0.08140230178833008,24787.0,0.28993186354637146,302,1
SLIM*SIG1,676053df-1802-11f0-8423-54a95b9ec813,auction,3,879,0.28827258944511414,0.05816221237182617,24904.0,0.28993186354637146,302,1
SLIM*SIG1,676053df-1802-11f0-8423-54a95b9ec813,auction,3,880,0.2881927192211151,0.06249284744262695,25084.0,0.28829360008239746,265,1
SLIM*SIG1,676053df-1802-11f0-8423-54a95b9ec813,auction,3,881,0.2881927192211151,0.08521771430969238,25151.0,0.28829360008239746,265,1
SLIM*SIG1,676053df-1802-11f0-8423-54a95b9ec813,auction,3,882,0.2881927192211151,0.06814336776733398,24812.0,0.28829360008239746,265,1
SLIM*SIG1,676053df-1802-11f0-8423-54a95b9ec813,auction,3,883,0.2881927192211151,0.06772065162658691,24555.0,0.28829360008239746,265,1
SLIM*SIG1,676053df-1802-11f0-8423-54a95b9ec813,auction,3,884,0.2881927192211151,0.0625007152557373,24406.0,0.28829360008239746,265,1
SLIM*SIG1,676053df-1802-11f0-8423-54a95b9ec813,auction,3,885,0.2881927192211151,0.06824946403503418,23940.0,0.28829360008239746,265,1
SLIM*SIG1,676053df-1802-11f0-8423-54a95b9ec813,auction,3,886,0.2880690395832062,0.09826874732971191,22681.0,0.28798583149909973,239,1
SLIM*SIG1,676053df-1802-11f0-8423-54a95b9ec813,auction,3,887,0.2880690395832062,0.04852700233459473,22636.0,0.28798583149909973,239,1
SLIM*SIG1,676053df-1802-11f0-8423-54a95b9ec813,auction,3,888,0.2880690395832062,0.05440163612365723,21822.0,0.28798583149909973,239,1
SLIM*SIG1,676053df-1802-11f0-8423-54a95b9ec813,auction,3,889,0.2880690395832062,0.06250405311584473,21792.0,0.28798583149909973,239,1
SLIM*SIG1,676053df-1802-11f0-8423-54a95b9ec813,auction,3,890,0.2880690395832062,0.06898355484008789,21253.0,0.28798583149909973,239,1
SLIM*SIG1,676053df-1802-11f0-8423-54a95b9ec813,auction,3,891,0.2880690395832062,0.04576444625854492,20869.0,0.28798583149909973,239,1
SLIM*SIG1,676053df-1802-11f0-8423-54a95b9ec813,auction,3,892,0.2880690395832062,0.01656794548034668,21373.0,0.28798583149909973,239,1
SLIM*SIG1,676053df-1802-11f0-8423-54a95b9ec813,auction,3,893,0.2880690395832062,0.031226634979248047,20587.0,0.28798583149909973,239,1
SLIM*SIG1,676053df-1802-11f0-8423-54a95b9ec813,auction,3,894,0.2880690395832062,0.031271934509277344,20779.0,0.28798583149909973,239,1
SLIM*SIG1,676053df-1802-11f0-8423-54a95b9ec813,auction,3,895,0.2880690395832062,0.02192854881286621,20668.0,0.28798583149909973,239,1
SLIM*SIG1,676053df-1802-11f0-8423-54a95b9ec813,auction,3,896,0.2879350483417511,0.03134775161743164,20478.0,0.2881653308868408,265,1
SLIM*SIG1,676053df-1802-11f0-8423-54a95b9ec813,auction,3,897,0.2879350483417511,0.03126645088195801,19648.0,0.2881653308868408,265,1
SLIM*SIG1,676053df-1802-11f0-8423-54a95b9ec813,auction,3,898,0.2879350483417511,0.03123950958251953,19330.0,0.2881653308868408,265,1
SLIM*SIG1,676053df-1802-11f0-8423-54a95b9ec813,auction,3,899,0.28793230652809143,0.018958568572998047,19392.0,0.28808867931365967,252,1
SLIM*SIG1,676053df-1802-11f0-8423-54a95b9ec813,auction,3,900,0.28793230652809143,0.015519380569458008,19165.0,0.28808867931365967,252,1
SLIM*SIG1,676053df-1802-11f0-8423-54a95b9ec813,auction,3,901,0.28793230652809143,0.03129434585571289,19611.0,0.28808867931365967,252,1
SLIM*SIG1,676053df-1802-11f0-8423-54a95b9ec813,auction,3,902,0.28793230652809143,0.03757119178771973,20756.0,0.28808867931365967,252,1
SLIM*SIG1,676053df-1802-11f0-8423-54a95b9ec813,auction,3,903,0.28793230652809143,0.0781259536743164,21242.0,0.28808867931365967,252,1
SLIM*SIG1,676053df-1802-11f0-8423-54a95b9ec813,auction,3,904,0.28793230652809143,0.0397796630859375,21262.0,0.28808867931365967,252,1
SLIM*SIG1,676053df-1802-11f0-8423-54a95b9ec813,auction,3,905,0.28793230652809143,0.062387704849243164,20912.0,0.28808867931365967,252,1
SLIM*SIG1,676053df-1802-11f0-8423-54a95b9ec813,auction,3,906,0.28793230652809143,0.07146978378295898,20274.0,0.28808867931365967,252,1
SLIM*SIG1,676053df-1802-11f0-8423-54a95b9ec813,auction,3,907,0.2877158522605896,0.08496642112731934,20500.0,0.2874900996685028,265,1
SLIM*SIG1,676053df-1802-11f0-8423-54a95b9ec813,auction,3,908,0.2877158522605896,0.08024334907531738,21189.0,0.2874900996685028,265,1
SLIM*SIG1,676053df-1802-11f0-8423-54a95b9ec813,auction,3,909,0.2877158522605896,0.04875016212463379,21093.0,0.2874900996685028,265,1
SLIM*SIG1,676053df-1802-11f0-8423-54a95b9ec813,auction,3,910,0.2877158522605896,0.06964397430419922,21509.0,0.2874900996685028,265,1
SLIM*SIG1,676053df-1802-11f0-8423-54a95b9ec813,auction,3,911,0.2877158522605896,0.04687213897705078,21086.0,0.2874900996685028,265,1
SLIM*SIG1,676053df-1802-11f0-8423-54a95b9ec813,auction,3,912,0.2877158522605896,0.021098613739013672,20254.0,0.2874900996685028,265,1
SLIM*SIG1,676053df-1802-11f0-8423-54a95b9ec813,auction,3,913,0.2877158522605896,0.04687023162841797,20208.0,0.2874900996685028,265,1
SLIM*SIG1,676053df-1802-11f0-8423-54a95b9ec813,auction,3,914,0.2877158522605896,0.0468747615814209,21029.0,0.2874900996685028,265,1
SLIM*SIG1,676053df-1802-11f0-8423-54a95b9ec813,auction,3,915,0.2877158522605896,0.07019686698913574,21445.0,0.2874900996685028,265,1
SLIM*SIG1,676053df-1802-11f0-8423-54a95b9ec813,auction,3,916,0.2877158522605896,0.06924796104431152,22649.0,0.2874900996685028,265,1
SLIM*SIG1,676053df-1802-11f0-8423-54a95b9ec813,auction,3,917,0.2877158522605896,0.05665898323059082,22344.0,0.2874900996685028,265,1
SLIM*SIG1,676053df-1802-11f0-8423-54a95b9ec813,auction,3,918,0.2877158522605896,0.06556081771850586,21998.0,0.2874900996685028,265,1
SLIM*SIG1,676053df-1802-11f0-8423-54a95b9ec813,auction,3,919,0.2877158522605896,0.0702662467956543,22285.0,0.2874900996685028,265,1
SLIM*SIG1,676053df-1802-11f0-8423-54a95b9ec813,auction,3,920,0.2877158522605896,0.0840916633605957,22518.0,0.2874900996685028,265,1
SLIM*SIG1,676053df-1802-11f0-8423-54a95b9ec813,auction,3,921,0.2877158522605896,0.04687166213989258,22071.0,0.2874900996685028,265,1
SLIM*SIG1,676053df-1802-11f0-8423-54a95b9ec813,auction,3,922,0.2877158522605896,0.05641365051269531,21652.0,0.2874900996685028,265,1
SLIM*SIG1,676053df-1802-11f0-8423-54a95b9ec813,auction,3,923,0.2877158522605896,0.04688882827758789,22007.0,0.2874900996685028,265,1
SLIM*SIG1,676053df-1802-11f0-8423-54a95b9ec813,auction,3,924,0.2877158522605896,0.05143475532531738,21903.0,0.2874900996685028,265,1
SLIM*SIG1,676053df-1802-11f0-8423-54a95b9ec813,auction,3,925,0.2877158522605896,0.08278822898864746,21874.0,0.2874900996685028,265,1
SLIM*SIG1,676053df-1802-11f0-8423-54a95b9ec813,auction,3,926,0.2877158522605896,0.04744219779968262,21685.0,0.2874900996685028,265,1
SLIM*SIG1,676053df-1802-11f0-8423-54a95b9ec813,auction,3,927,0.2877158522605896,0.04961204528808594,21665.0,0.2874900996685028,265,1
SLIM*SIG1,676053df-1802-11f0-8423-54a95b9ec813,auction,3,928,0.2877158522605896,0.05739092826843262,21740.0,0.2874900996685028,265,1
SLIM*SIG1,676053df-1802-11f0-8423-54a95b9ec813,auction,3,929,0.28766927123069763,0.04728269577026367,22021.0,0.2874959409236908,252,1
SLIM*SIG1,676053df-1802-11f0-8423-54a95b9ec813,auction,3,930,0.28766927123069763,0.04311418533325195,21685.0,0.2874959409236908,252,1
SLIM*SIG1,676053df-1802-11f0-8423-54a95b9ec813,auction,3,931,0.28766927123069763,0.06249594688415527,21607.0,0.2874959409236908,252,1
SLIM*SIG1,676053df-1802-11f0-8423-54a95b9ec813,auction,3,932,0.28766927123069763,0.08018350601196289,22129.0,0.2874959409236908,252,1
SLIM*SIG1,676053df-1802-11f0-8423-54a95b9ec813,auction,3,933,0.28766927123069763,0.05604290962219238,21949.0,0.2874959409236908,252,1
SLIM*SIG1,676053df-1802-11f0-8423-54a95b9ec813,auction,3,934,0.28766927123069763,0.04677319526672363,22145.0,0.2874959409236908,252,1
SLIM*SIG1,676053df-1802-11f0-8423-54a95b9ec813,auction,3,935,0.28766927123069763,0.08313655853271484,22467.0,0.2874959409236908,252,1
SLIM*SIG1,676053df-1802-11f0-8423-54a95b9ec813,auction,3,936,0.28766927123069763,0.05304074287414551,21970.0,0.2874959409236908,252,1
SLIM*SIG1,676053df-1802-11f0-8423-54a95b9ec813,auction,3,937,0.28766927123069763,0.062499046325683594,21530.0,0.2874959409236908,252,1
SLIM*SIG1,676053df-1802-11f0-8423-54a95b9ec813,auction,3,938,0.2875707745552063,0.0693213939666748,21820.0,0.2874871492385864,265,1
SLIM*SIG1,676053df-1802-11f0-8423-54a95b9ec813,auction,3,939,0.2875707745552063,0.05566859245300293,20586.0,0.2874871492385864,265,1
SLIM*SIG1,676053df-1802-11f0-8423-54a95b9ec813,auction,3,940,0.2875707745552063,0.04692578315734863,20324.0,0.2874871492385864,265,1
SLIM*SIG1,676053df-1802-11f0-8423-54a95b9ec813,auction,3,941,0.2875707745552063,0.04687166213989258,19326.0,0.2874871492385864,265,1
SLIM*SIG1,676053df-1802-11f0-8423-54a95b9ec813,auction,3,942,0.2875707745552063,0.07813215255737305,20128.0,0.2874871492385864,265,1
SLIM*SIG1,676053df-1802-11f0-8423-54a95b9ec813,auction,3,943,0.2875707745552063,0.04020071029663086,20646.0,0.2874871492385864,265,1
SLIM*SIG1,676053df-1802-11f0-8423-54a95b9ec813,auction,3,944,0.2875707745552063,0.0848233699798584,20325.0,0.2874871492385864,265,1
SLIM*SIG1,676053df-1802-11f0-8423-54a95b9ec813,auction,3,945,0.28755611181259155,0.03129220008850098,20442.0,0.2874204218387604,278,1
SLIM*SIG1,676053df-1802-11f0-8423-54a95b9ec813,auction,3,946,0.28755611181259155,0.06980419158935547,20462.0,0.2874204218387604,278,1
SLIM*SIG1,676053df-1802-11f0-8423-54a95b9ec813,auction,3,947,0.2875380218029022,0.0781247615814209,20993.0,0.28788822889328003,265,1
SLIM*SIG1,676053df-1802-11f0-8423-54a95b9ec813,auction,3,948,0.2875380218029022,0.06725478172302246,21528.0,0.28788822889328003,265,1
SLIM*SIG1,676053df-1802-11f0-8423-54a95b9ec813,auction,3,949,0.2875380218029022,0.046872854232788086,22246.0,0.28788822889328003,265,1
SLIM*SIG1,676053df-1802-11f0-8423-54a95b9ec813,auction,3,950,0.2875380218029022,0.07121849060058594,22600.0,0.28788822889328003,265,1
SLIM*SIG1,676053df-1802-11f0-8423-54a95b9ec813,auction,3,951,0.28752797842025757,0.0954887866973877,22866.0,0.2878633737564087,278,1
SLIM*SIG1,676053df-1802-11f0-8423-54a95b9ec813,auction,3,952,0.28752797842025757,0.06938982009887695,22937.0,0.2878633737564087,278,1
SLIM*SIG1,676053df-1802-11f0-8423-54a95b9ec813,auction,3,953,0.28752797842025757,0.10099077224731445,23156.0,0.2878633737564087,278,1
SLIM*SIG1,676053df-1802-11f0-8423-54a95b9ec813,auction,3,954,0.28752797842025757,0.07342648506164551,22722.0,0.2878633737564087,278,1
SLIM*SIG1,676053df-1802-11f0-8423-54a95b9ec813,auction,3,955,0.28752797842025757,0.05362343788146973,22136.0,0.2878633737564087,278,1
SLIM*SIG1,676053df-1802-11f0-8423-54a95b9ec813,auction,3,956,0.28752797842025757,0.0468747615814209,22061.0,0.2878633737564087,278,1
SLIM*SIG1,676053df-1802-11f0-8423-54a95b9ec813,auction,3,957,0.28752797842025757,0.08312487602233887,21835.0,0.2878633737564087,278,1
SLIM*SIG1,676053df-1802-11f0-8423-54a95b9ec813,auction,3,958,0.28752797842025757,0.07204174995422363,21291.0,0.2878633737564087,278,1
SLIM*SIG1,676053df-1802-11f0-8423-54a95b9ec813,auction,3,959,0.28752797842025757,0.07812666893005371,20728.0,0.2878633737564087,278,1
SLIM*SIG1,676053df-1802-11f0-8423-54a95b9ec813,auction,3,960,0.28752797842025757,0.053061723709106445,20066.0,0.2878633737564087,278,1
SLIM*SIG1,676053df-1802-11f0-8423-54a95b9ec813,auction,3,961,0.28752797842025757,0.0616452693939209,20081.0,0.2878633737564087,278,1
SLIM*SIG1,676053df-1802-11f0-8423-54a95b9ec813,auction,3,962,0.28752797842025757,0.06729745864868164,18758.0,0.2878633737564087,278,1
SLIM*SIG1,676053df-1802-11f0-8423-54a95b9ec813,auction,3,963,0.28752797842025757,0.04966235160827637,18664.0,0.2878633737564087,278,1
SLIM*SIG1,676053df-1802-11f0-8423-54a95b9ec813,auction,3,964,0.28752797842025757,0.0624997615814209,19020.0,0.2878633737564087,278,1
SLIM*SIG1,676053df-1802-11f0-8423-54a95b9ec813,auction,3,965,0.28752797842025757,0.07199645042419434,18527.0,0.2878633737564087,278,1
SLIM*SIG1,676053df-1802-11f0-8423-54a95b9ec813,auction,3,966,0.28752797842025757,0.051363229751586914,19164.0,0.2878633737564087,278,1
SLIM*SIG1,676053df-1802-11f0-8423-54a95b9ec813,auction,3,967,0.28752797842025757,0.0490717887878418,19998.0,0.2878633737564087,278,1
SLIM*SIG1,676053df-1802-11f0-8423-54a95b9ec813,auction,3,968,0.28752797842025757,0.04993295669555664,21144.0,0.2878633737564087,278,1
SLIM*SIG1,676053df-1802-11f0-8423-54a95b9ec813,auction,3,969,0.28752797842025757,0.0781242847442627,21113.0,0.2878633737564087,278,1
SLIM*SIG1,676053df-1802-11f0-8423-54a95b9ec813,auction,3,970,0.28752797842025757,0.07270693778991699,21507.0,0.2878633737564087,278,1
SLIM*SIG1,676053df-1802-11f0-8423-54a95b9ec813,auction,3,971,0.28752797842025757,0.04925704002380371,21950.0,0.2878633737564087,278,1
SLIM*SIG1,676053df-1802-11f0-8423-54a95b9ec813,auction,3,972,0.28752797842025757,0.0781247615814209,21171.0,0.2878633737564087,278,1
SLIM*SIG1,676053df-1802-11f0-8423-54a95b9ec813,auction,3,973,0.28752797842025757,0.0543365478515625,21206.0,0.2878633737564087,278,1
SLIM*SIG1,676053df-1802-11f0-8423-54a95b9ec813,auction,3,974,0.28752797842025757,0.04362154006958008,21483.0,0.2878633737564087,278,1
SLIM*SIG1,676053df-1802-11f0-8423-54a95b9ec813,auction,3,975,0.28752797842025757,0.07628512382507324,22522.0,0.2878633737564087,278,1
SLIM*SIG1,676053df-1802-11f0-8423-54a95b9ec813,auction,3,976,0.28752797842025757,0.08310842514038086,21683.0,0.2878633737564087,278,1
SLIM*SIG1,676053df-1802-11f0-8423-54a95b9ec813,auction,3,977,0.28752797842025757,0.04677295684814453,21722.0,0.2878633737564087,278,1
SLIM*SIG1,676053df-1802-11f0-8423-54a95b9ec813,auction,3,978,0.28752797842025757,0.04686999320983887,22157.0,0.2878633737564087,278,1
SLIM*SIG1,676053df-1802-11f0-8423-54a95b9ec813,auction,3,979,0.28752797842025757,0.06998682022094727,23240.0,0.2878633737564087,278,1
SLIM*SIG1,676053df-1802-11f0-8423-54a95b9ec813,auction,3,980,0.28752797842025757,0.06351709365844727,24005.0,0.2878633737564087,278,1
SLIM*SIG1,676053df-1802-11f0-8423-54a95b9ec813,auction,3,981,0.28752797842025757,0.04837822914123535,24330.0,0.2878633737564087,278,1
SLIM*SIG1,676053df-1802-11f0-8423-54a95b9ec813,auction,3,982,0.28752797842025757,0.055850982666015625,24656.0,0.2878633737564087,278,1
SLIM*SIG1,676053df-1802-11f0-8423-54a95b9ec813,auction,3,983,0.28752797842025757,0.031247854232788086,24197.0,0.2878633737564087,278,1
SLIM*SIG1,676053df-1802-11f0-8423-54a95b9ec813,auction,3,984,0.28752797842025757,0.05345630645751953,24013.0,0.2878633737564087,278,1
SLIM*SIG1,676053df-1802-11f0-8423-54a95b9ec813,auction,3,985,0.28752797842025757,0.0819556713104248,24456.0,0.2878633737564087,278,1
SLIM*SIG1,676053df-1802-11f0-8423-54a95b9ec813,auction,3,986,0.28752797842025757,0.06396317481994629,23854.0,0.2878633737564087,278,1
SLIM*SIG1,676053df-1802-11f0-8423-54a95b9ec813,auction,3,987,0.28752797842025757,0.06433629989624023,23767.0,0.2878633737564087,278,1
SLIM*SIG1,676053df-1802-11f0-8423-54a95b9ec813,auction,3,988,0.28752797842025757,0.06281113624572754,23489.0,0.2878633737564087,278,1
SLIM*SIG1,676053df-1802-11f0-8423-54a95b9ec813,auction,3,989,0.28752797842025757,0.06984663009643555,23380.0,0.2878633737564087,278,1
SLIM*SIG1,676053df-1802-11f0-8423-54a95b9ec813,auction,3,990,0.28752797842025757,0.08371925354003906,22857.0,0.2878633737564087,278,1
SLIM*SIG1,676053df-1802-11f0-8423-54a95b9ec813,auction,3,991,0.28752797842025757,0.06250143051147461,22554.0,0.2878633737564087,278,1
SLIM*SIG1,676053df-1802-11f0-8423-54a95b9ec813,auction,3,992,0.28752797842025757,0.06824612617492676,21882.0,0.2878633737564087,278,1
SLIM*SIG1,676053df-1802-11f0-8423-54a95b9ec813,auction,3,993,0.28752797842025757,0.07125973701477051,22190.0,0.2878633737564087,278,1
SLIM*SIG1,676053df-1802-11f0-8423-54a95b9ec813,auction,3,994,0.28752797842025757,0.08199524879455566,22300.0,0.2878633737564087,278,1
SLIM*SIG1,676053df-1802-11f0-8423-54a95b9ec813,auction,3,995,0.28752797842025757,0.04687929153442383,22065.0,0.2878633737564087,278,1
SLIM*SIG1,676053df-1802-11f0-8423-54a95b9ec813,auction,3,996,0.28752797842025757,0.04686999320983887,22022.0,0.2878633737564087,278,1
SLIM*SIG1,676053df-1802-11f0-8423-54a95b9ec813,auction,3,997,0.28752797842025757,0.06753683090209961,22034.0,0.2878633737564087,278,1
SLIM*SIG1,676053df-1802-11f0-8423-54a95b9ec813,auction,3,998,0.28752797842025757,0.10020947456359863,22607.0,0.2878633737564087,278,1
SLIM*SIG1,676053df-1802-11f0-8423-54a95b9ec813,auction,3,999,0.28752797842025757,0.04687690734863281,22386.0,0.2878633737564087,278,1
SLIM*SIG1,676053df-1802-11f0-8423-54a95b9ec813,auction,3,1000,0.2874830365180969,0.05507063865661621,23248.0,0.28773805499076843,291,1
SLIM*SIG1,676053df-1802-11f0-8423-54a95b9ec813,auction,4,0,0.3463931977748871,0.05192708969116211,1344.0,0.34749680757522583,3,1
SLIM*SIG1,676053df-1802-11f0-8423-54a95b9ec813,auction,4,1,0.3463931977748871,0.08038187026977539,1715.0,0.34749680757522583,3,1
SLIM*SIG1,676053df-1802-11f0-8423-54a95b9ec813,auction,4,2,0.3430446982383728,0.0157015323638916,1819.0,0.3424798250198364,16,1
SLIM*SIG1,676053df-1802-11f0-8423-54a95b9ec813,auction,4,3,0.3388351500034332,0.03598976135253906,1743.0,0.3422625958919525,16,1
SLIM*SIG1,676053df-1802-11f0-8423-54a95b9ec813,auction,4,4,0.3297119140625,0.01781153678894043,1082.0,0.3279458284378052,29,1
SLIM*SIG1,676053df-1802-11f0-8423-54a95b9ec813,auction,4,5,0.3297119140625,0.011625528335571289,1058.0,0.3279458284378052,29,1
SLIM*SIG1,676053df-1802-11f0-8423-54a95b9ec813,auction,4,6,0.3297119140625,0.015603065490722656,1044.0,0.3279458284378052,29,1
SLIM*SIG1,676053df-1802-11f0-8423-54a95b9ec813,auction,4,7,0.3297119140625,0.01712346076965332,1157.0,0.3279458284378052,29,1
SLIM*SIG1,676053df-1802-11f0-8423-54a95b9ec813,auction,4,8,0.31422099471092224,0.03125262260437012,1211.0,0.31551092863082886,57,1
SLIM*SIG1,676053df-1802-11f0-8423-54a95b9ec813,auction,4,9,0.31422099471092224,0.006987094879150391,1451.0,0.31551092863082886,57,1
SLIM*SIG1,676053df-1802-11f0-8423-54a95b9ec813,auction,4,10,0.3124736547470093,0.015526294708251953,1629.0,0.31184035539627075,44,1
SLIM*SIG1,676053df-1802-11f0-8423-54a95b9ec813,auction,4,11,0.3124736547470093,0.015625953674316406,1683.0,0.31184035539627075,44,1
SLIM*SIG1,676053df-1802-11f0-8423-54a95b9ec813,auction,4,12,0.3124736547470093,0.01562356948852539,2035.0,0.31184035539627075,44,1
SLIM*SIG1,676053df-1802-11f0-8423-54a95b9ec813,auction,4,13,0.3124736547470093,0.015626192092895508,2252.0,0.31184035539627075,44,1
SLIM*SIG1,676053df-1802-11f0-8423-54a95b9ec813,auction,4,14,0.3124736547470093,0.02473902702331543,2995.0,0.31184035539627075,44,1
SLIM*SIG1,676053df-1802-11f0-8423-54a95b9ec813,auction,4,15,0.3124736547470093,0.031281471252441406,2927.0,0.31184035539627075,44,1
SLIM*SIG1,676053df-1802-11f0-8423-54a95b9ec813,auction,4,16,0.3124736547470093,0.015599250793457031,3077.0,0.31184035539627075,44,1
SLIM*SIG1,676053df-1802-11f0-8423-54a95b9ec813,auction,4,17,0.3124736547470093,0.01562356948852539,3529.0,0.31184035539627075,44,1
SLIM*SIG1,676053df-1802-11f0-8423-54a95b9ec813,auction,4,18,0.3098040819168091,0.031248092651367188,3348.0,0.30994677543640137,57,1
SLIM*SIG1,676053df-1802-11f0-8423-54a95b9ec813,auction,4,19,0.3098040819168091,0.031352996826171875,3459.0,0.30994677543640137,57,1
SLIM*SIG1,676053df-1802-11f0-8423-54a95b9ec813,auction,4,20,0.3098040819168091,0.01822638511657715,3309.0,0.30994677543640137,57,1
SLIM*SIG1,676053df-1802-11f0-8423-54a95b9ec813,auction,4,21,0.3098040819168091,0.015633106231689453,3777.0,0.30994677543640137,57,1
SLIM*SIG1,676053df-1802-11f0-8423-54a95b9ec813,auction,4,22,0.3098040819168091,0.015726089477539062,3951.0,0.30994677543640137,57,1
SLIM*SIG1,676053df-1802-11f0-8423-54a95b9ec813,auction,4,23,0.3098040819168091,0.031150341033935547,4926.0,0.30994677543640137,57,1
SLIM*SIG1,676053df-1802-11f0-8423-54a95b9ec813,auction,4,24,0.3098040819168091,0.02223491668701172,4799.0,0.30994677543640137,57,1
SLIM*SIG1,676053df-1802-11f0-8423-54a95b9ec813,auction,4,25,0.3098040819168091,0.015507698059082031,5419.0,0.30994677543640137,57,1
SLIM*SIG1,676053df-1802-11f0-8423-54a95b9ec813,auction,4,26,0.30979251861572266,0.0157315731048584,5685.0,0.322358638048172,81,1
SLIM*SIG1,676053df-1802-11f0-8423-54a95b9ec813,auction,4,27,0.3096899390220642,0.031154155731201172,5346.0,0.31037619709968567,70,1
SLIM*SIG1,676053df-1802-11f0-8423-54a95b9ec813,auction,4,28,0.3096899390220642,0.031354665756225586,5520.0,0.31037619709968567,70,1
SLIM*SIG1,676053df-1802-11f0-8423-54a95b9ec813,auction,4,29,0.3096899390220642,0.01854991912841797,5679.0,0.31037619709968567,70,1
SLIM*SIG1,676053df-1802-11f0-8423-54a95b9ec813,auction,4,30,0.30875495076179504,0.01562952995300293,5555.0,0.3089832663536072,83,1
SLIM*SIG1,676053df-1802-11f0-8423-54a95b9ec813,auction,4,31,0.30875495076179504,0.031151294708251953,5546.0,0.3089832663536072,83,1
SLIM*SIG1,676053df-1802-11f0-8423-54a95b9ec813,auction,4,32,0.30875495076179504,0.01572275161743164,5917.0,0.3089832663536072,83,1
SLIM*SIG1,676053df-1802-11f0-8423-54a95b9ec813,auction,4,33,0.30875495076179504,0.021944046020507812,6037.0,0.3089832663536072,83,1
SLIM*SIG1,676053df-1802-11f0-8423-54a95b9ec813,auction,4,34,0.3083987534046173,0.01562976837158203,6283.0,0.31968528032302856,94,1
SLIM*SIG1,676053df-1802-11f0-8423-54a95b9ec813,auction,4,35,0.3083987534046173,0.0312502384185791,6781.0,0.31968528032302856,94,1
SLIM*SIG1,676053df-1802-11f0-8423-54a95b9ec813,auction,4,36,0.30839693546295166,0.015623092651367188,7924.0,0.3191111087799072,94,1
SLIM*SIG1,676053df-1802-11f0-8423-54a95b9ec813,auction,4,37,0.30793556571006775,0.038077592849731445,8171.0,0.31811392307281494,81,1
SLIM*SIG1,676053df-1802-11f0-8423-54a95b9ec813,auction,4,38,0.30793556571006775,0.015647411346435547,8162.0,0.31811392307281494,81,1
SLIM*SIG1,676053df-1802-11f0-8423-54a95b9ec813,auction,4,39,0.30793556571006775,0.015729188919067383,8009.0,0.31811392307281494,81,1
SLIM*SIG1,676053df-1802-11f0-8423-54a95b9ec813,auction,4,40,0.30793556571006775,0.0311429500579834,8066.0,0.31811392307281494,81,1
SLIM*SIG1,676053df-1802-11f0-8423-54a95b9ec813,auction,4,41,0.30793556571006775,0.015729904174804688,7890.0,0.31811392307281494,81,1
SLIM*SIG1,676053df-1802-11f0-8423-54a95b9ec813,auction,4,42,0.3078545928001404,0.015620946884155273,7958.0,0.31586238741874695,94,1
SLIM*SIG1,676053df-1802-11f0-8423-54a95b9ec813,auction,4,43,0.3078545928001404,0.019893884658813477,8199.0,0.31586238741874695,94,1
SLIM*SIG1,676053df-1802-11f0-8423-54a95b9ec813,auction,4,44,0.30765998363494873,0.017425060272216797,8338.0,0.3154717981815338,107,1
SLIM*SIG1,676053df-1802-11f0-8423-54a95b9ec813,auction,4,45,0.30654376745224,0.01552724838256836,8665.0,0.3140222430229187,94,1
SLIM*SIG1,676053df-1802-11f0-8423-54a95b9ec813,auction,4,46,0.30654376745224,0.031248092651367188,8765.0,0.3140222430229187,94,1
SLIM*SIG1,676053df-1802-11f0-8423-54a95b9ec813,auction,4,47,0.30654376745224,0.015625476837158203,8737.0,0.3140222430229187,94,1
SLIM*SIG1,676053df-1802-11f0-8423-54a95b9ec813,auction,4,48,0.30654376745224,0.03125119209289551,8607.0,0.3140222430229187,94,1
SLIM*SIG1,676053df-1802-11f0-8423-54a95b9ec813,auction,4,49,0.30654376745224,0.03773951530456543,7723.0,0.3140222430229187,94,1
SLIM*SIG1,676053df-1802-11f0-8423-54a95b9ec813,auction,4,50,0.30654376745224,0.029132843017578125,7638.0,0.3140222430229187,94,1
SLIM*SIG1,676053df-1802-11f0-8423-54a95b9ec813,auction,4,51,0.30654376745224,0.03000187873840332,8182.0,0.3140222430229187,94,1
SLIM*SIG1,676053df-1802-11f0-8423-54a95b9ec813,auction,4,52,0.30654376745224,0.03221940994262695,8741.0,0.3140222430229187,94,1
SLIM*SIG1,676053df-1802-11f0-8423-54a95b9ec813,auction,4,53,0.30654376745224,0.029701948165893555,8663.0,0.3140222430229187,94,1
SLIM*SIG1,676053df-1802-11f0-8423-54a95b9ec813,auction,4,54,0.30652281641960144,0.027558565139770508,9430.0,0.31390348076820374,107,1
SLIM*SIG1,676053df-1802-11f0-8423-54a95b9ec813,auction,4,55,0.30652281641960144,0.015665769577026367,8782.0,0.31390348076820374,107,1
SLIM*SIG1,676053df-1802-11f0-8423-54a95b9ec813,auction,4,56,0.30652281641960144,0.031307220458984375,8350.0,0.31390348076820374,107,1
SLIM*SIG1,676053df-1802-11f0-8423-54a95b9ec813,auction,4,57,0.30652281641960144,0.01553201675415039,8233.0,0.31390348076820374,107,1
SLIM*SIG1,676053df-1802-11f0-8423-54a95b9ec813,auction,4,58,0.30652281641960144,0.03662109375,7843.0,0.31390348076820374,107,1
SLIM*SIG1,676053df-1802-11f0-8423-54a95b9ec813,auction,4,59,0.30652281641960144,0.015647172927856445,8066.0,0.31390348076820374,107,1
SLIM*SIG1,676053df-1802-11f0-8423-54a95b9ec813,auction,4,60,0.30652281641960144,0.03125119209289551,8099.0,0.31390348076820374,107,1
SLIM*SIG1,676053df-1802-11f0-8423-54a95b9ec813,auction,4,61,0.30652281641960144,0.015622377395629883,8773.0,0.31390348076820374,107,1
SLIM*SIG1,676053df-1802-11f0-8423-54a95b9ec813,auction,4,62,0.30652281641960144,0.0313572883605957,9063.0,0.31390348076820374,107,1
SLIM*SIG1,676053df-1802-11f0-8423-54a95b9ec813,auction,4,63,0.30643126368522644,0.031246185302734375,9241.0,0.3127147853374481,120,1
SLIM*SIG1,676053df-1802-11f0-8423-54a95b9ec813,auction,4,64,0.30643126368522644,0.008055448532104492,9986.0,0.3127147853374481,120,1
SLIM*SIG1,676053df-1802-11f0-8423-54a95b9ec813,auction,4,65,0.30643126368522644,0.03124403953552246,10237.0,0.3127147853374481,120,1
SLIM*SIG1,676053df-1802-11f0-8423-54a95b9ec813,auction,4,66,0.30643126368522644,0.015523433685302734,10280.0,0.3127147853374481,120,1
SLIM*SIG1,676053df-1802-11f0-8423-54a95b9ec813,auction,4,67,0.30643126368522644,0.0312802791595459,10222.0,0.3127147853374481,120,1
SLIM*SIG1,676053df-1802-11f0-8423-54a95b9ec813,auction,4,68,0.30643126368522644,0.023865938186645508,10344.0,0.3127147853374481,120,1
SLIM*SIG1,676053df-1802-11f0-8423-54a95b9ec813,auction,4,69,0.30623573064804077,0.031240463256835938,10407.0,0.31297123432159424,81,1
SLIM*SIG1,676053df-1802-11f0-8423-54a95b9ec813,auction,4,70,0.30623573064804077,0.015527486801147461,10305.0,0.31297123432159424,81,1
SLIM*SIG1,676053df-1802-11f0-8423-54a95b9ec813,auction,4,71,0.30623573064804077,0.031347036361694336,10121.0,0.31297123432159424,81,1
SLIM*SIG1,676053df-1802-11f0-8423-54a95b9ec813,auction,4,72,0.30623573064804077,0.019857168197631836,9727.0,0.31297123432159424,81,1
SLIM*SIG1,676053df-1802-11f0-8423-54a95b9ec813,auction,4,73,0.30623573064804077,0.03139066696166992,9317.0,0.31297123432159424,81,1
SLIM*SIG1,676053df-1802-11f0-8423-54a95b9ec813,auction,4,74,0.30549243092536926,0.017135143280029297,9321.0,0.3117416203022003,107,1
SLIM*SIG1,676053df-1802-11f0-8423-54a95b9ec813,auction,4,75,0.305387020111084,0.030140161514282227,9286.0,0.3118307888507843,120,1
SLIM*SIG1,676053df-1802-11f0-8423-54a95b9ec813,auction,4,76,0.305387020111084,0.021965980529785156,9154.0,0.3118307888507843,120,1
SLIM*SIG1,676053df-1802-11f0-8423-54a95b9ec813,auction,4,77,0.305387020111084,0.015729427337646484,9005.0,0.3118307888507843,120,1
SLIM*SIG1,676053df-1802-11f0-8423-54a95b9ec813,auction,4,78,0.305387020111084,0.031249046325683594,9279.0,0.3118307888507843,120,1
SLIM*SIG1,676053df-1802-11f0-8423-54a95b9ec813,auction,4,79,0.30458348989486694,0.01552438735961914,9203.0,0.3116551637649536,107,1
SLIM*SIG1,676053df-1802-11f0-8423-54a95b9ec813,auction,4,80,0.30458348989486694,0.03691363334655762,9682.0,0.3116551637649536,107,1
SLIM*SIG1,676053df-1802-11f0-8423-54a95b9ec813,auction,4,81,0.30458348989486694,0.015506505966186523,9797.0,0.3116551637649536,107,1
SLIM*SIG1,676053df-1802-11f0-8423-54a95b9ec813,auction,4,82,0.30458348989486694,0.03126096725463867,9230.0,0.3116551637649536,107,1
SLIM*SIG1,676053df-1802-11f0-8423-54a95b9ec813,auction,4,83,0.30458348989486694,0.015632152557373047,9059.0,0.3116551637649536,107,1
SLIM*SIG1,676053df-1802-11f0-8423-54a95b9ec813,auction,4,84,0.30434948205947876,0.03135871887207031,8758.0,0.31157732009887695,94,1
SLIM*SIG1,676053df-1802-11f0-8423-54a95b9ec813,auction,4,85,0.30434948205947876,0.015623092651367188,8587.0,0.31157732009887695,94,1
SLIM*SIG1,676053df-1802-11f0-8423-54a95b9ec813,auction,4,86,0.30434948205947876,0.024845600128173828,8654.0,0.31157732009887695,94,1
SLIM*SIG1,676053df-1802-11f0-8423-54a95b9ec813,auction,4,87,0.30434948205947876,0.0312497615814209,8444.0,0.31157732009887695,94,1
SLIM*SIG1,676053df-1802-11f0-8423-54a95b9ec813,auction,4,88,0.3043349087238312,0.03125119209289551,8871.0,0.3112192153930664,107,1
SLIM*SIG1,676053df-1802-11f0-8423-54a95b9ec813,auction,4,89,0.3043349087238312,0.01562643051147461,9105.0,0.3112192153930664,107,1
SLIM*SIG1,676053df-1802-11f0-8423-54a95b9ec813,auction,4,90,0.3043349087238312,0.02149820327758789,8522.0,0.3112192153930664,107,1
SLIM*SIG1,676053df-1802-11f0-8423-54a95b9ec813,auction,4,91,0.30422747135162354,0.015655517578125,8418.0,0.31178179383277893,107,1
SLIM*SIG1,676053df-1802-11f0-8423-54a95b9ec813,auction,4,92,0.30338814854621887,0.03122544288635254,8860.0,0.31025779247283936,94,1
SLIM*SIG1,676053df-1802-11f0-8423-54a95b9ec813,auction,4,93,0.30338814854621887,0.015620946884155273,9241.0,0.31025779247283936,94,1
SLIM*SIG1,676053df-1802-11f0-8423-54a95b9ec813,auction,4,94,0.30338814854621887,0.03735089302062988,9852.0,0.31025779247283936,94,1
SLIM*SIG1,676053df-1802-11f0-8423-54a95b9ec813,auction,4,95,0.30338814854621887,0.01565074920654297,10277.0,0.31025779247283936,94,1
SLIM*SIG1,676053df-1802-11f0-8423-54a95b9ec813,auction,4,96,0.30338814854621887,0.031223773956298828,10333.0,0.31025779247283936,94,1
SLIM*SIG1,676053df-1802-11f0-8423-54a95b9ec813,auction,4,97,0.30338814854621887,0.0156252384185791,9991.0,0.31025779247283936,94,1
SLIM*SIG1,676053df-1802-11f0-8423-54a95b9ec813,auction,4,98,0.30338814854621887,0.037442684173583984,9512.0,0.31025779247283936,94,1
SLIM*SIG1,676053df-1802-11f0-8423-54a95b9ec813,auction,4,99,0.30338814854621887,0.015620231628417969,9804.0,0.31025779247283936,94,1
SLIM*SIG1,676053df-1802-11f0-8423-54a95b9ec813,auction,4,100,0.30338814854621887,0.031220674514770508,9798.0,0.31025779247283936,94,1
SLIM*SIG1,676053df-1802-11f0-8423-54a95b9ec813,auction,4,101,0.30338814854621887,0.015661954879760742,9603.0,0.31025779247283936,94,1
SLIM*SIG1,676053df-1802-11f0-8423-54a95b9ec813,auction,4,102,0.30338814854621887,0.015611648559570312,9133.0,0.31025779247283936,94,1
SLIM*SIG1,676053df-1802-11f0-8423-54a95b9ec813,auction,4,103,0.30338814854621887,0.03864169120788574,9262.0,0.31025779247283936,94,1
SLIM*SIG1,676053df-1802-11f0-8423-54a95b9ec813,auction,4,104,0.30338814854621887,0.017446041107177734,9042.0,0.31025779247283936,94,1
SLIM*SIG1,676053df-1802-11f0-8423-54a95b9ec813,auction,4,105,0.30338814854621887,0.0156252384185791,9212.0,0.31025779247283936,94,1
SLIM*SIG1,676053df-1802-11f0-8423-54a95b9ec813,auction,4,106,0.30338814854621887,0.01562952995300293,9149.0,0.31025779247283936,94,1
SLIM*SIG1,676053df-1802-11f0-8423-54a95b9ec813,auction,4,107,0.3033049702644348,0.01569080352783203,9271.0,0.31020382046699524,109,1
SLIM*SIG1,676053df-1802-11f0-8423-54a95b9ec813,auction,4,108,0.3031439185142517,0.035804033279418945,9110.0,0.3102477490901947,122,1
SLIM*SIG1,676053df-1802-11f0-8423-54a95b9ec813,auction,4,109,0.3031439185142517,0.015722036361694336,9378.0,0.3102477490901947,122,1
SLIM*SIG1,676053df-1802-11f0-8423-54a95b9ec813,auction,4,110,0.3031439185142517,0.03115391731262207,9433.0,0.3102477490901947,122,1
SLIM*SIG1,676053df-1802-11f0-8423-54a95b9ec813,auction,4,111,0.3031439185142517,0.015722036361694336,10163.0,0.3102477490901947,122,1
SLIM*SIG1,676053df-1802-11f0-8423-54a95b9ec813,auction,4,112,0.3031439185142517,0.037160634994506836,10147.0,0.3102477490901947,122,1
SLIM*SIG1,676053df-1802-11f0-8423-54a95b9ec813,auction,4,113,0.3009682595729828,0.015732526779174805,9532.0,0.30582690238952637,107,1
SLIM*SIG1,676053df-1802-11f0-8423-54a95b9ec813,auction,4,114,0.3009682595729828,0.0156252384185791,9557.0,0.30582690238952637,107,1
SLIM*SIG1,676053df-1802-11f0-8423-54a95b9ec813,auction,4,115,0.3009682595729828,0.031191110610961914,9327.0,0.30582690238952637,107,1
SLIM*SIG1,676053df-1802-11f0-8423-54a95b9ec813,auction,4,116,0.30093953013420105,0.021612882614135742,9281.0,0.3058106601238251,120,1
SLIM*SIG1,676053df-1802-11f0-8423-54a95b9ec813,auction,4,117,0.30093953013420105,0.031350135803222656,8592.0,0.3058106601238251,120,1
SLIM*SIG1,676053df-1802-11f0-8423-54a95b9ec813,auction,4,118,0.30093953013420105,0.015633344650268555,8684.0,0.3058106601238251,120,1
SLIM*SIG1,676053df-1802-11f0-8423-54a95b9ec813,auction,4,119,0.30043837428092957,0.031250953674316406,8113.0,0.30552011728286743,120,1
SLIM*SIG1,676053df-1802-11f0-8423-54a95b9ec813,auction,4,120,0.2994214594364166,0.0155181884765625,8378.0,0.30429351329803467,107,1
SLIM*SIG1,676053df-1802-11f0-8423-54a95b9ec813,auction,4,121,0.2994214594364166,0.03136157989501953,8099.0,0.30429351329803467,107,1
SLIM*SIG1,676053df-1802-11f0-8423-54a95b9ec813,auction,4,122,0.2994214594364166,0.0076503753662109375,8525.0,0.30429351329803467,107,1
SLIM*SIG1,676053df-1802-11f0-8423-54a95b9ec813,auction,4,123,0.2994214594364166,0.03137087821960449,9079.0,0.30429351329803467,107,1
SLIM*SIG1,676053df-1802-11f0-8423-54a95b9ec813,auction,4,124,0.2994214594364166,0.01562786102294922,8852.0,0.30429351329803467,107,1
SLIM*SIG1,676053df-1802-11f0-8423-54a95b9ec813,auction,4,125,0.2994214594364166,0.015522003173828125,8736.0,0.30429351329803467,107,1
SLIM*SIG1,676053df-1802-11f0-8423-54a95b9ec813,auction,4,126,0.2994214594364166,0.03502488136291504,9004.0,0.30429351329803467,107,1
SLIM*SIG1,676053df-1802-11f0-8423-54a95b9ec813,auction,4,127,0.2994214594364166,0.01701664924621582,8783.0,0.30429351329803467,107,1
SLIM*SIG1,676053df-1802-11f0-8423-54a95b9ec813,auction,4,128,0.2994214594364166,0.031260013580322266,8621.0,0.30429351329803467,107,1
SLIM*SIG1,676053df-1802-11f0-8423-54a95b9ec813,auction,4,129,0.2994214594364166,0.015622854232788086,8452.0,0.30429351329803467,107,1
SLIM*SIG1,676053df-1802-11f0-8423-54a95b9ec813,auction,4,130,0.2994214594364166,0.031348466873168945,8443.0,0.30429351329803467,107,1
SLIM*SIG1,676053df-1802-11f0-8423-54a95b9ec813,auction,4,131,0.29934602975845337,0.021826505661010742,7951.0,0.3038603663444519,120,1
SLIM*SIG1,676053df-1802-11f0-8423-54a95b9ec813,auction,4,132,0.2980431318283081,0.015625476837158203,8074.0,0.3032994568347931,120,1
SLIM*SIG1,676053df-1802-11f0-8423-54a95b9ec813,auction,4,133,0.2980431318283081,0.031246662139892578,8834.0,0.3032994568347931,120,1
SLIM*SIG1,676053df-1802-11f0-8423-54a95b9ec813,auction,4,134,0.2980431318283081,0.01562786102294922,8733.0,0.3032994568347931,120,1
SLIM*SIG1,676053df-1802-11f0-8423-54a95b9ec813,auction,4,135,0.2980431318283081,0.031348466873168945,9105.0,0.3032994568347931,120,1
SLIM*SIG1,676053df-1802-11f0-8423-54a95b9ec813,auction,4,136,0.2980431318283081,0.023102998733520508,9668.0,0.3032994568347931,120,1
SLIM*SIG1,676053df-1802-11f0-8423-54a95b9ec813,auction,4,137,0.2980431318283081,0.025833606719970703,9882.0,0.3032994568347931,120,1
SLIM*SIG1,676053df-1802-11f0-8423-54a95b9ec813,auction,4,138,0.2980431318283081,0.03457236289978027,9294.0,0.3032994568347931,120,1
SLIM*SIG1,676053df-1802-11f0-8423-54a95b9ec813,auction,4,139,0.2980431318283081,0.03084540367126465,9068.0,0.3032994568347931,120,1
SLIM*SIG1,676053df-1802-11f0-8423-54a95b9ec813,auction,4,140,0.2980431318283081,0.037920236587524414,8977.0,0.3032994568347931,120,1
SLIM*SIG1,676053df-1802-11f0-8423-54a95b9ec813,auction,4,141,0.2980431318283081,0.035866498947143555,8973.0,0.3032994568347931,120,1
SLIM*SIG1,676053df-1802-11f0-8423-54a95b9ec813,auction,4,142,0.2980431318283081,0.030297517776489258,8908.0,0.3032994568347931,120,1
SLIM*SIG1,676053df-1802-11f0-8423-54a95b9ec813,auction,4,143,0.2980431318283081,0.015743017196655273,8821.0,0.3032994568347931,120,1
SLIM*SIG1,676053df-1802-11f0-8423-54a95b9ec813,auction,4,144,0.2980431318283081,0.031146526336669922,8615.0,0.3032994568347931,120,1
SLIM*SIG1,676053df-1802-11f0-8423-54a95b9ec813,auction,4,145,0.2980431318283081,0.015613794326782227,8988.0,0.3032994568347931,120,1
SLIM*SIG1,676053df-1802-11f0-8423-54a95b9ec813,auction,4,146,0.2980431318283081,0.03273940086364746,8862.0,0.3032994568347931,120,1
SLIM*SIG1,676053df-1802-11f0-8423-54a95b9ec813,auction,4,147,0.2980431318283081,0.01907801628112793,9092.0,0.3032994568347931,120,1
SLIM*SIG1,676053df-1802-11f0-8423-54a95b9ec813,auction,4,148,0.2980431318283081,0.01562643051147461,9014.0,0.3032994568347931,120,1
SLIM*SIG1,676053df-1802-11f0-8423-54a95b9ec813,auction,4,149,0.2980431318283081,0.03115367889404297,9380.0,0.3032994568347931,120,1
SLIM*SIG1,676053df-1802-11f0-8423-54a95b9ec813,auction,4,150,0.2980431318283081,0.031246662139892578,10251.0,0.3032994568347931,120,1
SLIM*SIG1,676053df-1802-11f0-8423-54a95b9ec813,auction,4,151,0.2980431318283081,0.021786928176879883,10647.0,0.3032994568347931,120,1
SLIM*SIG1,676053df-1802-11f0-8423-54a95b9ec813,auction,4,152,0.2980431318283081,0.015649795532226562,10470.0,0.3032994568347931,120,1
SLIM*SIG1,676053df-1802-11f0-8423-54a95b9ec813,auction,4,153,0.2980431318283081,0.031223297119140625,10756.0,0.3032994568347931,120,1
SLIM*SIG1,676053df-1802-11f0-8423-54a95b9ec813,auction,4,154,0.2980431318283081,0.01565265655517578,10188.0,0.3032994568347931,120,1
SLIM*SIG1,676053df-1802-11f0-8423-54a95b9ec813,auction,4,155,0.2980431318283081,0.031225204467773438,10190.0,0.3032994568347931,120,1
SLIM*SIG1,676053df-1802-11f0-8423-54a95b9ec813,auction,4,156,0.2980431318283081,0.0246429443359375,11129.0,0.3032994568347931,120,1
SLIM*SIG1,676053df-1802-11f0-8423-54a95b9ec813,auction,4,157,0.2980431318283081,0.031287193298339844,11547.0,0.3032994568347931,120,1
SLIM*SIG1,676053df-1802-11f0-8423-54a95b9ec813,auction,4,158,0.2980431318283081,0.015617847442626953,11069.0,0.3032994568347931,120,1
SLIM*SIG1,676053df-1802-11f0-8423-54a95b9ec813,auction,4,159,0.2980431318283081,0.01569652557373047,10500.0,0.3032994568347931,120,1
SLIM*SIG1,676053df-1802-11f0-8423-54a95b9ec813,auction,4,160,0.2980431318283081,0.02187061309814453,10034.0,0.3032994568347931,120,1
SLIM*SIG1,676053df-1802-11f0-8423-54a95b9ec813,auction,4,161,0.2980431318283081,0.0156862735748291,9670.0,0.3032994568347931,120,1
SLIM*SIG1,676053df-1802-11f0-8423-54a95b9ec813,auction,4,162,0.2980431318283081,0.031223535537719727,9904.0,0.3032994568347931,120,1
SLIM*SIG1,676053df-1802-11f0-8423-54a95b9ec813,auction,4,163,0.2980431318283081,0.03127312660217285,9698.0,0.3032994568347931,120,1
SLIM*SIG1,676053df-1802-11f0-8423-54a95b9ec813,auction,4,164,0.2980431318283081,0.021241188049316406,10532.0,0.3032994568347931,120,1
SLIM*SIG1,676053df-1802-11f0-8423-54a95b9ec813,auction,4,165,0.2980431318283081,0.015630245208740234,10488.0,0.3032994568347931,120,1
SLIM*SIG1,676053df-1802-11f0-8423-54a95b9ec813,auction,4,166,0.2980431318283081,0.03135204315185547,11276.0,0.3032994568347931,120,1
SLIM*SIG1,676053df-1802-11f0-8423-54a95b9ec813,auction,4,167,0.2980431318283081,0.015521526336669922,11306.0,0.3032994568347931,120,1
SLIM*SIG1,676053df-1802-11f0-8423-54a95b9ec813,auction,4,168,0.2980431318283081,0.08471083641052246,11296.0,0.3032994568347931,120,1
SLIM*SIG1,676053df-1802-11f0-8423-54a95b9ec813,auction,4,169,0.2980431318283081,0.01565384864807129,11381.0,0.3032994568347931,120,1
SLIM*SIG1,676053df-1802-11f0-8423-54a95b9ec813,auction,4,170,0.2980431318283081,0.021034955978393555,12401.0,0.3032994568347931,120,1
SLIM*SIG1,676053df-1802-11f0-8423-54a95b9ec813,auction,4,171,0.2980431318283081,0.03132176399230957,12133.0,0.3032994568347931,120,1
SLIM*SIG1,676053df-1802-11f0-8423-54a95b9ec813,auction,4,172,0.2980431318283081,0.0312197208404541,11735.0,0.3032994568347931,120,1
SLIM*SIG1,676053df-1802-11f0-8423-54a95b9ec813,auction,4,173,0.2980431318283081,0.015649795532226562,11739.0,0.3032994568347931,120,1
SLIM*SIG1,676053df-1802-11f0-8423-54a95b9ec813,auction,4,174,0.2980431318283081,0.0312504768371582,12120.0,0.3032994568347931,120,1
SLIM*SIG1,676053df-1802-11f0-8423-54a95b9ec813,auction,4,175,0.2980431318283081,0.023926258087158203,11912.0,0.3032994568347931,120,1
SLIM*SIG1,676053df-1802-11f0-8423-54a95b9ec813,auction,4,176,0.2980431318283081,0.015731096267700195,11849.0,0.3032994568347931,120,1
SLIM*SIG1,676053df-1802-11f0-8423-54a95b9ec813,auction,4,177,0.2980431318283081,0.015578269958496094,12322.0,0.3032994568347931,120,1
SLIM*SIG1,676053df-1802-11f0-8423-54a95b9ec813,auction,4,178,0.2980431318283081,0.015625,12488.0,0.3032994568347931,120,1
SLIM*SIG1,676053df-1802-11f0-8423-54a95b9ec813,auction,4,179,0.2980431318283081,0.015732526779174805,12565.0,0.3032994568347931,120,1
SLIM*SIG1,676053df-1802-11f0-8423-54a95b9ec813,auction,4,180,0.29707857966423035,0.038405418395996094,12389.0,0.3062100410461426,185,1
SLIM*SIG1,676053df-1802-11f0-8423-54a95b9ec813,auction,4,181,0.29707857966423035,0.015732765197753906,13115.0,0.3062100410461426,185,1
SLIM*SIG1,676053df-1802-11f0-8423-54a95b9ec813,auction,4,182,0.29707857966423035,0.031186819076538086,13171.0,0.3062100410461426,185,1
SLIM*SIG1,676053df-1802-11f0-8423-54a95b9ec813,auction,4,183,0.29707857966423035,0.01567244529724121,14244.0,0.3062100410461426,185,1
SLIM*SIG1,676053df-1802-11f0-8423-54a95b9ec813,auction,4,184,0.29707857966423035,0.021216154098510742,14594.0,0.3062100410461426,185,1
SLIM*SIG1,676053df-1802-11f0-8423-54a95b9ec813,auction,4,185,0.29691481590270996,0.03125309944152832,14306.0,0.30559930205345154,198,1
SLIM*SIG1,676053df-1802-11f0-8423-54a95b9ec813,auction,4,186,0.29691481590270996,0.015518903732299805,13437.0,0.30559930205345154,198,1
SLIM*SIG1,676053df-1802-11f0-8423-54a95b9ec813,auction,4,187,0.29691481590270996,0.037397146224975586,14436.0,0.30559930205345154,198,1
SLIM*SIG1,676053df-1802-11f0-8423-54a95b9ec813,auction,4,188,0.295855313539505,0.015627384185791016,14960.0,0.3040694296360016,211,1
SLIM*SIG1,676053df-1802-11f0-8423-54a95b9ec813,auction,4,189,0.295855313539505,0.031359195709228516,15132.0,0.3040694296360016,211,1
SLIM*SIG1,676053df-1802-11f0-8423-54a95b9ec813,auction,4,190,0.29405754804611206,0.015515327453613281,15332.0,0.3024623990058899,224,1
SLIM*SIG1,676053df-1802-11f0-8423-54a95b9ec813,auction,4,191,0.29405754804611206,0.037348270416259766,15399.0,0.3024623990058899,224,1
SLIM*SIG1,676053df-1802-11f0-8423-54a95b9ec813,auction,4,192,0.2929045557975769,0.015627622604370117,15168.0,0.3040194809436798,211,1
SLIM*SIG1,676053df-1802-11f0-8423-54a95b9ec813,auction,4,193,0.2929045557975769,0.031359195709228516,15537.0,0.3040194809436798,211,1
SLIM*SIG1,676053df-1802-11f0-8423-54a95b9ec813,auction,4,194,0.2929045557975769,0.031142234802246094,15807.0,0.3040194809436798,211,1
SLIM*SIG1,676053df-1802-11f0-8423-54a95b9ec813,auction,4,195,0.2929045557975769,0.015623807907104492,15878.0,0.3040194809436798,211,1
SLIM*SIG1,676053df-1802-11f0-8423-54a95b9ec813,auction,4,196,0.2929045557975769,0.031250953674316406,16376.0,0.3040194809436798,211,1
SLIM*SIG1,676053df-1802-11f0-8423-54a95b9ec813,auction,4,197,0.2929045557975769,0.02447509765625,16311.0,0.3040194809436798,211,1
SLIM*SIG1,676053df-1802-11f0-8423-54a95b9ec813,auction,4,198,0.29273688793182373,0.0313563346862793,16886.0,0.3037596642971039,211,1
SLIM*SIG1,676053df-1802-11f0-8423-54a95b9ec813,auction,4,199,0.29273688793182373,0.03124070167541504,16468.0,0.3037596642971039,211,1
SLIM*SIG1,676053df-1802-11f0-8423-54a95b9ec813,auction,4,200,0.29262053966522217,0.02322244644165039,16562.0,0.3005129098892212,224,1
SLIM*SIG1,676053df-1802-11f0-8423-54a95b9ec813,auction,4,201,0.29210537672042847,0.015730619430541992,17730.0,0.29959896206855774,211,1
SLIM*SIG1,676053df-1802-11f0-8423-54a95b9ec813,auction,4,202,0.29210537672042847,0.031150341033935547,17956.0,0.29959896206855774,211,1
SLIM*SIG1,676053df-1802-11f0-8423-54a95b9ec813,auction,4,203,0.29210537672042847,0.016021251678466797,18376.0,0.29959896206855774,211,1
SLIM*SIG1,676053df-1802-11f0-8423-54a95b9ec813,auction,4,204,0.29210537672042847,0.022991657257080078,18370.0,0.29959896206855774,211,1
SLIM*SIG1,676053df-1802-11f0-8423-54a95b9ec813,auction,4,205,0.29210537672042847,0.04687619209289551,18424.0,0.29959896206855774,211,1
SLIM*SIG1,676053df-1802-11f0-8423-54a95b9ec813,auction,4,206,0.29210537672042847,0.054451942443847656,17772.0,0.29959896206855774,211,1
SLIM*SIG1,676053df-1802-11f0-8423-54a95b9ec813,auction,4,207,0.29210537672042847,0.01607513427734375,17566.0,0.29959896206855774,211,1
SLIM*SIG1,676053df-1802-11f0-8423-54a95b9ec813,auction,4,208,0.29210537672042847,0.03126215934753418,17676.0,0.29959896206855774,211,1
SLIM*SIG1,676053df-1802-11f0-8423-54a95b9ec813,auction,4,209,0.29210537672042847,0.032327890396118164,18176.0,0.29959896206855774,211,1
SLIM*SIG1,676053df-1802-11f0-8423-54a95b9ec813,auction,4,210,0.29210537672042847,0.03124713897705078,17981.0,0.29959896206855774,211,1
SLIM*SIG1,676053df-1802-11f0-8423-54a95b9ec813,auction,4,211,0.29210537672042847,0.03125143051147461,18456.0,0.29959896206855774,211,1
SLIM*SIG1,676053df-1802-11f0-8423-54a95b9ec813,auction,4,212,0.29210537672042847,0.01572728157043457,18169.0,0.29959896206855774,211,1
SLIM*SIG1,676053df-1802-11f0-8423-54a95b9ec813,auction,4,213,0.29210537672042847,0.0377197265625,18116.0,0.29959896206855774,211,1
SLIM*SIG1,676053df-1802-11f0-8423-54a95b9ec813,auction,4,214,0.2920700013637543,0.01572132110595703,18727.0,0.29933294653892517,198,1
SLIM*SIG1,676053df-1802-11f0-8423-54a95b9ec813,auction,4,215,0.2920700013637543,0.031152963638305664,18875.0,0.29933294653892517,198,1
SLIM*SIG1,676053df-1802-11f0-8423-54a95b9ec813,auction,4,216,0.2920700013637543,0.044178009033203125,18546.0,0.29933294653892517,198,1
SLIM*SIG1,676053df-1802-11f0-8423-54a95b9ec813,auction,4,217,0.2920700013637543,0.03429746627807617,18431.0,0.29933294653892517,198,1
SLIM*SIG1,676053df-1802-11f0-8423-54a95b9ec813,auction,4,218,0.2920700013637543,0.04187154769897461,18630.0,0.29933294653892517,198,1
SLIM*SIG1,676053df-1802-11f0-8423-54a95b9ec813,auction,4,219,0.2920700013637543,0.034351348876953125,18673.0,0.29933294653892517,198,1
SLIM*SIG1,676053df-1802-11f0-8423-54a95b9ec813,auction,4,220,0.29205283522605896,0.030819416046142578,18134.0,0.2993171513080597,211,1
SLIM*SIG1,676053df-1802-11f0-8423-54a95b9ec813,auction,4,221,0.29205283522605896,0.04134535789489746,18312.0,0.2993171513080597,211,1
SLIM*SIG1,676053df-1802-11f0-8423-54a95b9ec813,auction,4,222,0.29205283522605896,0.02254629135131836,18612.0,0.2993171513080597,211,1
SLIM*SIG1,676053df-1802-11f0-8423-54a95b9ec813,auction,4,223,0.29205283522605896,0.0459134578704834,18845.0,0.2993171513080597,211,1
SLIM*SIG1,676053df-1802-11f0-8423-54a95b9ec813,auction,4,224,0.29205283522605896,0.015758037567138672,18975.0,0.2993171513080597,211,1
SLIM*SIG1,676053df-1802-11f0-8423-54a95b9ec813,auction,4,225,0.29205283522605896,0.03126239776611328,18857.0,0.2993171513080597,211,1
SLIM*SIG1,676053df-1802-11f0-8423-54a95b9ec813,auction,4,226,0.29205283522605896,0.024462461471557617,18340.0,0.2993171513080597,211,1
SLIM*SIG1,676053df-1802-11f0-8423-54a95b9ec813,auction,4,227,0.29205283522605896,0.015521049499511719,18927.0,0.2993171513080597,211,1
SLIM*SIG1,676053df-1802-11f0-8423-54a95b9ec813,auction,4,228,0.29205283522605896,0.031244277954101562,19004.0,0.2993171513080597,211,1
SLIM*SIG1,676053df-1802-11f0-8423-54a95b9ec813,auction,4,229,0.29205283522605896,0.03657412528991699,19183.0,0.2993171513080597,211,1
SLIM*SIG1,676053df-1802-11f0-8423-54a95b9ec813,auction,4,230,0.29205283522605896,0.015735149383544922,18944.0,0.2993171513080597,211,1
SLIM*SIG1,676053df-1802-11f0-8423-54a95b9ec813,auction,4,231,0.29205283522605896,0.015579462051391602,19211.0,0.2993171513080597,211,1
SLIM*SIG1,676053df-1802-11f0-8423-54a95b9ec813,auction,4,232,0.29205283522605896,0.03125190734863281,20389.0,0.2993171513080597,211,1
SLIM*SIG1,676053df-1802-11f0-8423-54a95b9ec813,auction,4,233,0.29205283522605896,0.03833341598510742,19845.0,0.2993171513080597,211,1
SLIM*SIG1,676053df-1802-11f0-8423-54a95b9ec813,auction,4,234,0.29205283522605896,0.08530330657958984,19173.0,0.2993171513080597,211,1
SLIM*SIG1,676053df-1802-11f0-8423-54a95b9ec813,auction,4,235,0.29205283522605896,0.03134918212890625,18320.0,0.2993171513080597,211,1
SLIM*SIG1,676053df-1802-11f0-8423-54a95b9ec813,auction,4,236,0.29205283522605896,0.03126668930053711,17962.0,0.2993171513080597,211,1
SLIM*SIG1,676053df-1802-11f0-8423-54a95b9ec813,auction,4,237,0.29205283522605896,0.03113722801208496,18118.0,0.2993171513080597,211,1
SLIM*SIG1,676053df-1802-11f0-8423-54a95b9ec813,auction,4,238,0.29205283522605896,0.01572871208190918,18005.0,0.2993171513080597,211,1
SLIM*SIG1,676053df-1802-11f0-8423-54a95b9ec813,auction,4,239,0.29205283522605896,0.03124713897705078,18153.0,0.2993171513080597,211,1
SLIM*SIG1,676053df-1802-11f0-8423-54a95b9ec813,auction,4,240,0.29197612404823303,0.03124713897705078,18600.0,0.3010922074317932,211,1
SLIM*SIG1,676053df-1802-11f0-8423-54a95b9ec813,auction,4,241,0.29197612404823303,0.02744913101196289,18709.0,0.3010922074317932,211,1
SLIM*SIG1,676053df-1802-11f0-8423-54a95b9ec813,auction,4,242,0.29197612404823303,0.03135824203491211,18018.0,0.3010922074317932,211,1
SLIM*SIG1,676053df-1802-11f0-8423-54a95b9ec813,auction,4,243,0.29197612404823303,0.031142234802246094,17897.0,0.3010922074317932,211,1
SLIM*SIG1,676053df-1802-11f0-8423-54a95b9ec813,auction,4,244,0.29197612404823303,0.03610873222351074,17464.0,0.3010922074317932,211,1
SLIM*SIG1,676053df-1802-11f0-8423-54a95b9ec813,auction,4,245,0.29197612404823303,0.015725374221801758,18199.0,0.3010922074317932,211,1
SLIM*SIG1,676053df-1802-11f0-8423-54a95b9ec813,auction,4,246,0.29197612404823303,0.031154870986938477,17655.0,0.3010922074317932,211,1
SLIM*SIG1,676053df-1802-11f0-8423-54a95b9ec813,auction,4,247,0.29197612404823303,0.03134799003601074,17789.0,0.3010922074317932,211,1
SLIM*SIG1,676053df-1802-11f0-8423-54a95b9ec813,auction,4,248,0.29197612404823303,0.015629291534423828,17528.0,0.3010922074317932,211,1
SLIM*SIG1,676053df-1802-11f0-8423-54a95b9ec813,auction,4,249,0.29197612404823303,0.039745330810546875,17861.0,0.3010922074317932,211,1
SLIM*SIG1,676053df-1802-11f0-8423-54a95b9ec813,auction,4,250,0.29197612404823303,0.015729904174804688,17633.0,0.3010922074317932,211,1
SLIM*SIG1,676053df-1802-11f0-8423-54a95b9ec813,auction,4,251,0.29197612404823303,0.031148672103881836,17917.0,0.3010922074317932,211,1
SLIM*SIG1,676053df-1802-11f0-8423-54a95b9ec813,auction,4,252,0.29190564155578613,0.03125,17800.0,0.3011009693145752,228,1
SLIM*SIG1,676053df-1802-11f0-8423-54a95b9ec813,auction,4,253,0.29190564155578613,0.022232770919799805,17684.0,0.3011009693145752,228,1
SLIM*SIG1,676053df-1802-11f0-8423-54a95b9ec813,auction,4,254,0.29190564155578613,0.031294822692871094,18272.0,0.3011009693145752,228,1
SLIM*SIG1,676053df-1802-11f0-8423-54a95b9ec813,auction,4,255,0.29190564155578613,0.031249523162841797,17986.0,0.3011009693145752,228,1
SLIM*SIG1,676053df-1802-11f0-8423-54a95b9ec813,auction,4,256,0.29190564155578613,0.015626907348632812,17938.0,0.3011009693145752,228,1
SLIM*SIG1,676053df-1802-11f0-8423-54a95b9ec813,auction,4,257,0.29190564155578613,0.03750491142272949,17385.0,0.3011009693145752,228,1
SLIM*SIG1,676053df-1802-11f0-8423-54a95b9ec813,auction,4,258,0.29190564155578613,0.0312497615814209,17642.0,0.3011009693145752,228,1
SLIM*SIG1,676053df-1802-11f0-8423-54a95b9ec813,auction,4,259,0.29190564155578613,0.015623092651367188,17721.0,0.3011009693145752,228,1
SLIM*SIG1,676053df-1802-11f0-8423-54a95b9ec813,auction,4,260,0.29185742139816284,0.03809976577758789,17394.0,0.2987823188304901,215,1
SLIM*SIG1,676053df-1802-11f0-8423-54a95b9ec813,auction,4,261,0.29185742139816284,0.015659093856811523,16928.0,0.2987823188304901,215,1
SLIM*SIG1,676053df-1802-11f0-8423-54a95b9ec813,auction,4,262,0.29185742139816284,0.03124856948852539,16879.0,0.2987823188304901,215,1
SLIM*SIG1,676053df-1802-11f0-8423-54a95b9ec813,auction,4,263,0.29185742139816284,0.015627384185791016,16267.0,0.2987823188304901,215,1
SLIM*SIG1,676053df-1802-11f0-8423-54a95b9ec813,auction,4,264,0.29185742139816284,0.03132200241088867,16473.0,0.2987823188304901,215,1
SLIM*SIG1,676053df-1802-11f0-8423-54a95b9ec813,auction,4,265,0.29179948568344116,0.015624284744262695,16588.0,0.29880473017692566,228,1
SLIM*SIG1,676053df-1802-11f0-8423-54a95b9ec813,auction,4,266,0.29179948568344116,0.038521528244018555,16484.0,0.29880473017692566,228,1
SLIM*SIG1,676053df-1802-11f0-8423-54a95b9ec813,auction,4,267,0.29179948568344116,0.01563405990600586,16636.0,0.29880473017692566,228,1
SLIM*SIG1,676053df-1802-11f0-8423-54a95b9ec813,auction,4,268,0.2917957305908203,0.0312497615814209,16841.0,0.29880404472351074,215,1
SLIM*SIG1,676053df-1802-11f0-8423-54a95b9ec813,auction,4,269,0.291494756937027,0.015724658966064453,16454.0,0.2981470227241516,228,1
SLIM*SIG1,676053df-1802-11f0-8423-54a95b9ec813,auction,4,270,0.291494756937027,0.022431612014770508,16884.0,0.2981470227241516,228,1
SLIM*SIG1,676053df-1802-11f0-8423-54a95b9ec813,auction,4,271,0.291494756937027,0.03135418891906738,17679.0,0.2981470227241516,228,1
SLIM*SIG1,676053df-1802-11f0-8423-54a95b9ec813,auction,4,272,0.291494756937027,0.03114771842956543,18291.0,0.2981470227241516,228,1
SLIM*SIG1,676053df-1802-11f0-8423-54a95b9ec813,auction,4,273,0.2914876937866211,0.01571965217590332,19493.0,0.29814350605010986,215,1
SLIM*SIG1,676053df-1802-11f0-8423-54a95b9ec813,auction,4,274,0.2914876937866211,0.036788225173950195,19421.0,0.29814350605010986,215,1
SLIM*SIG1,676053df-1802-11f0-8423-54a95b9ec813,auction,4,275,0.2914876937866211,0.03135514259338379,19902.0,0.29814350605010986,215,1
SLIM*SIG1,676053df-1802-11f0-8423-54a95b9ec813,auction,4,276,0.2914876937866211,0.031142473220825195,20007.0,0.29814350605010986,215,1
SLIM*SIG1,676053df-1802-11f0-8423-54a95b9ec813,auction,4,277,0.2914876937866211,0.0864713191986084,20096.0,0.29814350605010986,215,1
SLIM*SIG1,676053df-1802-11f0-8423-54a95b9ec813,auction,4,278,0.2914876937866211,0.05342388153076172,19978.0,0.29814350605010986,215,1
SLIM*SIG1,676053df-1802-11f0-8423-54a95b9ec813,auction,4,279,0.2914876937866211,0.08181238174438477,19595.0,0.29814350605010986,215,1
SLIM*SIG1,676053df-1802-11f0-8423-54a95b9ec813,auction,4,280,0.2914876937866211,0.0334620475769043,18729.0,0.29814350605010986,215,1
SLIM*SIG1,676053df-1802-11f0-8423-54a95b9ec813,auction,4,281,0.2914876937866211,0.08393597602844238,18985.0,0.29814350605010986,215,1
SLIM*SIG1,676053df-1802-11f0-8423-54a95b9ec813,auction,4,282,0.2914876937866211,0.10276007652282715,18512.0,0.29814350605010986,215,1
SLIM*SIG1,676053df-1802-11f0-8423-54a95b9ec813,auction,4,283,0.2914876937866211,0.08447003364562988,18189.0,0.29814350605010986,215,1
SLIM*SIG1,676053df-1802-11f0-8423-54a95b9ec813,auction,4,284,0.2914876937866211,0.04647421836853027,18530.0,0.29814350605010986,215,1
SLIM*SIG1,676053df-1802-11f0-8423-54a95b9ec813,auction,4,285,0.2914876937866211,0.02331066131591797,19362.0,0.29814350605010986,215,1
SLIM*SIG1,676053df-1802-11f0-8423-54a95b9ec813,auction,4,286,0.2914876937866211,0.03066277503967285,20162.0,0.29814350605010986,215,1
SLIM*SIG1,676053df-1802-11f0-8423-54a95b9ec813,auction,4,287,0.2914876937866211,0.02079319953918457,20050.0,0.29814350605010986,215,1
SLIM*SIG1,676053df-1802-11f0-8423-54a95b9ec813,auction,4,288,0.2914876937866211,0.031221866607666016,20457.0,0.29814350605010986,215,1
SLIM*SIG1,676053df-1802-11f0-8423-54a95b9ec813,auction,4,289,0.2914876937866211,0.031249284744262695,20055.0,0.29814350605010986,215,1
SLIM*SIG1,676053df-1802-11f0-8423-54a95b9ec813,auction,4,290,0.2914876937866211,0.021617650985717773,19531.0,0.29814350605010986,215,1
SLIM*SIG1,676053df-1802-11f0-8423-54a95b9ec813,auction,4,291,0.2914876937866211,0.0313265323638916,18631.0,0.29814350605010986,215,1
SLIM*SIG1,676053df-1802-11f0-8423-54a95b9ec813,auction,4,292,0.2914876937866211,0.031218290328979492,18040.0,0.29814350605010986,215,1
SLIM*SIG1,676053df-1802-11f0-8423-54a95b9ec813,auction,4,293,0.2914876937866211,0.0312497615814209,17503.0,0.29814350605010986,215,1
SLIM*SIG1,676053df-1802-11f0-8423-54a95b9ec813,auction,4,294,0.2914876937866211,0.0156252384185791,17000.0,0.29814350605010986,215,1
SLIM*SIG1,676053df-1802-11f0-8423-54a95b9ec813,auction,4,295,0.2914876937866211,0.03848743438720703,17070.0,0.29814350605010986,215,1
SLIM*SIG1,676053df-1802-11f0-8423-54a95b9ec813,auction,4,296,0.2914876937866211,0.015623331069946289,17105.0,0.29814350605010986,215,1
SLIM*SIG1,676053df-1802-11f0-8423-54a95b9ec813,auction,4,297,0.2914876937866211,0.01560354232788086,18026.0,0.29814350605010986,215,1
SLIM*SIG1,676053df-1802-11f0-8423-54a95b9ec813,auction,4,298,0.2914876937866211,0.037811994552612305,18126.0,0.29814350605010986,215,1
SLIM*SIG1,676053df-1802-11f0-8423-54a95b9ec813,auction,4,299,0.2914876937866211,0.01562666893005371,17798.0,0.29814350605010986,215,1
SLIM*SIG1,676053df-1802-11f0-8423-54a95b9ec813,auction,4,300,0.29146936535835266,0.031252145767211914,17803.0,0.2981869876384735,228,1
SLIM*SIG1,676053df-1802-11f0-8423-54a95b9ec813,auction,4,301,0.29146936535835266,0.0312504768371582,17288.0,0.2981869876384735,228,1
SLIM*SIG1,676053df-1802-11f0-8423-54a95b9ec813,auction,4,302,0.29146936535835266,0.02300858497619629,17002.0,0.2981869876384735,228,1
SLIM*SIG1,676053df-1802-11f0-8423-54a95b9ec813,auction,4,303,0.29146936535835266,0.03132438659667969,17144.0,0.2981869876384735,228,1
SLIM*SIG1,676053df-1802-11f0-8423-54a95b9ec813,auction,4,304,0.29117029905319214,0.031217336654663086,17710.0,0.2988603711128235,241,1
SLIM*SIG1,676053df-1802-11f0-8423-54a95b9ec813,auction,4,305,0.29117029905319214,0.0331728458404541,17865.0,0.2988603711128235,241,1
SLIM*SIG1,676053df-1802-11f0-8423-54a95b9ec813,auction,4,306,0.29117029905319214,0.018465280532836914,17429.0,0.2988603711128235,241,1
SLIM*SIG1,676053df-1802-11f0-8423-54a95b9ec813,auction,4,307,0.29117029905319214,0.031235694885253906,18039.0,0.2988603711128235,241,1
SLIM*SIG1,676053df-1802-11f0-8423-54a95b9ec813,auction,4,308,0.29117029905319214,0.03126168251037598,18161.0,0.2988603711128235,241,1
SLIM*SIG1,676053df-1802-11f0-8423-54a95b9ec813,auction,4,309,0.29117029905319214,0.0216524600982666,18541.0,0.2988603711128235,241,1
SLIM*SIG1,676053df-1802-11f0-8423-54a95b9ec813,auction,4,310,0.29117029905319214,0.03136301040649414,19268.0,0.2988603711128235,241,1
SLIM*SIG1,676053df-1802-11f0-8423-54a95b9ec813,auction,4,311,0.29117029905319214,0.015619754791259766,19079.0,0.2988603711128235,241,1
SLIM*SIG1,676053df-1802-11f0-8423-54a95b9ec813,auction,4,312,0.2910992503166199,0.015627622604370117,19790.0,0.29890090227127075,241,1
SLIM*SIG1,676053df-1802-11f0-8423-54a95b9ec813,auction,4,313,0.2910992503166199,0.03134608268737793,19935.0,0.29890090227127075,241,1
SLIM*SIG1,676053df-1802-11f0-8423-54a95b9ec813,auction,4,314,0.2910992503166199,0.040003061294555664,20088.0,0.29890090227127075,241,1
SLIM*SIG1,676053df-1802-11f0-8423-54a95b9ec813,auction,4,315,0.29001638293266296,0.04688143730163574,19787.0,0.2983187139034271,228,1
SLIM*SIG1,676053df-1802-11f0-8423-54a95b9ec813,auction,4,316,0.29001638293266296,0.07263302803039551,20153.0,0.2983187139034271,228,1
SLIM*SIG1,676053df-1802-11f0-8423-54a95b9ec813,auction,4,317,0.28996407985687256,0.03125119209289551,20313.0,0.29800766706466675,211,1
SLIM*SIG1,676053df-1802-11f0-8423-54a95b9ec813,auction,4,318,0.28996407985687256,0.015724897384643555,19801.0,0.29800766706466675,211,1
SLIM*SIG1,676053df-1802-11f0-8423-54a95b9ec813,auction,4,319,0.28996407985687256,0.03289914131164551,19392.0,0.29800766706466675,211,1
SLIM*SIG1,676053df-1802-11f0-8423-54a95b9ec813,auction,4,320,0.28996407985687256,0.03125357627868652,19353.0,0.29800766706466675,211,1
SLIM*SIG1,676053df-1802-11f0-8423-54a95b9ec813,auction,4,321,0.28996407985687256,0.01553797721862793,19294.0,0.29800766706466675,211,1
SLIM*SIG1,676053df-1802-11f0-8423-54a95b9ec813,auction,4,322,0.28996407985687256,0.03706097602844238,19289.0,0.29800766706466675,211,1
SLIM*SIG1,676053df-1802-11f0-8423-54a95b9ec813,auction,4,323,0.28996407985687256,0.015508174896240234,19015.0,0.29800766706466675,211,1
SLIM*SIG1,676053df-1802-11f0-8423-54a95b9ec813,auction,4,324,0.28996407985687256,0.031358957290649414,18853.0,0.29800766706466675,211,1
SLIM*SIG1,676053df-1802-11f0-8423-54a95b9ec813,auction,4,325,0.28996407985687256,0.031151533126831055,18458.0,0.29800766706466675,211,1
SLIM*SIG1,676053df-1802-11f0-8423-54a95b9ec813,auction,4,326,0.28996407985687256,0.02230215072631836,18870.0,0.29800766706466675,211,1
SLIM*SIG1,676053df-1802-11f0-8423-54a95b9ec813,auction,4,327,0.28996407985687256,0.015613794326782227,19115.0,0.29800766706466675,211,1
SLIM*SIG1,676053df-1802-11f0-8423-54a95b9ec813,auction,4,328,0.28996407985687256,0.03126049041748047,18615.0,0.29800766706466675,211,1
SLIM*SIG1,676053df-1802-11f0-8423-54a95b9ec813,auction,4,329,0.28996407985687256,0.015621662139892578,18668.0,0.29800766706466675,211,1
SLIM*SIG1,676053df-1802-11f0-8423-54a95b9ec813,auction,4,330,0.28996407985687256,0.03765368461608887,18552.0,0.29800766706466675,211,1
SLIM*SIG1,676053df-1802-11f0-8423-54a95b9ec813,auction,4,331,0.28996407985687256,0.015727996826171875,18498.0,0.29800766706466675,211,1
SLIM*SIG1,676053df-1802-11f0-8423-54a95b9ec813,auction,4,332,0.28996407985687256,0.031260013580322266,18567.0,0.29800766706466675,211,1
SLIM*SIG1,676053df-1802-11f0-8423-54a95b9ec813,auction,4,333,0.28996407985687256,0.015513896942138672,18912.0,0.29800766706466675,211,1
SLIM*SIG1,676053df-1802-11f0-8423-54a95b9ec813,auction,4,334,0.28996407985687256,0.015723466873168945,19346.0,0.29800766706466675,211,1
SLIM*SIG1,676053df-1802-11f0-8423-54a95b9ec813,auction,4,335,0.28996407985687256,0.03115248680114746,18885.0,0.29800766706466675,211,1
SLIM*SIG1,676053df-1802-11f0-8423-54a95b9ec813,auction,4,336,0.28996407985687256,0.023871183395385742,18879.0,0.29800766706466675,211,1
SLIM*SIG1,676053df-1802-11f0-8423-54a95b9ec813,auction,4,337,0.289866179227829,0.015630483627319336,19229.0,0.2974396347999573,224,1
SLIM*SIG1,676053df-1802-11f0-8423-54a95b9ec813,auction,4,338,0.289866179227829,0.031142473220825195,18683.0,0.2974396347999573,224,1
SLIM*SIG1,676053df-1802-11f0-8423-54a95b9ec813,auction,4,339,0.289866179227829,0.057220458984375,18119.0,0.2974396347999573,224,1
SLIM*SIG1,676053df-1802-11f0-8423-54a95b9ec813,auction,4,340,0.289866179227829,0.11256647109985352,17491.0,0.2974396347999573,224,1
SLIM*SIG1,676053df-1802-11f0-8423-54a95b9ec813,auction,4,341,0.289866179227829,0.031145095825195312,17819.0,0.2974396347999573,224,1
SLIM*SIG1,676053df-1802-11f0-8423-54a95b9ec813,auction,4,342,0.289866179227829,0.031357765197753906,17776.0,0.2974396347999573,224,1
SLIM*SIG1,676053df-1802-11f0-8423-54a95b9ec813,auction,4,343,0.289866179227829,0.019974708557128906,17866.0,0.2974396347999573,224,1
SLIM*SIG1,676053df-1802-11f0-8423-54a95b9ec813,auction,4,344,0.289866179227829,0.031249523162841797,18505.0,0.2974396347999573,224,1
SLIM*SIG1,676053df-1802-11f0-8423-54a95b9ec813,auction,4,345,0.289866179227829,0.03135228157043457,18864.0,0.2974396347999573,224,1
SLIM*SIG1,676053df-1802-11f0-8423-54a95b9ec813,auction,4,346,0.289866179227829,0.03114771842956543,19637.0,0.2974396347999573,224,1
SLIM*SIG1,676053df-1802-11f0-8423-54a95b9ec813,auction,4,347,0.289866179227829,0.09112834930419922,20017.0,0.2974396347999573,224,1
SLIM*SIG1,676053df-1802-11f0-8423-54a95b9ec813,auction,4,348,0.289866179227829,0.0320744514465332,19467.0,0.2974396347999573,224,1
SLIM*SIG1,676053df-1802-11f0-8423-54a95b9ec813,auction,4,349,0.28984901309013367,0.03119635581970215,19339.0,0.29759275913238525,237,1
SLIM*SIG1,676053df-1802-11f0-8423-54a95b9ec813,auction,4,350,0.28972384333610535,0.03403306007385254,19219.0,0.29737383127212524,252,1
SLIM*SIG1,676053df-1802-11f0-8423-54a95b9ec813,auction,4,351,0.28972384333610535,0.03421807289123535,19092.0,0.29737383127212524,252,1
SLIM*SIG1,676053df-1802-11f0-8423-54a95b9ec813,auction,4,352,0.28972384333610535,0.03701949119567871,18773.0,0.29737383127212524,252,1
SLIM*SIG1,676053df-1802-11f0-8423-54a95b9ec813,auction,4,353,0.28972384333610535,0.032068490982055664,18716.0,0.29737383127212524,252,1
SLIM*SIG1,676053df-1802-11f0-8423-54a95b9ec813,auction,4,354,0.28972384333610535,0.027053117752075195,18616.0,0.29737383127212524,252,1
SLIM*SIG1,676053df-1802-11f0-8423-54a95b9ec813,auction,4,355,0.28972384333610535,0.03134942054748535,18134.0,0.29737383127212524,252,1
SLIM*SIG1,676053df-1802-11f0-8423-54a95b9ec813,auction,4,356,0.28972384333610535,0.031195878982543945,17587.0,0.29737383127212524,252,1
SLIM*SIG1,676053df-1802-11f0-8423-54a95b9ec813,auction,4,357,0.28972384333610535,0.031238317489624023,17524.0,0.29737383127212524,252,1
SLIM*SIG1,676053df-1802-11f0-8423-54a95b9ec813,auction,4,358,0.2894343435764313,0.02158331871032715,17037.0,0.2973586320877075,265,1
SLIM*SIG1,676053df-1802-11f0-8423-54a95b9ec813,auction,4,359,0.28936949372291565,0.03131866455078125,17327.0,0.29724472761154175,252,1
SLIM*SIG1,676053df-1802-11f0-8423-54a95b9ec813,auction,4,360,0.2893555462360382,0.031144380569458008,17021.0,0.2971823215484619,237,1
SLIM*SIG1,676053df-1802-11f0-8423-54a95b9ec813,auction,4,361,0.2893555462360382,0.046874046325683594,17806.0,0.2971823215484619,237,1
SLIM*SIG1,676053df-1802-11f0-8423-54a95b9ec813,auction,4,362,0.2893555462360382,0.0389251708984375,17890.0,0.2971823215484619,237,1
SLIM*SIG1,676053df-1802-11f0-8423-54a95b9ec813,auction,4,363,0.2893555462360382,0.03134608268737793,18992.0,0.2971823215484619,237,1
SLIM*SIG1,676053df-1802-11f0-8423-54a95b9ec813,auction,4,364,0.2893555462360382,0.033693552017211914,20058.0,0.2971823215484619,237,1
SLIM*SIG1,676053df-1802-11f0-8423-54a95b9ec813,auction,4,365,0.2893555462360382,0.01573920249938965,20332.0,0.2971823215484619,237,1
SLIM*SIG1,676053df-1802-11f0-8423-54a95b9ec813,auction,4,366,0.2893555462360382,0.03114628791809082,20522.0,0.2971823215484619,237,1
SLIM*SIG1,676053df-1802-11f0-8423-54a95b9ec813,auction,4,367,0.2893555462360382,0.0312502384185791,20120.0,0.2971823215484619,237,1
SLIM*SIG1,676053df-1802-11f0-8423-54a95b9ec813,auction,4,368,0.2893555462360382,0.038065433502197266,20444.0,0.2971823215484619,237,1
SLIM*SIG1,676053df-1802-11f0-8423-54a95b9ec813,auction,4,369,0.2893555462360382,0.03125476837158203,20532.0,0.2971823215484619,237,1
SLIM*SIG1,676053df-1802-11f0-8423-54a95b9ec813,auction,4,370,0.2893555462360382,0.015529632568359375,20345.0,0.2971823215484619,237,1
SLIM*SIG1,676053df-1802-11f0-8423-54a95b9ec813,auction,4,371,0.2893555462360382,0.038089752197265625,20034.0,0.2971823215484619,237,1
SLIM*SIG1,676053df-1802-11f0-8423-54a95b9ec813,auction,4,372,0.2893555462360382,0.031354665756225586,19748.0,0.2971823215484619,237,1
SLIM*SIG1,676053df-1802-11f0-8423-54a95b9ec813,auction,4,373,0.2893555462360382,0.03115987777709961,19774.0,0.2971823215484619,237,1
SLIM*SIG1,676053df-1802-11f0-8423-54a95b9ec813,auction,4,374,0.2893555462360382,0.015716552734375,19723.0,0.2971823215484619,237,1
SLIM*SIG1,676053df-1802-11f0-8423-54a95b9ec813,auction,4,375,0.2893555462360382,0.0369112491607666,19784.0,0.2971823215484619,237,1
SLIM*SIG1,676053df-1802-11f0-8423-54a95b9ec813,auction,4,376,0.2891105115413666,0.0312502384185791,19633.0,0.2973308563232422,250,1
SLIM*SIG1,676053df-1802-11f0-8423-54a95b9ec813,auction,4,377,0.2891105115413666,0.015531778335571289,19644.0,0.2973308563232422,250,1
SLIM*SIG1,676053df-1802-11f0-8423-54a95b9ec813,auction,4,378,0.2891105115413666,0.036429643630981445,19475.0,0.2973308563232422,250,1
SLIM*SIG1,676053df-1802-11f0-8423-54a95b9ec813,auction,4,379,0.2891105115413666,0.015621662139892578,20424.0,0.2973308563232422,250,1
SLIM*SIG1,676053df-1802-11f0-8423-54a95b9ec813,auction,4,380,0.2891105115413666,0.03136420249938965,20430.0,0.2973308563232422,250,1
SLIM*SIG1,676053df-1802-11f0-8423-54a95b9ec813,auction,4,381,0.2891105115413666,0.015527009963989258,20772.0,0.2973308563232422,250,1
SLIM*SIG1,676053df-1802-11f0-8423-54a95b9ec813,auction,4,382,0.2891105115413666,0.031355857849121094,20048.0,0.2973308563232422,250,1
SLIM*SIG1,676053df-1802-11f0-8423-54a95b9ec813,auction,4,383,0.2891105115413666,0.0372774600982666,19450.0,0.2973308563232422,250,1
SLIM*SIG1,676053df-1802-11f0-8423-54a95b9ec813,auction,4,384,0.2891105115413666,0.018021583557128906,19387.0,0.2973308563232422,250,1
SLIM*SIG1,676053df-1802-11f0-8423-54a95b9ec813,auction,4,385,0.2891105115413666,0.04677748680114746,19445.0,0.2973308563232422,250,1
SLIM*SIG1,676053df-1802-11f0-8423-54a95b9ec813,auction,4,386,0.2891105115413666,0.05479025840759277,19564.0,0.2973308563232422,250,1
SLIM*SIG1,676053df-1802-11f0-8423-54a95b9ec813,auction,4,387,0.28836512565612793,0.031248807907104492,19372.0,0.296444296836853,263,1
SLIM*SIG1,676053df-1802-11f0-8423-54a95b9ec813,auction,4,388,0.28836512565612793,0.03127741813659668,19311.0,0.296444296836853,263,1
SLIM*SIG1,676053df-1802-11f0-8423-54a95b9ec813,auction,4,389,0.28836512565612793,0.035781145095825195,19469.0,0.296444296836853,263,1
SLIM*SIG1,676053df-1802-11f0-8423-54a95b9ec813,auction,4,390,0.28836512565612793,0.06963682174682617,19519.0,0.296444296836853,263,1
SLIM*SIG1,676053df-1802-11f0-8423-54a95b9ec813,auction,4,391,0.28836512565612793,0.031284332275390625,19709.0,0.296444296836853,263,1
SLIM*SIG1,676053df-1802-11f0-8423-54a95b9ec813,auction,4,392,0.28836512565612793,0.046875,20292.0,0.296444296836853,263,1
SLIM*SIG1,676053df-1802-11f0-8423-54a95b9ec813,auction,4,393,0.28829020261764526,0.03921055793762207,20970.0,0.29632604122161865,237,1
SLIM*SIG1,676053df-1802-11f0-8423-54a95b9ec813,auction,4,394,0.28829020261764526,0.0468747615814209,22490.0,0.29632604122161865,237,1
SLIM*SIG1,676053df-1802-11f0-8423-54a95b9ec813,auction,4,395,0.28829020261764526,0.06804275512695312,22074.0,0.29632604122161865,237,1
SLIM*SIG1,676053df-1802-11f0-8423-54a95b9ec813,auction,4,396,0.28829020261764526,0.08826589584350586,23088.0,0.29632604122161865,237,1
SLIM*SIG1,676053df-1802-11f0-8423-54a95b9ec813,auction,4,397,0.28823769092559814,0.07812619209289551,23263.0,0.29694855213165283,224,1
SLIM*SIG1,676053df-1802-11f0-8423-54a95b9ec813,auction,4,398,0.28823769092559814,0.08462166786193848,23358.0,0.29694855213165283,224,1
SLIM*SIG1,676053df-1802-11f0-8423-54a95b9ec813,auction,4,399,0.28823769092559814,0.07045769691467285,23369.0,0.29694855213165283,224,1
SLIM*SIG1,676053df-1802-11f0-8423-54a95b9ec813,auction,4,400,0.28823769092559814,0.06923770904541016,22836.0,0.29694855213165283,224,1
SLIM*SIG1,676053df-1802-11f0-8423-54a95b9ec813,auction,4,401,0.28823769092559814,0.09745359420776367,22258.0,0.29694855213165283,224,1
SLIM*SIG1,676053df-1802-11f0-8423-54a95b9ec813,auction,4,402,0.28823769092559814,0.031255483627319336,21455.0,0.29694855213165283,224,1
SLIM*SIG1,676053df-1802-11f0-8423-54a95b9ec813,auction,4,403,0.28823769092559814,0.03833770751953125,20482.0,0.29694855213165283,224,1
SLIM*SIG1,676053df-1802-11f0-8423-54a95b9ec813,auction,4,404,0.28823769092559814,0.03334856033325195,20235.0,0.29694855213165283,224,1
SLIM*SIG1,676053df-1802-11f0-8423-54a95b9ec813,auction,4,405,0.28823769092559814,0.0400233268737793,20371.0,0.29694855213165283,224,1
SLIM*SIG1,676053df-1802-11f0-8423-54a95b9ec813,auction,4,406,0.28823769092559814,0.04195451736450195,19846.0,0.29694855213165283,224,1
SLIM*SIG1,676053df-1802-11f0-8423-54a95b9ec813,auction,4,407,0.28823769092559814,0.06016039848327637,19880.0,0.29694855213165283,224,1
SLIM*SIG1,676053df-1802-11f0-8423-54a95b9ec813,auction,4,408,0.28823769092559814,0.06525516510009766,19312.0,0.29694855213165283,224,1
SLIM*SIG1,676053df-1802-11f0-8423-54a95b9ec813,auction,4,409,0.2882223129272461,0.0781254768371582,18930.0,0.2969643771648407,237,1
SLIM*SIG1,676053df-1802-11f0-8423-54a95b9ec813,auction,4,410,0.2882223129272461,0.055625200271606445,18282.0,0.2969643771648407,237,1
SLIM*SIG1,676053df-1802-11f0-8423-54a95b9ec813,auction,4,411,0.2879754304885864,0.031247854232788086,18829.0,0.29680773615837097,250,1
SLIM*SIG1,676053df-1802-11f0-8423-54a95b9ec813,auction,4,412,0.2879754304885864,0.035228729248046875,19038.0,0.29680773615837097,250,1
SLIM*SIG1,676053df-1802-11f0-8423-54a95b9ec813,auction,4,413,0.2879754304885864,0.03128862380981445,19576.0,0.29680773615837097,250,1
SLIM*SIG1,676053df-1802-11f0-8423-54a95b9ec813,auction,4,414,0.2879754304885864,0.015595436096191406,19659.0,0.29680773615837097,250,1
SLIM*SIG1,676053df-1802-11f0-8423-54a95b9ec813,auction,4,415,0.2879754304885864,0.03125166893005371,20298.0,0.29680773615837097,250,1
SLIM*SIG1,676053df-1802-11f0-8423-54a95b9ec813,auction,4,416,0.2879754304885864,0.03680229187011719,20575.0,0.29680773615837097,250,1
SLIM*SIG1,676053df-1802-11f0-8423-54a95b9ec813,auction,4,417,0.2879754304885864,0.04684162139892578,20618.0,0.29680773615837097,250,1
SLIM*SIG1,676053df-1802-11f0-8423-54a95b9ec813,auction,4,418,0.2879754304885864,0.07339882850646973,20564.0,0.29680773615837097,250,1
SLIM*SIG1,676053df-1802-11f0-8423-54a95b9ec813,auction,4,419,0.2879754304885864,0.0625,21513.0,0.29680773615837097,250,1
SLIM*SIG1,676053df-1802-11f0-8423-54a95b9ec813,auction,4,420,0.28790584206581116,0.07088351249694824,21796.0,0.29672500491142273,237,1
SLIM*SIG1,676053df-1802-11f0-8423-54a95b9ec813,auction,4,421,0.28790584206581116,0.08209013938903809,21760.0,0.29672500491142273,237,1
SLIM*SIG1,676053df-1802-11f0-8423-54a95b9ec813,auction,4,422,0.28790584206581116,0.046875953674316406,21710.0,0.29672500491142273,237,1
SLIM*SIG1,676053df-1802-11f0-8423-54a95b9ec813,auction,4,423,0.28790584206581116,0.08512711524963379,21465.0,0.29672500491142273,237,1
SLIM*SIG1,676053df-1802-11f0-8423-54a95b9ec813,auction,4,424,0.28790584206581116,0.07002997398376465,21484.0,0.29672500491142273,237,1
SLIM*SIG1,676053df-1802-11f0-8423-54a95b9ec813,auction,4,425,0.28790584206581116,0.06799149513244629,21603.0,0.29672500491142273,237,1
SLIM*SIG1,676053df-1802-11f0-8423-54a95b9ec813,auction,4,426,0.28790584206581116,0.07801365852355957,20979.0,0.29672500491142273,237,1
SLIM*SIG1,676053df-1802-11f0-8423-54a95b9ec813,auction,4,427,0.28790584206581116,0.03284144401550293,21182.0,0.29672500491142273,237,1
SLIM*SIG1,676053df-1802-11f0-8423-54a95b9ec813,auction,4,428,0.28790584206581116,0.06534266471862793,21727.0,0.29672500491142273,237,1
SLIM*SIG1,676053df-1802-11f0-8423-54a95b9ec813,auction,4,429,0.28790584206581116,0.054532766342163086,21265.0,0.29672500491142273,237,1
SLIM*SIG1,676053df-1802-11f0-8423-54a95b9ec813,auction,4,430,0.28790584206581116,0.0312192440032959,21988.0,0.29672500491142273,237,1
SLIM*SIG1,676053df-1802-11f0-8423-54a95b9ec813,auction,4,431,0.28790584206581116,0.05365562438964844,22274.0,0.29672500491142273,237,1
SLIM*SIG1,676053df-1802-11f0-8423-54a95b9ec813,auction,4,432,0.28790584206581116,0.07697105407714844,21897.0,0.29672500491142273,237,1
SLIM*SIG1,676053df-1802-11f0-8423-54a95b9ec813,auction,4,433,0.28790584206581116,0.05366206169128418,21068.0,0.29672500491142273,237,1
SLIM*SIG1,676053df-1802-11f0-8423-54a95b9ec813,auction,4,434,0.28790584206581116,0.053029537200927734,21218.0,0.29672500491142273,237,1
SLIM*SIG1,676053df-1802-11f0-8423-54a95b9ec813,auction,4,435,0.28790584206581116,0.0624997615814209,21005.0,0.29672500491142273,237,1
SLIM*SIG1,676053df-1802-11f0-8423-54a95b9ec813,auction,4,436,0.28790584206581116,0.03341221809387207,20758.0,0.29672500491142273,237,1
SLIM*SIG1,676053df-1802-11f0-8423-54a95b9ec813,auction,4,437,0.28790584206581116,0.015665531158447266,21295.0,0.29672500491142273,237,1
SLIM*SIG1,676053df-1802-11f0-8423-54a95b9ec813,auction,4,438,0.28790584206581116,0.015711307525634766,20927.0,0.29672500491142273,237,1
SLIM*SIG1,676053df-1802-11f0-8423-54a95b9ec813,auction,4,439,0.28790584206581116,0.03736519813537598,20825.0,0.29672500491142273,237,1
SLIM*SIG1,676053df-1802-11f0-8423-54a95b9ec813,auction,4,440,0.28790584206581116,0.031158447265625,20221.0,0.29672500491142273,237,1
SLIM*SIG1,676053df-1802-11f0-8423-54a95b9ec813,auction,4,441,0.28790584206581116,0.062499284744262695,19613.0,0.29672500491142273,237,1
SLIM*SIG1,676053df-1802-11f0-8423-54a95b9ec813,auction,4,442,0.28775012493133545,0.015725374221801758,19327.0,0.2967667579650879,250,1
SLIM*SIG1,676053df-1802-11f0-8423-54a95b9ec813,auction,4,443,0.28775012493133545,0.03806018829345703,19918.0,0.2967667579650879,250,1
SLIM*SIG1,676053df-1802-11f0-8423-54a95b9ec813,auction,4,444,0.28775012493133545,0.04687356948852539,20156.0,0.2967667579650879,250,1
SLIM*SIG1,676053df-1802-11f0-8423-54a95b9ec813,auction,4,445,0.28775012493133545,0.06121373176574707,19482.0,0.2967667579650879,250,1
SLIM*SIG1,676053df-1802-11f0-8423-54a95b9ec813,auction,4,446,0.2877415716648102,0.03778839111328125,19506.0,0.29715436697006226,263,1
SLIM*SIG1,676053df-1802-11f0-8423-54a95b9ec813,auction,4,447,0.2877415716648102,0.04805350303649902,19712.0,0.29715436697006226,263,1
SLIM*SIG1,676053df-1802-11f0-8423-54a95b9ec813,auction,4,448,0.2877415716648102,0.09294414520263672,20436.0,0.29715436697006226,263,1
SLIM*SIG1,676053df-1802-11f0-8423-54a95b9ec813,auction,4,449,0.2877415716648102,0.0931248664855957,20676.0,0.29715436697006226,263,1
SLIM*SIG1,676053df-1802-11f0-8423-54a95b9ec813,auction,4,450,0.2877415716648102,0.07812356948852539,20904.0,0.29715436697006226,263,1
SLIM*SIG1,676053df-1802-11f0-8423-54a95b9ec813,auction,4,451,0.2877415716648102,0.08885383605957031,20643.0,0.29715436697006226,263,1
SLIM*SIG1,676053df-1802-11f0-8423-54a95b9ec813,auction,4,452,0.2877415716648102,0.052763938903808594,19798.0,0.29715436697006226,263,1
SLIM*SIG1,676053df-1802-11f0-8423-54a95b9ec813,auction,4,453,0.2877415716648102,0.04687047004699707,20187.0,0.29715436697006226,263,1
SLIM*SIG1,676053df-1802-11f0-8423-54a95b9ec813,auction,4,454,0.2877415716648102,0.06803369522094727,20334.0,0.29715436697006226,263,1
SLIM*SIG1,676053df-1802-11f0-8423-54a95b9ec813,auction,4,455,0.2877415716648102,0.046877384185791016,20292.0,0.29715436697006226,263,1
SLIM*SIG1,676053df-1802-11f0-8423-54a95b9ec813,auction,4,456,0.2877415716648102,0.05612659454345703,20609.0,0.29715436697006226,263,1
SLIM*SIG1,676053df-1802-11f0-8423-54a95b9ec813,auction,4,457,0.2877415716648102,0.06250357627868652,20576.0,0.29715436697006226,263,1
SLIM*SIG1,676053df-1802-11f0-8423-54a95b9ec813,auction,4,458,0.2877415716648102,0.09960770606994629,21881.0,0.29715436697006226,263,1
SLIM*SIG1,676053df-1802-11f0-8423-54a95b9ec813,auction,4,459,0.2877415716648102,0.06991004943847656,22600.0,0.29715436697006226,263,1
SLIM*SIG1,676053df-1802-11f0-8423-54a95b9ec813,auction,4,460,0.2877415716648102,0.06652474403381348,22464.0,0.29715436697006226,263,1
SLIM*SIG1,676053df-1802-11f0-8423-54a95b9ec813,auction,4,461,0.2877415716648102,0.06249833106994629,22132.0,0.29715436697006226,263,1
SLIM*SIG1,676053df-1802-11f0-8423-54a95b9ec813,auction,4,462,0.2877415716648102,0.07101202011108398,22315.0,0.29715436697006226,263,1
SLIM*SIG1,676053df-1802-11f0-8423-54a95b9ec813,auction,4,463,0.2877415716648102,0.0819404125213623,22545.0,0.29715436697006226,263,1
SLIM*SIG1,676053df-1802-11f0-8423-54a95b9ec813,auction,4,464,0.2877415716648102,0.08057928085327148,21492.0,0.29715436697006226,263,1
SLIM*SIG1,676053df-1802-11f0-8423-54a95b9ec813,auction,4,465,0.2877415716648102,0.05502200126647949,21738.0,0.29715436697006226,263,1
SLIM*SIG1,676053df-1802-11f0-8423-54a95b9ec813,auction,4,466,0.2877415716648102,0.08432960510253906,21365.0,0.29715436697006226,263,1
SLIM*SIG1,676053df-1802-11f0-8423-54a95b9ec813,auction,4,467,0.2877415716648102,0.08512258529663086,21773.0,0.29715436697006226,263,1
SLIM*SIG1,676053df-1802-11f0-8423-54a95b9ec813,auction,4,468,0.2877415716648102,0.09337282180786133,21757.0,0.29715436697006226,263,1
SLIM*SIG1,676053df-1802-11f0-8423-54a95b9ec813,auction,4,469,0.2877415716648102,0.0824120044708252,21616.0,0.29715436697006226,263,1
SLIM*SIG1,676053df-1802-11f0-8423-54a95b9ec813,auction,4,470,0.2877415716648102,0.06827712059020996,21598.0,0.29715436697006226,263,1
SLIM*SIG1,676053df-1802-11f0-8423-54a95b9ec813,auction,4,471,0.2877415716648102,0.0836954116821289,22367.0,0.29715436697006226,263,1
SLIM*SIG1,676053df-1802-11f0-8423-54a95b9ec813,auction,4,472,0.2877415716648102,0.062497854232788086,22427.0,0.29715436697006226,263,1
SLIM*SIG1,676053df-1802-11f0-8423-54a95b9ec813,auction,4,473,0.2877415716648102,0.0695638656616211,22420.0,0.29715436697006226,263,1
SLIM*SIG1,676053df-1802-11f0-8423-54a95b9ec813,auction,4,474,0.2877415716648102,0.06336402893066406,22551.0,0.29715436697006226,263,1
SLIM*SIG1,676053df-1802-11f0-8423-54a95b9ec813,auction,4,475,0.2877415716648102,0.053488969802856445,22744.0,0.29715436697006226,263,1
SLIM*SIG1,676053df-1802-11f0-8423-54a95b9ec813,auction,4,476,0.2877415716648102,0.03951740264892578,22356.0,0.29715436697006226,263,1
SLIM*SIG1,676053df-1802-11f0-8423-54a95b9ec813,auction,4,477,0.2877415716648102,0.038326263427734375,22111.0,0.29715436697006226,263,1
SLIM*SIG1,676053df-1802-11f0-8423-54a95b9ec813,auction,4,478,0.2877415716648102,0.04504680633544922,22304.0,0.29715436697006226,263,1
SLIM*SIG1,676053df-1802-11f0-8423-54a95b9ec813,auction,4,479,0.2877415716648102,0.0751194953918457,21812.0,0.29715436697006226,263,1
SLIM*SIG1,676053df-1802-11f0-8423-54a95b9ec813,auction,4,480,0.2877415716648102,0.02980351448059082,21741.0,0.29715436697006226,263,1
SLIM*SIG1,676053df-1802-11f0-8423-54a95b9ec813,auction,4,481,0.2877415716648102,0.03213310241699219,21069.0,0.29715436697006226,263,1
SLIM*SIG1,676053df-1802-11f0-8423-54a95b9ec813,auction,4,482,0.2877415716648102,0.03126072883605957,20948.0,0.29715436697006226,263,1
SLIM*SIG1,676053df-1802-11f0-8423-54a95b9ec813,auction,4,483,0.2877415716648102,0.054450035095214844,20775.0,0.29715436697006226,263,1
SLIM*SIG1,676053df-1802-11f0-8423-54a95b9ec813,auction,4,484,0.2877415716648102,0.046883344650268555,20820.0,0.29715436697006226,263,1
SLIM*SIG1,676053df-1802-11f0-8423-54a95b9ec813,auction,4,485,0.2877415716648102,0.029483795166015625,20627.0,0.29715436697006226,263,1
SLIM*SIG1,676053df-1802-11f0-8423-54a95b9ec813,auction,4,486,0.2877415716648102,0.05281400680541992,21364.0,0.29715436697006226,263,1
SLIM*SIG1,676053df-1802-11f0-8423-54a95b9ec813,auction,4,487,0.2877415716648102,0.07965779304504395,21087.0,0.29715436697006226,263,1
SLIM*SIG1,676053df-1802-11f0-8423-54a95b9ec813,auction,4,488,0.2877415716648102,0.038266897201538086,21204.0,0.29715436697006226,263,1
SLIM*SIG1,676053df-1802-11f0-8423-54a95b9ec813,auction,4,489,0.2877415716648102,0.04687809944152832,21167.0,0.29715436697006226,263,1
SLIM*SIG1,676053df-1802-11f0-8423-54a95b9ec813,auction,4,490,0.2877415716648102,0.03972816467285156,21009.0,0.29715436697006226,263,1
SLIM*SIG1,676053df-1802-11f0-8423-54a95b9ec813,auction,4,491,0.2877415716648102,0.0625145435333252,21039.0,0.29715436697006226,263,1
SLIM*SIG1,676053df-1802-11f0-8423-54a95b9ec813,auction,4,492,0.2877415716648102,0.05124092102050781,21169.0,0.29715436697006226,263,1
SLIM*SIG1,676053df-1802-11f0-8423-54a95b9ec813,auction,4,493,0.2877415716648102,0.015630006790161133,21082.0,0.29715436697006226,263,1
SLIM*SIG1,676053df-1802-11f0-8423-54a95b9ec813,auction,4,494,0.2877415716648102,0.03131890296936035,20441.0,0.29715436697006226,263,1
SLIM*SIG1,676053df-1802-11f0-8423-54a95b9ec813,auction,4,495,0.2877415716648102,0.03502392768859863,19904.0,0.29715436697006226,263,1
SLIM*SIG1,676053df-1802-11f0-8423-54a95b9ec813,auction,4,496,0.2877415716648102,0.031235218048095703,19271.0,0.29715436697006226,263,1
SLIM*SIG1,676053df-1802-11f0-8423-54a95b9ec813,auction,4,497,0.2877415716648102,0.031246185302734375,20072.0,0.29715436697006226,263,1
SLIM*SIG1,676053df-1802-11f0-8423-54a95b9ec813,auction,4,498,0.2877415716648102,0.055954933166503906,20282.0,0.29715436697006226,263,1
SLIM*SIG1,676053df-1802-11f0-8423-54a95b9ec813,auction,4,499,0.2877415716648102,0.0624995231628418,20716.0,0.29715436697006226,263,1
SLIM*SIG1,676053df-1802-11f0-8423-54a95b9ec813,auction,4,500,0.2877415716648102,0.054105281829833984,21037.0,0.29715436697006226,263,1
SLIM*SIG1,676053df-1802-11f0-8423-54a95b9ec813,auction,4,501,0.2877415716648102,0.031288862228393555,21297.0,0.29715436697006226,263,1
SLIM*SIG1,676053df-1802-11f0-8423-54a95b9ec813,auction,4,502,0.2877415716648102,0.08578681945800781,20829.0,0.29715436697006226,263,1
SLIM*SIG1,676053df-1802-11f0-8423-54a95b9ec813,auction,4,503,0.2877415716648102,0.04690432548522949,21251.0,0.29715436697006226,263,1
SLIM*SIG1,676053df-1802-11f0-8423-54a95b9ec813,auction,4,504,0.2877333164215088,0.020508527755737305,21357.0,0.2970375716686249,276,1
SLIM*SIG1,676053df-1802-11f0-8423-54a95b9ec813,auction,4,505,0.28769513964653015,0.0468447208404541,21037.0,0.29663360118865967,263,1
SLIM*SIG1,676053df-1802-11f0-8423-54a95b9ec813,auction,4,506,0.28769513964653015,0.07274293899536133,21217.0,0.29663360118865967,263,1
SLIM*SIG1,676053df-1802-11f0-8423-54a95b9ec813,auction,4,507,0.28769513964653015,0.04687666893005371,20660.0,0.29663360118865967,263,1
SLIM*SIG1,676053df-1802-11f0-8423-54a95b9ec813,auction,4,508,0.28764429688453674,0.018143892288208008,20944.0,0.2964577078819275,276,1
SLIM*SIG1,676053df-1802-11f0-8423-54a95b9ec813,auction,4,509,0.28764429688453674,0.031354427337646484,21622.0,0.2964577078819275,276,1
SLIM*SIG1,676053df-1802-11f0-8423-54a95b9ec813,auction,4,510,0.28764429688453674,0.04677391052246094,21867.0,0.2964577078819275,276,1
SLIM*SIG1,676053df-1802-11f0-8423-54a95b9ec813,auction,4,511,0.28764429688453674,0.054308176040649414,21893.0,0.2964577078819275,276,1
SLIM*SIG1,676053df-1802-11f0-8423-54a95b9ec813,auction,4,512,0.28764429688453674,0.06249833106994629,22220.0,0.2964577078819275,276,1
SLIM*SIG1,676053df-1802-11f0-8423-54a95b9ec813,auction,4,513,0.28764429688453674,0.07295942306518555,21936.0,0.2964577078819275,276,1
SLIM*SIG1,676053df-1802-11f0-8423-54a95b9ec813,auction,4,514,0.28764429688453674,0.08273696899414062,22235.0,0.2964577078819275,276,1
SLIM*SIG1,676053df-1802-11f0-8423-54a95b9ec813,auction,4,515,0.28764429688453674,0.046874046325683594,22044.0,0.2964577078819275,276,1
SLIM*SIG1,676053df-1802-11f0-8423-54a95b9ec813,auction,4,516,0.28764429688453674,0.03961777687072754,22505.0,0.2964577078819275,276,1
SLIM*SIG1,676053df-1802-11f0-8423-54a95b9ec813,auction,4,517,0.28764429688453674,0.08411335945129395,22902.0,0.2964577078819275,276,1
SLIM*SIG1,676053df-1802-11f0-8423-54a95b9ec813,auction,4,518,0.28764429688453674,0.078125,22826.0,0.2964577078819275,276,1
SLIM*SIG1,676053df-1802-11f0-8423-54a95b9ec813,auction,4,519,0.28764429688453674,0.06748652458190918,24193.0,0.2964577078819275,276,1
SLIM*SIG1,676053df-1802-11f0-8423-54a95b9ec813,auction,4,520,0.28764429688453674,0.08326196670532227,24839.0,0.2964577078819275,276,1
SLIM*SIG1,676053df-1802-11f0-8423-54a95b9ec813,auction,4,521,0.28764429688453674,0.08870172500610352,24568.0,0.2964577078819275,276,1
SLIM*SIG1,676053df-1802-11f0-8423-54a95b9ec813,auction,4,522,0.28764429688453674,0.07589507102966309,25348.0,0.2964577078819275,276,1
SLIM*SIG1,676053df-1802-11f0-8423-54a95b9ec813,auction,4,523,0.28764429688453674,0.06670236587524414,26215.0,0.2964577078819275,276,1
SLIM*SIG1,676053df-1802-11f0-8423-54a95b9ec813,auction,4,524,0.28764429688453674,0.06777071952819824,26709.0,0.2964577078819275,276,1
SLIM*SIG1,676053df-1802-11f0-8423-54a95b9ec813,auction,4,525,0.28764429688453674,0.0962824821472168,27151.0,0.2964577078819275,276,1
SLIM*SIG1,676053df-1802-11f0-8423-54a95b9ec813,auction,4,526,0.28764429688453674,0.09619927406311035,27172.0,0.2964577078819275,276,1
SLIM*SIG1,676053df-1802-11f0-8423-54a95b9ec813,auction,4,527,0.2876441180706024,0.10198020935058594,26154.0,0.2964554727077484,289,1
SLIM*SIG1,676053df-1802-11f0-8423-54a95b9ec813,auction,4,528,0.2876441180706024,0.06659436225891113,25792.0,0.2964554727077484,289,1
SLIM*SIG1,676053df-1802-11f0-8423-54a95b9ec813,auction,4,529,0.2876441180706024,0.06260919570922852,25523.0,0.2964554727077484,289,1
SLIM*SIG1,676053df-1802-11f0-8423-54a95b9ec813,auction,4,530,0.2876441180706024,0.052498579025268555,26416.0,0.2964554727077484,289,1
SLIM*SIG1,676053df-1802-11f0-8423-54a95b9ec813,auction,4,531,0.2876441180706024,0.06919312477111816,26033.0,0.2964554727077484,289,1
SLIM*SIG1,676053df-1802-11f0-8423-54a95b9ec813,auction,4,532,0.2876441180706024,0.06249380111694336,25699.0,0.2964554727077484,289,1
SLIM*SIG1,676053df-1802-11f0-8423-54a95b9ec813,auction,4,533,0.2876441180706024,0.05425548553466797,24949.0,0.2964554727077484,289,1
SLIM*SIG1,676053df-1802-11f0-8423-54a95b9ec813,auction,4,534,0.2876441180706024,0.05315232276916504,24373.0,0.2964554727077484,289,1
SLIM*SIG1,676053df-1802-11f0-8423-54a95b9ec813,auction,4,535,0.2876441180706024,0.0625009536743164,24934.0,0.2964554727077484,289,1
SLIM*SIG1,676053df-1802-11f0-8423-54a95b9ec813,auction,4,536,0.2876441180706024,0.08554506301879883,24353.0,0.2964554727077484,289,1
SLIM*SIG1,676053df-1802-11f0-8423-54a95b9ec813,auction,4,537,0.2876441180706024,0.13155841827392578,24716.0,0.2964554727077484,289,1
SLIM*SIG1,676053df-1802-11f0-8423-54a95b9ec813,auction,4,538,0.2876441180706024,0.08474993705749512,24640.0,0.2964554727077484,289,1
SLIM*SIG1,676053df-1802-11f0-8423-54a95b9ec813,auction,4,539,0.2876441180706024,0.05396127700805664,24937.0,0.2964554727077484,289,1
SLIM*SIG1,676053df-1802-11f0-8423-54a95b9ec813,auction,4,540,0.2876441180706024,0.08022594451904297,24245.0,0.2964554727077484,289,1
SLIM*SIG1,676053df-1802-11f0-8423-54a95b9ec813,auction,4,541,0.2876441180706024,0.09896063804626465,24240.0,0.2964554727077484,289,1
SLIM*SIG1,676053df-1802-11f0-8423-54a95b9ec813,auction,4,542,0.2876441180706024,0.07950234413146973,23913.0,0.2964554727077484,289,1
SLIM*SIG1,676053df-1802-11f0-8423-54a95b9ec813,auction,4,543,0.2876441180706024,0.053574323654174805,24085.0,0.2964554727077484,289,1
SLIM*SIG1,676053df-1802-11f0-8423-54a95b9ec813,auction,4,544,0.2876441180706024,0.0625,24350.0,0.2964554727077484,289,1
SLIM*SIG1,676053df-1802-11f0-8423-54a95b9ec813,auction,4,545,0.2876441180706024,0.07253003120422363,24531.0,0.2964554727077484,289,1
SLIM*SIG1,676053df-1802-11f0-8423-54a95b9ec813,auction,4,546,0.2876441180706024,0.08335757255554199,25090.0,0.2964554727077484,289,1
SLIM*SIG1,676053df-1802-11f0-8423-54a95b9ec813,auction,4,547,0.2876441180706024,0.09926319122314453,25404.0,0.2964554727077484,289,1
SLIM*SIG1,676053df-1802-11f0-8423-54a95b9ec813,auction,4,548,0.2876441180706024,0.06250262260437012,25298.0,0.2964554727077484,289,1
SLIM*SIG1,676053df-1802-11f0-8423-54a95b9ec813,auction,4,549,0.2876441180706024,0.09104752540588379,24750.0,0.2964554727077484,289,1
SLIM*SIG1,676053df-1802-11f0-8423-54a95b9ec813,auction,4,550,0.2876441180706024,0.0655977725982666,24468.0,0.2964554727077484,289,1
SLIM*SIG1,676053df-1802-11f0-8423-54a95b9ec813,auction,4,551,0.2876441180706024,0.09282636642456055,24486.0,0.2964554727077484,289,1
SLIM*SIG1,676053df-1802-11f0-8423-54a95b9ec813,auction,4,552,0.2876441180706024,0.09470176696777344,24710.0,0.2964554727077484,289,1
SLIM*SIG1,676053df-1802-11f0-8423-54a95b9ec813,auction,4,553,0.2876441180706024,0.0635519027709961,23820.0,0.2964554727077484,289,1
SLIM*SIG1,676053df-1802-11f0-8423-54a95b9ec813,auction,4,554,0.2876441180706024,0.0893559455871582,23623.0,0.2964554727077484,289,1
SLIM*SIG1,676053df-1802-11f0-8423-54a95b9ec813,auction,4,555,0.2876441180706024,0.09968924522399902,23580.0,0.2964554727077484,289,1
SLIM*SIG1,676053df-1802-11f0-8423-54a95b9ec813,auction,4,556,0.2876441180706024,0.06249856948852539,24826.0,0.2964554727077484,289,1
SLIM*SIG1,676053df-1802-11f0-8423-54a95b9ec813,auction,4,557,0.2876441180706024,0.06792902946472168,25184.0,0.2964554727077484,289,1
SLIM*SIG1,676053df-1802-11f0-8423-54a95b9ec813,auction,4,558,0.2876441180706024,0.08780980110168457,25037.0,0.2964554727077484,289,1
SLIM*SIG1,676053df-1802-11f0-8423-54a95b9ec813,auction,4,559,0.2876441180706024,0.0625004768371582,24787.0,0.2964554727077484,289,1
SLIM*SIG1,676053df-1802-11f0-8423-54a95b9ec813,auction,4,560,0.2876441180706024,0.06992530822753906,24668.0,0.2964554727077484,289,1
SLIM*SIG1,676053df-1802-11f0-8423-54a95b9ec813,auction,4,561,0.2876441180706024,0.09818553924560547,24863.0,0.2964554727077484,289,1
SLIM*SIG1,676053df-1802-11f0-8423-54a95b9ec813,auction,4,562,0.2876441180706024,0.08620691299438477,25168.0,0.2964554727077484,289,1
SLIM*SIG1,676053df-1802-11f0-8423-54a95b9ec813,auction,4,563,0.2876441180706024,0.09807777404785156,24771.0,0.2964554727077484,289,1
SLIM*SIG1,676053df-1802-11f0-8423-54a95b9ec813,auction,4,564,0.2876441180706024,0.04686856269836426,25235.0,0.2964554727077484,289,1
SLIM*SIG1,676053df-1802-11f0-8423-54a95b9ec813,auction,4,565,0.2876441180706024,0.0531001091003418,25140.0,0.2964554727077484,289,1
SLIM*SIG1,676053df-1802-11f0-8423-54a95b9ec813,auction,4,566,0.2876441180706024,0.06250238418579102,24583.0,0.2964554727077484,289,1
SLIM*SIG1,676053df-1802-11f0-8423-54a95b9ec813,auction,4,567,0.2876441180706024,0.05525398254394531,24594.0,0.2964554727077484,289,1
SLIM*SIG1,676053df-1802-11f0-8423-54a95b9ec813,auction,4,568,0.2876441180706024,0.0701894760131836,24700.0,0.2964554727077484,289,1
SLIM*SIG1,676053df-1802-11f0-8423-54a95b9ec813,auction,4,569,0.2876351475715637,0.0958092212677002,24648.0,0.2966808080673218,302,1
SLIM*SIG1,676053df-1802-11f0-8423-54a95b9ec813,auction,4,570,0.2876351475715637,0.0781245231628418,24995.0,0.2966808080673218,302,1
SLIM*SIG1,676053df-1802-11f0-8423-54a95b9ec813,auction,4,571,0.2876351475715637,0.07065081596374512,24562.0,0.2966808080673218,302,1
SLIM*SIG1,676053df-1802-11f0-8423-54a95b9ec813,auction,4,572,0.2876351475715637,0.06765007972717285,24265.0,0.2966808080673218,302,1
SLIM*SIG1,676053df-1802-11f0-8423-54a95b9ec813,auction,4,573,0.2876351475715637,0.0781242847442627,24248.0,0.2966808080673218,302,1
SLIM*SIG1,676053df-1802-11f0-8423-54a95b9ec813,auction,4,574,0.2876351475715637,0.07145118713378906,23119.0,0.2966808080673218,302,1
SLIM*SIG1,676053df-1802-11f0-8423-54a95b9ec813,auction,4,575,0.2876351475715637,0.04687309265136719,23329.0,0.2966808080673218,302,1
SLIM*SIG1,676053df-1802-11f0-8423-54a95b9ec813,auction,4,576,0.28762832283973694,0.07115697860717773,23225.0,0.29671400785446167,315,1
SLIM*SIG1,676053df-1802-11f0-8423-54a95b9ec813,auction,4,577,0.28762832283973694,0.09984922409057617,22969.0,0.29671400785446167,315,1
SLIM*SIG1,676053df-1802-11f0-8423-54a95b9ec813,auction,4,578,0.28762832283973694,0.08210086822509766,22991.0,0.29671400785446167,315,1
SLIM*SIG1,676053df-1802-11f0-8423-54a95b9ec813,auction,4,579,0.28762832283973694,0.07843780517578125,22161.0,0.29671400785446167,315,1
SLIM*SIG1,676053df-1802-11f0-8423-54a95b9ec813,auction,4,580,0.28762832283973694,0.07694840431213379,23458.0,0.29671400785446167,315,1
SLIM*SIG1,676053df-1802-11f0-8423-54a95b9ec813,auction,4,581,0.28762832283973694,0.0586400032043457,23824.0,0.29671400785446167,315,1
SLIM*SIG1,676053df-1802-11f0-8423-54a95b9ec813,auction,4,582,0.28762832283973694,0.08087038993835449,24025.0,0.29671400785446167,315,1
SLIM*SIG1,676053df-1802-11f0-8423-54a95b9ec813,auction,4,583,0.28762832283973694,0.06254887580871582,25127.0,0.29671400785446167,315,1
SLIM*SIG1,676053df-1802-11f0-8423-54a95b9ec813,auction,4,584,0.28762832283973694,0.10175395011901855,25285.0,0.29671400785446167,315,1
SLIM*SIG1,676053df-1802-11f0-8423-54a95b9ec813,auction,4,585,0.28762832283973694,0.08544707298278809,25712.0,0.29671400785446167,315,1
SLIM*SIG1,676053df-1802-11f0-8423-54a95b9ec813,auction,4,586,0.28762832283973694,0.05182600021362305,26717.0,0.29671400785446167,315,1
SLIM*SIG1,676053df-1802-11f0-8423-54a95b9ec813,auction,4,587,0.28762832283973694,0.06250309944152832,27344.0,0.29671400785446167,315,1
SLIM*SIG1,676053df-1802-11f0-8423-54a95b9ec813,auction,4,588,0.28762832283973694,0.05670309066772461,27175.0,0.29671400785446167,315,1
SLIM*SIG1,676053df-1802-11f0-8423-54a95b9ec813,auction,4,589,0.28762832283973694,0.06844449043273926,27336.0,0.29671400785446167,315,1
SLIM*SIG1,676053df-1802-11f0-8423-54a95b9ec813,auction,4,590,0.2873365581035614,0.09797048568725586,27061.0,0.2957834005355835,315,1
SLIM*SIG1,676053df-1802-11f0-8423-54a95b9ec813,auction,4,591,0.28733646869659424,0.0781252384185791,26795.0,0.2957855463027954,302,1
SLIM*SIG1,676053df-1802-11f0-8423-54a95b9ec813,auction,4,592,0.28733646869659424,0.053372859954833984,26693.0,0.2957855463027954,302,1
SLIM*SIG1,676053df-1802-11f0-8423-54a95b9ec813,auction,4,593,0.28733646869659424,0.04687809944152832,26286.0,0.2957855463027954,302,1
SLIM*SIG1,676053df-1802-11f0-8423-54a95b9ec813,auction,4,594,0.28733646869659424,0.10186505317687988,26424.0,0.2957855463027954,302,1
SLIM*SIG1,676053df-1802-11f0-8423-54a95b9ec813,auction,4,595,0.28733646869659424,0.06721091270446777,26388.0,0.2957855463027954,302,1
SLIM*SIG1,676053df-1802-11f0-8423-54a95b9ec813,auction,4,596,0.28733646869659424,0.06613993644714355,26158.0,0.2957855463027954,302,1
SLIM*SIG1,676053df-1802-11f0-8423-54a95b9ec813,auction,4,597,0.28733646869659424,0.07812809944152832,26381.0,0.2957855463027954,302,1
SLIM*SIG1,676053df-1802-11f0-8423-54a95b9ec813,auction,4,598,0.28733646869659424,0.05534076690673828,25951.0,0.2957855463027954,302,1
SLIM*SIG1,676053df-1802-11f0-8423-54a95b9ec813,auction,4,599,0.28733646869659424,0.09646487236022949,25574.0,0.2957855463027954,302,1
SLIM*SIG1,676053df-1802-11f0-8423-54a95b9ec813,auction,4,600,0.28733646869659424,0.06320762634277344,25741.0,0.2957855463027954,302,1
SLIM*SIG1,676053df-1802-11f0-8423-54a95b9ec813,auction,4,601,0.28733646869659424,0.08779168128967285,25338.0,0.2957855463027954,302,1
SLIM*SIG1,676053df-1802-11f0-8423-54a95b9ec813,auction,4,602,0.28733646869659424,0.07012200355529785,24575.0,0.2957855463027954,302,1
SLIM*SIG1,676053df-1802-11f0-8423-54a95b9ec813,auction,4,603,0.28733646869659424,0.09808993339538574,24497.0,0.2957855463027954,302,1
SLIM*SIG1,676053df-1802-11f0-8423-54a95b9ec813,auction,4,604,0.28733646869659424,0.046871185302734375,25056.0,0.2957855463027954,302,1
SLIM*SIG1,676053df-1802-11f0-8423-54a95b9ec813,auction,4,605,0.28733646869659424,0.059686899185180664,25706.0,0.2957855463027954,302,1
SLIM*SIG1,676053df-1802-11f0-8423-54a95b9ec813,auction,4,606,0.28733646869659424,0.07813549041748047,25838.0,0.2957855463027954,302,1
SLIM*SIG1,676053df-1802-11f0-8423-54a95b9ec813,auction,4,607,0.28733646869659424,0.04083657264709473,25784.0,0.2957855463027954,302,1
SLIM*SIG1,676053df-1802-11f0-8423-54a95b9ec813,auction,4,608,0.28733646869659424,0.06858515739440918,25435.0,0.2957855463027954,302,1
SLIM*SIG1,676053df-1802-11f0-8423-54a95b9ec813,auction,4,609,0.28731605410575867,0.07348489761352539,26319.0,0.2958768308162689,315,1
SLIM*SIG1,676053df-1802-11f0-8423-54a95b9ec813,auction,4,610,0.28727397322654724,0.0637977123260498,25970.0,0.29587051272392273,328,1
SLIM*SIG1,676053df-1802-11f0-8423-54a95b9ec813,auction,4,611,0.28727397322654724,0.10460829734802246,26930.0,0.29587051272392273,328,1
SLIM*SIG1,676053df-1802-11f0-8423-54a95b9ec813,auction,4,612,0.28727397322654724,0.08464884757995605,27383.0,0.29587051272392273,328,1
SLIM*SIG1,676053df-1802-11f0-8423-54a95b9ec813,auction,4,613,0.28727397322654724,0.09364509582519531,27487.0,0.29587051272392273,328,1
SLIM*SIG1,676053df-1802-11f0-8423-54a95b9ec813,auction,4,614,0.28727397322654724,0.08244991302490234,27459.0,0.29587051272392273,328,1
SLIM*SIG1,676053df-1802-11f0-8423-54a95b9ec813,auction,4,615,0.28727397322654724,0.1020956039428711,27251.0,0.29587051272392273,328,1
SLIM*SIG1,676053df-1802-11f0-8423-54a95b9ec813,auction,4,616,0.28727397322654724,0.07003664970397949,27134.0,0.29587051272392273,328,1
SLIM*SIG1,676053df-1802-11f0-8423-54a95b9ec813,auction,4,617,0.28727397322654724,0.06865811347961426,26848.0,0.29587051272392273,328,1
SLIM*SIG1,676053df-1802-11f0-8423-54a95b9ec813,auction,4,618,0.28727397322654724,0.07813215255737305,26102.0,0.29587051272392273,328,1
SLIM*SIG1,676053df-1802-11f0-8423-54a95b9ec813,auction,4,619,0.28727397322654724,0.09916329383850098,25790.0,0.29587051272392273,328,1
SLIM*SIG1,676053df-1802-11f0-8423-54a95b9ec813,auction,4,620,0.28727397322654724,0.05512094497680664,26010.0,0.29587051272392273,328,1
SLIM*SIG1,676053df-1802-11f0-8423-54a95b9ec813,auction,4,621,0.28727397322654724,0.08267402648925781,26263.0,0.29587051272392273,328,1
SLIM*SIG1,676053df-1802-11f0-8423-54a95b9ec813,auction,4,622,0.28727397322654724,0.0781257152557373,26377.0,0.29587051272392273,328,1
SLIM*SIG1,676053df-1802-11f0-8423-54a95b9ec813,auction,4,623,0.28727397322654724,0.07114887237548828,26619.0,0.29587051272392273,328,1
SLIM*SIG1,676053df-1802-11f0-8423-54a95b9ec813,auction,4,624,0.28727397322654724,0.05162382125854492,26599.0,0.29587051272392273,328,1
SLIM*SIG1,676053df-1802-11f0-8423-54a95b9ec813,auction,4,625,0.28727397322654724,0.08176493644714355,26642.0,0.29587051272392273,328,1
SLIM*SIG1,676053df-1802-11f0-8423-54a95b9ec813,auction,4,626,0.28727397322654724,0.07812738418579102,25847.0,0.29587051272392273,328,1
SLIM*SIG1,676053df-1802-11f0-8423-54a95b9ec813,auction,4,627,0.28727397322654724,0.07304978370666504,25460.0,0.29587051272392273,328,1
SLIM*SIG1,676053df-1802-11f0-8423-54a95b9ec813,auction,4,628,0.28727397322654724,0.06249642372131348,24657.0,0.29587051272392273,328,1
SLIM*SIG1,676053df-1802-11f0-8423-54a95b9ec813,auction,4,629,0.28727397322654724,0.08317399024963379,26145.0,0.29587051272392273,328,1
SLIM*SIG1,676053df-1802-11f0-8423-54a95b9ec813,auction,4,630,0.28727397322654724,0.05354118347167969,26872.0,0.29587051272392273,328,1
SLIM*SIG1,676053df-1802-11f0-8423-54a95b9ec813,auction,4,631,0.28727397322654724,0.07675743103027344,27105.0,0.29587051272392273,328,1
SLIM*SIG1,676053df-1802-11f0-8423-54a95b9ec813,auction,4,632,0.28727397322654724,0.06780886650085449,27825.0,0.29587051272392273,328,1
SLIM*SIG1,676053df-1802-11f0-8423-54a95b9ec813,auction,4,633,0.28716257214546204,0.08263826370239258,27864.0,0.295592337846756,341,1
SLIM*SIG1,676053df-1802-11f0-8423-54a95b9ec813,auction,4,634,0.28716257214546204,0.10507392883300781,27866.0,0.295592337846756,341,1
SLIM*SIG1,676053df-1802-11f0-8423-54a95b9ec813,auction,4,635,0.28716257214546204,0.10001730918884277,26767.0,0.295592337846756,341,1
SLIM*SIG1,676053df-1802-11f0-8423-54a95b9ec813,auction,4,636,0.28716257214546204,0.11264395713806152,26581.0,0.295592337846756,341,1
SLIM*SIG1,676053df-1802-11f0-8423-54a95b9ec813,auction,4,637,0.28716257214546204,0.09620952606201172,26206.0,0.295592337846756,341,1
SLIM*SIG1,676053df-1802-11f0-8423-54a95b9ec813,auction,4,638,0.28716257214546204,0.08126664161682129,26206.0,0.295592337846756,341,1
SLIM*SIG1,676053df-1802-11f0-8423-54a95b9ec813,auction,4,639,0.28716257214546204,0.06871747970581055,26297.0,0.295592337846756,341,1
SLIM*SIG1,676053df-1802-11f0-8423-54a95b9ec813,auction,4,640,0.28716257214546204,0.08147168159484863,26485.0,0.295592337846756,341,1
SLIM*SIG1,676053df-1802-11f0-8423-54a95b9ec813,auction,4,641,0.28716257214546204,0.06250119209289551,27311.0,0.295592337846756,341,1
SLIM*SIG1,676053df-1802-11f0-8423-54a95b9ec813,auction,4,642,0.28716257214546204,0.0846555233001709,27851.0,0.295592337846756,341,1
SLIM*SIG1,676053df-1802-11f0-8423-54a95b9ec813,auction,4,643,0.28716257214546204,0.058490753173828125,28486.0,0.295592337846756,341,1
SLIM*SIG1,676053df-1802-11f0-8423-54a95b9ec813,auction,4,644,0.28716257214546204,0.08064842224121094,28150.0,0.295592337846756,341,1
SLIM*SIG1,676053df-1802-11f0-8423-54a95b9ec813,auction,4,645,0.28716257214546204,0.0625009536743164,27914.0,0.295592337846756,341,1
SLIM*SIG1,676053df-1802-11f0-8423-54a95b9ec813,auction,4,646,0.28716257214546204,0.05399918556213379,27994.0,0.295592337846756,341,1
SLIM*SIG1,676053df-1802-11f0-8423-54a95b9ec813,auction,4,647,0.28716257214546204,0.06689238548278809,28386.0,0.295592337846756,341,1
SLIM*SIG1,676053df-1802-11f0-8423-54a95b9ec813,auction,4,648,0.28716257214546204,0.0793616771697998,28026.0,0.295592337846756,341,1
SLIM*SIG1,676053df-1802-11f0-8423-54a95b9ec813,auction,4,649,0.28716257214546204,0.0837559700012207,28488.0,0.295592337846756,341,1
SLIM*SIG1,676053df-1802-11f0-8423-54a95b9ec813,auction,4,650,0.28716257214546204,0.08625602722167969,29123.0,0.295592337846756,341,1
SLIM*SIG1,676053df-1802-11f0-8423-54a95b9ec813,auction,4,651,0.28716257214546204,0.09893918037414551,28642.0,0.295592337846756,341,1
SLIM*SIG1,676053df-1802-11f0-8423-54a95b9ec813,auction,4,652,0.28716257214546204,0.08630776405334473,28683.0,0.295592337846756,341,1
SLIM*SIG1,676053df-1802-11f0-8423-54a95b9ec813,auction,4,653,0.28716257214546204,0.07812714576721191,28624.0,0.295592337846756,341,1
SLIM*SIG1,676053df-1802-11f0-8423-54a95b9ec813,auction,4,654,0.28716257214546204,0.06913971900939941,28222.0,0.295592337846756,341,1
SLIM*SIG1,676053df-1802-11f0-8423-54a95b9ec813,auction,4,655,0.28716257214546204,0.06917548179626465,28731.0,0.295592337846756,341,1
SLIM*SIG1,676053df-1802-11f0-8423-54a95b9ec813,auction,4,656,0.28716257214546204,0.0781247615814209,28578.0,0.295592337846756,341,1
SLIM*SIG1,676053df-1802-11f0-8423-54a95b9ec813,auction,4,657,0.28716257214546204,0.08845257759094238,29531.0,0.295592337846756,341,1
SLIM*SIG1,676053df-1802-11f0-8423-54a95b9ec813,auction,4,658,0.28716257214546204,0.07813119888305664,30069.0,0.295592337846756,341,1
SLIM*SIG1,676053df-1802-11f0-8423-54a95b9ec813,auction,4,659,0.28716257214546204,0.06792068481445312,30143.0,0.295592337846756,341,1
SLIM*SIG1,676053df-1802-11f0-8423-54a95b9ec813,auction,4,660,0.28716257214546204,0.0861654281616211,29711.0,0.295592337846756,341,1
SLIM*SIG1,676053df-1802-11f0-8423-54a95b9ec813,auction,4,661,0.28716257214546204,0.06250691413879395,29657.0,0.295592337846756,341,1
SLIM*SIG1,676053df-1802-11f0-8423-54a95b9ec813,auction,4,662,0.28716257214546204,0.05371689796447754,29561.0,0.295592337846756,341,1
SLIM*SIG1,676053df-1802-11f0-8423-54a95b9ec813,auction,4,663,0.28716257214546204,0.06861138343811035,29328.0,0.295592337846756,341,1
SLIM*SIG1,676053df-1802-11f0-8423-54a95b9ec813,auction,4,664,0.28716257214546204,0.06306648254394531,28962.0,0.295592337846756,341,1
SLIM*SIG1,676053df-1802-11f0-8423-54a95b9ec813,auction,4,665,0.28716257214546204,0.08653140068054199,28661.0,0.295592337846756,341,1
SLIM*SIG1,676053df-1802-11f0-8423-54a95b9ec813,auction,4,666,0.28716257214546204,0.08793878555297852,28635.0,0.295592337846756,341,1
SLIM*SIG1,676053df-1802-11f0-8423-54a95b9ec813,auction,4,667,0.28716257214546204,0.06795787811279297,28895.0,0.295592337846756,341,1
SLIM*SIG1,676053df-1802-11f0-8423-54a95b9ec813,auction,4,668,0.28716257214546204,0.0541989803314209,29038.0,0.295592337846756,341,1
SLIM*SIG1,676053df-1802-11f0-8423-54a95b9ec813,auction,4,669,0.28716257214546204,0.09966397285461426,29253.0,0.295592337846756,341,1
SLIM*SIG1,676053df-1802-11f0-8423-54a95b9ec813,auction,4,670,0.28716257214546204,0.09979104995727539,29853.0,0.295592337846756,341,1
SLIM*SIG1,676053df-1802-11f0-8423-54a95b9ec813,auction,4,671,0.28716257214546204,0.0684349536895752,30206.0,0.295592337846756,341,1
SLIM*SIG1,676053df-1802-11f0-8423-54a95b9ec813,auction,4,672,0.28716257214546204,0.07812690734863281,30108.0,0.295592337846756,341,1
SLIM*SIG1,676053df-1802-11f0-8423-54a95b9ec813,auction,4,673,0.28716257214546204,0.06789207458496094,30052.0,0.295592337846756,341,1
SLIM*SIG1,676053df-1802-11f0-8423-54a95b9ec813,auction,4,674,0.28716257214546204,0.07074642181396484,29506.0,0.295592337846756,341,1
SLIM*SIG1,676053df-1802-11f0-8423-54a95b9ec813,auction,4,675,0.28716257214546204,0.07812738418579102,29142.0,0.295592337846756,341,1
SLIM*SIG1,676053df-1802-11f0-8423-54a95b9ec813,auction,4,676,0.28716257214546204,0.11533498764038086,29267.0,0.295592337846756,341,1
SLIM*SIG1,676053df-1802-11f0-8423-54a95b9ec813,auction,4,677,0.28716257214546204,0.06710338592529297,29291.0,0.295592337846756,341,1
SLIM*SIG1,676053df-1802-11f0-8423-54a95b9ec813,auction,4,678,0.28716257214546204,0.08615922927856445,29999.0,0.295592337846756,341,1
SLIM*SIG1,676053df-1802-11f0-8423-54a95b9ec813,auction,4,679,0.28716257214546204,0.08378076553344727,30056.0,0.295592337846756,341,1
SLIM*SIG1,676053df-1802-11f0-8423-54a95b9ec813,auction,4,680,0.28716257214546204,0.0781240463256836,30147.0,0.295592337846756,341,1
SLIM*SIG1,676053df-1802-11f0-8423-54a95b9ec813,auction,4,681,0.28716257214546204,0.08634161949157715,31355.0,0.295592337846756,341,1
SLIM*SIG1,676053df-1802-11f0-8423-54a95b9ec813,auction,4,682,0.28716257214546204,0.0534975528717041,31513.0,0.295592337846756,341,1
SLIM*SIG1,676053df-1802-11f0-8423-54a95b9ec813,auction,4,683,0.28716257214546204,0.0811617374420166,31768.0,0.295592337846756,341,1
SLIM*SIG1,676053df-1802-11f0-8423-54a95b9ec813,auction,4,684,0.28716257214546204,0.09805464744567871,31021.0,0.295592337846756,341,1
SLIM*SIG1,676053df-1802-11f0-8423-54a95b9ec813,auction,4,685,0.28716257214546204,0.09397435188293457,30924.0,0.295592337846756,341,1
SLIM*SIG1,676053df-1802-11f0-8423-54a95b9ec813,auction,4,686,0.28716257214546204,0.10159730911254883,30813.0,0.295592337846756,341,1
SLIM*SIG1,676053df-1802-11f0-8423-54a95b9ec813,auction,4,687,0.28716257214546204,0.0648193359375,31296.0,0.295592337846756,341,1
SLIM*SIG1,676053df-1802-11f0-8423-54a95b9ec813,auction,4,688,0.28716257214546204,0.08126592636108398,30528.0,0.295592337846756,341,1
SLIM*SIG1,676053df-1802-11f0-8423-54a95b9ec813,auction,4,689,0.28716257214546204,0.08822441101074219,30597.0,0.295592337846756,341,1
SLIM*SIG1,676053df-1802-11f0-8423-54a95b9ec813,auction,4,690,0.28716257214546204,0.09911966323852539,30659.0,0.295592337846756,341,1
SLIM*SIG1,676053df-1802-11f0-8423-54a95b9ec813,auction,4,691,0.28716257214546204,0.09813737869262695,31409.0,0.295592337846756,341,1
SLIM*SIG1,676053df-1802-11f0-8423-54a95b9ec813,auction,4,692,0.28716257214546204,0.0748147964477539,31060.0,0.295592337846756,341,1
SLIM*SIG1,676053df-1802-11f0-8423-54a95b9ec813,auction,4,693,0.28716257214546204,0.08270025253295898,31177.0,0.295592337846756,341,1
SLIM*SIG1,676053df-1802-11f0-8423-54a95b9ec813,auction,4,694,0.28716257214546204,0.07245302200317383,31409.0,0.295592337846756,341,1
SLIM*SIG1,676053df-1802-11f0-8423-54a95b9ec813,auction,4,695,0.28716257214546204,0.07813453674316406,30444.0,0.295592337846756,341,1
SLIM*SIG1,676053df-1802-11f0-8423-54a95b9ec813,auction,4,696,0.28716257214546204,0.08454036712646484,30634.0,0.295592337846756,341,1
SLIM*SIG1,676053df-1802-11f0-8423-54a95b9ec813,auction,4,697,0.28716257214546204,0.0687415599822998,29956.0,0.295592337846756,341,1
SLIM*SIG1,676053df-1802-11f0-8423-54a95b9ec813,auction,4,698,0.28716257214546204,0.06914234161376953,28963.0,0.295592337846756,341,1
SLIM*SIG1,676053df-1802-11f0-8423-54a95b9ec813,auction,4,699,0.28716257214546204,0.046869516372680664,28874.0,0.295592337846756,341,1
SLIM*SIG1,676053df-1802-11f0-8423-54a95b9ec813,auction,4,700,0.28716257214546204,0.08335757255554199,28236.0,0.295592337846756,341,1
SLIM*SIG1,676053df-1802-11f0-8423-54a95b9ec813,auction,4,701,0.28716257214546204,0.06250238418579102,27822.0,0.295592337846756,341,1
SLIM*SIG1,676053df-1802-11f0-8423-54a95b9ec813,auction,4,702,0.28716257214546204,0.08781981468200684,27495.0,0.295592337846756,341,1
SLIM*SIG1,676053df-1802-11f0-8423-54a95b9ec813,auction,4,703,0.28716257214546204,0.09375143051147461,27076.0,0.295592337846756,341,1
SLIM*SIG1,676053df-1802-11f0-8423-54a95b9ec813,auction,4,704,0.28716257214546204,0.05825662612915039,27586.0,0.295592337846756,341,1
SLIM*SIG1,676053df-1802-11f0-8423-54a95b9ec813,auction,4,705,0.28716257214546204,0.05300164222717285,28360.0,0.295592337846756,341,1
SLIM*SIG1,676053df-1802-11f0-8423-54a95b9ec813,auction,4,706,0.28716257214546204,0.07812666893005371,28654.0,0.295592337846756,341,1
SLIM*SIG1,676053df-1802-11f0-8423-54a95b9ec813,auction,4,707,0.28716257214546204,0.08527398109436035,28591.0,0.295592337846756,341,1
SLIM*SIG1,676053df-1802-11f0-8423-54a95b9ec813,auction,4,708,0.28716257214546204,0.08435344696044922,29017.0,0.295592337846756,341,1
SLIM*SIG1,676053df-1802-11f0-8423-54a95b9ec813,auction,4,709,0.28716257214546204,0.11504673957824707,29819.0,0.295592337846756,341,1
SLIM*SIG1,676053df-1802-11f0-8423-54a95b9ec813,auction,4,710,0.28716257214546204,0.10183262825012207,29839.0,0.295592337846756,341,1
SLIM*SIG1,676053df-1802-11f0-8423-54a95b9ec813,auction,4,711,0.28716257214546204,0.04687213897705078,29646.0,0.295592337846756,341,1
SLIM*SIG1,676053df-1802-11f0-8423-54a95b9ec813,auction,4,712,0.28716257214546204,0.07035136222839355,29704.0,0.295592337846756,341,1
SLIM*SIG1,676053df-1802-11f0-8423-54a95b9ec813,auction,4,713,0.28716257214546204,0.08344459533691406,29492.0,0.295592337846756,341,1
SLIM*SIG1,676053df-1802-11f0-8423-54a95b9ec813,auction,4,714,0.28716257214546204,0.06463193893432617,29449.0,0.295592337846756,341,1
SLIM*SIG1,676053df-1802-11f0-8423-54a95b9ec813,auction,4,715,0.28716257214546204,0.0987699031829834,28679.0,0.295592337846756,341,1
SLIM*SIG1,676053df-1802-11f0-8423-54a95b9ec813,auction,4,716,0.28716257214546204,0.08099126815795898,28925.0,0.295592337846756,341,1
SLIM*SIG1,676053df-1802-11f0-8423-54a95b9ec813,auction,4,717,0.28716257214546204,0.08272957801818848,28829.0,0.295592337846756,341,1
SLIM*SIG1,676053df-1802-11f0-8423-54a95b9ec813,auction,4,718,0.28716257214546204,0.0732872486114502,29081.0,0.295592337846756,341,1
SLIM*SIG1,676053df-1802-11f0-8423-54a95b9ec813,auction,4,719,0.28716257214546204,0.06250119209289551,28798.0,0.295592337846756,341,1
SLIM*SIG1,676053df-1802-11f0-8423-54a95b9ec813,auction,4,720,0.28716257214546204,0.09015107154846191,28796.0,0.295592337846756,341,1
SLIM*SIG1,676053df-1802-11f0-8423-54a95b9ec813,auction,4,721,0.28716257214546204,0.0761117935180664,28263.0,0.295592337846756,341,1
SLIM*SIG1,676053df-1802-11f0-8423-54a95b9ec813,auction,4,722,0.28716257214546204,0.06854820251464844,28159.0,0.295592337846756,341,1
SLIM*SIG1,676053df-1802-11f0-8423-54a95b9ec813,auction,4,723,0.28716257214546204,0.09998202323913574,27912.0,0.295592337846756,341,1
SLIM*SIG1,676053df-1802-11f0-8423-54a95b9ec813,auction,4,724,0.28716257214546204,0.07271075248718262,27784.0,0.295592337846756,341,1
SLIM*SIG1,676053df-1802-11f0-8423-54a95b9ec813,auction,4,725,0.28716257214546204,0.16582250595092773,28860.0,0.295592337846756,341,1
SLIM*SIG1,676053df-1802-11f0-8423-54a95b9ec813,auction,4,726,0.28716257214546204,0.06248831748962402,28832.0,0.295592337846756,341,1
SLIM*SIG1,676053df-1802-11f0-8423-54a95b9ec813,auction,4,727,0.28716257214546204,0.07816624641418457,29985.0,0.295592337846756,341,1
SLIM*SIG1,676053df-1802-11f0-8423-54a95b9ec813,auction,4,728,0.28716257214546204,0.09309744834899902,29471.0,0.295592337846756,341,1
SLIM*SIG1,676053df-1802-11f0-8423-54a95b9ec813,auction,4,729,0.28716257214546204,0.08955907821655273,29768.0,0.295592337846756,341,1
SLIM*SIG1,676053df-1802-11f0-8423-54a95b9ec813,auction,4,730,0.28716257214546204,0.08571267127990723,30788.0,0.295592337846756,341,1
SLIM*SIG1,676053df-1802-11f0-8423-54a95b9ec813,auction,4,731,0.28716257214546204,0.08696937561035156,31162.0,0.295592337846756,341,1
SLIM*SIG1,676053df-1802-11f0-8423-54a95b9ec813,auction,4,732,0.28716257214546204,0.11522722244262695,31702.0,0.295592337846756,341,1
SLIM*SIG1,676053df-1802-11f0-8423-54a95b9ec813,auction,4,733,0.28716257214546204,0.08350729942321777,31503.0,0.295592337846756,341,1
SLIM*SIG1,676053df-1802-11f0-8423-54a95b9ec813,auction,4,734,0.28716257214546204,0.07812643051147461,31735.0,0.295592337846756,341,1
SLIM*SIG1,676053df-1802-11f0-8423-54a95b9ec813,auction,4,735,0.28716257214546204,0.06566953659057617,31791.0,0.295592337846756,341,1
SLIM*SIG1,676053df-1802-11f0-8423-54a95b9ec813,auction,4,736,0.28716257214546204,0.06250429153442383,32613.0,0.295592337846756,341,1
SLIM*SIG1,676053df-1802-11f0-8423-54a95b9ec813,auction,4,737,0.28716257214546204,0.058403968811035156,32635.0,0.295592337846756,341,1
SLIM*SIG1,676053df-1802-11f0-8423-54a95b9ec813,auction,4,738,0.28716257214546204,0.06569933891296387,32533.0,0.295592337846756,341,1
SLIM*SIG1,676053df-1802-11f0-8423-54a95b9ec813,auction,4,739,0.28716257214546204,0.07801938056945801,32979.0,0.295592337846756,341,1
SLIM*SIG1,676053df-1802-11f0-8423-54a95b9ec813,auction,4,740,0.28716257214546204,0.09992456436157227,32427.0,0.295592337846756,341,1
SLIM*SIG1,676053df-1802-11f0-8423-54a95b9ec813,auction,4,741,0.28716257214546204,0.1005103588104248,31900.0,0.295592337846756,341,1
SLIM*SIG1,676053df-1802-11f0-8423-54a95b9ec813,auction,4,742,0.28716257214546204,0.08495688438415527,31294.0,0.295592337846756,341,1
SLIM*SIG1,676053df-1802-11f0-8423-54a95b9ec813,auction,4,743,0.28716257214546204,0.06509232521057129,31103.0,0.295592337846756,341,1
SLIM*SIG1,676053df-1802-11f0-8423-54a95b9ec813,auction,4,744,0.28716257214546204,0.08123540878295898,30384.0,0.295592337846756,341,1
SLIM*SIG1,676053df-1802-11f0-8423-54a95b9ec813,auction,4,745,0.28716257214546204,0.06773686408996582,30447.0,0.295592337846756,341,1
SLIM*SIG1,676053df-1802-11f0-8423-54a95b9ec813,auction,4,746,0.28716257214546204,0.06746029853820801,29812.0,0.295592337846756,341,1
SLIM*SIG1,676053df-1802-11f0-8423-54a95b9ec813,auction,4,747,0.28716257214546204,0.10091137886047363,30033.0,0.295592337846756,341,1
SLIM*SIG1,676053df-1802-11f0-8423-54a95b9ec813,auction,4,748,0.28716257214546204,0.09540414810180664,29008.0,0.295592337846756,341,1
SLIM*SIG1,676053df-1802-11f0-8423-54a95b9ec813,auction,4,749,0.28716257214546204,0.06191587448120117,29118.0,0.295592337846756,341,1
SLIM*SIG1,676053df-1802-11f0-8423-54a95b9ec813,auction,4,750,0.28716257214546204,0.09966850280761719,28570.0,0.295592337846756,341,1
SLIM*SIG1,676053df-1802-11f0-8423-54a95b9ec813,auction,4,751,0.28716257214546204,0.06871652603149414,28225.0,0.295592337846756,341,1
SLIM*SIG1,676053df-1802-11f0-8423-54a95b9ec813,auction,4,752,0.28716257214546204,0.08437466621398926,28170.0,0.295592337846756,341,1
SLIM*SIG1,676053df-1802-11f0-8423-54a95b9ec813,auction,4,753,0.28716257214546204,0.06250381469726562,27971.0,0.295592337846756,341,1
SLIM*SIG1,676053df-1802-11f0-8423-54a95b9ec813,auction,4,754,0.28716257214546204,0.08716130256652832,28419.0,0.295592337846756,341,1
SLIM*SIG1,676053df-1802-11f0-8423-54a95b9ec813,auction,4,755,0.28716257214546204,0.06856656074523926,28761.0,0.295592337846756,341,1
SLIM*SIG1,676053df-1802-11f0-8423-54a95b9ec813,auction,4,756,0.28716257214546204,0.06705403327941895,28825.0,0.295592337846756,341,1
SLIM*SIG1,676053df-1802-11f0-8423-54a95b9ec813,auction,4,757,0.28716257214546204,0.06250119209289551,28984.0,0.295592337846756,341,1
SLIM*SIG1,676053df-1802-11f0-8423-54a95b9ec813,auction,4,758,0.28716257214546204,0.08291220664978027,29042.0,0.295592337846756,341,1
SLIM*SIG1,676053df-1802-11f0-8423-54a95b9ec813,auction,4,759,0.28716257214546204,0.07011556625366211,28564.0,0.295592337846756,341,1
SLIM*SIG1,676053df-1802-11f0-8423-54a95b9ec813,auction,4,760,0.28716257214546204,0.04686474800109863,28752.0,0.295592337846756,341,1
SLIM*SIG1,676053df-1802-11f0-8423-54a95b9ec813,auction,4,761,0.28716257214546204,0.10127115249633789,28364.0,0.295592337846756,341,1
SLIM*SIG1,676053df-1802-11f0-8423-54a95b9ec813,auction,4,762,0.28716257214546204,0.08568644523620605,28524.0,0.295592337846756,341,1
SLIM*SIG1,676053df-1802-11f0-8423-54a95b9ec813,auction,4,763,0.28716257214546204,0.09697651863098145,28408.0,0.295592337846756,341,1
SLIM*SIG1,676053df-1802-11f0-8423-54a95b9ec813,auction,4,764,0.28716257214546204,0.08632421493530273,28023.0,0.295592337846756,341,1
SLIM*SIG1,676053df-1802-11f0-8423-54a95b9ec813,auction,4,765,0.28716257214546204,0.08524465560913086,28630.0,0.295592337846756,341,1
SLIM*SIG1,676053df-1802-11f0-8423-54a95b9ec813,auction,4,766,0.28716257214546204,0.09833931922912598,28253.0,0.295592337846756,341,1
SLIM*SIG1,676053df-1802-11f0-8423-54a95b9ec813,auction,4,767,0.28716257214546204,0.1036221981048584,28320.0,0.295592337846756,341,1
SLIM*SIG1,676053df-1802-11f0-8423-54a95b9ec813,auction,4,768,0.28716257214546204,0.07812786102294922,28289.0,0.295592337846756,341,1
SLIM*SIG1,676053df-1802-11f0-8423-54a95b9ec813,auction,4,769,0.28716257214546204,0.11297965049743652,28067.0,0.295592337846756,341,1
SLIM*SIG1,676053df-1802-11f0-8423-54a95b9ec813,auction,4,770,0.28716257214546204,0.08478140830993652,28416.0,0.295592337846756,341,1
SLIM*SIG1,676053df-1802-11f0-8423-54a95b9ec813,auction,4,771,0.28716257214546204,0.06619453430175781,28579.0,0.295592337846756,341,1
SLIM*SIG1,676053df-1802-11f0-8423-54a95b9ec813,auction,4,772,0.28716257214546204,0.06250357627868652,28592.0,0.295592337846756,341,1
SLIM*SIG1,676053df-1802-11f0-8423-54a95b9ec813,auction,4,773,0.28716257214546204,0.0775306224822998,28593.0,0.295592337846756,341,1
SLIM*SIG1,676053df-1802-11f0-8423-54a95b9ec813,auction,4,774,0.28716257214546204,0.06659984588623047,27925.0,0.295592337846756,341,1
SLIM*SIG1,676053df-1802-11f0-8423-54a95b9ec813,auction,4,775,0.28716257214546204,0.06744074821472168,27590.0,0.295592337846756,341,1
SLIM*SIG1,676053df-1802-11f0-8423-54a95b9ec813,auction,4,776,0.28716257214546204,0.07158994674682617,27707.0,0.295592337846756,341,1
SLIM*SIG1,676053df-1802-11f0-8423-54a95b9ec813,auction,4,777,0.28716257214546204,0.11353874206542969,27909.0,0.295592337846756,341,1
SLIM*SIG1,676053df-1802-11f0-8423-54a95b9ec813,auction,4,778,0.28715619444847107,0.08504962921142578,27773.0,0.2956192195415497,354,1
SLIM*SIG1,676053df-1802-11f0-8423-54a95b9ec813,auction,4,779,0.28715619444847107,0.06863784790039062,27742.0,0.2956192195415497,354,1
SLIM*SIG1,676053df-1802-11f0-8423-54a95b9ec813,auction,4,780,0.28715619444847107,0.08849883079528809,27062.0,0.2956192195415497,354,1
SLIM*SIG1,676053df-1802-11f0-8423-54a95b9ec813,auction,4,781,0.28715619444847107,0.062497615814208984,26932.0,0.2956192195415497,354,1
SLIM*SIG1,676053df-1802-11f0-8423-54a95b9ec813,auction,4,782,0.28715619444847107,0.06795907020568848,27233.0,0.2956192195415497,354,1
SLIM*SIG1,676053df-1802-11f0-8423-54a95b9ec813,auction,4,783,0.286964476108551,0.0625009536743164,27190.0,0.29547637701034546,354,1
SLIM*SIG1,676053df-1802-11f0-8423-54a95b9ec813,auction,4,784,0.286964476108551,0.052805423736572266,27526.0,0.29547637701034546,354,1
SLIM*SIG1,676053df-1802-11f0-8423-54a95b9ec813,auction,4,785,0.286964476108551,0.06845855712890625,27643.0,0.29547637701034546,354,1
SLIM*SIG1,676053df-1802-11f0-8423-54a95b9ec813,auction,4,786,0.286964476108551,0.06381416320800781,28243.0,0.29547637701034546,354,1
SLIM*SIG1,676053df-1802-11f0-8423-54a95b9ec813,auction,4,787,0.286964476108551,0.08266544342041016,29248.0,0.29547637701034546,354,1
SLIM*SIG1,676053df-1802-11f0-8423-54a95b9ec813,auction,4,788,0.286964476108551,0.10178637504577637,29594.0,0.29547637701034546,354,1
SLIM*SIG1,676053df-1802-11f0-8423-54a95b9ec813,auction,4,789,0.286964476108551,0.0998697280883789,30443.0,0.29547637701034546,354,1
SLIM*SIG1,676053df-1802-11f0-8423-54a95b9ec813,auction,4,790,0.286964476108551,0.10155200958251953,30480.0,0.29547637701034546,354,1
SLIM*SIG1,676053df-1802-11f0-8423-54a95b9ec813,auction,4,791,0.286964476108551,0.0835103988647461,29999.0,0.29547637701034546,354,1
SLIM*SIG1,676053df-1802-11f0-8423-54a95b9ec813,auction,4,792,0.286964476108551,0.06251096725463867,29755.0,0.29547637701034546,354,1
SLIM*SIG1,676053df-1802-11f0-8423-54a95b9ec813,auction,4,793,0.286964476108551,0.06960034370422363,29937.0,0.29547637701034546,354,1
SLIM*SIG1,676053df-1802-11f0-8423-54a95b9ec813,auction,4,794,0.286964476108551,0.08394956588745117,30535.0,0.29547637701034546,354,1
SLIM*SIG1,676053df-1802-11f0-8423-54a95b9ec813,auction,4,795,0.286964476108551,0.07800936698913574,30275.0,0.29547637701034546,354,1
SLIM*SIG1,676053df-1802-11f0-8423-54a95b9ec813,auction,4,796,0.286964476108551,0.05017209053039551,29998.0,0.29547637701034546,354,1
SLIM*SIG1,676053df-1802-11f0-8423-54a95b9ec813,auction,4,797,0.286964476108551,0.06250309944152832,30165.0,0.29547637701034546,354,1
SLIM*SIG1,676053df-1802-11f0-8423-54a95b9ec813,auction,4,798,0.286964476108551,0.05691337585449219,29922.0,0.29547637701034546,354,1
SLIM*SIG1,676053df-1802-11f0-8423-54a95b9ec813,auction,4,799,0.286964476108551,0.08364462852478027,29599.0,0.29547637701034546,354,1
SLIM*SIG1,676053df-1802-11f0-8423-54a95b9ec813,auction,4,800,0.286964476108551,0.06250882148742676,29735.0,0.29547637701034546,354,1
SLIM*SIG1,676053df-1802-11f0-8423-54a95b9ec813,auction,4,801,0.286964476108551,0.09910154342651367,29157.0,0.29547637701034546,354,1
SLIM*SIG1,676053df-1802-11f0-8423-54a95b9ec813,auction,4,802,0.286964476108551,0.10629773139953613,29612.0,0.29547637701034546,354,1
SLIM*SIG1,676053df-1802-11f0-8423-54a95b9ec813,auction,4,803,0.286964476108551,0.08198094367980957,29552.0,0.29547637701034546,354,1
SLIM*SIG1,676053df-1802-11f0-8423-54a95b9ec813,auction,4,804,0.286964476108551,0.07365274429321289,29264.0,0.29547637701034546,354,1
SLIM*SIG1,676053df-1802-11f0-8423-54a95b9ec813,auction,4,805,0.286964476108551,0.08582282066345215,30202.0,0.29547637701034546,354,1
SLIM*SIG1,676053df-1802-11f0-8423-54a95b9ec813,auction,4,806,0.286964476108551,0.10660195350646973,30321.0,0.29547637701034546,354,1
SLIM*SIG1,676053df-1802-11f0-8423-54a95b9ec813,auction,4,807,0.286964476108551,0.06250452995300293,30698.0,0.29547637701034546,354,1
SLIM*SIG1,676053df-1802-11f0-8423-54a95b9ec813,auction,4,808,0.286964476108551,0.06651759147644043,31658.0,0.29547637701034546,354,1
SLIM*SIG1,676053df-1802-11f0-8423-54a95b9ec813,auction,4,809,0.286964476108551,0.06550955772399902,31864.0,0.29547637701034546,354,1
SLIM*SIG1,676053df-1802-11f0-8423-54a95b9ec813,auction,4,810,0.286964476108551,0.08292198181152344,31164.0,0.29547637701034546,354,1
SLIM*SIG1,676053df-1802-11f0-8423-54a95b9ec813,auction,4,811,0.286964476108551,0.07812833786010742,30594.0,0.29547637701034546,354,1
SLIM*SIG1,676053df-1802-11f0-8423-54a95b9ec813,auction,4,812,0.286964476108551,0.0732126235961914,30483.0,0.29547637701034546,354,1
SLIM*SIG1,676053df-1802-11f0-8423-54a95b9ec813,auction,4,813,0.2869388163089752,0.06250452995300293,30580.0,0.29395484924316406,354,1
SLIM*SIG1,676053df-1802-11f0-8423-54a95b9ec813,auction,4,814,0.2869388163089752,0.07811856269836426,31197.0,0.29395484924316406,354,1
SLIM*SIG1,676053df-1802-11f0-8423-54a95b9ec813,auction,4,815,0.2869388163089752,0.08963131904602051,30192.0,0.29395484924316406,354,1
SLIM*SIG1,676053df-1802-11f0-8423-54a95b9ec813,auction,4,816,0.2869388163089752,0.11130356788635254,30396.0,0.29395484924316406,354,1
SLIM*SIG1,676053df-1802-11f0-8423-54a95b9ec813,auction,4,817,0.2869388163089752,0.05639505386352539,30442.0,0.29395484924316406,354,1
SLIM*SIG1,676053df-1802-11f0-8423-54a95b9ec813,auction,4,818,0.28654399514198303,0.0781247615814209,29243.0,0.29354938864707947,328,1
SLIM*SIG1,676053df-1802-11f0-8423-54a95b9ec813,auction,4,819,0.28654399514198303,0.057549238204956055,29226.0,0.29354938864707947,328,1
SLIM*SIG1,676053df-1802-11f0-8423-54a95b9ec813,auction,4,820,0.28654399514198303,0.08351588249206543,28716.0,0.29354938864707947,328,1
SLIM*SIG1,676053df-1802-11f0-8423-54a95b9ec813,auction,4,821,0.28654399514198303,0.062499284744262695,28833.0,0.29354938864707947,328,1
SLIM*SIG1,676053df-1802-11f0-8423-54a95b9ec813,auction,4,822,0.28654399514198303,0.0532071590423584,28512.0,0.29354938864707947,328,1
SLIM*SIG1,676053df-1802-11f0-8423-54a95b9ec813,auction,4,823,0.28654399514198303,0.06249833106994629,28238.0,0.29354938864707947,328,1
SLIM*SIG1,676053df-1802-11f0-8423-54a95b9ec813,auction,4,824,0.28654399514198303,0.10164642333984375,28268.0,0.29354938864707947,328,1
SLIM*SIG1,676053df-1802-11f0-8423-54a95b9ec813,auction,4,825,0.28654399514198303,0.07102704048156738,28071.0,0.29354938864707947,328,1
SLIM*SIG1,676053df-1802-11f0-8423-54a95b9ec813,auction,4,826,0.28654399514198303,0.08217334747314453,27590.0,0.29354938864707947,328,1
SLIM*SIG1,676053df-1802-11f0-8423-54a95b9ec813,auction,4,827,0.28654399514198303,0.08275604248046875,27723.0,0.29354938864707947,328,1
SLIM*SIG1,676053df-1802-11f0-8423-54a95b9ec813,auction,4,828,0.28654399514198303,0.07913732528686523,28252.0,0.29354938864707947,328,1
SLIM*SIG1,676053df-1802-11f0-8423-54a95b9ec813,auction,4,829,0.28654399514198303,0.08605837821960449,29182.0,0.29354938864707947,328,1
SLIM*SIG1,676053df-1802-11f0-8423-54a95b9ec813,auction,4,830,0.28654399514198303,0.08028602600097656,28973.0,0.29354938864707947,328,1
SLIM*SIG1,676053df-1802-11f0-8423-54a95b9ec813,auction,4,831,0.28654399514198303,0.10957670211791992,28824.0,0.29354938864707947,328,1
SLIM*SIG1,676053df-1802-11f0-8423-54a95b9ec813,auction,4,832,0.28654399514198303,0.1260225772857666,29242.0,0.29354938864707947,328,1
SLIM*SIG1,676053df-1802-11f0-8423-54a95b9ec813,auction,4,833,0.28654399514198303,0.09668993949890137,29053.0,0.29354938864707947,328,1
SLIM*SIG1,676053df-1802-11f0-8423-54a95b9ec813,auction,4,834,0.28654399514198303,0.08279728889465332,29239.0,0.29354938864707947,328,1
SLIM*SIG1,676053df-1802-11f0-8423-54a95b9ec813,auction,4,835,0.28654399514198303,0.08114004135131836,28279.0,0.29354938864707947,328,1
SLIM*SIG1,676053df-1802-11f0-8423-54a95b9ec813,auction,4,836,0.28654399514198303,0.0672764778137207,27885.0,0.29354938864707947,328,1
SLIM*SIG1,676053df-1802-11f0-8423-54a95b9ec813,auction,4,837,0.28654399514198303,0.09804844856262207,27681.0,0.29354938864707947,328,1
SLIM*SIG1,676053df-1802-11f0-8423-54a95b9ec813,auction,4,838,0.2865128219127655,0.08754444122314453,27703.0,0.2935316860675812,341,1
SLIM*SIG1,676053df-1802-11f0-8423-54a95b9ec813,auction,4,839,0.2865128219127655,0.06606006622314453,27991.0,0.2935316860675812,341,1
SLIM*SIG1,676053df-1802-11f0-8423-54a95b9ec813,auction,4,840,0.2865128219127655,0.10941481590270996,28288.0,0.2935316860675812,341,1
SLIM*SIG1,676053df-1802-11f0-8423-54a95b9ec813,auction,4,841,0.2865128219127655,0.12630987167358398,28305.0,0.2935316860675812,341,1
SLIM*SIG1,676053df-1802-11f0-8423-54a95b9ec813,auction,4,842,0.2865128219127655,0.09067153930664062,28286.0,0.2935316860675812,341,1
SLIM*SIG1,676053df-1802-11f0-8423-54a95b9ec813,auction,4,843,0.2865128219127655,0.10037398338317871,28017.0,0.2935316860675812,341,1
SLIM*SIG1,676053df-1802-11f0-8423-54a95b9ec813,auction,4,844,0.2865128219127655,0.06249690055847168,27503.0,0.2935316860675812,341,1
SLIM*SIG1,676053df-1802-11f0-8423-54a95b9ec813,auction,4,845,0.2865128219127655,0.08994317054748535,27737.0,0.2935316860675812,341,1
SLIM*SIG1,676053df-1802-11f0-8423-54a95b9ec813,auction,4,846,0.2865128219127655,0.08587026596069336,26692.0,0.2935316860675812,341,1
SLIM*SIG1,676053df-1802-11f0-8423-54a95b9ec813,auction,4,847,0.2865128219127655,0.07812905311584473,27028.0,0.2935316860675812,341,1
SLIM*SIG1,676053df-1802-11f0-8423-54a95b9ec813,auction,4,848,0.2865128219127655,0.08608126640319824,26717.0,0.2935316860675812,341,1
SLIM*SIG1,676053df-1802-11f0-8423-54a95b9ec813,auction,4,849,0.2865128219127655,0.08300352096557617,26866.0,0.2935316860675812,341,1
SLIM*SIG1,676053df-1802-11f0-8423-54a95b9ec813,auction,4,850,0.2865128219127655,0.05347180366516113,25919.0,0.2935316860675812,341,1
SLIM*SIG1,676053df-1802-11f0-8423-54a95b9ec813,auction,4,851,0.2865128219127655,0.0625009536743164,27113.0,0.2935316860675812,341,1
SLIM*SIG1,676053df-1802-11f0-8423-54a95b9ec813,auction,4,852,0.2865128219127655,0.06646108627319336,27542.0,0.2935316860675812,341,1
SLIM*SIG1,676053df-1802-11f0-8423-54a95b9ec813,auction,4,853,0.2865128219127655,0.06250238418579102,28819.0,0.2935316860675812,341,1
SLIM*SIG1,676053df-1802-11f0-8423-54a95b9ec813,auction,4,854,0.2865128219127655,0.08560562133789062,28793.0,0.2935316860675812,341,1
SLIM*SIG1,676053df-1802-11f0-8423-54a95b9ec813,auction,4,855,0.2865128219127655,0.07088422775268555,28995.0,0.2935316860675812,341,1
SLIM*SIG1,676053df-1802-11f0-8423-54a95b9ec813,auction,4,856,0.2865128219127655,0.08377671241760254,28538.0,0.2935316860675812,341,1
SLIM*SIG1,676053df-1802-11f0-8423-54a95b9ec813,auction,4,857,0.2865128219127655,0.10970306396484375,28343.0,0.2935316860675812,341,1
SLIM*SIG1,676053df-1802-11f0-8423-54a95b9ec813,auction,4,858,0.2865128219127655,0.09931206703186035,28397.0,0.2935316860675812,341,1
SLIM*SIG1,676053df-1802-11f0-8423-54a95b9ec813,auction,4,859,0.2865128219127655,0.06573271751403809,28681.0,0.2935316860675812,341,1
SLIM*SIG1,676053df-1802-11f0-8423-54a95b9ec813,auction,4,860,0.2865128219127655,0.08522844314575195,28822.0,0.2935316860675812,341,1
SLIM*SIG1,676053df-1802-11f0-8423-54a95b9ec813,auction,4,861,0.2865128219127655,0.07101011276245117,28822.0,0.2935316860675812,341,1
SLIM*SIG1,676053df-1802-11f0-8423-54a95b9ec813,auction,4,862,0.2865128219127655,0.09980106353759766,28237.0,0.2935316860675812,341,1
SLIM*SIG1,676053df-1802-11f0-8423-54a95b9ec813,auction,4,863,0.2865128219127655,0.09824323654174805,29069.0,0.2935316860675812,341,1
SLIM*SIG1,676053df-1802-11f0-8423-54a95b9ec813,auction,4,864,0.2865128219127655,0.10475802421569824,29214.0,0.2935316860675812,341,1
SLIM*SIG1,676053df-1802-11f0-8423-54a95b9ec813,auction,4,865,0.2865128219127655,0.07812714576721191,28964.0,0.2935316860675812,341,1
SLIM*SIG1,676053df-1802-11f0-8423-54a95b9ec813,auction,4,866,0.2865128219127655,0.06674599647521973,29176.0,0.2935316860675812,341,1
SLIM*SIG1,676053df-1802-11f0-8423-54a95b9ec813,auction,4,867,0.2865128219127655,0.05418872833251953,29052.0,0.2935316860675812,341,1
SLIM*SIG1,676053df-1802-11f0-8423-54a95b9ec813,auction,4,868,0.2865128219127655,0.06250262260437012,29403.0,0.2935316860675812,341,1
SLIM*SIG1,676053df-1802-11f0-8423-54a95b9ec813,auction,4,869,0.2865128219127655,0.06775760650634766,29336.0,0.2935316860675812,341,1
SLIM*SIG1,676053df-1802-11f0-8423-54a95b9ec813,auction,4,870,0.2865128219127655,0.06862735748291016,28779.0,0.2935316860675812,341,1
SLIM*SIG1,676053df-1802-11f0-8423-54a95b9ec813,auction,4,871,0.2865128219127655,0.10084986686706543,28523.0,0.2935316860675812,341,1
SLIM*SIG1,676053df-1802-11f0-8423-54a95b9ec813,auction,4,872,0.2865128219127655,0.10112953186035156,28499.0,0.2935316860675812,341,1
SLIM*SIG1,676053df-1802-11f0-8423-54a95b9ec813,auction,4,873,0.2865128219127655,0.0909430980682373,28982.0,0.2935316860675812,341,1
SLIM*SIG1,676053df-1802-11f0-8423-54a95b9ec813,auction,4,874,0.2865128219127655,0.05460524559020996,29498.0,0.2935316860675812,341,1
SLIM*SIG1,676053df-1802-11f0-8423-54a95b9ec813,auction,4,875,0.2865128219127655,0.08208966255187988,29291.0,0.2935316860675812,341,1
SLIM*SIG1,676053df-1802-11f0-8423-54a95b9ec813,auction,4,876,0.2865128219127655,0.08575320243835449,29120.0,0.2935316860675812,341,1
SLIM*SIG1,676053df-1802-11f0-8423-54a95b9ec813,auction,4,877,0.2865128219127655,0.08123588562011719,29701.0,0.2935316860675812,341,1
SLIM*SIG1,676053df-1802-11f0-8423-54a95b9ec813,auction,4,878,0.2865128219127655,0.07813048362731934,29633.0,0.2935316860675812,341,1
SLIM*SIG1,676053df-1802-11f0-8423-54a95b9ec813,auction,4,879,0.2865128219127655,0.07352018356323242,29999.0,0.2935316860675812,341,1
SLIM*SIG1,676053df-1802-11f0-8423-54a95b9ec813,auction,4,880,0.2865128219127655,0.09966135025024414,29763.0,0.2935316860675812,341,1
SLIM*SIG1,676053df-1802-11f0-8423-54a95b9ec813,auction,4,881,0.2865128219127655,0.09432816505432129,28878.0,0.2935316860675812,341,1
SLIM*SIG1,676053df-1802-11f0-8423-54a95b9ec813,auction,4,882,0.2865128219127655,0.10254406929016113,28967.0,0.2935316860675812,341,1
SLIM*SIG1,676053df-1802-11f0-8423-54a95b9ec813,auction,4,883,0.28647059202194214,0.07970666885375977,28783.0,0.29347848892211914,354,1
SLIM*SIG1,676053df-1802-11f0-8423-54a95b9ec813,auction,4,884,0.28647059202194214,0.08950948715209961,28753.0,0.29347848892211914,354,1
SLIM*SIG1,676053df-1802-11f0-8423-54a95b9ec813,auction,4,885,0.28647059202194214,0.08838248252868652,29313.0,0.29347848892211914,354,1
SLIM*SIG1,676053df-1802-11f0-8423-54a95b9ec813,auction,4,886,0.28647059202194214,0.07860159873962402,28691.0,0.29347848892211914,354,1
SLIM*SIG1,676053df-1802-11f0-8423-54a95b9ec813,auction,4,887,0.28647059202194214,0.09009766578674316,28926.0,0.29347848892211914,354,1
SLIM*SIG1,676053df-1802-11f0-8423-54a95b9ec813,auction,4,888,0.28647059202194214,0.0983266830444336,28907.0,0.29347848892211914,354,1
SLIM*SIG1,676053df-1802-11f0-8423-54a95b9ec813,auction,4,889,0.28647059202194214,0.07812619209289551,29276.0,0.29347848892211914,354,1
SLIM*SIG1,676053df-1802-11f0-8423-54a95b9ec813,auction,4,890,0.28647059202194214,0.10276532173156738,30345.0,0.29347848892211914,354,1
SLIM*SIG1,676053df-1802-11f0-8423-54a95b9ec813,auction,4,891,0.28647059202194214,0.0990452766418457,30462.0,0.29347848892211914,354,1
SLIM*SIG1,676053df-1802-11f0-8423-54a95b9ec813,auction,4,892,0.28647059202194214,0.08440041542053223,29927.0,0.29347848892211914,354,1
SLIM*SIG1,676053df-1802-11f0-8423-54a95b9ec813,auction,4,893,0.28647059202194214,0.06838274002075195,29420.0,0.29347848892211914,354,1
SLIM*SIG1,676053df-1802-11f0-8423-54a95b9ec813,auction,4,894,0.28647059202194214,0.06512880325317383,29186.0,0.29347848892211914,354,1
SLIM*SIG1,676053df-1802-11f0-8423-54a95b9ec813,auction,4,895,0.28647059202194214,0.11404585838317871,29539.0,0.29347848892211914,354,1
SLIM*SIG1,676053df-1802-11f0-8423-54a95b9ec813,auction,4,896,0.28647059202194214,0.05614495277404785,30351.0,0.29347848892211914,354,1
SLIM*SIG1,676053df-1802-11f0-8423-54a95b9ec813,auction,4,897,0.28647059202194214,0.08179521560668945,30840.0,0.29347848892211914,354,1
SLIM*SIG1,676053df-1802-11f0-8423-54a95b9ec813,auction,4,898,0.28647059202194214,0.062494516372680664,30270.0,0.29347848892211914,354,1
SLIM*SIG1,676053df-1802-11f0-8423-54a95b9ec813,auction,4,899,0.28647059202194214,0.10250449180603027,30326.0,0.29347848892211914,354,1
SLIM*SIG1,676053df-1802-11f0-8423-54a95b9ec813,auction,4,900,0.28647059202194214,0.0874474048614502,29839.0,0.29347848892211914,354,1
SLIM*SIG1,676053df-1802-11f0-8423-54a95b9ec813,auction,4,901,0.28647059202194214,0.08527207374572754,30422.0,0.29347848892211914,354,1
SLIM*SIG1,676053df-1802-11f0-8423-54a95b9ec813,auction,4,902,0.28647059202194214,0.06953930854797363,30303.0,0.29347848892211914,354,1
SLIM*SIG1,676053df-1802-11f0-8423-54a95b9ec813,auction,4,903,0.28647059202194214,0.06250572204589844,30052.0,0.29347848892211914,354,1
SLIM*SIG1,676053df-1802-11f0-8423-54a95b9ec813,auction,4,904,0.28647059202194214,0.09694290161132812,29623.0,0.29347848892211914,354,1
SLIM*SIG1,676053df-1802-11f0-8423-54a95b9ec813,auction,4,905,0.28647059202194214,0.08726644515991211,28860.0,0.29347848892211914,354,1
SLIM*SIG1,676053df-1802-11f0-8423-54a95b9ec813,auction,4,906,0.28647059202194214,0.08342742919921875,29512.0,0.29347848892211914,354,1
SLIM*SIG1,676053df-1802-11f0-8423-54a95b9ec813,auction,4,907,0.28647059202194214,0.08079099655151367,29869.0,0.29347848892211914,354,1
SLIM*SIG1,676053df-1802-11f0-8423-54a95b9ec813,auction,4,908,0.28647059202194214,0.15022659301757812,30042.0,0.29347848892211914,354,1
SLIM*SIG1,676053df-1802-11f0-8423-54a95b9ec813,auction,4,909,0.28647059202194214,0.08627748489379883,30523.0,0.29347848892211914,354,1
SLIM*SIG1,676053df-1802-11f0-8423-54a95b9ec813,auction,4,910,0.28647059202194214,0.06888961791992188,30784.0,0.29347848892211914,354,1
SLIM*SIG1,676053df-1802-11f0-8423-54a95b9ec813,auction,4,911,0.28647059202194214,0.06760382652282715,30847.0,0.29347848892211914,354,1
SLIM*SIG1,676053df-1802-11f0-8423-54a95b9ec813,auction,4,912,0.2863392233848572,0.1068272590637207,31365.0,0.29376503825187683,380,1
SLIM*SIG1,676053df-1802-11f0-8423-54a95b9ec813,auction,4,913,0.2863392233848572,0.051987648010253906,31142.0,0.29376503825187683,380,1
SLIM*SIG1,676053df-1802-11f0-8423-54a95b9ec813,auction,4,914,0.2863392233848572,0.06250166893005371,32104.0,0.29376503825187683,380,1
SLIM*SIG1,676053df-1802-11f0-8423-54a95b9ec813,auction,4,915,0.2863392233848572,0.0693826675415039,31881.0,0.29376503825187683,380,1
SLIM*SIG1,676053df-1802-11f0-8423-54a95b9ec813,auction,4,916,0.2863392233848572,0.06639552116394043,32728.0,0.29376503825187683,380,1
SLIM*SIG1,676053df-1802-11f0-8423-54a95b9ec813,auction,4,917,0.2863392233848572,0.09375286102294922,33131.0,0.29376503825187683,380,1
SLIM*SIG1,676053df-1802-11f0-8423-54a95b9ec813,auction,4,918,0.28628426790237427,0.08362984657287598,33928.0,0.2964072525501251,354,1
SLIM*SIG1,676053df-1802-11f0-8423-54a95b9ec813,auction,4,919,0.28628426790237427,0.08662033081054688,34255.0,0.2964072525501251,354,1
SLIM*SIG1,676053df-1802-11f0-8423-54a95b9ec813,auction,4,920,0.28628426790237427,0.08792328834533691,33893.0,0.2964072525501251,354,1
SLIM*SIG1,676053df-1802-11f0-8423-54a95b9ec813,auction,4,921,0.2862071990966797,0.0846259593963623,33130.0,0.29632315039634705,367,1
SLIM*SIG1,676053df-1802-11f0-8423-54a95b9ec813,auction,4,922,0.2862071990966797,0.06545114517211914,32478.0,0.29632315039634705,367,1
SLIM*SIG1,676053df-1802-11f0-8423-54a95b9ec813,auction,4,923,0.2862071990966797,0.07812738418579102,32074.0,0.29632315039634705,367,1
SLIM*SIG1,676053df-1802-11f0-8423-54a95b9ec813,auction,4,924,0.2862071990966797,0.10189056396484375,31701.0,0.29632315039634705,367,1
SLIM*SIG1,676053df-1802-11f0-8423-54a95b9ec813,auction,4,925,0.2862071990966797,0.08730626106262207,31251.0,0.29632315039634705,367,1
SLIM*SIG1,676053df-1802-11f0-8423-54a95b9ec813,auction,4,926,0.2862071990966797,0.06892848014831543,30162.0,0.29632315039634705,367,1
SLIM*SIG1,676053df-1802-11f0-8423-54a95b9ec813,auction,4,927,0.2862071990966797,0.07752442359924316,30060.0,0.29632315039634705,367,1
SLIM*SIG1,676053df-1802-11f0-8423-54a95b9ec813,auction,4,928,0.28608283400535583,0.050624847412109375,29191.0,0.29733744263648987,380,1
SLIM*SIG1,676053df-1802-11f0-8423-54a95b9ec813,auction,4,929,0.28608283400535583,0.09415555000305176,30412.0,0.29733744263648987,380,1
SLIM*SIG1,676053df-1802-11f0-8423-54a95b9ec813,auction,4,930,0.28608283400535583,0.08244967460632324,30523.0,0.29733744263648987,380,1
SLIM*SIG1,676053df-1802-11f0-8423-54a95b9ec813,auction,4,931,0.28608283400535583,0.0879361629486084,31378.0,0.29733744263648987,380,1
SLIM*SIG1,676053df-1802-11f0-8423-54a95b9ec813,auction,4,932,0.28608283400535583,0.09630179405212402,31235.0,0.29733744263648987,380,1
SLIM*SIG1,676053df-1802-11f0-8423-54a95b9ec813,auction,4,933,0.28608283400535583,0.0697166919708252,31964.0,0.29733744263648987,380,1
SLIM*SIG1,676053df-1802-11f0-8423-54a95b9ec813,auction,4,934,0.28608283400535583,0.0700228214263916,32610.0,0.29733744263648987,380,1
SLIM*SIG1,676053df-1802-11f0-8423-54a95b9ec813,auction,4,935,0.28608283400535583,0.06250166893005371,33896.0,0.29733744263648987,380,1
SLIM*SIG1,676053df-1802-11f0-8423-54a95b9ec813,auction,4,936,0.28608283400535583,0.08433127403259277,34422.0,0.29733744263648987,380,1
SLIM*SIG1,676053df-1802-11f0-8423-54a95b9ec813,auction,4,937,0.2860763669013977,0.12887978553771973,35117.0,0.2972973585128784,367,1
SLIM*SIG1,676053df-1802-11f0-8423-54a95b9ec813,auction,4,938,0.2860763669013977,0.0899057388305664,34567.0,0.2972973585128784,367,1
SLIM*SIG1,676053df-1802-11f0-8423-54a95b9ec813,auction,4,939,0.2860763669013977,0.0943293571472168,34899.0,0.2972973585128784,367,1
SLIM*SIG1,676053df-1802-11f0-8423-54a95b9ec813,auction,4,940,0.2860763669013977,0.06720209121704102,34484.0,0.2972973585128784,367,1
SLIM*SIG1,676053df-1802-11f0-8423-54a95b9ec813,auction,4,941,0.2860763669013977,0.07802987098693848,34352.0,0.2972973585128784,367,1
SLIM*SIG1,676053df-1802-11f0-8423-54a95b9ec813,auction,4,942,0.2860763669013977,0.10242271423339844,34225.0,0.2972973585128784,367,1
SLIM*SIG1,676053df-1802-11f0-8423-54a95b9ec813,auction,4,943,0.2860763669013977,0.08504605293273926,33733.0,0.2972973585128784,367,1
SLIM*SIG1,676053df-1802-11f0-8423-54a95b9ec813,auction,4,944,0.2860763669013977,0.08530759811401367,33393.0,0.2972973585128784,367,1
SLIM*SIG1,676053df-1802-11f0-8423-54a95b9ec813,auction,4,945,0.2860763669013977,0.08198952674865723,32825.0,0.2972973585128784,367,1
SLIM*SIG1,676053df-1802-11f0-8423-54a95b9ec813,auction,4,946,0.28542324900627136,0.09228157997131348,32636.0,0.29576390981674194,341,1
SLIM*SIG1,676053df-1802-11f0-8423-54a95b9ec813,auction,4,947,0.28542324900627136,0.10065793991088867,32132.0,0.29576390981674194,341,1
SLIM*SIG1,676053df-1802-11f0-8423-54a95b9ec813,auction,4,948,0.28542324900627136,0.10452866554260254,31172.0,0.29576390981674194,341,1
SLIM*SIG1,676053df-1802-11f0-8423-54a95b9ec813,auction,4,949,0.28542324900627136,0.09597349166870117,30494.0,0.29576390981674194,341,1
SLIM*SIG1,676053df-1802-11f0-8423-54a95b9ec813,auction,4,950,0.28542324900627136,0.09375405311584473,30314.0,0.29576390981674194,341,1
SLIM*SIG1,676053df-1802-11f0-8423-54a95b9ec813,auction,4,951,0.28542324900627136,0.07002735137939453,30584.0,0.29576390981674194,341,1
SLIM*SIG1,676053df-1802-11f0-8423-54a95b9ec813,auction,4,952,0.28542324900627136,0.06997227668762207,29839.0,0.29576390981674194,341,1
SLIM*SIG1,676053df-1802-11f0-8423-54a95b9ec813,auction,4,953,0.28542324900627136,0.07812690734863281,30263.0,0.29576390981674194,341,1
SLIM*SIG1,676053df-1802-11f0-8423-54a95b9ec813,auction,4,954,0.28542324900627136,0.06999897956848145,30006.0,0.29576390981674194,341,1
SLIM*SIG1,676053df-1802-11f0-8423-54a95b9ec813,auction,4,955,0.28542324900627136,0.054100990295410156,29345.0,0.29576390981674194,341,1
SLIM*SIG1,676053df-1802-11f0-8423-54a95b9ec813,auction,4,956,0.28542324900627136,0.07812690734863281,29410.0,0.29576390981674194,341,1
SLIM*SIG1,676053df-1802-11f0-8423-54a95b9ec813,auction,4,957,0.28542324900627136,0.0818777084350586,29230.0,0.29576390981674194,341,1
SLIM*SIG1,676053df-1802-11f0-8423-54a95b9ec813,auction,4,958,0.28542324900627136,0.10097098350524902,28762.0,0.29576390981674194,341,1
SLIM*SIG1,676053df-1802-11f0-8423-54a95b9ec813,auction,4,959,0.2845562696456909,0.07812666893005371,28627.0,0.2933366894721985,354,1
SLIM*SIG1,676053df-1802-11f0-8423-54a95b9ec813,auction,4,960,0.2845562696456909,0.061585426330566406,28493.0,0.2933366894721985,354,1
SLIM*SIG1,676053df-1802-11f0-8423-54a95b9ec813,auction,4,961,0.2845562696456909,0.07812237739562988,29473.0,0.2933366894721985,354,1
SLIM*SIG1,676053df-1802-11f0-8423-54a95b9ec813,auction,4,962,0.2845562696456909,0.06820487976074219,29345.0,0.2933366894721985,354,1
SLIM*SIG1,676053df-1802-11f0-8423-54a95b9ec813,auction,4,963,0.2845562696456909,0.10207080841064453,29113.0,0.2933366894721985,354,1
SLIM*SIG1,676053df-1802-11f0-8423-54a95b9ec813,auction,4,964,0.28452765941619873,0.09782147407531738,28983.0,0.2931419312953949,367,1
SLIM*SIG1,676053df-1802-11f0-8423-54a95b9ec813,auction,4,965,0.28452765941619873,0.07164192199707031,28913.0,0.2931419312953949,367,1
SLIM*SIG1,676053df-1802-11f0-8423-54a95b9ec813,auction,4,966,0.28452765941619873,0.07311582565307617,28690.0,0.2931419312953949,367,1
SLIM*SIG1,676053df-1802-11f0-8423-54a95b9ec813,auction,4,967,0.28452765941619873,0.06765460968017578,29132.0,0.2931419312953949,367,1
SLIM*SIG1,676053df-1802-11f0-8423-54a95b9ec813,auction,4,968,0.28437677025794983,0.08377528190612793,29418.0,0.2932291030883789,367,1
SLIM*SIG1,676053df-1802-11f0-8423-54a95b9ec813,auction,4,969,0.28437677025794983,0.08283209800720215,29347.0,0.2932291030883789,367,1
SLIM*SIG1,676053df-1802-11f0-8423-54a95b9ec813,auction,4,970,0.28437677025794983,0.07817649841308594,31085.0,0.2932291030883789,367,1
SLIM*SIG1,676053df-1802-11f0-8423-54a95b9ec813,auction,4,971,0.2841538190841675,0.055507659912109375,31553.0,0.2928502559661865,341,1
SLIM*SIG1,676053df-1802-11f0-8423-54a95b9ec813,auction,4,972,0.2840907573699951,0.06250119209289551,31759.0,0.2928446829319,354,1
SLIM*SIG1,676053df-1802-11f0-8423-54a95b9ec813,auction,4,973,0.2840907573699951,0.06783318519592285,32342.0,0.2928446829319,354,1
SLIM*SIG1,676053df-1802-11f0-8423-54a95b9ec813,auction,4,974,0.28352949023246765,0.08577251434326172,32483.0,0.29282888770103455,367,1
SLIM*SIG1,676053df-1802-11f0-8423-54a95b9ec813,auction,4,975,0.2835027873516083,0.0624995231628418,32533.0,0.2927429676055908,354,1
SLIM*SIG1,676053df-1802-11f0-8423-54a95b9ec813,auction,4,976,0.2835027873516083,0.0545048713684082,32128.0,0.2927429676055908,354,1
SLIM*SIG1,676053df-1802-11f0-8423-54a95b9ec813,auction,4,977,0.2835027873516083,0.08097100257873535,32628.0,0.2927429676055908,354,1
SLIM*SIG1,676053df-1802-11f0-8423-54a95b9ec813,auction,4,978,0.2835027873516083,0.07852458953857422,32090.0,0.2927429676055908,354,1
SLIM*SIG1,676053df-1802-11f0-8423-54a95b9ec813,auction,4,979,0.2835027873516083,0.07475471496582031,31447.0,0.2927429676055908,354,1
SLIM*SIG1,676053df-1802-11f0-8423-54a95b9ec813,auction,4,980,0.2835027873516083,0.06724882125854492,31555.0,0.2927429676055908,354,1
SLIM*SIG1,676053df-1802-11f0-8423-54a95b9ec813,auction,4,981,0.2835027873516083,0.06919193267822266,31668.0,0.2927429676055908,354,1
SLIM*SIG1,676053df-1802-11f0-8423-54a95b9ec813,auction,4,982,0.2835027873516083,0.0781252384185791,31358.0,0.2927429676055908,354,1
SLIM*SIG1,676053df-1802-11f0-8423-54a95b9ec813,auction,4,983,0.2833411693572998,0.06755399703979492,32107.0,0.29428714513778687,393,1
SLIM*SIG1,676053df-1802-11f0-8423-54a95b9ec813,auction,4,984,0.2833411693572998,0.05425286293029785,33016.0,0.29428714513778687,393,1
SLIM*SIG1,676053df-1802-11f0-8423-54a95b9ec813,auction,4,985,0.2833411693572998,0.10248684883117676,32656.0,0.29428714513778687,393,1
SLIM*SIG1,676053df-1802-11f0-8423-54a95b9ec813,auction,4,986,0.2833159863948822,0.06250596046447754,33145.0,0.29431232810020447,354,1
SLIM*SIG1,676053df-1802-11f0-8423-54a95b9ec813,auction,4,987,0.2833159863948822,0.08402419090270996,33019.0,0.29431232810020447,354,1
SLIM*SIG1,676053df-1802-11f0-8423-54a95b9ec813,auction,4,988,0.2833159863948822,0.06829094886779785,33155.0,0.29431232810020447,354,1
SLIM*SIG1,676053df-1802-11f0-8423-54a95b9ec813,auction,4,989,0.2833159863948822,0.0624995231628418,32933.0,0.29431232810020447,354,1
SLIM*SIG1,676053df-1802-11f0-8423-54a95b9ec813,auction,4,990,0.2833159863948822,0.07129025459289551,33606.0,0.29431232810020447,354,1
SLIM*SIG1,676053df-1802-11f0-8423-54a95b9ec813,auction,4,991,0.2833159863948822,0.08262372016906738,33328.0,0.29431232810020447,354,1
SLIM*SIG1,676053df-1802-11f0-8423-54a95b9ec813,auction,4,992,0.2833159863948822,0.09943366050720215,33723.0,0.29431232810020447,354,1
SLIM*SIG1,676053df-1802-11f0-8423-54a95b9ec813,auction,4,993,0.2833159863948822,0.08671903610229492,33044.0,0.29431232810020447,354,1
SLIM*SIG1,676053df-1802-11f0-8423-54a95b9ec813,auction,4,994,0.28329846262931824,0.08278369903564453,33235.0,0.29429391026496887,380,1
SLIM*SIG1,676053df-1802-11f0-8423-54a95b9ec813,auction,4,995,0.28320086002349854,0.08080315589904785,33899.0,0.2940959334373474,341,1
SLIM*SIG1,676053df-1802-11f0-8423-54a95b9ec813,auction,4,996,0.28320086002349854,0.07285833358764648,33011.0,0.2940959334373474,341,1
SLIM*SIG1,676053df-1802-11f0-8423-54a95b9ec813,auction,4,997,0.28320086002349854,0.08594536781311035,32961.0,0.2940959334373474,341,1
SLIM*SIG1,676053df-1802-11f0-8423-54a95b9ec813,auction,4,998,0.28320086002349854,0.06250309944152832,33274.0,0.2940959334373474,341,1
SLIM*SIG1,676053df-1802-11f0-8423-54a95b9ec813,auction,4,999,0.2825855612754822,0.09960126876831055,32757.0,0.2950672209262848,354,1
SLIM*SIG1,676053df-1802-11f0-8423-54a95b9ec813,auction,4,1000,0.2825855612754822,0.10223221778869629,32538.0,0.2950672209262848,354,1
SLIM*SIG1,676053df-1802-11f0-8423-54a95b9ec813,auction,5,0,0.3336295187473297,0.0837411880493164,1344.0,0.33201608061790466,3,1
SLIM*SIG1,676053df-1802-11f0-8423-54a95b9ec813,auction,5,1,0.33132484555244446,0.0173642635345459,1098.0,0.3379323184490204,16,1
SLIM*SIG1,676053df-1802-11f0-8423-54a95b9ec813,auction,5,2,0.3278093636035919,0.03125333786010742,1148.0,0.3286183476448059,16,1
SLIM*SIG1,676053df-1802-11f0-8423-54a95b9ec813,auction,5,3,0.3278093636035919,0.015625715255737305,1203.0,0.3286183476448059,16,1
SLIM*SIG1,676053df-1802-11f0-8423-54a95b9ec813,auction,5,4,0.3278093636035919,0.03333234786987305,1144.0,0.3286183476448059,16,1
SLIM*SIG1,676053df-1802-11f0-8423-54a95b9ec813,auction,5,5,0.32768067717552185,0.02048492431640625,1074.0,0.33088013529777527,16,1
SLIM*SIG1,676053df-1802-11f0-8423-54a95b9ec813,auction,5,6,0.3261527419090271,0.020998716354370117,1088.0,0.3248369097709656,16,1
SLIM*SIG1,676053df-1802-11f0-8423-54a95b9ec813,auction,5,7,0.3261527419090271,0.0053746700286865234,1004.0,0.3248369097709656,16,1
SLIM*SIG1,676053df-1802-11f0-8423-54a95b9ec813,auction,5,8,0.3261527419090271,0.015624523162841797,850.0,0.3248369097709656,16,1
SLIM*SIG1,676053df-1802-11f0-8423-54a95b9ec813,auction,5,9,0.3248170018196106,0.0186612606048584,861.0,0.32448071241378784,16,1
SLIM*SIG1,676053df-1802-11f0-8423-54a95b9ec813,auction,5,10,0.3248170018196106,0.015628576278686523,913.0,0.32448071241378784,16,1
SLIM*SIG1,676053df-1802-11f0-8423-54a95b9ec813,auction,5,11,0.3185178339481354,0.031351566314697266,963.0,0.31908535957336426,16,1
SLIM*SIG1,676053df-1802-11f0-8423-54a95b9ec813,auction,5,12,0.3185178339481354,0.015625,1017.0,0.31908535957336426,16,1
SLIM*SIG1,676053df-1802-11f0-8423-54a95b9ec813,auction,5,13,0.3185178339481354,0.002653837203979492,1279.0,0.31908535957336426,16,1
SLIM*SIG1,676053df-1802-11f0-8423-54a95b9ec813,auction,5,14,0.3185178339481354,0.015625,1266.0,0.31908535957336426,16,1
SLIM*SIG1,676053df-1802-11f0-8423-54a95b9ec813,auction,5,15,0.3185178339481354,0.015627622604370117,1483.0,0.31908535957336426,16,1
SLIM*SIG1,676053df-1802-11f0-8423-54a95b9ec813,auction,5,16,0.3185178339481354,0.015621662139892578,1665.0,0.31908535957336426,16,1
SLIM*SIG1,676053df-1802-11f0-8423-54a95b9ec813,auction,5,17,0.31832873821258545,0.015733718872070312,1836.0,0.31896451115608215,29,1
SLIM*SIG1,676053df-1802-11f0-8423-54a95b9ec813,auction,5,18,0.31832873821258545,0.022335290908813477,1860.0,0.31896451115608215,29,1
SLIM*SIG1,676053df-1802-11f0-8423-54a95b9ec813,auction,5,19,0.3179153800010681,0.03136420249938965,2468.0,0.3215446472167969,29,1
SLIM*SIG1,676053df-1802-11f0-8423-54a95b9ec813,auction,5,20,0.3179153800010681,0.015634536743164062,2035.0,0.3215446472167969,29,1
SLIM*SIG1,676053df-1802-11f0-8423-54a95b9ec813,auction,5,21,0.31769242882728577,0.015520572662353516,1983.0,0.32207190990448,29,1
SLIM*SIG1,676053df-1802-11f0-8423-54a95b9ec813,auction,5,22,0.31684160232543945,0.01565384864807129,1782.0,0.32231107354164124,42,1
SLIM*SIG1,676053df-1802-11f0-8423-54a95b9ec813,auction,5,23,0.31423330307006836,0.022148847579956055,1829.0,0.32001587748527527,55,1
SLIM*SIG1,676053df-1802-11f0-8423-54a95b9ec813,auction,5,24,0.31423330307006836,0.03132462501525879,1541.0,0.32001587748527527,55,1
SLIM*SIG1,676053df-1802-11f0-8423-54a95b9ec813,auction,5,25,0.31423330307006836,0.0156252384185791,1885.0,0.32001587748527527,55,1
SLIM*SIG1,676053df-1802-11f0-8423-54a95b9ec813,auction,5,26,0.31423330307006836,0.015623807907104492,2087.0,0.32001587748527527,55,1
SLIM*SIG1,676053df-1802-11f0-8423-54a95b9ec813,auction,5,27,0.31423330307006836,0.01562047004699707,2303.0,0.32001587748527527,55,1
SLIM*SIG1,676053df-1802-11f0-8423-54a95b9ec813,auction,5,28,0.31275132298469543,0.02141404151916504,2541.0,0.31937485933303833,68,1
SLIM*SIG1,676053df-1802-11f0-8423-54a95b9ec813,auction,5,29,0.31275132298469543,0.015622377395629883,2699.0,0.31937485933303833,68,1
SLIM*SIG1,676053df-1802-11f0-8423-54a95b9ec813,auction,5,30,0.3095811605453491,0.015596866607666016,2836.0,0.3132059574127197,31,1
SLIM*SIG1,676053df-1802-11f0-8423-54a95b9ec813,auction,5,31,0.3095811605453491,0.03125166893005371,3051.0,0.3132059574127197,31,1
SLIM*SIG1,676053df-1802-11f0-8423-54a95b9ec813,auction,5,32,0.3095811605453491,0.01564955711364746,2656.0,0.3132059574127197,31,1
SLIM*SIG1,676053df-1802-11f0-8423-54a95b9ec813,auction,5,33,0.3095811605453491,0.015601634979248047,2927.0,0.3132059574127197,31,1
SLIM*SIG1,676053df-1802-11f0-8423-54a95b9ec813,auction,5,34,0.3095811605453491,0.007653236389160156,3054.0,0.3132059574127197,31,1
SLIM*SIG1,676053df-1802-11f0-8423-54a95b9ec813,auction,5,35,0.3089306056499481,0.015693187713623047,3305.0,0.31293174624443054,44,1
SLIM*SIG1,676053df-1802-11f0-8423-54a95b9ec813,auction,5,36,0.3087736666202545,0.031247377395629883,2982.0,0.3134598731994629,44,1
SLIM*SIG1,676053df-1802-11f0-8423-54a95b9ec813,auction,5,37,0.3085366189479828,0.015597105026245117,3677.0,0.31427961587905884,57,1
SLIM*SIG1,676053df-1802-11f0-8423-54a95b9ec813,auction,5,38,0.3085366189479828,0.01572418212890625,3433.0,0.31427961587905884,57,1
SLIM*SIG1,676053df-1802-11f0-8423-54a95b9ec813,auction,5,39,0.30848243832588196,0.02203226089477539,3563.0,0.3148537576198578,70,1
SLIM*SIG1,676053df-1802-11f0-8423-54a95b9ec813,auction,5,40,0.30848243832588196,0.03125619888305664,3812.0,0.3148537576198578,70,1
SLIM*SIG1,676053df-1802-11f0-8423-54a95b9ec813,auction,5,41,0.30848243832588196,0.015529155731201172,3781.0,0.3148537576198578,70,1
SLIM*SIG1,676053df-1802-11f0-8423-54a95b9ec813,auction,5,42,0.30848243832588196,0.031249046325683594,3444.0,0.3148537576198578,70,1
SLIM*SIG1,676053df-1802-11f0-8423-54a95b9ec813,auction,5,43,0.30848243832588196,0.020045757293701172,3415.0,0.3148537576198578,70,1
SLIM*SIG1,676053df-1802-11f0-8423-54a95b9ec813,auction,5,44,0.30815958976745605,0.017517805099487305,3930.0,0.3147194981575012,83,1
SLIM*SIG1,676053df-1802-11f0-8423-54a95b9ec813,auction,5,45,0.30815958976745605,0.01572442054748535,4193.0,0.3147194981575012,83,1
SLIM*SIG1,676053df-1802-11f0-8423-54a95b9ec813,auction,5,46,0.3077918291091919,0.031148910522460938,4426.0,0.3150235712528229,96,1
SLIM*SIG1,676053df-1802-11f0-8423-54a95b9ec813,auction,5,47,0.3077918291091919,0.0156252384185791,4223.0,0.3150235712528229,96,1
SLIM*SIG1,676053df-1802-11f0-8423-54a95b9ec813,auction,5,48,0.3077918291091919,0.0222470760345459,4133.0,0.3150235712528229,96,1
SLIM*SIG1,676053df-1802-11f0-8423-54a95b9ec813,auction,5,49,0.3077918291091919,0.01572895050048828,4922.0,0.3150235712528229,96,1
SLIM*SIG1,676053df-1802-11f0-8423-54a95b9ec813,auction,5,50,0.3063853085041046,0.015633106231689453,6138.0,0.31383243203163147,122,1
SLIM*SIG1,676053df-1802-11f0-8423-54a95b9ec813,auction,5,51,0.3063853085041046,0.031139612197875977,6774.0,0.31383243203163147,122,1
SLIM*SIG1,676053df-1802-11f0-8423-54a95b9ec813,auction,5,52,0.3063853085041046,0.015625953674316406,7057.0,0.31383243203163147,122,1
SLIM*SIG1,676053df-1802-11f0-8423-54a95b9ec813,auction,5,53,0.3063853085041046,0.021574974060058594,7817.0,0.31383243203163147,122,1
SLIM*SIG1,676053df-1802-11f0-8423-54a95b9ec813,auction,5,54,0.3063848912715912,0.03135561943054199,7562.0,0.31421658396720886,96,1
SLIM*SIG1,676053df-1802-11f0-8423-54a95b9ec813,auction,5,55,0.30635595321655273,0.015624284744262695,7592.0,0.3139519989490509,109,1
SLIM*SIG1,676053df-1802-11f0-8423-54a95b9ec813,auction,5,56,0.30635595321655273,0.031148433685302734,7711.0,0.3139519989490509,109,1
SLIM*SIG1,676053df-1802-11f0-8423-54a95b9ec813,auction,5,57,0.30635595321655273,0.015743494033813477,7544.0,0.3139519989490509,109,1
SLIM*SIG1,676053df-1802-11f0-8423-54a95b9ec813,auction,5,58,0.30635595321655273,0.015614509582519531,7515.0,0.3139519989490509,109,1
SLIM*SIG1,676053df-1802-11f0-8423-54a95b9ec813,auction,5,59,0.30635595321655273,0.02426743507385254,7197.0,0.3139519989490509,109,1
SLIM*SIG1,676053df-1802-11f0-8423-54a95b9ec813,auction,5,60,0.30635595321655273,0.015656232833862305,7399.0,0.3139519989490509,109,1
SLIM*SIG1,676053df-1802-11f0-8423-54a95b9ec813,auction,5,61,0.30635595321655273,0.03121638298034668,7256.0,0.3139519989490509,109,1
SLIM*SIG1,676053df-1802-11f0-8423-54a95b9ec813,auction,5,62,0.30635595321655273,0.0156557559967041,7101.0,0.3139519989490509,109,1
SLIM*SIG1,676053df-1802-11f0-8423-54a95b9ec813,auction,5,63,0.30635595321655273,0.038818359375,7460.0,0.3139519989490509,109,1
SLIM*SIG1,676053df-1802-11f0-8423-54a95b9ec813,auction,5,64,0.30549678206443787,0.01566481590270996,7770.0,0.31333497166633606,122,1
SLIM*SIG1,676053df-1802-11f0-8423-54a95b9ec813,auction,5,65,0.30549678206443787,0.015596151351928711,7642.0,0.31333497166633606,122,1
SLIM*SIG1,676053df-1802-11f0-8423-54a95b9ec813,auction,5,66,0.30549678206443787,0.015653133392333984,6930.0,0.31333497166633606,122,1
SLIM*SIG1,676053df-1802-11f0-8423-54a95b9ec813,auction,5,67,0.30549678206443787,0.03564858436584473,6979.0,0.31333497166633606,122,1
SLIM*SIG1,676053df-1802-11f0-8423-54a95b9ec813,auction,5,68,0.30549678206443787,0.02827930450439453,7204.0,0.31333497166633606,122,1
SLIM*SIG1,676053df-1802-11f0-8423-54a95b9ec813,auction,5,69,0.30549678206443787,0.02868962287902832,7282.0,0.31333497166633606,122,1
SLIM*SIG1,676053df-1802-11f0-8423-54a95b9ec813,auction,5,70,0.30549678206443787,0.03398609161376953,7566.0,0.31333497166633606,122,1
SLIM*SIG1,676053df-1802-11f0-8423-54a95b9ec813,auction,5,71,0.30549678206443787,0.026276111602783203,7272.0,0.31333497166633606,122,1
SLIM*SIG1,676053df-1802-11f0-8423-54a95b9ec813,auction,5,72,0.3049468994140625,0.027785062789916992,8021.0,0.3121008574962616,109,1
SLIM*SIG1,676053df-1802-11f0-8423-54a95b9ec813,auction,5,73,0.3049468994140625,0.03109598159790039,7699.0,0.3121008574962616,109,1
SLIM*SIG1,676053df-1802-11f0-8423-54a95b9ec813,auction,5,74,0.3049468994140625,0.018229246139526367,7712.0,0.3121008574962616,109,1
SLIM*SIG1,676053df-1802-11f0-8423-54a95b9ec813,auction,5,75,0.3049468994140625,0.03127169609069824,7441.0,0.3121008574962616,109,1
SLIM*SIG1,676053df-1802-11f0-8423-54a95b9ec813,auction,5,76,0.3049468994140625,0.015647411346435547,7583.0,0.3121008574962616,109,1
SLIM*SIG1,676053df-1802-11f0-8423-54a95b9ec813,auction,5,77,0.3049468994140625,0.03356575965881348,7194.0,0.3121008574962616,109,1
SLIM*SIG1,676053df-1802-11f0-8423-54a95b9ec813,auction,5,78,0.3049468994140625,0.017469167709350586,7422.0,0.3121008574962616,109,1
SLIM*SIG1,676053df-1802-11f0-8423-54a95b9ec813,auction,5,79,0.30450260639190674,0.01562190055847168,7237.0,0.315312922000885,109,1
SLIM*SIG1,676053df-1802-11f0-8423-54a95b9ec813,auction,5,80,0.3044813573360443,0.03120875358581543,7480.0,0.31501469016075134,96,1
SLIM*SIG1,676053df-1802-11f0-8423-54a95b9ec813,auction,5,81,0.3044813573360443,0.01566624641418457,8488.0,0.31501469016075134,96,1
SLIM*SIG1,676053df-1802-11f0-8423-54a95b9ec813,auction,5,82,0.3044813573360443,0.015626907348632812,8585.0,0.31501469016075134,96,1
SLIM*SIG1,676053df-1802-11f0-8423-54a95b9ec813,auction,5,83,0.3044813573360443,0.02454400062561035,8452.0,0.31501469016075134,96,1
SLIM*SIG1,676053df-1802-11f0-8423-54a95b9ec813,auction,5,84,0.3044813573360443,0.03135561943054199,8378.0,0.31501469016075134,96,1
SLIM*SIG1,676053df-1802-11f0-8423-54a95b9ec813,auction,5,85,0.3044813573360443,0.015522003173828125,8454.0,0.31501469016075134,96,1
SLIM*SIG1,676053df-1802-11f0-8423-54a95b9ec813,auction,5,86,0.3044813573360443,0.03134918212890625,8988.0,0.31501469016075134,96,1
SLIM*SIG1,676053df-1802-11f0-8423-54a95b9ec813,auction,5,87,0.3044813573360443,0.021719694137573242,8829.0,0.31501469016075134,96,1
SLIM*SIG1,676053df-1802-11f0-8423-54a95b9ec813,auction,5,88,0.3044813573360443,0.01572394371032715,8649.0,0.31501469016075134,96,1
SLIM*SIG1,676053df-1802-11f0-8423-54a95b9ec813,auction,5,89,0.3044813573360443,0.03115534782409668,8609.0,0.31501469016075134,96,1
SLIM*SIG1,676053df-1802-11f0-8423-54a95b9ec813,auction,5,90,0.3044813573360443,0.015620708465576172,8051.0,0.31501469016075134,96,1
SLIM*SIG1,676053df-1802-11f0-8423-54a95b9ec813,auction,5,91,0.3044813573360443,0.03367495536804199,7773.0,0.31501469016075134,96,1
SLIM*SIG1,676053df-1802-11f0-8423-54a95b9ec813,auction,5,92,0.3044813573360443,0.019237279891967773,7759.0,0.31501469016075134,96,1
SLIM*SIG1,676053df-1802-11f0-8423-54a95b9ec813,auction,5,93,0.3044813573360443,0.03127765655517578,7984.0,0.31501469016075134,96,1
SLIM*SIG1,676053df-1802-11f0-8423-54a95b9ec813,auction,5,94,0.3044813573360443,0.031232118606567383,8618.0,0.31501469016075134,96,1
SLIM*SIG1,676053df-1802-11f0-8423-54a95b9ec813,auction,5,95,0.3044813573360443,0.03754734992980957,9438.0,0.31501469016075134,96,1
SLIM*SIG1,676053df-1802-11f0-8423-54a95b9ec813,auction,5,96,0.3044622242450714,0.015603065490722656,8898.0,0.3155626952648163,122,1
SLIM*SIG1,676053df-1802-11f0-8423-54a95b9ec813,auction,5,97,0.3044622242450714,0.03125286102294922,8391.0,0.3155626952648163,122,1
SLIM*SIG1,676053df-1802-11f0-8423-54a95b9ec813,auction,5,98,0.3044622242450714,0.03127884864807129,8239.0,0.3155626952648163,122,1
SLIM*SIG1,676053df-1802-11f0-8423-54a95b9ec813,auction,5,99,0.3044622242450714,0.021735668182373047,7760.0,0.3155626952648163,122,1
SLIM*SIG1,676053df-1802-11f0-8423-54a95b9ec813,auction,5,100,0.30437716841697693,0.031249284744262695,7932.0,0.3154972493648529,122,1
SLIM*SIG1,676053df-1802-11f0-8423-54a95b9ec813,auction,5,101,0.3036414682865143,0.015628337860107422,8131.0,0.3110364079475403,122,1
SLIM*SIG1,676053df-1802-11f0-8423-54a95b9ec813,auction,5,102,0.3036414682865143,0.0312502384185791,7792.0,0.3110364079475403,122,1
SLIM*SIG1,676053df-1802-11f0-8423-54a95b9ec813,auction,5,103,0.3036414682865143,0.015652894973754883,7455.0,0.3110364079475403,122,1
SLIM*SIG1,676053df-1802-11f0-8423-54a95b9ec813,auction,5,104,0.3036414682865143,0.024205446243286133,7321.0,0.3110364079475403,122,1
SLIM*SIG1,676053df-1802-11f0-8423-54a95b9ec813,auction,5,105,0.3036414682865143,0.03139090538024902,7613.0,0.3110364079475403,122,1
SLIM*SIG1,676053df-1802-11f0-8423-54a95b9ec813,auction,5,106,0.30340301990509033,0.015614986419677734,7650.0,0.31085509061813354,135,1
SLIM*SIG1,676053df-1802-11f0-8423-54a95b9ec813,auction,5,107,0.30329030752182007,0.031172752380371094,7948.0,0.31110796332359314,148,1
SLIM*SIG1,676053df-1802-11f0-8423-54a95b9ec813,auction,5,108,0.30329030752182007,0.021281003952026367,9315.0,0.31110796332359314,148,1
SLIM*SIG1,676053df-1802-11f0-8423-54a95b9ec813,auction,5,109,0.30329030752182007,0.031357765197753906,9147.0,0.31110796332359314,148,1
SLIM*SIG1,676053df-1802-11f0-8423-54a95b9ec813,auction,5,110,0.30329030752182007,0.015547513961791992,9042.0,0.31110796332359314,148,1
SLIM*SIG1,676053df-1802-11f0-8423-54a95b9ec813,auction,5,111,0.30329030752182007,0.10066771507263184,9197.0,0.31110796332359314,148,1
SLIM*SIG1,676053df-1802-11f0-8423-54a95b9ec813,auction,5,112,0.30329030752182007,0.015625715255737305,9541.0,0.31110796332359314,148,1
SLIM*SIG1,676053df-1802-11f0-8423-54a95b9ec813,auction,5,113,0.30329030752182007,0.038332223892211914,9586.0,0.31110796332359314,148,1
SLIM*SIG1,676053df-1802-11f0-8423-54a95b9ec813,auction,5,114,0.30329030752182007,0.031252145767211914,9248.0,0.31110796332359314,148,1
SLIM*SIG1,676053df-1802-11f0-8423-54a95b9ec813,auction,5,115,0.30329030752182007,0.031247377395629883,9398.0,0.31110796332359314,148,1
SLIM*SIG1,676053df-1802-11f0-8423-54a95b9ec813,auction,5,116,0.30326083302497864,0.01562666893005371,9408.0,0.3107856512069702,135,1
SLIM*SIG1,676053df-1802-11f0-8423-54a95b9ec813,auction,5,117,0.3028855323791504,0.03679776191711426,9300.0,0.31042155623435974,148,1
SLIM*SIG1,676053df-1802-11f0-8423-54a95b9ec813,auction,5,118,0.3028855323791504,0.01562786102294922,8842.0,0.31042155623435974,148,1
SLIM*SIG1,676053df-1802-11f0-8423-54a95b9ec813,auction,5,119,0.3028855323791504,0.015624523162841797,9134.0,0.31042155623435974,148,1
SLIM*SIG1,676053df-1802-11f0-8423-54a95b9ec813,auction,5,120,0.3028855323791504,0.03700661659240723,8805.0,0.31042155623435974,148,1
SLIM*SIG1,676053df-1802-11f0-8423-54a95b9ec813,auction,5,121,0.3028855323791504,0.015631437301635742,8413.0,0.31042155623435974,148,1
SLIM*SIG1,676053df-1802-11f0-8423-54a95b9ec813,auction,5,122,0.3028855323791504,0.031249284744262695,8452.0,0.31042155623435974,148,1
SLIM*SIG1,676053df-1802-11f0-8423-54a95b9ec813,auction,5,123,0.3028855323791504,0.031249046325683594,9422.0,0.31042155623435974,148,1
SLIM*SIG1,676053df-1802-11f0-8423-54a95b9ec813,auction,5,124,0.3028855323791504,0.0156552791595459,9686.0,0.31042155623435974,148,1
SLIM*SIG1,676053df-1802-11f0-8423-54a95b9ec813,auction,5,125,0.3028855323791504,0.015625476837158203,9537.0,0.31042155623435974,148,1
SLIM*SIG1,676053df-1802-11f0-8423-54a95b9ec813,auction,5,126,0.3028855323791504,0.00780177116394043,9946.0,0.31042155623435974,148,1
SLIM*SIG1,676053df-1802-11f0-8423-54a95b9ec813,auction,5,127,0.3028855323791504,0.01557159423828125,10013.0,0.31042155623435974,148,1
SLIM*SIG1,676053df-1802-11f0-8423-54a95b9ec813,auction,5,128,0.302705317735672,0.031198740005493164,9473.0,0.3099015951156616,161,1
SLIM*SIG1,676053df-1802-11f0-8423-54a95b9ec813,auction,5,129,0.302705317735672,0.01572418212890625,9548.0,0.3099015951156616,161,1
SLIM*SIG1,676053df-1802-11f0-8423-54a95b9ec813,auction,5,130,0.30259010195732117,0.021759033203125,10635.0,0.31114399433135986,148,1
SLIM*SIG1,676053df-1802-11f0-8423-54a95b9ec813,auction,5,131,0.30259010195732117,0.03125119209289551,11215.0,0.31114399433135986,148,1
SLIM*SIG1,676053df-1802-11f0-8423-54a95b9ec813,auction,5,132,0.30259010195732117,0.01562643051147461,11737.0,0.31114399433135986,148,1
SLIM*SIG1,676053df-1802-11f0-8423-54a95b9ec813,auction,5,133,0.3025347590446472,0.0312502384185791,11859.0,0.3111400306224823,161,1
SLIM*SIG1,676053df-1802-11f0-8423-54a95b9ec813,auction,5,134,0.3025173246860504,0.023354530334472656,11928.0,0.3111776113510132,161,1
SLIM*SIG1,676053df-1802-11f0-8423-54a95b9ec813,auction,5,135,0.3025173246860504,0.015720844268798828,12299.0,0.3111776113510132,161,1
SLIM*SIG1,676053df-1802-11f0-8423-54a95b9ec813,auction,5,136,0.3025173246860504,0.031155824661254883,13133.0,0.3111776113510132,161,1
SLIM*SIG1,676053df-1802-11f0-8423-54a95b9ec813,auction,5,137,0.3025173246860504,0.015621662139892578,12893.0,0.3111776113510132,161,1
SLIM*SIG1,676053df-1802-11f0-8423-54a95b9ec813,auction,5,138,0.3025173246860504,0.031352996826171875,12921.0,0.3111776113510132,161,1
SLIM*SIG1,676053df-1802-11f0-8423-54a95b9ec813,auction,5,139,0.3025173246860504,0.015526056289672852,12875.0,0.3111776113510132,161,1
SLIM*SIG1,676053df-1802-11f0-8423-54a95b9ec813,auction,5,140,0.3025173246860504,0.03899097442626953,13165.0,0.3111776113510132,161,1
SLIM*SIG1,676053df-1802-11f0-8423-54a95b9ec813,auction,5,141,0.3025173246860504,0.0156252384185791,12903.0,0.3111776113510132,161,1
SLIM*SIG1,676053df-1802-11f0-8423-54a95b9ec813,auction,5,142,0.3025173246860504,0.031354665756225586,12776.0,0.3111776113510132,161,1
SLIM*SIG1,676053df-1802-11f0-8423-54a95b9ec813,auction,5,143,0.3025173246860504,0.015522241592407227,12637.0,0.3111776113510132,161,1
SLIM*SIG1,676053df-1802-11f0-8423-54a95b9ec813,auction,5,144,0.3023197650909424,0.02109241485595703,12655.0,0.3097120225429535,174,1
SLIM*SIG1,676053df-1802-11f0-8423-54a95b9ec813,auction,5,145,0.30231520533561707,0.01351475715637207,12784.0,0.30969876050949097,187,1
SLIM*SIG1,676053df-1802-11f0-8423-54a95b9ec813,auction,5,146,0.30231520533561707,0.031351327896118164,12214.0,0.30969876050949097,187,1
SLIM*SIG1,676053df-1802-11f0-8423-54a95b9ec813,auction,5,147,0.30231520533561707,0.015528678894042969,12030.0,0.30969876050949097,187,1
SLIM*SIG1,676053df-1802-11f0-8423-54a95b9ec813,auction,5,148,0.30231520533561707,0.024090051651000977,11409.0,0.30969876050949097,187,1
SLIM*SIG1,676053df-1802-11f0-8423-54a95b9ec813,auction,5,149,0.30231520533561707,0.03075385093688965,11330.0,0.30969876050949097,187,1
SLIM*SIG1,676053df-1802-11f0-8423-54a95b9ec813,auction,5,150,0.30231520533561707,0.04570913314819336,11137.0,0.30969876050949097,187,1
SLIM*SIG1,676053df-1802-11f0-8423-54a95b9ec813,auction,5,151,0.30231520533561707,0.030948400497436523,11492.0,0.30969876050949097,187,1
SLIM*SIG1,676053df-1802-11f0-8423-54a95b9ec813,auction,5,152,0.30231520533561707,0.03275251388549805,11585.0,0.30969876050949097,187,1
SLIM*SIG1,676053df-1802-11f0-8423-54a95b9ec813,auction,5,153,0.30231520533561707,0.036980628967285156,12132.0,0.30969876050949097,187,1
SLIM*SIG1,676053df-1802-11f0-8423-54a95b9ec813,auction,5,154,0.30231520533561707,0.035382986068725586,11807.0,0.30969876050949097,187,1
SLIM*SIG1,676053df-1802-11f0-8423-54a95b9ec813,auction,5,155,0.30231520533561707,0.015952587127685547,12296.0,0.30969876050949097,187,1
SLIM*SIG1,676053df-1802-11f0-8423-54a95b9ec813,auction,5,156,0.30231520533561707,0.01564311981201172,12472.0,0.30969876050949097,187,1
SLIM*SIG1,676053df-1802-11f0-8423-54a95b9ec813,auction,5,157,0.30231520533561707,0.031247854232788086,12544.0,0.30969876050949097,187,1
SLIM*SIG1,676053df-1802-11f0-8423-54a95b9ec813,auction,5,158,0.30231520533561707,0.03590965270996094,12264.0,0.30969876050949097,187,1
SLIM*SIG1,676053df-1802-11f0-8423-54a95b9ec813,auction,5,159,0.30231520533561707,0.016677379608154297,12140.0,0.30969876050949097,187,1
SLIM*SIG1,676053df-1802-11f0-8423-54a95b9ec813,auction,5,160,0.30231520533561707,0.031249284744262695,11484.0,0.30969876050949097,187,1
SLIM*SIG1,676053df-1802-11f0-8423-54a95b9ec813,auction,5,161,0.30231520533561707,0.015623331069946289,12022.0,0.30969876050949097,187,1
SLIM*SIG1,676053df-1802-11f0-8423-54a95b9ec813,auction,5,162,0.30231520533561707,0.035452842712402344,12169.0,0.30969876050949097,187,1
SLIM*SIG1,676053df-1802-11f0-8423-54a95b9ec813,auction,5,163,0.30194783210754395,0.018230676651000977,12353.0,0.31054970622062683,200,1
SLIM*SIG1,676053df-1802-11f0-8423-54a95b9ec813,auction,5,164,0.30194783210754395,0.0135345458984375,12877.0,0.31054970622062683,200,1
SLIM*SIG1,676053df-1802-11f0-8423-54a95b9ec813,auction,5,165,0.30194783210754395,0.015597105026245117,12904.0,0.31054970622062683,200,1
SLIM*SIG1,676053df-1802-11f0-8423-54a95b9ec813,auction,5,166,0.30194783210754395,0.03432607650756836,12765.0,0.31054970622062683,200,1
SLIM*SIG1,676053df-1802-11f0-8423-54a95b9ec813,auction,5,167,0.30194783210754395,0.017307758331298828,12895.0,0.31054970622062683,200,1
SLIM*SIG1,676053df-1802-11f0-8423-54a95b9ec813,auction,5,168,0.30194783210754395,0.015599250793457031,12996.0,0.31054970622062683,200,1
SLIM*SIG1,676053df-1802-11f0-8423-54a95b9ec813,auction,5,169,0.30194783210754395,0.031248092651367188,13875.0,0.31054970622062683,200,1
SLIM*SIG1,676053df-1802-11f0-8423-54a95b9ec813,auction,5,170,0.30194783210754395,0.01572275161743164,13914.0,0.31054970622062683,200,1
SLIM*SIG1,676053df-1802-11f0-8423-54a95b9ec813,auction,5,171,0.30194783210754395,0.03702831268310547,14771.0,0.31054970622062683,200,1
SLIM*SIG1,676053df-1802-11f0-8423-54a95b9ec813,auction,5,172,0.30194783210754395,0.01615428924560547,14482.0,0.31054970622062683,200,1
SLIM*SIG1,676053df-1802-11f0-8423-54a95b9ec813,auction,5,173,0.30194783210754395,0.031141281127929688,14106.0,0.31054970622062683,200,1
SLIM*SIG1,676053df-1802-11f0-8423-54a95b9ec813,auction,5,174,0.30194783210754395,0.031350135803222656,13559.0,0.31054970622062683,200,1
SLIM*SIG1,676053df-1802-11f0-8423-54a95b9ec813,auction,5,175,0.3019433319568634,0.015526056289672852,14198.0,0.31020572781562805,174,1
SLIM*SIG1,676053df-1802-11f0-8423-54a95b9ec813,auction,5,176,0.3019433319568634,0.02353048324584961,13392.0,0.31020572781562805,174,1
SLIM*SIG1,676053df-1802-11f0-8423-54a95b9ec813,auction,5,177,0.3019433319568634,0.0312657356262207,13022.0,0.31020572781562805,174,1
SLIM*SIG1,676053df-1802-11f0-8423-54a95b9ec813,auction,5,178,0.3019433319568634,0.015613794326782227,12862.0,0.31020572781562805,174,1
SLIM*SIG1,676053df-1802-11f0-8423-54a95b9ec813,auction,5,179,0.3019433319568634,0.03128814697265625,12665.0,0.31020572781562805,174,1
SLIM*SIG1,676053df-1802-11f0-8423-54a95b9ec813,auction,5,180,0.3019433319568634,0.022176027297973633,12252.0,0.31020572781562805,174,1
SLIM*SIG1,676053df-1802-11f0-8423-54a95b9ec813,auction,5,181,0.3019295334815979,0.031252384185791016,12568.0,0.3100762367248535,187,1
SLIM*SIG1,676053df-1802-11f0-8423-54a95b9ec813,auction,5,182,0.3019295334815979,0.015624046325683594,12856.0,0.3100762367248535,187,1
SLIM*SIG1,676053df-1802-11f0-8423-54a95b9ec813,auction,5,183,0.3019295334815979,0.03125190734863281,13040.0,0.3100762367248535,187,1
SLIM*SIG1,676053df-1802-11f0-8423-54a95b9ec813,auction,5,184,0.3019295334815979,0.022306203842163086,13577.0,0.3100762367248535,187,1
SLIM*SIG1,676053df-1802-11f0-8423-54a95b9ec813,auction,5,185,0.3019295334815979,0.0312809944152832,13869.0,0.3100762367248535,187,1
SLIM*SIG1,676053df-1802-11f0-8423-54a95b9ec813,auction,5,186,0.3019295334815979,0.031116247177124023,13863.0,0.3100762367248535,187,1
SLIM*SIG1,676053df-1802-11f0-8423-54a95b9ec813,auction,5,187,0.3019295334815979,0.015633821487426758,14136.0,0.3100762367248535,187,1
SLIM*SIG1,676053df-1802-11f0-8423-54a95b9ec813,auction,5,188,0.3019295334815979,0.03834676742553711,14370.0,0.3100762367248535,187,1
SLIM*SIG1,676053df-1802-11f0-8423-54a95b9ec813,auction,5,189,0.3019295334815979,0.015622377395629883,14549.0,0.3100762367248535,187,1
SLIM*SIG1,676053df-1802-11f0-8423-54a95b9ec813,auction,5,190,0.3019295334815979,0.03127884864807129,14245.0,0.3100762367248535,187,1
SLIM*SIG1,676053df-1802-11f0-8423-54a95b9ec813,auction,5,191,0.30192676186561584,0.03122544288635254,13632.0,0.31015744805336,187,1
SLIM*SIG1,676053df-1802-11f0-8423-54a95b9ec813,auction,5,192,0.30192676186561584,0.018642425537109375,12654.0,0.31015744805336,187,1
SLIM*SIG1,676053df-1802-11f0-8423-54a95b9ec813,auction,5,193,0.30192676186561584,0.031278133392333984,12738.0,0.31015744805336,187,1
SLIM*SIG1,676053df-1802-11f0-8423-54a95b9ec813,auction,5,194,0.30192676186561584,0.031249523162841797,12822.0,0.31015744805336,187,1
SLIM*SIG1,676053df-1802-11f0-8423-54a95b9ec813,auction,5,195,0.30192676186561584,0.022001028060913086,12353.0,0.31015744805336,187,1
SLIM*SIG1,676053df-1802-11f0-8423-54a95b9ec813,auction,5,196,0.30192676186561584,0.03135323524475098,12432.0,0.31015744805336,187,1
SLIM*SIG1,676053df-1802-11f0-8423-54a95b9ec813,auction,5,197,0.30192676186561584,0.015525579452514648,12499.0,0.31015744805336,187,1
SLIM*SIG1,676053df-1802-11f0-8423-54a95b9ec813,auction,5,198,0.30192676186561584,0.03126072883605957,12028.0,0.31015744805336,187,1
SLIM*SIG1,676053df-1802-11f0-8423-54a95b9ec813,auction,5,199,0.30192676186561584,0.03749442100524902,12070.0,0.31015744805336,187,1
SLIM*SIG1,676053df-1802-11f0-8423-54a95b9ec813,auction,5,200,0.30192676186561584,0.015653371810913086,11789.0,0.31015744805336,187,1
SLIM*SIG1,676053df-1802-11f0-8423-54a95b9ec813,auction,5,201,0.30192676186561584,0.03126192092895508,11855.0,0.31015744805336,187,1
SLIM*SIG1,676053df-1802-11f0-8423-54a95b9ec813,auction,5,202,0.30192676186561584,0.03131556510925293,12017.0,0.31015744805336,187,1
SLIM*SIG1,676053df-1802-11f0-8423-54a95b9ec813,auction,5,203,0.30192676186561584,0.019237518310546875,11807.0,0.31015744805336,187,1
SLIM*SIG1,676053df-1802-11f0-8423-54a95b9ec813,auction,5,204,0.30192676186561584,0.015624761581420898,11074.0,0.31015744805336,187,1
SLIM*SIG1,676053df-1802-11f0-8423-54a95b9ec813,auction,5,205,0.30192676186561584,0.031147003173828125,11084.0,0.31015744805336,187,1
SLIM*SIG1,676053df-1802-11f0-8423-54a95b9ec813,auction,5,206,0.30192676186561584,0.01573324203491211,11379.0,0.31015744805336,187,1
SLIM*SIG1,676053df-1802-11f0-8423-54a95b9ec813,auction,5,207,0.30192676186561584,0.03124690055847168,11612.0,0.31015744805336,187,1
SLIM*SIG1,676053df-1802-11f0-8423-54a95b9ec813,auction,5,208,0.30192676186561584,0.023208141326904297,12111.0,0.31015744805336,187,1
SLIM*SIG1,676053df-1802-11f0-8423-54a95b9ec813,auction,5,209,0.30192676186561584,0.015627622604370117,13304.0,0.31015744805336,187,1
SLIM*SIG1,676053df-1802-11f0-8423-54a95b9ec813,auction,5,210,0.301619291305542,0.031249523162841797,14030.0,0.3100859820842743,213,1
SLIM*SIG1,676053df-1802-11f0-8423-54a95b9ec813,auction,5,211,0.301619291305542,0.015624284744262695,13952.0,0.3100859820842743,213,1
SLIM*SIG1,676053df-1802-11f0-8423-54a95b9ec813,auction,5,212,0.301619291305542,0.03632545471191406,14021.0,0.3100859820842743,213,1
SLIM*SIG1,676053df-1802-11f0-8423-54a95b9ec813,auction,5,213,0.301619291305542,0.01593804359436035,14203.0,0.3100859820842743,213,1
SLIM*SIG1,676053df-1802-11f0-8423-54a95b9ec813,auction,5,214,0.301619291305542,0.015730619430541992,14088.0,0.3100859820842743,213,1
SLIM*SIG1,676053df-1802-11f0-8423-54a95b9ec813,auction,5,215,0.301619291305542,0.03119206428527832,14934.0,0.3100859820842743,213,1
SLIM*SIG1,676053df-1802-11f0-8423-54a95b9ec813,auction,5,216,0.301619291305542,0.01568126678466797,14984.0,0.3100859820842743,213,1
SLIM*SIG1,676053df-1802-11f0-8423-54a95b9ec813,auction,5,217,0.301619291305542,0.03715658187866211,14653.0,0.3100859820842743,213,1
SLIM*SIG1,676053df-1802-11f0-8423-54a95b9ec813,auction,5,218,0.301619291305542,0.01572442054748535,14950.0,0.3100859820842743,213,1
SLIM*SIG1,676053df-1802-11f0-8423-54a95b9ec813,auction,5,219,0.301619291305542,0.03114938735961914,14318.0,0.3100859820842743,213,1
SLIM*SIG1,676053df-1802-11f0-8423-54a95b9ec813,auction,5,220,0.301619291305542,0.015625476837158203,14267.0,0.3100859820842743,213,1
SLIM*SIG1,676053df-1802-11f0-8423-54a95b9ec813,auction,5,221,0.301619291305542,0.03723502159118652,14326.0,0.3100859820842743,213,1
SLIM*SIG1,676053df-1802-11f0-8423-54a95b9ec813,auction,5,222,0.3016044497489929,0.01563119888305664,13894.0,0.31003841757774353,200,1
SLIM*SIG1,676053df-1802-11f0-8423-54a95b9ec813,auction,5,223,0.3016044497489929,0.031191110610961914,13689.0,0.31003841757774353,200,1
SLIM*SIG1,676053df-1802-11f0-8423-54a95b9ec813,auction,5,224,0.3016044497489929,0.015683412551879883,14634.0,0.31003841757774353,200,1
SLIM*SIG1,676053df-1802-11f0-8423-54a95b9ec813,auction,5,225,0.3015730679035187,0.037537336349487305,15198.0,0.31000587344169617,226,1
SLIM*SIG1,676053df-1802-11f0-8423-54a95b9ec813,auction,5,226,0.3015730679035187,0.015630483627319336,15693.0,0.31000587344169617,226,1
SLIM*SIG1,676053df-1802-11f0-8423-54a95b9ec813,auction,5,227,0.3015730679035187,0.0311429500579834,16157.0,0.31000587344169617,226,1
SLIM*SIG1,676053df-1802-11f0-8423-54a95b9ec813,auction,5,228,0.3015730679035187,0.038228511810302734,16794.0,0.31000587344169617,226,1
SLIM*SIG1,676053df-1802-11f0-8423-54a95b9ec813,auction,5,229,0.3015730679035187,0.01567387580871582,17264.0,0.31000587344169617,226,1
SLIM*SIG1,676053df-1802-11f0-8423-54a95b9ec813,auction,5,230,0.3015730679035187,0.015522003173828125,17873.0,0.31000587344169617,226,1
SLIM*SIG1,676053df-1802-11f0-8423-54a95b9ec813,auction,5,231,0.3015730679035187,0.03124833106994629,17562.0,0.31000587344169617,226,1
SLIM*SIG1,676053df-1802-11f0-8423-54a95b9ec813,auction,5,232,0.3015730679035187,0.037615060806274414,17934.0,0.31000587344169617,226,1
SLIM*SIG1,676053df-1802-11f0-8423-54a95b9ec813,auction,5,233,0.3015730679035187,0.029703140258789062,17565.0,0.31000587344169617,226,1
SLIM*SIG1,676053df-1802-11f0-8423-54a95b9ec813,auction,5,234,0.3015730679035187,0.03536868095397949,17175.0,0.31000587344169617,226,1
SLIM*SIG1,676053df-1802-11f0-8423-54a95b9ec813,auction,5,235,0.3015730679035187,0.0367431640625,17520.0,0.31000587344169617,226,1
SLIM*SIG1,676053df-1802-11f0-8423-54a95b9ec813,auction,5,236,0.3015730679035187,0.036720991134643555,16868.0,0.31000587344169617,226,1
SLIM*SIG1,676053df-1802-11f0-8423-54a95b9ec813,auction,5,237,0.3014332056045532,0.0324254035949707,17216.0,0.3104797303676605,239,1
SLIM*SIG1,676053df-1802-11f0-8423-54a95b9ec813,auction,5,238,0.3014332056045532,0.03807568550109863,17146.0,0.3104797303676605,239,1
SLIM*SIG1,676053df-1802-11f0-8423-54a95b9ec813,auction,5,239,0.3014332056045532,0.018975496292114258,16300.0,0.3104797303676605,239,1
SLIM*SIG1,676053df-1802-11f0-8423-54a95b9ec813,auction,5,240,0.3014332056045532,0.027431011199951172,16321.0,0.3104797303676605,239,1
SLIM*SIG1,676053df-1802-11f0-8423-54a95b9ec813,auction,5,241,0.3014332056045532,0.031240463256835938,16622.0,0.3104797303676605,239,1
SLIM*SIG1,676053df-1802-11f0-8423-54a95b9ec813,auction,5,242,0.3014332056045532,0.024746417999267578,17484.0,0.3104797303676605,239,1
SLIM*SIG1,676053df-1802-11f0-8423-54a95b9ec813,auction,5,243,0.3011479377746582,0.031406402587890625,17449.0,0.3101692795753479,213,1
SLIM*SIG1,676053df-1802-11f0-8423-54a95b9ec813,auction,5,244,0.3011479377746582,0.015517473220825195,16939.0,0.3101692795753479,213,1
SLIM*SIG1,676053df-1802-11f0-8423-54a95b9ec813,auction,5,245,0.3011479377746582,0.015627145767211914,16645.0,0.3101692795753479,213,1
SLIM*SIG1,676053df-1802-11f0-8423-54a95b9ec813,auction,5,246,0.3011479377746582,0.02110457420349121,16130.0,0.3101692795753479,213,1
SLIM*SIG1,676053df-1802-11f0-8423-54a95b9ec813,auction,5,247,0.3011479377746582,0.03114032745361328,15692.0,0.3101692795753479,213,1
SLIM*SIG1,676053df-1802-11f0-8423-54a95b9ec813,auction,5,248,0.3011479377746582,0.031247854232788086,16185.0,0.3101692795753479,213,1
SLIM*SIG1,676053df-1802-11f0-8423-54a95b9ec813,auction,5,249,0.3011479377746582,0.015660762786865234,16243.0,0.3101692795753479,213,1
SLIM*SIG1,676053df-1802-11f0-8423-54a95b9ec813,auction,5,250,0.3011479377746582,0.02178478240966797,16439.0,0.3101692795753479,213,1
SLIM*SIG1,676053df-1802-11f0-8423-54a95b9ec813,auction,5,251,0.3011479377746582,0.015654563903808594,16981.0,0.3101692795753479,213,1
SLIM*SIG1,676053df-1802-11f0-8423-54a95b9ec813,auction,5,252,0.3011479377746582,0.031219482421875,17148.0,0.3101692795753479,213,1
SLIM*SIG1,676053df-1802-11f0-8423-54a95b9ec813,auction,5,253,0.3011479377746582,0.03126955032348633,17021.0,0.3101692795753479,213,1
SLIM*SIG1,676053df-1802-11f0-8423-54a95b9ec813,auction,5,254,0.3011479377746582,0.018808603286743164,17290.0,0.3101692795753479,213,1
SLIM*SIG1,676053df-1802-11f0-8423-54a95b9ec813,auction,5,255,0.3011479377746582,0.01573014259338379,17370.0,0.3101692795753479,213,1
SLIM*SIG1,676053df-1802-11f0-8423-54a95b9ec813,auction,5,256,0.3011479377746582,0.031145572662353516,16960.0,0.3101692795753479,213,1
SLIM*SIG1,676053df-1802-11f0-8423-54a95b9ec813,auction,5,257,0.3011479377746582,0.03507065773010254,16436.0,0.3101692795753479,213,1
SLIM*SIG1,676053df-1802-11f0-8423-54a95b9ec813,auction,5,258,0.3011106550693512,0.01577281951904297,16141.0,0.3099614381790161,226,1
SLIM*SIG1,676053df-1802-11f0-8423-54a95b9ec813,auction,5,259,0.3011106550693512,0.031354427337646484,16432.0,0.3099614381790161,226,1
SLIM*SIG1,676053df-1802-11f0-8423-54a95b9ec813,auction,5,260,0.3011106550693512,0.015519380569458008,16274.0,0.3099614381790161,226,1
SLIM*SIG1,676053df-1802-11f0-8423-54a95b9ec813,auction,5,261,0.3011106550693512,0.03127145767211914,17351.0,0.3099614381790161,226,1
SLIM*SIG1,676053df-1802-11f0-8423-54a95b9ec813,auction,5,262,0.3011106550693512,0.03132915496826172,17713.0,0.3099614381790161,226,1
SLIM*SIG1,676053df-1802-11f0-8423-54a95b9ec813,auction,5,263,0.3011106550693512,0.015526771545410156,17698.0,0.3099614381790161,226,1
SLIM*SIG1,676053df-1802-11f0-8423-54a95b9ec813,auction,5,264,0.3011106550693512,0.03134942054748535,17162.0,0.3099614381790161,226,1
SLIM*SIG1,676053df-1802-11f0-8423-54a95b9ec813,auction,5,265,0.3011106550693512,0.03125429153442383,17810.0,0.3099614381790161,226,1
SLIM*SIG1,676053df-1802-11f0-8423-54a95b9ec813,auction,5,266,0.3011106550693512,0.02889394760131836,17682.0,0.3099614381790161,226,1
SLIM*SIG1,676053df-1802-11f0-8423-54a95b9ec813,auction,5,267,0.3011106550693512,0.01674365997314453,17476.0,0.3099614381790161,226,1
SLIM*SIG1,676053df-1802-11f0-8423-54a95b9ec813,auction,5,268,0.3011106550693512,0.03125190734863281,17204.0,0.3099614381790161,226,1
SLIM*SIG1,676053df-1802-11f0-8423-54a95b9ec813,auction,5,269,0.3011106550693512,0.015622854232788086,16733.0,0.3099614381790161,226,1
SLIM*SIG1,676053df-1802-11f0-8423-54a95b9ec813,auction,5,270,0.3011106550693512,0.03807377815246582,16537.0,0.3099614381790161,226,1
SLIM*SIG1,676053df-1802-11f0-8423-54a95b9ec813,auction,5,271,0.3011106550693512,0.03125190734863281,16915.0,0.3099614381790161,226,1
SLIM*SIG1,676053df-1802-11f0-8423-54a95b9ec813,auction,5,272,0.3011106550693512,0.0312504768371582,17426.0,0.3099614381790161,226,1
SLIM*SIG1,676053df-1802-11f0-8423-54a95b9ec813,auction,5,273,0.3011106550693512,0.031249523162841797,17782.0,0.3099614381790161,226,1
SLIM*SIG1,676053df-1802-11f0-8423-54a95b9ec813,auction,5,274,0.3011106550693512,0.0187375545501709,17998.0,0.3099614381790161,226,1
SLIM*SIG1,676053df-1802-11f0-8423-54a95b9ec813,auction,5,275,0.3011106550693512,0.031248092651367188,18061.0,0.3099614381790161,226,1
SLIM*SIG1,676053df-1802-11f0-8423-54a95b9ec813,auction,5,276,0.3011106550693512,0.01552724838256836,17294.0,0.3099614381790161,226,1
SLIM*SIG1,676053df-1802-11f0-8423-54a95b9ec813,auction,5,277,0.3011106550693512,0.03682518005371094,17310.0,0.3099614381790161,226,1
SLIM*SIG1,676053df-1802-11f0-8423-54a95b9ec813,auction,5,278,0.3011106550693512,0.01562786102294922,17652.0,0.3099614381790161,226,1
SLIM*SIG1,676053df-1802-11f0-8423-54a95b9ec813,auction,5,279,0.3011106550693512,0.03134918212890625,18186.0,0.3099614381790161,226,1
SLIM*SIG1,676053df-1802-11f0-8423-54a95b9ec813,auction,5,280,0.3011106550693512,0.031149625778198242,18091.0,0.3099614381790161,226,1
SLIM*SIG1,676053df-1802-11f0-8423-54a95b9ec813,auction,5,281,0.3011106550693512,0.03134942054748535,18056.0,0.3099614381790161,226,1
SLIM*SIG1,676053df-1802-11f0-8423-54a95b9ec813,auction,5,282,0.3011106550693512,0.02393627166748047,18750.0,0.3099614381790161,226,1
SLIM*SIG1,676053df-1802-11f0-8423-54a95b9ec813,auction,5,283,0.3011106550693512,0.015626192092895508,18144.0,0.3099614381790161,226,1
SLIM*SIG1,676053df-1802-11f0-8423-54a95b9ec813,auction,5,284,0.3011106550693512,0.03135800361633301,17962.0,0.3099614381790161,226,1
SLIM*SIG1,676053df-1802-11f0-8423-54a95b9ec813,auction,5,285,0.3011106550693512,0.01551675796508789,17794.0,0.3099614381790161,226,1
SLIM*SIG1,676053df-1802-11f0-8423-54a95b9ec813,auction,5,286,0.3011106550693512,0.03806138038635254,17584.0,0.3099614381790161,226,1
SLIM*SIG1,676053df-1802-11f0-8423-54a95b9ec813,auction,5,287,0.3011106550693512,0.015626192092895508,17150.0,0.3099614381790161,226,1
SLIM*SIG1,676053df-1802-11f0-8423-54a95b9ec813,auction,5,288,0.3011106550693512,0.03125166893005371,16912.0,0.3099614381790161,226,1
SLIM*SIG1,676053df-1802-11f0-8423-54a95b9ec813,auction,5,289,0.3011106550693512,0.03128647804260254,17038.0,0.3099614381790161,226,1
SLIM*SIG1,676053df-1802-11f0-8423-54a95b9ec813,auction,5,290,0.3011106550693512,0.01568460464477539,17226.0,0.3099614381790161,226,1
SLIM*SIG1,676053df-1802-11f0-8423-54a95b9ec813,auction,5,291,0.3011106550693512,0.03125119209289551,17512.0,0.3099614381790161,226,1
SLIM*SIG1,676053df-1802-11f0-8423-54a95b9ec813,auction,5,292,0.3011106550693512,0.031246662139892578,18575.0,0.3099614381790161,226,1
SLIM*SIG1,676053df-1802-11f0-8423-54a95b9ec813,auction,5,293,0.3011106550693512,0.08984971046447754,18929.0,0.3099614381790161,226,1
SLIM*SIG1,676053df-1802-11f0-8423-54a95b9ec813,auction,5,294,0.3011106550693512,0.015625,18723.0,0.3099614381790161,226,1
SLIM*SIG1,676053df-1802-11f0-8423-54a95b9ec813,auction,5,295,0.3011106550693512,0.03749275207519531,19272.0,0.3099614381790161,226,1
SLIM*SIG1,676053df-1802-11f0-8423-54a95b9ec813,auction,5,296,0.3011106550693512,0.015627145767211914,18872.0,0.3099614381790161,226,1
SLIM*SIG1,676053df-1802-11f0-8423-54a95b9ec813,auction,5,297,0.3011106550693512,0.0312504768371582,18803.0,0.3099614381790161,226,1
SLIM*SIG1,676053df-1802-11f0-8423-54a95b9ec813,auction,5,298,0.3011106550693512,0.03127574920654297,17476.0,0.3099614381790161,226,1
SLIM*SIG1,676053df-1802-11f0-8423-54a95b9ec813,auction,5,299,0.3011106550693512,0.02181243896484375,16625.0,0.3099614381790161,226,1
SLIM*SIG1,676053df-1802-11f0-8423-54a95b9ec813,auction,5,300,0.3011106550693512,0.015755653381347656,16054.0,0.3099614381790161,226,1
SLIM*SIG1,676053df-1802-11f0-8423-54a95b9ec813,auction,5,301,0.3011067807674408,0.031245946884155273,15532.0,0.3099571466445923,241,1
SLIM*SIG1,676053df-1802-11f0-8423-54a95b9ec813,auction,5,302,0.3011067807674408,0.015531063079833984,15268.0,0.3099571466445923,241,1
SLIM*SIG1,676053df-1802-11f0-8423-54a95b9ec813,auction,5,303,0.3011067807674408,0.03135061264038086,15090.0,0.3099571466445923,241,1
SLIM*SIG1,676053df-1802-11f0-8423-54a95b9ec813,auction,5,304,0.3011067807674408,0.036621809005737305,15185.0,0.3099571466445923,241,1
SLIM*SIG1,676053df-1802-11f0-8423-54a95b9ec813,auction,5,305,0.3011067807674408,0.018938779830932617,15310.0,0.3099571466445923,241,1
SLIM*SIG1,676053df-1802-11f0-8423-54a95b9ec813,auction,5,306,0.3011067807674408,0.03125429153442383,15518.0,0.3099571466445923,241,1
SLIM*SIG1,676053df-1802-11f0-8423-54a95b9ec813,auction,5,307,0.3011067807674408,0.031145095825195312,15811.0,0.3099571466445923,241,1
SLIM*SIG1,676053df-1802-11f0-8423-54a95b9ec813,auction,5,308,0.3011067807674408,0.02388930320739746,15728.0,0.3099571466445923,241,1
SLIM*SIG1,676053df-1802-11f0-8423-54a95b9ec813,auction,5,309,0.3011067807674408,0.07210850715637207,16632.0,0.3099571466445923,241,1
SLIM*SIG1,676053df-1802-11f0-8423-54a95b9ec813,auction,5,310,0.30093592405319214,0.03862476348876953,16510.0,0.3097117841243744,254,1
SLIM*SIG1,676053df-1802-11f0-8423-54a95b9ec813,auction,5,311,0.30093592405319214,0.03737592697143555,17078.0,0.3097117841243744,254,1
SLIM*SIG1,676053df-1802-11f0-8423-54a95b9ec813,auction,5,312,0.30093592405319214,0.03562474250793457,15953.0,0.3097117841243744,254,1
SLIM*SIG1,676053df-1802-11f0-8423-54a95b9ec813,auction,5,313,0.30093592405319214,0.033768415451049805,16105.0,0.3097117841243744,254,1
SLIM*SIG1,676053df-1802-11f0-8423-54a95b9ec813,auction,5,314,0.30085933208465576,0.03933286666870117,16507.0,0.3107704818248749,252,1
SLIM*SIG1,676053df-1802-11f0-8423-54a95b9ec813,auction,5,315,0.30085933208465576,0.03126239776611328,16694.0,0.3107704818248749,252,1
SLIM*SIG1,676053df-1802-11f0-8423-54a95b9ec813,auction,5,316,0.30085933208465576,0.02090001106262207,16746.0,0.3107704818248749,252,1
SLIM*SIG1,676053df-1802-11f0-8423-54a95b9ec813,auction,5,317,0.30085933208465576,0.046872615814208984,17147.0,0.3107704818248749,252,1
SLIM*SIG1,676053df-1802-11f0-8423-54a95b9ec813,auction,5,318,0.30085933208465576,0.04242515563964844,16753.0,0.3107704818248749,252,1
SLIM*SIG1,676053df-1802-11f0-8423-54a95b9ec813,auction,5,319,0.30085933208465576,0.04687237739562988,16257.0,0.3107704818248749,252,1
SLIM*SIG1,676053df-1802-11f0-8423-54a95b9ec813,auction,5,320,0.30085447430610657,0.051316261291503906,16357.0,0.31074872612953186,265,1
SLIM*SIG1,676053df-1802-11f0-8423-54a95b9ec813,auction,5,321,0.30085447430610657,0.03127336502075195,16857.0,0.31074872612953186,265,1
SLIM*SIG1,676053df-1802-11f0-8423-54a95b9ec813,auction,5,322,0.30085447430610657,0.015623092651367188,17179.0,0.31074872612953186,265,1
SLIM*SIG1,676053df-1802-11f0-8423-54a95b9ec813,auction,5,323,0.30085447430610657,0.03133201599121094,16914.0,0.31074872612953186,265,1
SLIM*SIG1,676053df-1802-11f0-8423-54a95b9ec813,auction,5,324,0.30085447430610657,0.020319700241088867,16840.0,0.31074872612953186,265,1
SLIM*SIG1,676053df-1802-11f0-8423-54a95b9ec813,auction,5,325,0.30085447430610657,0.03136253356933594,16030.0,0.31074872612953186,265,1
SLIM*SIG1,676053df-1802-11f0-8423-54a95b9ec813,auction,5,326,0.30085447430610657,0.015517234802246094,15730.0,0.31074872612953186,265,1
SLIM*SIG1,676053df-1802-11f0-8423-54a95b9ec813,auction,5,327,0.30085447430610657,0.03134584426879883,15580.0,0.31074872612953186,265,1
SLIM*SIG1,676053df-1802-11f0-8423-54a95b9ec813,auction,5,328,0.30085447430610657,0.021950483322143555,16014.0,0.31074872612953186,265,1
SLIM*SIG1,676053df-1802-11f0-8423-54a95b9ec813,auction,5,329,0.30085447430610657,0.04688143730163574,15984.0,0.31074872612953186,265,1
SLIM*SIG1,676053df-1802-11f0-8423-54a95b9ec813,auction,5,330,0.30085447430610657,0.05470633506774902,16266.0,0.31074872612953186,265,1
SLIM*SIG1,676053df-1802-11f0-8423-54a95b9ec813,auction,5,331,0.30085447430610657,0.03125882148742676,17461.0,0.31074872612953186,265,1
SLIM*SIG1,676053df-1802-11f0-8423-54a95b9ec813,auction,5,332,0.3007345497608185,0.07811856269836426,18623.0,0.31066158413887024,278,1
SLIM*SIG1,676053df-1802-11f0-8423-54a95b9ec813,auction,5,333,0.3007345497608185,0.08412837982177734,19240.0,0.31066158413887024,278,1
SLIM*SIG1,676053df-1802-11f0-8423-54a95b9ec813,auction,5,334,0.3007345497608185,0.05182981491088867,20446.0,0.31066158413887024,278,1
SLIM*SIG1,676053df-1802-11f0-8423-54a95b9ec813,auction,5,335,0.3007345497608185,0.07154726982116699,21495.0,0.31066158413887024,278,1
SLIM*SIG1,676053df-1802-11f0-8423-54a95b9ec813,auction,5,336,0.3007345497608185,0.09743142127990723,21558.0,0.31066158413887024,278,1
SLIM*SIG1,676053df-1802-11f0-8423-54a95b9ec813,auction,5,337,0.3007345497608185,0.046886444091796875,21621.0,0.31066158413887024,278,1
SLIM*SIG1,676053df-1802-11f0-8423-54a95b9ec813,auction,5,338,0.3007345497608185,0.06248807907104492,21628.0,0.31066158413887024,278,1
SLIM*SIG1,676053df-1802-11f0-8423-54a95b9ec813,auction,5,339,0.3007345497608185,0.10019207000732422,21636.0,0.31066158413887024,278,1
SLIM*SIG1,676053df-1802-11f0-8423-54a95b9ec813,auction,5,340,0.3007345497608185,0.07095122337341309,21270.0,0.31066158413887024,278,1
SLIM*SIG1,676053df-1802-11f0-8423-54a95b9ec813,auction,5,341,0.3007345497608185,0.09661412239074707,22193.0,0.31066158413887024,278,1
SLIM*SIG1,676053df-1802-11f0-8423-54a95b9ec813,auction,5,342,0.3007345497608185,0.053200721740722656,21796.0,0.31066158413887024,278,1
SLIM*SIG1,676053df-1802-11f0-8423-54a95b9ec813,auction,5,343,0.3007345497608185,0.04687905311584473,21853.0,0.31066158413887024,278,1
SLIM*SIG1,676053df-1802-11f0-8423-54a95b9ec813,auction,5,344,0.3007345497608185,0.046874284744262695,21950.0,0.31066158413887024,278,1
SLIM*SIG1,676053df-1802-11f0-8423-54a95b9ec813,auction,5,345,0.3007345497608185,0.05508875846862793,21844.0,0.31066158413887024,278,1
SLIM*SIG1,676053df-1802-11f0-8423-54a95b9ec813,auction,5,346,0.3007345497608185,0.0468747615814209,21151.0,0.31066158413887024,278,1
SLIM*SIG1,676053df-1802-11f0-8423-54a95b9ec813,auction,5,347,0.3007345497608185,0.056223154067993164,20776.0,0.31066158413887024,278,1
SLIM*SIG1,676053df-1802-11f0-8423-54a95b9ec813,auction,5,348,0.3007345497608185,0.046872854232788086,20341.0,0.31066158413887024,278,1
SLIM*SIG1,676053df-1802-11f0-8423-54a95b9ec813,auction,5,349,0.3007345497608185,0.04895734786987305,20187.0,0.31066158413887024,278,1
SLIM*SIG1,676053df-1802-11f0-8423-54a95b9ec813,auction,5,350,0.3007345497608185,0.03124690055847168,20136.0,0.31066158413887024,278,1
SLIM*SIG1,676053df-1802-11f0-8423-54a95b9ec813,auction,5,351,0.3007345497608185,0.08680319786071777,20223.0,0.31066158413887024,278,1
SLIM*SIG1,676053df-1802-11f0-8423-54a95b9ec813,auction,5,352,0.3007345497608185,0.046875,20496.0,0.31066158413887024,278,1
SLIM*SIG1,676053df-1802-11f0-8423-54a95b9ec813,auction,5,353,0.3007345497608185,0.09398198127746582,20682.0,0.31066158413887024,278,1
SLIM*SIG1,676053df-1802-11f0-8423-54a95b9ec813,auction,5,354,0.3007345497608185,0.0934596061706543,21433.0,0.31066158413887024,278,1
SLIM*SIG1,676053df-1802-11f0-8423-54a95b9ec813,auction,5,355,0.3007345497608185,0.0798792839050293,23040.0,0.31066158413887024,278,1
SLIM*SIG1,676053df-1802-11f0-8423-54a95b9ec813,auction,5,356,0.30067703127861023,0.06571030616760254,23658.0,0.31220096349716187,291,1
SLIM*SIG1,676053df-1802-11f0-8423-54a95b9ec813,auction,5,357,0.30067703127861023,0.08052253723144531,24247.0,0.31220096349716187,291,1
SLIM*SIG1,676053df-1802-11f0-8423-54a95b9ec813,auction,5,358,0.30067703127861023,0.05339980125427246,24747.0,0.31220096349716187,291,1
SLIM*SIG1,676053df-1802-11f0-8423-54a95b9ec813,auction,5,359,0.30067703127861023,0.06710672378540039,24855.0,0.31220096349716187,291,1
SLIM*SIG1,676053df-1802-11f0-8423-54a95b9ec813,auction,5,360,0.30056053400039673,0.06250119209289551,25291.0,0.30920910835266113,252,1
SLIM*SIG1,676053df-1802-11f0-8423-54a95b9ec813,auction,5,361,0.30056053400039673,0.08610105514526367,24699.0,0.30920910835266113,252,1
SLIM*SIG1,676053df-1802-11f0-8423-54a95b9ec813,auction,5,362,0.30056053400039673,0.06705069541931152,24272.0,0.30920910835266113,252,1
SLIM*SIG1,676053df-1802-11f0-8423-54a95b9ec813,auction,5,363,0.30056053400039673,0.0625,23555.0,0.30920910835266113,252,1
SLIM*SIG1,676053df-1802-11f0-8423-54a95b9ec813,auction,5,364,0.30050772428512573,0.10313105583190918,23581.0,0.3092305660247803,265,1
SLIM*SIG1,676053df-1802-11f0-8423-54a95b9ec813,auction,5,365,0.300483375787735,0.09875988960266113,23573.0,0.3091801404953003,239,1
SLIM*SIG1,676053df-1802-11f0-8423-54a95b9ec813,auction,5,366,0.30046480894088745,0.08733773231506348,23395.0,0.3093169629573822,226,1
SLIM*SIG1,676053df-1802-11f0-8423-54a95b9ec813,auction,5,367,0.30046480894088745,0.0666649341583252,22640.0,0.3093169629573822,226,1
SLIM*SIG1,676053df-1802-11f0-8423-54a95b9ec813,auction,5,368,0.30046480894088745,0.04687643051147461,21846.0,0.3093169629573822,226,1
SLIM*SIG1,676053df-1802-11f0-8423-54a95b9ec813,auction,5,369,0.30046480894088745,0.04981684684753418,21452.0,0.3093169629573822,226,1
SLIM*SIG1,676053df-1802-11f0-8423-54a95b9ec813,auction,5,370,0.30046480894088745,0.05157589912414551,21433.0,0.3093169629573822,226,1
SLIM*SIG1,676053df-1802-11f0-8423-54a95b9ec813,auction,5,371,0.30046480894088745,0.05199432373046875,20330.0,0.3093169629573822,226,1
SLIM*SIG1,676053df-1802-11f0-8423-54a95b9ec813,auction,5,372,0.30046480894088745,0.0468745231628418,19732.0,0.3093169629573822,226,1
SLIM*SIG1,676053df-1802-11f0-8423-54a95b9ec813,auction,5,373,0.30046480894088745,0.05369091033935547,19465.0,0.3093169629573822,226,1
SLIM*SIG1,676053df-1802-11f0-8423-54a95b9ec813,auction,5,374,0.30046480894088745,0.0468747615814209,19240.0,0.3093169629573822,226,1
SLIM*SIG1,676053df-1802-11f0-8423-54a95b9ec813,auction,5,375,0.30046480894088745,0.05084633827209473,18689.0,0.3093169629573822,226,1
SLIM*SIG1,676053df-1802-11f0-8423-54a95b9ec813,auction,5,376,0.30046480894088745,0.04687952995300293,18568.0,0.3093169629573822,226,1
SLIM*SIG1,676053df-1802-11f0-8423-54a95b9ec813,auction,5,377,0.30046480894088745,0.06249666213989258,19120.0,0.3093169629573822,226,1
SLIM*SIG1,676053df-1802-11f0-8423-54a95b9ec813,auction,5,378,0.30046480894088745,0.02293705940246582,18629.0,0.3093169629573822,226,1
SLIM*SIG1,676053df-1802-11f0-8423-54a95b9ec813,auction,5,379,0.30046480894088745,0.0312497615814209,18378.0,0.3093169629573822,226,1
SLIM*SIG1,676053df-1802-11f0-8423-54a95b9ec813,auction,5,380,0.30046480894088745,0.0312802791595459,19051.0,0.3093169629573822,226,1
SLIM*SIG1,676053df-1802-11f0-8423-54a95b9ec813,auction,5,381,0.30046480894088745,0.019895315170288086,19120.0,0.3093169629573822,226,1
SLIM*SIG1,676053df-1802-11f0-8423-54a95b9ec813,auction,5,382,0.30046480894088745,0.031325578689575195,19543.0,0.3093169629573822,226,1
SLIM*SIG1,676053df-1802-11f0-8423-54a95b9ec813,auction,5,383,0.30046480894088745,0.031214237213134766,18494.0,0.3093169629573822,226,1
SLIM*SIG1,676053df-1802-11f0-8423-54a95b9ec813,auction,5,384,0.30046480894088745,0.015660524368286133,18115.0,0.3093169629573822,226,1
SLIM*SIG1,676053df-1802-11f0-8423-54a95b9ec813,auction,5,385,0.3003261685371399,0.037897586822509766,17460.0,0.3092990815639496,213,1
SLIM*SIG1,676053df-1802-11f0-8423-54a95b9ec813,auction,5,386,0.30031538009643555,0.015669822692871094,16631.0,0.31092435121536255,226,1
SLIM*SIG1,676053df-1802-11f0-8423-54a95b9ec813,auction,5,387,0.30031538009643555,0.03121018409729004,16397.0,0.31092435121536255,226,1
SLIM*SIG1,676053df-1802-11f0-8423-54a95b9ec813,auction,5,388,0.30031538009643555,0.015625476837158203,15791.0,0.31092435121536255,226,1
SLIM*SIG1,676053df-1802-11f0-8423-54a95b9ec813,auction,5,389,0.30031538009643555,0.03709697723388672,15957.0,0.31092435121536255,226,1
SLIM*SIG1,676053df-1802-11f0-8423-54a95b9ec813,auction,5,390,0.30027100443840027,0.03130936622619629,16286.0,0.3096757233142853,200,1
SLIM*SIG1,676053df-1802-11f0-8423-54a95b9ec813,auction,5,391,0.30027100443840027,0.015532970428466797,16369.0,0.3096757233142853,200,1
SLIM*SIG1,676053df-1802-11f0-8423-54a95b9ec813,auction,5,392,0.3002558648586273,0.035939693450927734,16228.0,0.3096379339694977,200,1
SLIM*SIG1,676053df-1802-11f0-8423-54a95b9ec813,auction,5,393,0.3002558648586273,0.016794443130493164,16189.0,0.3096379339694977,200,1
SLIM*SIG1,676053df-1802-11f0-8423-54a95b9ec813,auction,5,394,0.3002558648586273,0.031244754791259766,16514.0,0.3096379339694977,200,1
SLIM*SIG1,676053df-1802-11f0-8423-54a95b9ec813,auction,5,395,0.3002558648586273,0.015534162521362305,16222.0,0.3096379339694977,200,1
SLIM*SIG1,676053df-1802-11f0-8423-54a95b9ec813,auction,5,396,0.3002558648586273,0.015631675720214844,16243.0,0.3096379339694977,200,1
SLIM*SIG1,676053df-1802-11f0-8423-54a95b9ec813,auction,5,397,0.3002558648586273,0.03700518608093262,15735.0,0.3096379339694977,200,1
SLIM*SIG1,676053df-1802-11f0-8423-54a95b9ec813,auction,5,398,0.3002558648586273,0.0345003604888916,15202.0,0.3096379339694977,200,1
SLIM*SIG1,676053df-1802-11f0-8423-54a95b9ec813,auction,5,399,0.3002558648586273,0.031644344329833984,14798.0,0.3096379339694977,200,1
SLIM*SIG1,676053df-1802-11f0-8423-54a95b9ec813,auction,5,400,0.3002558648586273,0.03428840637207031,15218.0,0.3096379339694977,200,1
SLIM*SIG1,676053df-1802-11f0-8423-54a95b9ec813,auction,5,401,0.3002558648586273,0.03951120376586914,15341.0,0.3096379339694977,200,1
SLIM*SIG1,676053df-1802-11f0-8423-54a95b9ec813,auction,5,402,0.3002558648586273,0.02086043357849121,15533.0,0.3096379339694977,200,1
SLIM*SIG1,676053df-1802-11f0-8423-54a95b9ec813,auction,5,403,0.3002558648586273,0.032724618911743164,15563.0,0.3096379339694977,200,1
SLIM*SIG1,676053df-1802-11f0-8423-54a95b9ec813,auction,5,404,0.3002558648586273,0.016060352325439453,15619.0,0.3096379339694977,200,1
SLIM*SIG1,676053df-1802-11f0-8423-54a95b9ec813,auction,5,405,0.3002558648586273,0.03125476837158203,16275.0,0.3096379339694977,200,1
SLIM*SIG1,676053df-1802-11f0-8423-54a95b9ec813,auction,5,406,0.3002558648586273,0.03127169609069824,15420.0,0.3096379339694977,200,1
SLIM*SIG1,676053df-1802-11f0-8423-54a95b9ec813,auction,5,407,0.3002558648586273,0.02382206916809082,16254.0,0.3096379339694977,200,1
SLIM*SIG1,676053df-1802-11f0-8423-54a95b9ec813,auction,5,408,0.3002558648586273,0.030685901641845703,15719.0,0.3096379339694977,200,1
SLIM*SIG1,676053df-1802-11f0-8423-54a95b9ec813,auction,5,409,0.3002558648586273,0.01563429832458496,16081.0,0.3096379339694977,200,1
SLIM*SIG1,676053df-1802-11f0-8423-54a95b9ec813,auction,5,410,0.3002558648586273,0.020705223083496094,16261.0,0.3096379339694977,200,1
SLIM*SIG1,676053df-1802-11f0-8423-54a95b9ec813,auction,5,411,0.3002558648586273,0.03126192092895508,15653.0,0.3096379339694977,200,1
SLIM*SIG1,676053df-1802-11f0-8423-54a95b9ec813,auction,5,412,0.3002558648586273,0.015654325485229492,15969.0,0.3096379339694977,200,1
SLIM*SIG1,676053df-1802-11f0-8423-54a95b9ec813,auction,5,413,0.3002558648586273,0.031220674514770508,16251.0,0.3096379339694977,200,1
SLIM*SIG1,676053df-1802-11f0-8423-54a95b9ec813,auction,5,414,0.3002558648586273,0.022413253784179688,16888.0,0.3096379339694977,200,1
SLIM*SIG1,676053df-1802-11f0-8423-54a95b9ec813,auction,5,415,0.3002558648586273,0.03132820129394531,16915.0,0.3096379339694977,200,1
SLIM*SIG1,676053df-1802-11f0-8423-54a95b9ec813,auction,5,416,0.3002558648586273,0.01561737060546875,16071.0,0.3096379339694977,200,1
SLIM*SIG1,676053df-1802-11f0-8423-54a95b9ec813,auction,5,417,0.3002558648586273,0.031324148178100586,15422.0,0.3096379339694977,200,1
SLIM*SIG1,676053df-1802-11f0-8423-54a95b9ec813,auction,5,418,0.3002558648586273,0.021233081817626953,15135.0,0.3096379339694977,200,1
SLIM*SIG1,676053df-1802-11f0-8423-54a95b9ec813,auction,5,419,0.3002558648586273,0.03135180473327637,15216.0,0.3096379339694977,200,1
SLIM*SIG1,676053df-1802-11f0-8423-54a95b9ec813,auction,5,420,0.3002558648586273,0.015532255172729492,14874.0,0.3096379339694977,200,1
SLIM*SIG1,676053df-1802-11f0-8423-54a95b9ec813,auction,5,421,0.3002558648586273,0.03129696846008301,15376.0,0.3096379339694977,200,1
SLIM*SIG1,676053df-1802-11f0-8423-54a95b9ec813,auction,5,422,0.3002558648586273,0.015580415725708008,15998.0,0.3096379339694977,200,1
SLIM*SIG1,676053df-1802-11f0-8423-54a95b9ec813,auction,5,423,0.3002558648586273,0.031248807907104492,16091.0,0.3096379339694977,200,1
SLIM*SIG1,676053df-1802-11f0-8423-54a95b9ec813,auction,5,424,0.3002558648586273,0.023529052734375,16076.0,0.3096379339694977,200,1
SLIM*SIG1,676053df-1802-11f0-8423-54a95b9ec813,auction,5,425,0.3002558648586273,0.03125500679016113,16069.0,0.3096379339694977,200,1
SLIM*SIG1,676053df-1802-11f0-8423-54a95b9ec813,auction,5,426,0.3002558648586273,0.031144142150878906,16052.0,0.3096379339694977,200,1
SLIM*SIG1,676053df-1802-11f0-8423-54a95b9ec813,auction,5,427,0.3002558648586273,0.022641897201538086,16418.0,0.3096379339694977,200,1
SLIM*SIG1,676053df-1802-11f0-8423-54a95b9ec813,auction,5,428,0.3002558648586273,0.03134894371032715,16439.0,0.3096379339694977,200,1
SLIM*SIG1,676053df-1802-11f0-8423-54a95b9ec813,auction,5,429,0.3002558648586273,0.015623092651367188,16673.0,0.3096379339694977,200,1
SLIM*SIG1,676053df-1802-11f0-8423-54a95b9ec813,auction,5,430,0.3002558648586273,0.031159400939941406,16810.0,0.3096379339694977,200,1
SLIM*SIG1,676053df-1802-11f0-8423-54a95b9ec813,auction,5,431,0.3002558648586273,0.02279043197631836,16762.0,0.3096379339694977,200,1
SLIM*SIG1,676053df-1802-11f0-8423-54a95b9ec813,auction,5,432,0.3002558648586273,0.015627622604370117,16258.0,0.3096379339694977,200,1
SLIM*SIG1,676053df-1802-11f0-8423-54a95b9ec813,auction,5,433,0.3002558648586273,0.03125143051147461,15606.0,0.3096379339694977,200,1
SLIM*SIG1,676053df-1802-11f0-8423-54a95b9ec813,auction,5,434,0.3002558648586273,0.015539169311523438,15595.0,0.3096379339694977,200,1
SLIM*SIG1,676053df-1802-11f0-8423-54a95b9ec813,auction,5,435,0.3002558648586273,0.03638315200805664,15805.0,0.3096379339694977,200,1
SLIM*SIG1,676053df-1802-11f0-8423-54a95b9ec813,auction,5,436,0.3002558648586273,0.031156301498413086,15477.0,0.3096379339694977,200,1
SLIM*SIG1,676053df-1802-11f0-8423-54a95b9ec813,auction,5,437,0.3002558648586273,0.015621662139892578,15629.0,0.3096379339694977,200,1
SLIM*SIG1,676053df-1802-11f0-8423-54a95b9ec813,auction,5,438,0.3002558648586273,0.03737449645996094,15239.0,0.3096379339694977,200,1
SLIM*SIG1,676053df-1802-11f0-8423-54a95b9ec813,auction,5,439,0.3002558648586273,0.015512943267822266,14584.0,0.3096379339694977,200,1
SLIM*SIG1,676053df-1802-11f0-8423-54a95b9ec813,auction,5,440,0.3002558648586273,0.03136324882507324,13834.0,0.3096379339694977,200,1
SLIM*SIG1,676053df-1802-11f0-8423-54a95b9ec813,auction,5,441,0.3002558648586273,0.015521049499511719,13949.0,0.3096379339694977,200,1
SLIM*SIG1,676053df-1802-11f0-8423-54a95b9ec813,auction,5,442,0.3002558648586273,0.01572704315185547,13477.0,0.3096379339694977,200,1
SLIM*SIG1,676053df-1802-11f0-8423-54a95b9ec813,auction,5,443,0.3002558648586273,0.031253814697265625,13625.0,0.3096379339694977,200,1
SLIM*SIG1,676053df-1802-11f0-8423-54a95b9ec813,auction,5,444,0.3002558648586273,0.024210214614868164,13259.0,0.3096379339694977,200,1
SLIM*SIG1,676053df-1802-11f0-8423-54a95b9ec813,auction,5,445,0.3002558648586273,0.031351327896118164,14057.0,0.3096379339694977,200,1
SLIM*SIG1,676053df-1802-11f0-8423-54a95b9ec813,auction,5,446,0.3002558648586273,0.015631675720214844,14598.0,0.3096379339694977,200,1
SLIM*SIG1,676053df-1802-11f0-8423-54a95b9ec813,auction,5,447,0.3002558648586273,0.031149864196777344,14383.0,0.3096379339694977,200,1
SLIM*SIG1,676053df-1802-11f0-8423-54a95b9ec813,auction,5,448,0.3002558648586273,0.021344900131225586,15153.0,0.3096379339694977,200,1
SLIM*SIG1,676053df-1802-11f0-8423-54a95b9ec813,auction,5,449,0.3002558648586273,0.015726089477539062,15477.0,0.3096379339694977,200,1
SLIM*SIG1,676053df-1802-11f0-8423-54a95b9ec813,auction,5,450,0.3002558648586273,0.01572132110595703,14599.0,0.3096379339694977,200,1
SLIM*SIG1,676053df-1802-11f0-8423-54a95b9ec813,auction,5,451,0.3002558648586273,0.031154870986938477,15249.0,0.3096379339694977,200,1
SLIM*SIG1,676053df-1802-11f0-8423-54a95b9ec813,auction,5,452,0.3002558648586273,0.023009061813354492,14574.0,0.3096379339694977,200,1
SLIM*SIG1,676053df-1802-11f0-8423-54a95b9ec813,auction,5,453,0.3002558648586273,0.015753984451293945,15021.0,0.3096379339694977,200,1
SLIM*SIG1,676053df-1802-11f0-8423-54a95b9ec813,auction,5,454,0.3002558648586273,0.015636205673217773,15239.0,0.3096379339694977,200,1
SLIM*SIG1,676053df-1802-11f0-8423-54a95b9ec813,auction,5,455,0.3002558648586273,0.03116583824157715,14195.0,0.3096379339694977,200,1
SLIM*SIG1,676053df-1802-11f0-8423-54a95b9ec813,auction,5,456,0.3002558648586273,0.020902156829833984,14436.0,0.3096379339694977,200,1
SLIM*SIG1,676053df-1802-11f0-8423-54a95b9ec813,auction,5,457,0.3002558648586273,0.031352996826171875,15175.0,0.3096379339694977,200,1
SLIM*SIG1,676053df-1802-11f0-8423-54a95b9ec813,auction,5,458,0.3002558648586273,0.020755290985107422,15069.0,0.3096379339694977,200,1
SLIM*SIG1,676053df-1802-11f0-8423-54a95b9ec813,auction,5,459,0.3002558648586273,0.026152610778808594,14870.0,0.3096379339694977,200,1
SLIM*SIG1,676053df-1802-11f0-8423-54a95b9ec813,auction,5,460,0.3002558648586273,0.021795988082885742,14827.0,0.3096379339694977,200,1
SLIM*SIG1,676053df-1802-11f0-8423-54a95b9ec813,auction,5,461,0.3002558648586273,0.03125143051147461,15065.0,0.3096379339694977,200,1
SLIM*SIG1,676053df-1802-11f0-8423-54a95b9ec813,auction,5,462,0.3002558648586273,0.015627384185791016,14885.0,0.3096379339694977,200,1
SLIM*SIG1,676053df-1802-11f0-8423-54a95b9ec813,auction,5,463,0.3002558648586273,0.031243085861206055,14230.0,0.3096379339694977,200,1
SLIM*SIG1,676053df-1802-11f0-8423-54a95b9ec813,auction,5,464,0.3002558648586273,0.022120237350463867,14265.0,0.3096379339694977,200,1
SLIM*SIG1,676053df-1802-11f0-8423-54a95b9ec813,auction,5,465,0.3002558648586273,0.01567530632019043,14057.0,0.3096379339694977,200,1
SLIM*SIG1,676053df-1802-11f0-8423-54a95b9ec813,auction,5,466,0.3002558648586273,0.01563858985900879,13619.0,0.3096379339694977,200,1
SLIM*SIG1,676053df-1802-11f0-8423-54a95b9ec813,auction,5,467,0.3002558648586273,0.031736135482788086,14310.0,0.3096379339694977,200,1
SLIM*SIG1,676053df-1802-11f0-8423-54a95b9ec813,auction,5,468,0.3002558648586273,0.020987272262573242,14278.0,0.3096379339694977,200,1
SLIM*SIG1,676053df-1802-11f0-8423-54a95b9ec813,auction,5,469,0.3002558648586273,0.015731096267700195,14526.0,0.3096379339694977,200,1
SLIM*SIG1,676053df-1802-11f0-8423-54a95b9ec813,auction,5,470,0.3002558648586273,0.03125333786010742,15407.0,0.3096379339694977,200,1
SLIM*SIG1,676053df-1802-11f0-8423-54a95b9ec813,auction,5,471,0.3002558648586273,0.015523672103881836,16448.0,0.3096379339694977,200,1
SLIM*SIG1,676053df-1802-11f0-8423-54a95b9ec813,auction,5,472,0.3002558648586273,0.031342506408691406,17067.0,0.3096379339694977,200,1
SLIM*SIG1,676053df-1802-11f0-8423-54a95b9ec813,auction,5,473,0.3002558648586273,0.0863800048828125,17465.0,0.3096379339694977,200,1
SLIM*SIG1,676053df-1802-11f0-8423-54a95b9ec813,auction,5,474,0.3002558648586273,0.031247615814208984,17617.0,0.3096379339694977,200,1
SLIM*SIG1,676053df-1802-11f0-8423-54a95b9ec813,auction,5,475,0.3002558648586273,0.021882057189941406,17344.0,0.3096379339694977,200,1
SLIM*SIG1,676053df-1802-11f0-8423-54a95b9ec813,auction,5,476,0.3002558648586273,0.031149625778198242,17197.0,0.3096379339694977,200,1
SLIM*SIG1,676053df-1802-11f0-8423-54a95b9ec813,auction,5,477,0.3002558648586273,0.038292884826660156,16010.0,0.3096379339694977,200,1
SLIM*SIG1,676053df-1802-11f0-8423-54a95b9ec813,auction,5,478,0.3002558648586273,0.031935930252075195,15626.0,0.3096379339694977,200,1
SLIM*SIG1,676053df-1802-11f0-8423-54a95b9ec813,auction,5,479,0.3002558648586273,0.03499746322631836,15626.0,0.3096379339694977,200,1
SLIM*SIG1,676053df-1802-11f0-8423-54a95b9ec813,auction,5,480,0.3002558648586273,0.03549814224243164,15377.0,0.3096379339694977,200,1
SLIM*SIG1,676053df-1802-11f0-8423-54a95b9ec813,auction,5,481,0.3002558648586273,0.035001277923583984,15465.0,0.3096379339694977,200,1
SLIM*SIG1,676053df-1802-11f0-8423-54a95b9ec813,auction,5,482,0.3002558648586273,0.02185511589050293,15306.0,0.3096379339694977,200,1
SLIM*SIG1,676053df-1802-11f0-8423-54a95b9ec813,auction,5,483,0.3002558648586273,0.03128170967102051,14992.0,0.3096379339694977,200,1
SLIM*SIG1,676053df-1802-11f0-8423-54a95b9ec813,auction,5,484,0.3002558648586273,0.03115677833557129,14911.0,0.3096379339694977,200,1
SLIM*SIG1,676053df-1802-11f0-8423-54a95b9ec813,auction,5,485,0.3002558648586273,0.03133988380432129,14796.0,0.3096379339694977,200,1
SLIM*SIG1,676053df-1802-11f0-8423-54a95b9ec813,auction,5,486,0.3002558648586273,0.021731138229370117,13830.0,0.3096379339694977,200,1
SLIM*SIG1,676053df-1802-11f0-8423-54a95b9ec813,auction,5,487,0.3002558648586273,0.031157255172729492,13986.0,0.3096379339694977,200,1
SLIM*SIG1,676053df-1802-11f0-8423-54a95b9ec813,auction,5,488,0.3002558648586273,0.015627145767211914,14384.0,0.3096379339694977,200,1
SLIM*SIG1,676053df-1802-11f0-8423-54a95b9ec813,auction,5,489,0.3002558648586273,0.022924184799194336,13224.0,0.3096379339694977,200,1
SLIM*SIG1,676053df-1802-11f0-8423-54a95b9ec813,auction,5,490,0.3002558648586273,0.031342506408691406,12750.0,0.3096379339694977,200,1
SLIM*SIG1,676053df-1802-11f0-8423-54a95b9ec813,auction,5,491,0.3002558648586273,0.015539407730102539,13143.0,0.3096379339694977,200,1
SLIM*SIG1,676053df-1802-11f0-8423-54a95b9ec813,auction,5,492,0.3002558648586273,0.031358957290649414,14006.0,0.3096379339694977,200,1
SLIM*SIG1,676053df-1802-11f0-8423-54a95b9ec813,auction,5,493,0.3002558648586273,0.020472049713134766,15163.0,0.3096379339694977,200,1
SLIM*SIG1,676053df-1802-11f0-8423-54a95b9ec813,auction,5,494,0.3002558648586273,0.03125452995300293,15457.0,0.3096379339694977,200,1
SLIM*SIG1,676053df-1802-11f0-8423-54a95b9ec813,auction,5,495,0.3002558648586273,0.031146526336669922,15487.0,0.3096379339694977,200,1
SLIM*SIG1,676053df-1802-11f0-8423-54a95b9ec813,auction,5,496,0.3002558648586273,0.015627622604370117,14434.0,0.3096379339694977,200,1
SLIM*SIG1,676053df-1802-11f0-8423-54a95b9ec813,auction,5,497,0.3002558648586273,0.037560224533081055,14682.0,0.3096379339694977,200,1
SLIM*SIG1,676053df-1802-11f0-8423-54a95b9ec813,auction,5,498,0.3002558648586273,0.015640735626220703,14639.0,0.3096379339694977,200,1
SLIM*SIG1,676053df-1802-11f0-8423-54a95b9ec813,auction,5,499,0.3002558648586273,0.031249523162841797,14507.0,0.3096379339694977,200,1
SLIM*SIG1,676053df-1802-11f0-8423-54a95b9ec813,auction,5,500,0.3002558648586273,0.031248807907104492,14065.0,0.3096379339694977,200,1
SLIM*SIG1,676053df-1802-11f0-8423-54a95b9ec813,auction,5,501,0.3002558648586273,0.022081851959228516,14691.0,0.3096379339694977,200,1
SLIM*SIG1,676053df-1802-11f0-8423-54a95b9ec813,auction,5,502,0.3002558648586273,0.015739917755126953,15128.0,0.3096379339694977,200,1
SLIM*SIG1,676053df-1802-11f0-8423-54a95b9ec813,auction,5,503,0.3002558648586273,0.031143903732299805,15680.0,0.3096379339694977,200,1
SLIM*SIG1,676053df-1802-11f0-8423-54a95b9ec813,auction,5,504,0.3002558648586273,0.01563119888305664,16457.0,0.3096379339694977,200,1
SLIM*SIG1,676053df-1802-11f0-8423-54a95b9ec813,auction,5,505,0.30016303062438965,0.037483930587768555,17534.0,0.30969861149787903,215,1
SLIM*SIG1,676053df-1802-11f0-8423-54a95b9ec813,auction,5,506,0.30016303062438965,0.01566147804260254,17336.0,0.30969861149787903,215,1
SLIM*SIG1,676053df-1802-11f0-8423-54a95b9ec813,auction,5,507,0.3000478744506836,0.015621185302734375,16946.0,0.3091670274734497,228,1
SLIM*SIG1,676053df-1802-11f0-8423-54a95b9ec813,auction,5,508,0.3000478744506836,0.03662538528442383,16943.0,0.3091670274734497,228,1
SLIM*SIG1,676053df-1802-11f0-8423-54a95b9ec813,auction,5,509,0.3000478744506836,0.015653133392333984,16627.0,0.3091670274734497,228,1
SLIM*SIG1,676053df-1802-11f0-8423-54a95b9ec813,auction,5,510,0.3000478744506836,0.03123307228088379,16666.0,0.3091670274734497,228,1
SLIM*SIG1,676053df-1802-11f0-8423-54a95b9ec813,auction,5,511,0.3000478744506836,0.031278133392333984,16440.0,0.3091670274734497,228,1
SLIM*SIG1,676053df-1802-11f0-8423-54a95b9ec813,auction,5,512,0.3000478744506836,0.01562643051147461,15944.0,0.3091670274734497,228,1
SLIM*SIG1,676053df-1802-11f0-8423-54a95b9ec813,auction,5,513,0.3000478744506836,0.03879976272583008,16459.0,0.3091670274734497,228,1
SLIM*SIG1,676053df-1802-11f0-8423-54a95b9ec813,auction,5,514,0.3000478744506836,0.015633106231689453,17182.0,0.3091670274734497,228,1
SLIM*SIG1,676053df-1802-11f0-8423-54a95b9ec813,auction,5,515,0.3000478744506836,0.03134465217590332,16463.0,0.3091670274734497,228,1
SLIM*SIG1,676053df-1802-11f0-8423-54a95b9ec813,auction,5,516,0.3000478744506836,0.015531539916992188,16202.0,0.3091670274734497,228,1
SLIM*SIG1,676053df-1802-11f0-8423-54a95b9ec813,auction,5,517,0.3000478744506836,0.015624046325683594,15784.0,0.3091670274734497,228,1
SLIM*SIG1,676053df-1802-11f0-8423-54a95b9ec813,auction,5,518,0.3000478744506836,0.03834104537963867,16272.0,0.3091670274734497,228,1
SLIM*SIG1,676053df-1802-11f0-8423-54a95b9ec813,auction,5,519,0.3000478744506836,0.01552271842956543,15868.0,0.3091670274734497,228,1
SLIM*SIG1,676053df-1802-11f0-8423-54a95b9ec813,auction,5,520,0.3000478744506836,0.031246662139892578,16146.0,0.3091670274734497,228,1
SLIM*SIG1,676053df-1802-11f0-8423-54a95b9ec813,auction,5,521,0.3000478744506836,0.015657663345336914,14977.0,0.3091670274734497,228,1
SLIM*SIG1,676053df-1802-11f0-8423-54a95b9ec813,auction,5,522,0.3000478744506836,0.03664660453796387,15387.0,0.3091670274734497,228,1
SLIM*SIG1,676053df-1802-11f0-8423-54a95b9ec813,auction,5,523,0.3000478744506836,0.015657663345336914,16059.0,0.3091670274734497,228,1
SLIM*SIG1,676053df-1802-11f0-8423-54a95b9ec813,auction,5,524,0.3000478744506836,0.031217575073242188,15748.0,0.3091670274734497,228,1
SLIM*SIG1,676053df-1802-11f0-8423-54a95b9ec813,auction,5,525,0.3000478744506836,0.015718936920166016,16984.0,0.3091670274734497,228,1
SLIM*SIG1,676053df-1802-11f0-8423-54a95b9ec813,auction,5,526,0.3000478744506836,0.021831035614013672,16955.0,0.3091670274734497,228,1
SLIM*SIG1,676053df-1802-11f0-8423-54a95b9ec813,auction,5,527,0.3000478744506836,0.015735149383544922,16896.0,0.3091670274734497,228,1
SLIM*SIG1,676053df-1802-11f0-8423-54a95b9ec813,auction,5,528,0.3000478744506836,0.03115558624267578,17680.0,0.3091670274734497,228,1
SLIM*SIG1,676053df-1802-11f0-8423-54a95b9ec813,auction,5,529,0.3000478744506836,0.037885427474975586,17525.0,0.3091670274734497,228,1
SLIM*SIG1,676053df-1802-11f0-8423-54a95b9ec813,auction,5,530,0.30002471804618835,0.01563715934753418,17408.0,0.30931830406188965,241,1
SLIM*SIG1,676053df-1802-11f0-8423-54a95b9ec813,auction,5,531,0.30002471804618835,0.03124690055847168,17919.0,0.30931830406188965,241,1
SLIM*SIG1,676053df-1802-11f0-8423-54a95b9ec813,auction,5,532,0.30002471804618835,0.03128361701965332,17658.0,0.30931830406188965,241,1
SLIM*SIG1,676053df-1802-11f0-8423-54a95b9ec813,auction,5,533,0.30002471804618835,0.02112436294555664,18336.0,0.30931830406188965,241,1
SLIM*SIG1,676053df-1802-11f0-8423-54a95b9ec813,auction,5,534,0.30002471804618835,0.04687690734863281,18594.0,0.30931830406188965,241,1
SLIM*SIG1,676053df-1802-11f0-8423-54a95b9ec813,auction,5,535,0.30002471804618835,0.03124856948852539,18214.0,0.30931830406188965,241,1
SLIM*SIG1,676053df-1802-11f0-8423-54a95b9ec813,auction,5,536,0.30002471804618835,0.046909332275390625,18068.0,0.30931830406188965,241,1
SLIM*SIG1,676053df-1802-11f0-8423-54a95b9ec813,auction,5,537,0.30002471804618835,0.02452707290649414,17624.0,0.30931830406188965,241,1
SLIM*SIG1,676053df-1802-11f0-8423-54a95b9ec813,auction,5,538,0.30002471804618835,0.03132200241088867,18087.0,0.30931830406188965,241,1
SLIM*SIG1,676053df-1802-11f0-8423-54a95b9ec813,auction,5,539,0.30002471804618835,0.031152725219726562,18397.0,0.30931830406188965,241,1
SLIM*SIG1,676053df-1802-11f0-8423-54a95b9ec813,auction,5,540,0.30002471804618835,0.02104330062866211,18467.0,0.30931830406188965,241,1
SLIM*SIG1,676053df-1802-11f0-8423-54a95b9ec813,auction,5,541,0.30002471804618835,0.031297922134399414,18751.0,0.30931830406188965,241,1
SLIM*SIG1,676053df-1802-11f0-8423-54a95b9ec813,auction,5,542,0.30002471804618835,0.015582561492919922,19084.0,0.30931830406188965,241,1
SLIM*SIG1,676053df-1802-11f0-8423-54a95b9ec813,auction,5,543,0.30002471804618835,0.015627384185791016,18963.0,0.30931830406188965,241,1
SLIM*SIG1,676053df-1802-11f0-8423-54a95b9ec813,auction,5,544,0.30002471804618835,0.02220940589904785,19177.0,0.30931830406188965,241,1
SLIM*SIG1,676053df-1802-11f0-8423-54a95b9ec813,auction,5,545,0.30002379417419434,0.03136277198791504,19065.0,0.30930525064468384,254,1
SLIM*SIG1,676053df-1802-11f0-8423-54a95b9ec813,auction,5,546,0.30002379417419434,0.031145572662353516,18777.0,0.30930525064468384,254,1
SLIM*SIG1,676053df-1802-11f0-8423-54a95b9ec813,auction,5,547,0.30002379417419434,0.03134942054748535,18084.0,0.30930525064468384,254,1
SLIM*SIG1,676053df-1802-11f0-8423-54a95b9ec813,auction,5,548,0.30002379417419434,0.021556377410888672,18100.0,0.30930525064468384,254,1
SLIM*SIG1,676053df-1802-11f0-8423-54a95b9ec813,auction,5,549,0.30002379417419434,0.015533685684204102,17555.0,0.30930525064468384,254,1
SLIM*SIG1,676053df-1802-11f0-8423-54a95b9ec813,auction,5,550,0.30002379417419434,0.031247615814208984,17246.0,0.30930525064468384,254,1
SLIM*SIG1,676053df-1802-11f0-8423-54a95b9ec813,auction,5,551,0.30002379417419434,0.015722990036010742,16892.0,0.30930525064468384,254,1
SLIM*SIG1,676053df-1802-11f0-8423-54a95b9ec813,auction,5,552,0.30002379417419434,0.038207292556762695,16753.0,0.30930525064468384,254,1
SLIM*SIG1,676053df-1802-11f0-8423-54a95b9ec813,auction,5,553,0.30002379417419434,0.01562809944152832,16877.0,0.30930525064468384,254,1
SLIM*SIG1,676053df-1802-11f0-8423-54a95b9ec813,auction,5,554,0.30002379417419434,0.03115391731262207,16742.0,0.30930525064468384,254,1
SLIM*SIG1,676053df-1802-11f0-8423-54a95b9ec813,auction,5,555,0.30002379417419434,0.03680229187011719,16930.0,0.30930525064468384,254,1
SLIM*SIG1,676053df-1802-11f0-8423-54a95b9ec813,auction,5,556,0.30002379417419434,0.032085418701171875,16764.0,0.30930525064468384,254,1
SLIM*SIG1,676053df-1802-11f0-8423-54a95b9ec813,auction,5,557,0.30002379417419434,0.03437042236328125,18215.0,0.30930525064468384,254,1
SLIM*SIG1,676053df-1802-11f0-8423-54a95b9ec813,auction,5,558,0.30002379417419434,0.03592205047607422,18285.0,0.30930525064468384,254,1
SLIM*SIG1,676053df-1802-11f0-8423-54a95b9ec813,auction,5,559,0.30002379417419434,0.0391542911529541,19201.0,0.30930525064468384,254,1
SLIM*SIG1,676053df-1802-11f0-8423-54a95b9ec813,auction,5,560,0.30002379417419434,0.03203630447387695,18531.0,0.30930525064468384,254,1
SLIM*SIG1,676053df-1802-11f0-8423-54a95b9ec813,auction,5,561,0.30002379417419434,0.03407144546508789,18800.0,0.30930525064468384,254,1
SLIM*SIG1,676053df-1802-11f0-8423-54a95b9ec813,auction,5,562,0.30002379417419434,0.021939992904663086,18590.0,0.30930525064468384,254,1
SLIM*SIG1,676053df-1802-11f0-8423-54a95b9ec813,auction,5,563,0.30002379417419434,0.031256675720214844,19290.0,0.30930525064468384,254,1
SLIM*SIG1,676053df-1802-11f0-8423-54a95b9ec813,auction,5,564,0.30002379417419434,0.03128194808959961,19845.0,0.30930525064468384,254,1
SLIM*SIG1,676053df-1802-11f0-8423-54a95b9ec813,auction,5,565,0.30002379417419434,0.015622138977050781,20183.0,0.30930525064468384,254,1
SLIM*SIG1,676053df-1802-11f0-8423-54a95b9ec813,auction,5,566,0.30002379417419434,0.03664541244506836,20264.0,0.30930525064468384,254,1
SLIM*SIG1,676053df-1802-11f0-8423-54a95b9ec813,auction,5,567,0.30002379417419434,0.015592575073242188,20101.0,0.30930525064468384,254,1
SLIM*SIG1,676053df-1802-11f0-8423-54a95b9ec813,auction,5,568,0.30002379417419434,0.03124833106994629,20220.0,0.30930525064468384,254,1
SLIM*SIG1,676053df-1802-11f0-8423-54a95b9ec813,auction,5,569,0.30002379417419434,0.03563642501831055,20101.0,0.30930525064468384,254,1
SLIM*SIG1,676053df-1802-11f0-8423-54a95b9ec813,auction,5,570,0.30002379417419434,0.016047954559326172,19803.0,0.30930525064468384,254,1
SLIM*SIG1,676053df-1802-11f0-8423-54a95b9ec813,auction,5,571,0.30002379417419434,0.03135824203491211,19480.0,0.30930525064468384,254,1
SLIM*SIG1,676053df-1802-11f0-8423-54a95b9ec813,auction,5,572,0.30002379417419434,0.031149625778198242,19310.0,0.30930525064468384,254,1
SLIM*SIG1,676053df-1802-11f0-8423-54a95b9ec813,auction,5,573,0.30002379417419434,0.07138633728027344,19602.0,0.30930525064468384,254,1
SLIM*SIG1,676053df-1802-11f0-8423-54a95b9ec813,auction,5,574,0.30002379417419434,0.0624997615814209,19636.0,0.30930525064468384,254,1
SLIM*SIG1,676053df-1802-11f0-8423-54a95b9ec813,auction,5,575,0.30002379417419434,0.057121992111206055,19616.0,0.30930525064468384,254,1
SLIM*SIG1,676053df-1802-11f0-8423-54a95b9ec813,auction,5,576,0.30002379417419434,0.03163456916809082,19471.0,0.30930525064468384,254,1
SLIM*SIG1,676053df-1802-11f0-8423-54a95b9ec813,auction,5,577,0.30002379417419434,0.08459186553955078,20271.0,0.30930525064468384,254,1
SLIM*SIG1,676053df-1802-11f0-8423-54a95b9ec813,auction,5,578,0.30002379417419434,0.052124738693237305,20703.0,0.30930525064468384,254,1
SLIM*SIG1,676053df-1802-11f0-8423-54a95b9ec813,auction,5,579,0.30002379417419434,0.062499046325683594,20756.0,0.30930525064468384,254,1
SLIM*SIG1,676053df-1802-11f0-8423-54a95b9ec813,auction,5,580,0.30002379417419434,0.07003641128540039,21462.0,0.30930525064468384,254,1
SLIM*SIG1,676053df-1802-11f0-8423-54a95b9ec813,auction,5,581,0.30002379417419434,0.0490870475769043,21313.0,0.30930525064468384,254,1
SLIM*SIG1,676053df-1802-11f0-8423-54a95b9ec813,auction,5,582,0.30002379417419434,0.031290292739868164,21226.0,0.30930525064468384,254,1
SLIM*SIG1,676053df-1802-11f0-8423-54a95b9ec813,auction,5,583,0.30002379417419434,0.015594959259033203,20901.0,0.30930525064468384,254,1
SLIM*SIG1,676053df-1802-11f0-8423-54a95b9ec813,auction,5,584,0.30002379417419434,0.03125143051147461,20885.0,0.30930525064468384,254,1
SLIM*SIG1,676053df-1802-11f0-8423-54a95b9ec813,auction,5,585,0.30002379417419434,0.05563044548034668,21204.0,0.30930525064468384,254,1
SLIM*SIG1,676053df-1802-11f0-8423-54a95b9ec813,auction,5,586,0.30002379417419434,0.04687333106994629,21411.0,0.30930525064468384,254,1
SLIM*SIG1,676053df-1802-11f0-8423-54a95b9ec813,auction,5,587,0.30002379417419434,0.0695185661315918,21301.0,0.30930525064468384,254,1
SLIM*SIG1,676053df-1802-11f0-8423-54a95b9ec813,auction,5,588,0.30002379417419434,0.0312504768371582,20813.0,0.30930525064468384,254,1
SLIM*SIG1,676053df-1802-11f0-8423-54a95b9ec813,auction,5,589,0.30002379417419434,0.05787992477416992,20340.0,0.30930525064468384,254,1
SLIM*SIG1,676053df-1802-11f0-8423-54a95b9ec813,auction,5,590,0.30002379417419434,0.04689931869506836,20346.0,0.30930525064468384,254,1
SLIM*SIG1,676053df-1802-11f0-8423-54a95b9ec813,auction,5,591,0.30002379417419434,0.03126358985900879,20295.0,0.30930525064468384,254,1
SLIM*SIG1,676053df-1802-11f0-8423-54a95b9ec813,auction,5,592,0.30002379417419434,0.03135180473327637,20819.0,0.30930525064468384,254,1
SLIM*SIG1,676053df-1802-11f0-8423-54a95b9ec813,auction,5,593,0.30002379417419434,0.015717029571533203,20942.0,0.30930525064468384,254,1
SLIM*SIG1,676053df-1802-11f0-8423-54a95b9ec813,auction,5,594,0.30002379417419434,0.03115987777709961,19966.0,0.30930525064468384,254,1
SLIM*SIG1,676053df-1802-11f0-8423-54a95b9ec813,auction,5,595,0.30002379417419434,0.0363461971282959,19619.0,0.30930525064468384,254,1
SLIM*SIG1,676053df-1802-11f0-8423-54a95b9ec813,auction,5,596,0.30002379417419434,0.015544414520263672,19662.0,0.30930525064468384,254,1
SLIM*SIG1,676053df-1802-11f0-8423-54a95b9ec813,auction,5,597,0.30002379417419434,0.031264543533325195,20154.0,0.30930525064468384,254,1
SLIM*SIG1,676053df-1802-11f0-8423-54a95b9ec813,auction,5,598,0.30002379417419434,0.0312502384185791,20160.0,0.30930525064468384,254,1
SLIM*SIG1,676053df-1802-11f0-8423-54a95b9ec813,auction,5,599,0.30002379417419434,0.07190370559692383,20153.0,0.30930525064468384,254,1
SLIM*SIG1,676053df-1802-11f0-8423-54a95b9ec813,auction,5,600,0.30002379417419434,0.03135108947753906,20650.0,0.30930525064468384,254,1
SLIM*SIG1,676053df-1802-11f0-8423-54a95b9ec813,auction,5,601,0.30002379417419434,0.03125190734863281,20905.0,0.30930525064468384,254,1
SLIM*SIG1,676053df-1802-11f0-8423-54a95b9ec813,auction,5,602,0.2987859845161438,0.03641057014465332,21082.0,0.30724799633026123,243,1
SLIM*SIG1,676053df-1802-11f0-8423-54a95b9ec813,auction,5,603,0.2987859845161438,0.031247377395629883,20357.0,0.30724799633026123,243,1
SLIM*SIG1,676053df-1802-11f0-8423-54a95b9ec813,auction,5,604,0.2987859845161438,0.042207956314086914,20211.0,0.30724799633026123,243,1
SLIM*SIG1,676053df-1802-11f0-8423-54a95b9ec813,auction,5,605,0.29878556728363037,0.06238842010498047,19658.0,0.3072606325149536,230,1
SLIM*SIG1,676053df-1802-11f0-8423-54a95b9ec813,auction,5,606,0.29878556728363037,0.051078081130981445,19554.0,0.3072606325149536,230,1
SLIM*SIG1,676053df-1802-11f0-8423-54a95b9ec813,auction,5,607,0.29878556728363037,0.046874046325683594,19496.0,0.3072606325149536,230,1
SLIM*SIG1,676053df-1802-11f0-8423-54a95b9ec813,auction,5,608,0.29878556728363037,0.03585553169250488,19531.0,0.3072606325149536,230,1
SLIM*SIG1,676053df-1802-11f0-8423-54a95b9ec813,auction,5,609,0.29878556728363037,0.06653857231140137,19153.0,0.3072606325149536,230,1
SLIM*SIG1,676053df-1802-11f0-8423-54a95b9ec813,auction,5,610,0.29878556728363037,0.04944968223571777,18776.0,0.3072606325149536,230,1
SLIM*SIG1,676053df-1802-11f0-8423-54a95b9ec813,auction,5,611,0.29878556728363037,0.03851604461669922,18351.0,0.3072606325149536,230,1
SLIM*SIG1,676053df-1802-11f0-8423-54a95b9ec813,auction,5,612,0.29878556728363037,0.03414440155029297,18209.0,0.3072606325149536,230,1
SLIM*SIG1,676053df-1802-11f0-8423-54a95b9ec813,auction,5,613,0.29878556728363037,0.04285860061645508,18233.0,0.3072606325149536,230,1
SLIM*SIG1,676053df-1802-11f0-8423-54a95b9ec813,auction,5,614,0.29878556728363037,0.029660701751708984,18286.0,0.3072606325149536,230,1
SLIM*SIG1,676053df-1802-11f0-8423-54a95b9ec813,auction,5,615,0.29861629009246826,0.015657424926757812,17996.0,0.3070641756057739,230,1
SLIM*SIG1,676053df-1802-11f0-8423-54a95b9ec813,auction,5,616,0.29861629009246826,0.015634775161743164,18001.0,0.3070641756057739,230,1
SLIM*SIG1,676053df-1802-11f0-8423-54a95b9ec813,auction,5,617,0.29861629009246826,0.03689312934875488,18506.0,0.3070641756057739,230,1
SLIM*SIG1,676053df-1802-11f0-8423-54a95b9ec813,auction,5,618,0.29861629009246826,0.031249046325683594,18914.0,0.3070641756057739,230,1
SLIM*SIG1,676053df-1802-11f0-8423-54a95b9ec813,auction,5,619,0.29861629009246826,0.03127408027648926,19385.0,0.3070641756057739,230,1
SLIM*SIG1,676053df-1802-11f0-8423-54a95b9ec813,auction,5,620,0.29861629009246826,0.0382082462310791,18975.0,0.3070641756057739,230,1
SLIM*SIG1,676053df-1802-11f0-8423-54a95b9ec813,auction,5,621,0.29861629009246826,0.015526056289672852,18111.0,0.3070641756057739,230,1
SLIM*SIG1,676053df-1802-11f0-8423-54a95b9ec813,auction,5,622,0.29861629009246826,0.03133392333984375,17880.0,0.3070641756057739,230,1
SLIM*SIG1,676053df-1802-11f0-8423-54a95b9ec813,auction,5,623,0.29861629009246826,0.036031484603881836,18395.0,0.3070641756057739,230,1
SLIM*SIG1,676053df-1802-11f0-8423-54a95b9ec813,auction,5,624,0.29861629009246826,0.03128933906555176,19127.0,0.3070641756057739,230,1
SLIM*SIG1,676053df-1802-11f0-8423-54a95b9ec813,auction,5,625,0.29861629009246826,0.07320141792297363,18785.0,0.3070641756057739,230,1
SLIM*SIG1,676053df-1802-11f0-8423-54a95b9ec813,auction,5,626,0.29861629009246826,0.04688692092895508,18785.0,0.3070641756057739,230,1
SLIM*SIG1,676053df-1802-11f0-8423-54a95b9ec813,auction,5,627,0.29861629009246826,0.01562356948852539,18172.0,0.3070641756057739,230,1
SLIM*SIG1,676053df-1802-11f0-8423-54a95b9ec813,auction,5,628,0.29861629009246826,0.031250953674316406,17795.0,0.3070641756057739,230,1
SLIM*SIG1,676053df-1802-11f0-8423-54a95b9ec813,auction,5,629,0.29861629009246826,0.03243446350097656,17112.0,0.3070641756057739,230,1
SLIM*SIG1,676053df-1802-11f0-8423-54a95b9ec813,auction,5,630,0.29861629009246826,0.018167734146118164,17149.0,0.3070641756057739,230,1
SLIM*SIG1,676053df-1802-11f0-8423-54a95b9ec813,auction,5,631,0.29861629009246826,0.031162023544311523,17016.0,0.3070641756057739,230,1
SLIM*SIG1,676053df-1802-11f0-8423-54a95b9ec813,auction,5,632,0.29861629009246826,0.015619516372680664,17298.0,0.3070641756057739,230,1
SLIM*SIG1,676053df-1802-11f0-8423-54a95b9ec813,auction,5,633,0.29861629009246826,0.03787660598754883,16440.0,0.3070641756057739,230,1
SLIM*SIG1,676053df-1802-11f0-8423-54a95b9ec813,auction,5,634,0.29861629009246826,0.015534400939941406,16469.0,0.3070641756057739,230,1
SLIM*SIG1,676053df-1802-11f0-8423-54a95b9ec813,auction,5,635,0.298594206571579,0.03129935264587402,17074.0,0.30551671981811523,243,1
SLIM*SIG1,676053df-1802-11f0-8423-54a95b9ec813,auction,5,636,0.298594206571579,0.031242847442626953,16575.0,0.30551671981811523,243,1
SLIM*SIG1,676053df-1802-11f0-8423-54a95b9ec813,auction,5,637,0.298594206571579,0.022237062454223633,16128.0,0.30551671981811523,243,1
SLIM*SIG1,676053df-1802-11f0-8423-54a95b9ec813,auction,5,638,0.298594206571579,0.028606176376342773,16288.0,0.30551671981811523,243,1
SLIM*SIG1,676053df-1802-11f0-8423-54a95b9ec813,auction,5,639,0.298594206571579,0.03130078315734863,17312.0,0.30551671981811523,243,1
SLIM*SIG1,676053df-1802-11f0-8423-54a95b9ec813,auction,5,640,0.298594206571579,0.015720367431640625,18439.0,0.30551671981811523,243,1
SLIM*SIG1,676053df-1802-11f0-8423-54a95b9ec813,auction,5,641,0.298594206571579,0.04030561447143555,18645.0,0.30551671981811523,243,1
SLIM*SIG1,676053df-1802-11f0-8423-54a95b9ec813,auction,5,642,0.298594206571579,0.015526533126831055,18780.0,0.30551671981811523,243,1
SLIM*SIG1,676053df-1802-11f0-8423-54a95b9ec813,auction,5,643,0.298594206571579,0.03125,19470.0,0.30551671981811523,243,1
SLIM*SIG1,676053df-1802-11f0-8423-54a95b9ec813,auction,5,644,0.2984585464000702,0.03267550468444824,19076.0,0.30602186918258667,256,1
SLIM*SIG1,676053df-1802-11f0-8423-54a95b9ec813,auction,5,645,0.2984585464000702,0.019214868545532227,19606.0,0.30602186918258667,256,1
SLIM*SIG1,676053df-1802-11f0-8423-54a95b9ec813,auction,5,646,0.2984585464000702,0.03125119209289551,19439.0,0.30602186918258667,256,1
SLIM*SIG1,676053df-1802-11f0-8423-54a95b9ec813,auction,5,647,0.2984585464000702,0.015623331069946289,19278.0,0.30602186918258667,256,1
SLIM*SIG1,676053df-1802-11f0-8423-54a95b9ec813,auction,5,648,0.2984585464000702,0.05165553092956543,18926.0,0.30602186918258667,256,1
SLIM*SIG1,676053df-1802-11f0-8423-54a95b9ec813,auction,5,649,0.2984585464000702,0.08162760734558105,19315.0,0.30602186918258667,256,1
SLIM*SIG1,676053df-1802-11f0-8423-54a95b9ec813,auction,5,650,0.2984585464000702,0.056160926818847656,18844.0,0.30602186918258667,256,1
SLIM*SIG1,676053df-1802-11f0-8423-54a95b9ec813,auction,5,651,0.2984585464000702,0.04687190055847168,18686.0,0.30602186918258667,256,1
SLIM*SIG1,676053df-1802-11f0-8423-54a95b9ec813,auction,5,652,0.2984585464000702,0.03683733940124512,19119.0,0.30602186918258667,256,1
SLIM*SIG1,676053df-1802-11f0-8423-54a95b9ec813,auction,5,653,0.2984585464000702,0.07863044738769531,18817.0,0.30602186918258667,256,1
SLIM*SIG1,676053df-1802-11f0-8423-54a95b9ec813,auction,5,654,0.2984585464000702,0.033621788024902344,19609.0,0.30602186918258667,256,1
SLIM*SIG1,676053df-1802-11f0-8423-54a95b9ec813,auction,5,655,0.2984585464000702,0.031219482421875,20327.0,0.30602186918258667,256,1
SLIM*SIG1,676053df-1802-11f0-8423-54a95b9ec813,auction,5,656,0.2984585464000702,0.08499407768249512,21326.0,0.30602186918258667,256,1
SLIM*SIG1,676053df-1802-11f0-8423-54a95b9ec813,auction,5,657,0.2984585464000702,0.04678082466125488,21990.0,0.30602186918258667,256,1
SLIM*SIG1,676053df-1802-11f0-8423-54a95b9ec813,auction,5,658,0.2984585464000702,0.05435919761657715,21701.0,0.30602186918258667,256,1
SLIM*SIG1,676053df-1802-11f0-8423-54a95b9ec813,auction,5,659,0.2984585464000702,0.04687356948852539,20694.0,0.30602186918258667,256,1
SLIM*SIG1,676053df-1802-11f0-8423-54a95b9ec813,auction,5,660,0.2984585464000702,0.037575721740722656,20321.0,0.30602186918258667,256,1
SLIM*SIG1,676053df-1802-11f0-8423-54a95b9ec813,auction,5,661,0.2984585464000702,0.015721559524536133,19456.0,0.30602186918258667,256,1
SLIM*SIG1,676053df-1802-11f0-8423-54a95b9ec813,auction,5,662,0.2984585464000702,0.031159162521362305,19070.0,0.30602186918258667,256,1
SLIM*SIG1,676053df-1802-11f0-8423-54a95b9ec813,auction,5,663,0.2984585464000702,0.0312497615814209,18875.0,0.30602186918258667,256,1
SLIM*SIG1,676053df-1802-11f0-8423-54a95b9ec813,auction,5,664,0.2984585464000702,0.020413637161254883,18708.0,0.30602186918258667,256,1
SLIM*SIG1,676053df-1802-11f0-8423-54a95b9ec813,auction,5,665,0.2984585464000702,0.031260013580322266,18079.0,0.30602186918258667,256,1
SLIM*SIG1,676053df-1802-11f0-8423-54a95b9ec813,auction,5,666,0.2984585464000702,0.015717267990112305,16969.0,0.30602186918258667,256,1
SLIM*SIG1,676053df-1802-11f0-8423-54a95b9ec813,auction,5,667,0.2984585464000702,0.015740156173706055,16926.0,0.30602186918258667,256,1
SLIM*SIG1,676053df-1802-11f0-8423-54a95b9ec813,auction,5,668,0.2984585464000702,0.021768808364868164,17195.0,0.30602186918258667,256,1
SLIM*SIG1,676053df-1802-11f0-8423-54a95b9ec813,auction,5,669,0.2984585464000702,0.03126072883605957,18072.0,0.30602186918258667,256,1
SLIM*SIG1,676053df-1802-11f0-8423-54a95b9ec813,auction,5,670,0.2984585464000702,0.03125,18277.0,0.30602186918258667,256,1
SLIM*SIG1,676053df-1802-11f0-8423-54a95b9ec813,auction,5,671,0.2984585464000702,0.0312504768371582,18313.0,0.30602186918258667,256,1
SLIM*SIG1,676053df-1802-11f0-8423-54a95b9ec813,auction,5,672,0.2984585464000702,0.03196907043457031,18397.0,0.30602186918258667,256,1
SLIM*SIG1,676053df-1802-11f0-8423-54a95b9ec813,auction,5,673,0.2984585464000702,0.033205270767211914,17844.0,0.30602186918258667,256,1
SLIM*SIG1,676053df-1802-11f0-8423-54a95b9ec813,auction,5,674,0.2984585464000702,0.033652305603027344,17560.0,0.30602186918258667,256,1
SLIM*SIG1,676053df-1802-11f0-8423-54a95b9ec813,auction,5,675,0.2984585464000702,0.03270149230957031,17390.0,0.30602186918258667,256,1
SLIM*SIG1,676053df-1802-11f0-8423-54a95b9ec813,auction,5,676,0.2984585464000702,0.03376150131225586,17791.0,0.30602186918258667,256,1
SLIM*SIG1,676053df-1802-11f0-8423-54a95b9ec813,auction,5,677,0.2984585464000702,0.030768394470214844,17984.0,0.30602186918258667,256,1
SLIM*SIG1,676053df-1802-11f0-8423-54a95b9ec813,auction,5,678,0.2984585464000702,0.03630638122558594,17703.0,0.30602186918258667,256,1
SLIM*SIG1,676053df-1802-11f0-8423-54a95b9ec813,auction,5,679,0.2984585464000702,0.01571822166442871,18108.0,0.30602186918258667,256,1
SLIM*SIG1,676053df-1802-11f0-8423-54a95b9ec813,auction,5,680,0.2984585464000702,0.03125119209289551,18409.0,0.30602186918258667,256,1
SLIM*SIG1,676053df-1802-11f0-8423-54a95b9ec813,auction,5,681,0.2984585464000702,0.01562190055847168,18728.0,0.30602186918258667,256,1
SLIM*SIG1,676053df-1802-11f0-8423-54a95b9ec813,auction,5,682,0.2984585464000702,0.038343191146850586,18515.0,0.30602186918258667,256,1
SLIM*SIG1,676053df-1802-11f0-8423-54a95b9ec813,auction,5,683,0.2984585464000702,0.015633821487426758,17764.0,0.30602186918258667,256,1
SLIM*SIG1,676053df-1802-11f0-8423-54a95b9ec813,auction,5,684,0.2984585464000702,0.03134870529174805,18134.0,0.30602186918258667,256,1
SLIM*SIG1,676053df-1802-11f0-8423-54a95b9ec813,auction,5,685,0.2984585464000702,0.031245708465576172,18917.0,0.30602186918258667,256,1
SLIM*SIG1,676053df-1802-11f0-8423-54a95b9ec813,auction,5,686,0.2984585464000702,0.02000260353088379,19125.0,0.30602186918258667,256,1
SLIM*SIG1,676053df-1802-11f0-8423-54a95b9ec813,auction,5,687,0.2984585464000702,0.03135561943054199,18583.0,0.30602186918258667,256,1
SLIM*SIG1,676053df-1802-11f0-8423-54a95b9ec813,auction,5,688,0.2982631325721741,0.015619993209838867,18820.0,0.30611252784729004,269,1
SLIM*SIG1,676053df-1802-11f0-8423-54a95b9ec813,auction,5,689,0.2982631325721741,0.031155824661254883,18884.0,0.30611252784729004,269,1
SLIM*SIG1,676053df-1802-11f0-8423-54a95b9ec813,auction,5,690,0.2982631325721741,0.02159595489501953,18419.0,0.30611252784729004,269,1
SLIM*SIG1,676053df-1802-11f0-8423-54a95b9ec813,auction,5,691,0.2982631325721741,0.031357765197753906,19063.0,0.30611252784729004,269,1
SLIM*SIG1,676053df-1802-11f0-8423-54a95b9ec813,auction,5,692,0.2982631325721741,0.08578681945800781,19435.0,0.30611252784729004,269,1
SLIM*SIG1,676053df-1802-11f0-8423-54a95b9ec813,auction,5,693,0.2982631325721741,0.04687333106994629,19511.0,0.30611252784729004,269,1
SLIM*SIG1,676053df-1802-11f0-8423-54a95b9ec813,auction,5,694,0.2982631325721741,0.03802752494812012,19188.0,0.30611252784729004,269,1
SLIM*SIG1,676053df-1802-11f0-8423-54a95b9ec813,auction,5,695,0.2982631325721741,0.046874046325683594,18918.0,0.30611252784729004,269,1
SLIM*SIG1,676053df-1802-11f0-8423-54a95b9ec813,auction,5,696,0.2982631325721741,0.07171225547790527,19297.0,0.30611252784729004,269,1
SLIM*SIG1,676053df-1802-11f0-8423-54a95b9ec813,auction,5,697,0.2982631325721741,0.031252145767211914,19377.0,0.30611252784729004,269,1
SLIM*SIG1,676053df-1802-11f0-8423-54a95b9ec813,auction,5,698,0.2982631325721741,0.04687380790710449,18956.0,0.30611252784729004,269,1
SLIM*SIG1,676053df-1802-11f0-8423-54a95b9ec813,auction,5,699,0.2982631325721741,0.07149195671081543,19112.0,0.30611252784729004,269,1
SLIM*SIG1,676053df-1802-11f0-8423-54a95b9ec813,auction,5,700,0.2982631325721741,0.045858144760131836,19757.0,0.30611252784729004,269,1
SLIM*SIG1,676053df-1802-11f0-8423-54a95b9ec813,auction,5,701,0.2982631325721741,0.01645374298095703,18516.0,0.30611252784729004,269,1
SLIM*SIG1,676053df-1802-11f0-8423-54a95b9ec813,auction,5,702,0.2982631325721741,0.03131532669067383,19358.0,0.30611252784729004,269,1
SLIM*SIG1,676053df-1802-11f0-8423-54a95b9ec813,auction,5,703,0.2982631325721741,0.031248807907104492,19429.0,0.30611252784729004,269,1
SLIM*SIG1,676053df-1802-11f0-8423-54a95b9ec813,auction,5,704,0.2982631325721741,0.021927595138549805,20150.0,0.30611252784729004,269,1
SLIM*SIG1,676053df-1802-11f0-8423-54a95b9ec813,auction,5,705,0.2982631325721741,0.06189680099487305,19977.0,0.30611252784729004,269,1
SLIM*SIG1,676053df-1802-11f0-8423-54a95b9ec813,auction,5,706,0.2982631325721741,0.05536985397338867,20794.0,0.30611252784729004,269,1
SLIM*SIG1,676053df-1802-11f0-8423-54a95b9ec813,auction,5,707,0.2982631325721741,0.031248092651367188,19788.0,0.30611252784729004,269,1
SLIM*SIG1,676053df-1802-11f0-8423-54a95b9ec813,auction,5,708,0.2982631325721741,0.08917069435119629,19986.0,0.30611252784729004,269,1
SLIM*SIG1,676053df-1802-11f0-8423-54a95b9ec813,auction,5,709,0.2982631325721741,0.07812690734863281,20028.0,0.30611252784729004,269,1
SLIM*SIG1,676053df-1802-11f0-8423-54a95b9ec813,auction,5,710,0.2982631325721741,0.06758570671081543,19814.0,0.30611252784729004,269,1
SLIM*SIG1,676053df-1802-11f0-8423-54a95b9ec813,auction,5,711,0.2982631325721741,0.08597826957702637,19318.0,0.30611252784729004,269,1
SLIM*SIG1,676053df-1802-11f0-8423-54a95b9ec813,auction,5,712,0.2982631325721741,0.0513768196105957,19271.0,0.30611252784729004,269,1
SLIM*SIG1,676053df-1802-11f0-8423-54a95b9ec813,auction,5,713,0.2982631325721741,0.06250858306884766,19464.0,0.30611252784729004,269,1
SLIM*SIG1,676053df-1802-11f0-8423-54a95b9ec813,auction,5,714,0.2982631325721741,0.06543850898742676,19511.0,0.30611252784729004,269,1
SLIM*SIG1,676053df-1802-11f0-8423-54a95b9ec813,auction,5,715,0.2982631325721741,0.049356698989868164,20024.0,0.30611252784729004,269,1
SLIM*SIG1,676053df-1802-11f0-8423-54a95b9ec813,auction,5,716,0.2982631325721741,0.08697009086608887,20310.0,0.30611252784729004,269,1
SLIM*SIG1,676053df-1802-11f0-8423-54a95b9ec813,auction,5,717,0.2982631325721741,0.06974029541015625,20075.0,0.30611252784729004,269,1
SLIM*SIG1,676053df-1802-11f0-8423-54a95b9ec813,auction,5,718,0.2982631325721741,0.07812309265136719,20162.0,0.30611252784729004,269,1
SLIM*SIG1,676053df-1802-11f0-8423-54a95b9ec813,auction,5,719,0.2982631325721741,0.06250405311584473,20227.0,0.30611252784729004,269,1
SLIM*SIG1,676053df-1802-11f0-8423-54a95b9ec813,auction,5,720,0.2982631325721741,0.06889843940734863,19747.0,0.30611252784729004,269,1
SLIM*SIG1,676053df-1802-11f0-8423-54a95b9ec813,auction,5,721,0.2982631325721741,0.05489206314086914,19416.0,0.30611252784729004,269,1
SLIM*SIG1,676053df-1802-11f0-8423-54a95b9ec813,auction,5,722,0.2982631325721741,0.06000232696533203,19433.0,0.30611252784729004,269,1
SLIM*SIG1,676053df-1802-11f0-8423-54a95b9ec813,auction,5,723,0.2982631325721741,0.06245732307434082,19535.0,0.30611252784729004,269,1
SLIM*SIG1,676053df-1802-11f0-8423-54a95b9ec813,auction,5,724,0.2982631325721741,0.07154440879821777,19955.0,0.30611252784729004,269,1
SLIM*SIG1,676053df-1802-11f0-8423-54a95b9ec813,auction,5,725,0.2982631325721741,0.052245140075683594,20554.0,0.30611252784729004,269,1
SLIM*SIG1,676053df-1802-11f0-8423-54a95b9ec813,auction,5,726,0.2982631325721741,0.0468754768371582,21135.0,0.30611252784729004,269,1
SLIM*SIG1,676053df-1802-11f0-8423-54a95b9ec813,auction,5,727,0.2982631325721741,0.055075645446777344,21331.0,0.30611252784729004,269,1
SLIM*SIG1,676053df-1802-11f0-8423-54a95b9ec813,auction,5,728,0.2982631325721741,0.04687356948852539,22831.0,0.30611252784729004,269,1
SLIM*SIG1,676053df-1802-11f0-8423-54a95b9ec813,auction,5,729,0.2982631325721741,0.03461194038391113,23279.0,0.30611252784729004,269,1
SLIM*SIG1,676053df-1802-11f0-8423-54a95b9ec813,auction,5,730,0.2982631325721741,0.04687356948852539,23373.0,0.30611252784729004,269,1
SLIM*SIG1,676053df-1802-11f0-8423-54a95b9ec813,auction,5,731,0.2982631325721741,0.10400056838989258,23396.0,0.30611252784729004,269,1
SLIM*SIG1,676053df-1802-11f0-8423-54a95b9ec813,auction,5,732,0.2982631325721741,0.05263686180114746,22874.0,0.30611252784729004,269,1
SLIM*SIG1,676053df-1802-11f0-8423-54a95b9ec813,auction,5,733,0.2982631325721741,0.06255078315734863,22327.0,0.30611252784729004,269,1
SLIM*SIG1,676053df-1802-11f0-8423-54a95b9ec813,auction,5,734,0.2982631325721741,0.08434867858886719,22102.0,0.30611252784729004,269,1
SLIM*SIG1,676053df-1802-11f0-8423-54a95b9ec813,auction,5,735,0.2982631325721741,0.05296826362609863,21983.0,0.30611252784729004,269,1
SLIM*SIG1,676053df-1802-11f0-8423-54a95b9ec813,auction,5,736,0.2982631325721741,0.06250214576721191,21764.0,0.30611252784729004,269,1
SLIM*SIG1,676053df-1802-11f0-8423-54a95b9ec813,auction,5,737,0.2982631325721741,0.08435988426208496,21398.0,0.30611252784729004,269,1
SLIM*SIG1,676053df-1802-11f0-8423-54a95b9ec813,auction,5,738,0.2982631325721741,0.0312504768371582,20975.0,0.30611252784729004,269,1
SLIM*SIG1,676053df-1802-11f0-8423-54a95b9ec813,auction,5,739,0.2982631325721741,0.05518746376037598,19824.0,0.30611252784729004,269,1
SLIM*SIG1,676053df-1802-11f0-8423-54a95b9ec813,auction,5,740,0.2982631325721741,0.0624997615814209,20682.0,0.30611252784729004,269,1
SLIM*SIG1,676053df-1802-11f0-8423-54a95b9ec813,auction,5,741,0.2982631325721741,0.03415203094482422,19864.0,0.30611252784729004,269,1
SLIM*SIG1,676053df-1802-11f0-8423-54a95b9ec813,auction,5,742,0.2982631325721741,0.031258583068847656,20070.0,0.30611252784729004,269,1
SLIM*SIG1,676053df-1802-11f0-8423-54a95b9ec813,auction,5,743,0.2982631325721741,0.031287431716918945,20123.0,0.30611252784729004,269,1
SLIM*SIG1,676053df-1802-11f0-8423-54a95b9ec813,auction,5,744,0.2982631325721741,0.036203861236572266,20162.0,0.30611252784729004,269,1
SLIM*SIG1,676053df-1802-11f0-8423-54a95b9ec813,auction,5,745,0.2982631325721741,0.046875715255737305,19896.0,0.30611252784729004,269,1
SLIM*SIG1,676053df-1802-11f0-8423-54a95b9ec813,auction,5,746,0.2982631325721741,0.05582761764526367,20416.0,0.30611252784729004,269,1
SLIM*SIG1,676053df-1802-11f0-8423-54a95b9ec813,auction,5,747,0.2982631325721741,0.07812690734863281,20254.0,0.30611252784729004,269,1
SLIM*SIG1,676053df-1802-11f0-8423-54a95b9ec813,auction,5,748,0.2982631325721741,0.057346343994140625,19864.0,0.30611252784729004,269,1
SLIM*SIG1,676053df-1802-11f0-8423-54a95b9ec813,auction,5,749,0.2982631325721741,0.031249284744262695,19705.0,0.30611252784729004,269,1
SLIM*SIG1,676053df-1802-11f0-8423-54a95b9ec813,auction,5,750,0.2982631325721741,0.03127622604370117,20442.0,0.30611252784729004,269,1
SLIM*SIG1,676053df-1802-11f0-8423-54a95b9ec813,auction,5,751,0.2982631325721741,0.06702780723571777,20032.0,0.30611252784729004,269,1
SLIM*SIG1,676053df-1802-11f0-8423-54a95b9ec813,auction,5,752,0.2982631325721741,0.04687356948852539,20795.0,0.30611252784729004,269,1
SLIM*SIG1,676053df-1802-11f0-8423-54a95b9ec813,auction,5,753,0.2982631325721741,0.05431199073791504,20999.0,0.30611252784729004,269,1
SLIM*SIG1,676053df-1802-11f0-8423-54a95b9ec813,auction,5,754,0.2982631325721741,0.04686617851257324,20283.0,0.30611252784729004,269,1
SLIM*SIG1,676053df-1802-11f0-8423-54a95b9ec813,auction,5,755,0.2982631325721741,0.0660867691040039,19921.0,0.30611252784729004,269,1
SLIM*SIG1,676053df-1802-11f0-8423-54a95b9ec813,auction,5,756,0.2982414662837982,0.01564478874206543,19495.0,0.30591991543769836,282,1
SLIM*SIG1,676053df-1802-11f0-8423-54a95b9ec813,auction,5,757,0.2982414662837982,0.031209945678710938,18391.0,0.30591991543769836,282,1
SLIM*SIG1,676053df-1802-11f0-8423-54a95b9ec813,auction,5,758,0.2982414662837982,0.01562666893005371,18518.0,0.30591991543769836,282,1
SLIM*SIG1,676053df-1802-11f0-8423-54a95b9ec813,auction,5,759,0.2982414662837982,0.08559632301330566,18340.0,0.30591991543769836,282,1
SLIM*SIG1,676053df-1802-11f0-8423-54a95b9ec813,auction,5,760,0.2982414662837982,0.05786705017089844,18164.0,0.30591991543769836,282,1
SLIM*SIG1,676053df-1802-11f0-8423-54a95b9ec813,auction,5,761,0.2982414662837982,0.07641363143920898,17067.0,0.30591991543769836,282,1
SLIM*SIG1,676053df-1802-11f0-8423-54a95b9ec813,auction,5,762,0.2982414662837982,0.08216595649719238,15880.0,0.30591991543769836,282,1
SLIM*SIG1,676053df-1802-11f0-8423-54a95b9ec813,auction,5,763,0.2982414662837982,0.03845620155334473,15859.0,0.30591991543769836,282,1
SLIM*SIG1,676053df-1802-11f0-8423-54a95b9ec813,auction,5,764,0.2982414662837982,0.04109549522399902,16139.0,0.30591991543769836,282,1
SLIM*SIG1,676053df-1802-11f0-8423-54a95b9ec813,auction,5,765,0.2982414662837982,0.06429147720336914,17532.0,0.30591991543769836,282,1
SLIM*SIG1,676053df-1802-11f0-8423-54a95b9ec813,auction,5,766,0.2982414662837982,0.0393671989440918,19191.0,0.30591991543769836,282,1
SLIM*SIG1,676053df-1802-11f0-8423-54a95b9ec813,auction,5,767,0.2982414662837982,0.06482887268066406,19679.0,0.30591991543769836,282,1
SLIM*SIG1,676053df-1802-11f0-8423-54a95b9ec813,auction,5,768,0.2982414662837982,0.0624995231628418,20277.0,0.30591991543769836,282,1
SLIM*SIG1,676053df-1802-11f0-8423-54a95b9ec813,auction,5,769,0.2982414662837982,0.07229042053222656,20868.0,0.30591991543769836,282,1
SLIM*SIG1,676053df-1802-11f0-8423-54a95b9ec813,auction,5,770,0.2982414662837982,0.05201578140258789,20645.0,0.30591991543769836,282,1
SLIM*SIG1,676053df-1802-11f0-8423-54a95b9ec813,auction,5,771,0.2982414662837982,0.04688072204589844,20138.0,0.30591991543769836,282,1
SLIM*SIG1,676053df-1802-11f0-8423-54a95b9ec813,auction,5,772,0.2982414662837982,0.08722853660583496,19962.0,0.30591991543769836,282,1
SLIM*SIG1,676053df-1802-11f0-8423-54a95b9ec813,auction,5,773,0.2982414662837982,0.04691910743713379,19715.0,0.30591991543769836,282,1
SLIM*SIG1,676053df-1802-11f0-8423-54a95b9ec813,auction,5,774,0.2982414662837982,0.051483869552612305,19854.0,0.30591991543769836,282,1
SLIM*SIG1,676053df-1802-11f0-8423-54a95b9ec813,auction,5,775,0.2982414662837982,0.03126406669616699,19070.0,0.30591991543769836,282,1
SLIM*SIG1,676053df-1802-11f0-8423-54a95b9ec813,auction,5,776,0.2982414662837982,0.06807637214660645,19433.0,0.30591991543769836,282,1
SLIM*SIG1,676053df-1802-11f0-8423-54a95b9ec813,auction,5,777,0.2982414662837982,0.06250119209289551,18980.0,0.30591991543769836,282,1
SLIM*SIG1,676053df-1802-11f0-8423-54a95b9ec813,auction,5,778,0.2982414662837982,0.06850624084472656,18891.0,0.30591991543769836,282,1
SLIM*SIG1,676053df-1802-11f0-8423-54a95b9ec813,auction,5,779,0.2982414662837982,0.04686617851257324,19568.0,0.30591991543769836,282,1
SLIM*SIG1,676053df-1802-11f0-8423-54a95b9ec813,auction,5,780,0.2982414662837982,0.05297732353210449,20042.0,0.30591991543769836,282,1
SLIM*SIG1,676053df-1802-11f0-8423-54a95b9ec813,auction,5,781,0.2982414662837982,0.0876002311706543,20912.0,0.30591991543769836,282,1
SLIM*SIG1,676053df-1802-11f0-8423-54a95b9ec813,auction,5,782,0.2982414662837982,0.06250357627868652,20796.0,0.30591991543769836,282,1
SLIM*SIG1,676053df-1802-11f0-8423-54a95b9ec813,auction,5,783,0.2982414662837982,0.08267688751220703,20779.0,0.30591991543769836,282,1
SLIM*SIG1,676053df-1802-11f0-8423-54a95b9ec813,auction,5,784,0.2982414662837982,0.05450129508972168,20680.0,0.30591991543769836,282,1
SLIM*SIG1,676053df-1802-11f0-8423-54a95b9ec813,auction,5,785,0.2982414662837982,0.062499284744262695,21265.0,0.30591991543769836,282,1
SLIM*SIG1,676053df-1802-11f0-8423-54a95b9ec813,auction,5,786,0.2982414662837982,0.03724861145019531,20895.0,0.30591991543769836,282,1
SLIM*SIG1,676053df-1802-11f0-8423-54a95b9ec813,auction,5,787,0.2982414662837982,0.06239128112792969,22142.0,0.30591991543769836,282,1
SLIM*SIG1,676053df-1802-11f0-8423-54a95b9ec813,auction,5,788,0.2982414662837982,0.0862891674041748,21874.0,0.30591991543769836,282,1
SLIM*SIG1,676053df-1802-11f0-8423-54a95b9ec813,auction,5,789,0.2982414662837982,0.0688629150390625,21160.0,0.30591991543769836,282,1
SLIM*SIG1,676053df-1802-11f0-8423-54a95b9ec813,auction,5,790,0.2982414662837982,0.06255173683166504,21201.0,0.30591991543769836,282,1
SLIM*SIG1,676053df-1802-11f0-8423-54a95b9ec813,auction,5,791,0.2982414662837982,0.08568143844604492,21295.0,0.30591991543769836,282,1
SLIM*SIG1,676053df-1802-11f0-8423-54a95b9ec813,auction,5,792,0.2982414662837982,0.04966855049133301,21220.0,0.30591991543769836,282,1
SLIM*SIG1,676053df-1802-11f0-8423-54a95b9ec813,auction,5,793,0.2982414662837982,0.04687333106994629,21631.0,0.30591991543769836,282,1
SLIM*SIG1,676053df-1802-11f0-8423-54a95b9ec813,auction,5,794,0.2982414662837982,0.0625007152557373,21415.0,0.30591991543769836,282,1
SLIM*SIG1,676053df-1802-11f0-8423-54a95b9ec813,auction,5,795,0.2982414662837982,0.0392763614654541,21259.0,0.30591991543769836,282,1
SLIM*SIG1,676053df-1802-11f0-8423-54a95b9ec813,auction,5,796,0.2982414662837982,0.046875715255737305,21514.0,0.30591991543769836,282,1
SLIM*SIG1,676053df-1802-11f0-8423-54a95b9ec813,auction,5,797,0.2982414662837982,0.05570816993713379,22116.0,0.30591991543769836,282,1
SLIM*SIG1,676053df-1802-11f0-8423-54a95b9ec813,auction,5,798,0.2982414662837982,0.055558204650878906,22136.0,0.30591991543769836,282,1
SLIM*SIG1,676053df-1802-11f0-8423-54a95b9ec813,auction,5,799,0.2982414662837982,0.05691981315612793,21919.0,0.30591991543769836,282,1
SLIM*SIG1,676053df-1802-11f0-8423-54a95b9ec813,auction,5,800,0.2982414662837982,0.06392240524291992,22419.0,0.30591991543769836,282,1
SLIM*SIG1,676053df-1802-11f0-8423-54a95b9ec813,auction,5,801,0.2982414662837982,0.06868195533752441,22356.0,0.30591991543769836,282,1
SLIM*SIG1,676053df-1802-11f0-8423-54a95b9ec813,auction,5,802,0.2982414662837982,0.04691195487976074,22515.0,0.30591991543769836,282,1
SLIM*SIG1,676053df-1802-11f0-8423-54a95b9ec813,auction,5,803,0.2982414662837982,0.046875953674316406,21721.0,0.30591991543769836,282,1
SLIM*SIG1,676053df-1802-11f0-8423-54a95b9ec813,auction,5,804,0.2982414662837982,0.05780768394470215,21444.0,0.30591991543769836,282,1
SLIM*SIG1,676053df-1802-11f0-8423-54a95b9ec813,auction,5,805,0.2982414662837982,0.05853104591369629,20712.0,0.30591991543769836,282,1
SLIM*SIG1,676053df-1802-11f0-8423-54a95b9ec813,auction,5,806,0.2982414662837982,0.019063472747802734,20350.0,0.30591991543769836,282,1
SLIM*SIG1,676053df-1802-11f0-8423-54a95b9ec813,auction,5,807,0.2982414662837982,0.031221866607666016,20008.0,0.30591991543769836,282,1
SLIM*SIG1,676053df-1802-11f0-8423-54a95b9ec813,auction,5,808,0.2982414662837982,0.07267475128173828,19261.0,0.30591991543769836,282,1
SLIM*SIG1,676053df-1802-11f0-8423-54a95b9ec813,auction,5,809,0.2982414662837982,0.06902670860290527,19062.0,0.30591991543769836,282,1
SLIM*SIG1,676053df-1802-11f0-8423-54a95b9ec813,auction,5,810,0.2982414662837982,0.09704089164733887,19024.0,0.30591991543769836,282,1
SLIM*SIG1,676053df-1802-11f0-8423-54a95b9ec813,auction,5,811,0.2982414662837982,0.04691743850708008,18420.0,0.30591991543769836,282,1
SLIM*SIG1,676053df-1802-11f0-8423-54a95b9ec813,auction,5,812,0.2982414662837982,0.046880483627319336,17858.0,0.30591991543769836,282,1
SLIM*SIG1,676053df-1802-11f0-8423-54a95b9ec813,auction,5,813,0.2982414662837982,0.05641341209411621,18372.0,0.30591991543769836,282,1
SLIM*SIG1,676053df-1802-11f0-8423-54a95b9ec813,auction,5,814,0.2982414662837982,0.031246423721313477,18113.0,0.30591991543769836,282,1
SLIM*SIG1,676053df-1802-11f0-8423-54a95b9ec813,auction,5,815,0.2982414662837982,0.03127861022949219,17745.0,0.30591991543769836,282,1
SLIM*SIG1,676053df-1802-11f0-8423-54a95b9ec813,auction,5,816,0.2982414662837982,0.019654035568237305,18333.0,0.30591991543769836,282,1
SLIM*SIG1,676053df-1802-11f0-8423-54a95b9ec813,auction,5,817,0.2982414662837982,0.04685020446777344,18788.0,0.30591991543769836,282,1
SLIM*SIG1,676053df-1802-11f0-8423-54a95b9ec813,auction,5,818,0.2982414662837982,0.08550310134887695,20704.0,0.30591991543769836,282,1
SLIM*SIG1,676053df-1802-11f0-8423-54a95b9ec813,auction,5,819,0.2982414662837982,0.0312807559967041,21367.0,0.30591991543769836,282,1
SLIM*SIG1,676053df-1802-11f0-8423-54a95b9ec813,auction,5,820,0.2982414662837982,0.05367398262023926,21230.0,0.30591991543769836,282,1
SLIM*SIG1,676053df-1802-11f0-8423-54a95b9ec813,auction,5,821,0.2982414662837982,0.046874046325683594,20502.0,0.30591991543769836,282,1
SLIM*SIG1,676053df-1802-11f0-8423-54a95b9ec813,auction,5,822,0.2982414662837982,0.05463767051696777,20035.0,0.30591991543769836,282,1
SLIM*SIG1,676053df-1802-11f0-8423-54a95b9ec813,auction,5,823,0.2982414662837982,0.06610417366027832,20158.0,0.30591991543769836,282,1
SLIM*SIG1,676053df-1802-11f0-8423-54a95b9ec813,auction,5,824,0.2982414662837982,0.0624997615814209,20416.0,0.30591991543769836,282,1
SLIM*SIG1,676053df-1802-11f0-8423-54a95b9ec813,auction,5,825,0.2982414662837982,0.08971929550170898,20727.0,0.30591991543769836,282,1
SLIM*SIG1,676053df-1802-11f0-8423-54a95b9ec813,auction,5,826,0.2982414662837982,0.06249713897705078,19532.0,0.30591991543769836,282,1
SLIM*SIG1,676053df-1802-11f0-8423-54a95b9ec813,auction,5,827,0.2982414662837982,0.053009986877441406,19675.0,0.30591991543769836,282,1
SLIM*SIG1,676053df-1802-11f0-8423-54a95b9ec813,auction,5,828,0.2982414662837982,0.046874046325683594,18805.0,0.30591991543769836,282,1
SLIM*SIG1,676053df-1802-11f0-8423-54a95b9ec813,auction,5,829,0.2982414662837982,0.07813096046447754,19830.0,0.30591991543769836,282,1
SLIM*SIG1,676053df-1802-11f0-8423-54a95b9ec813,auction,5,830,0.2982414662837982,0.0885782241821289,19927.0,0.30591991543769836,282,1
SLIM*SIG1,676053df-1802-11f0-8423-54a95b9ec813,auction,5,831,0.2982414662837982,0.052824974060058594,20931.0,0.30591991543769836,282,1
SLIM*SIG1,676053df-1802-11f0-8423-54a95b9ec813,auction,5,832,0.2982414662837982,0.0625147819519043,20529.0,0.30591991543769836,282,1
SLIM*SIG1,676053df-1802-11f0-8423-54a95b9ec813,auction,5,833,0.2982373535633087,0.04687643051147461,19856.0,0.3057059943675995,284,1
SLIM*SIG1,676053df-1802-11f0-8423-54a95b9ec813,auction,5,834,0.2982373535633087,0.08743810653686523,19383.0,0.3057059943675995,284,1
SLIM*SIG1,676053df-1802-11f0-8423-54a95b9ec813,auction,5,835,0.2982373535633087,0.08362507820129395,18259.0,0.3057059943675995,284,1
SLIM*SIG1,676053df-1802-11f0-8423-54a95b9ec813,auction,5,836,0.2982373535633087,0.062483787536621094,18324.0,0.3057059943675995,284,1
SLIM*SIG1,676053df-1802-11f0-8423-54a95b9ec813,auction,5,837,0.2982373535633087,0.0690152645111084,19079.0,0.3057059943675995,284,1
SLIM*SIG1,676053df-1802-11f0-8423-54a95b9ec813,auction,5,838,0.2982373535633087,0.06632614135742188,19403.0,0.3057059943675995,284,1
SLIM*SIG1,676053df-1802-11f0-8423-54a95b9ec813,auction,5,839,0.2982373535633087,0.08164381980895996,20124.0,0.3057059943675995,284,1
SLIM*SIG1,676053df-1802-11f0-8423-54a95b9ec813,auction,5,840,0.2982373535633087,0.062499284744262695,19782.0,0.3057059943675995,284,1
SLIM*SIG1,676053df-1802-11f0-8423-54a95b9ec813,auction,5,841,0.2982373535633087,0.08491969108581543,20095.0,0.3057059943675995,284,1
SLIM*SIG1,676053df-1802-11f0-8423-54a95b9ec813,auction,5,842,0.2982373535633087,0.08337783813476562,21289.0,0.3057059943675995,284,1
SLIM*SIG1,676053df-1802-11f0-8423-54a95b9ec813,auction,5,843,0.2982373535633087,0.08557343482971191,21293.0,0.3057059943675995,284,1
SLIM*SIG1,676053df-1802-11f0-8423-54a95b9ec813,auction,5,844,0.2982373535633087,0.06550836563110352,21864.0,0.3057059943675995,284,1
SLIM*SIG1,676053df-1802-11f0-8423-54a95b9ec813,auction,5,845,0.2982288897037506,0.06249403953552246,21527.0,0.30570149421691895,271,1
SLIM*SIG1,676053df-1802-11f0-8423-54a95b9ec813,auction,5,846,0.2982288897037506,0.08832120895385742,20368.0,0.30570149421691895,271,1
SLIM*SIG1,676053df-1802-11f0-8423-54a95b9ec813,auction,5,847,0.2982288897037506,0.0838160514831543,20905.0,0.30570149421691895,271,1
SLIM*SIG1,676053df-1802-11f0-8423-54a95b9ec813,auction,5,848,0.2982288897037506,0.13324451446533203,20730.0,0.30570149421691895,271,1
SLIM*SIG1,676053df-1802-11f0-8423-54a95b9ec813,auction,5,849,0.2982288897037506,0.06612706184387207,21656.0,0.30570149421691895,271,1
SLIM*SIG1,676053df-1802-11f0-8423-54a95b9ec813,auction,5,850,0.2982288897037506,0.0781242847442627,21476.0,0.30570149421691895,271,1
SLIM*SIG1,676053df-1802-11f0-8423-54a95b9ec813,auction,5,851,0.2982288897037506,0.08602619171142578,22159.0,0.30570149421691895,271,1
SLIM*SIG1,676053df-1802-11f0-8423-54a95b9ec813,auction,5,852,0.2982288897037506,0.08537697792053223,22316.0,0.30570149421691895,271,1
SLIM*SIG1,676053df-1802-11f0-8423-54a95b9ec813,auction,5,853,0.2982288897037506,0.0705881118774414,21964.0,0.30570149421691895,271,1
SLIM*SIG1,676053df-1802-11f0-8423-54a95b9ec813,auction,5,854,0.2982288897037506,0.08225536346435547,22690.0,0.30570149421691895,271,1
SLIM*SIG1,676053df-1802-11f0-8423-54a95b9ec813,auction,5,855,0.2982288897037506,0.07802009582519531,22240.0,0.30570149421691895,271,1
SLIM*SIG1,676053df-1802-11f0-8423-54a95b9ec813,auction,5,856,0.2982288897037506,0.06249880790710449,22518.0,0.30570149421691895,271,1
SLIM*SIG1,676053df-1802-11f0-8423-54a95b9ec813,auction,5,857,0.2982288897037506,0.055770158767700195,22463.0,0.30570149421691895,271,1
SLIM*SIG1,676053df-1802-11f0-8423-54a95b9ec813,auction,5,858,0.2982288897037506,0.04970049858093262,22347.0,0.30570149421691895,271,1
SLIM*SIG1,676053df-1802-11f0-8423-54a95b9ec813,auction,5,859,0.2982288897037506,0.05356454849243164,21951.0,0.30570149421691895,271,1
SLIM*SIG1,676053df-1802-11f0-8423-54a95b9ec813,auction,5,860,0.2982288897037506,0.07816648483276367,22246.0,0.30570149421691895,271,1
SLIM*SIG1,676053df-1802-11f0-8423-54a95b9ec813,auction,5,861,0.2982288897037506,0.06395864486694336,21841.0,0.30570149421691895,271,1
SLIM*SIG1,676053df-1802-11f0-8423-54a95b9ec813,auction,5,862,0.2982288897037506,0.08950495719909668,21493.0,0.30570149421691895,271,1
SLIM*SIG1,676053df-1802-11f0-8423-54a95b9ec813,auction,5,863,0.2982288897037506,0.03128337860107422,20612.0,0.30570149421691895,271,1
SLIM*SIG1,676053df-1802-11f0-8423-54a95b9ec813,auction,5,864,0.2982288897037506,0.08504271507263184,20487.0,0.30570149421691895,271,1
SLIM*SIG1,676053df-1802-11f0-8423-54a95b9ec813,auction,5,865,0.2982288897037506,0.06233692169189453,19538.0,0.30570149421691895,271,1
SLIM*SIG1,676053df-1802-11f0-8423-54a95b9ec813,auction,5,866,0.2982288897037506,0.05649447441101074,19322.0,0.30570149421691895,271,1
SLIM*SIG1,676053df-1802-11f0-8423-54a95b9ec813,auction,5,867,0.2982288897037506,0.07020974159240723,20021.0,0.30570149421691895,271,1
SLIM*SIG1,676053df-1802-11f0-8423-54a95b9ec813,auction,5,868,0.2982288897037506,0.08274459838867188,19685.0,0.30570149421691895,271,1
SLIM*SIG1,676053df-1802-11f0-8423-54a95b9ec813,auction,5,869,0.2982288897037506,0.03780412673950195,20478.0,0.30570149421691895,271,1
SLIM*SIG1,676053df-1802-11f0-8423-54a95b9ec813,auction,5,870,0.2982288897037506,0.03136086463928223,21179.0,0.30570149421691895,271,1
SLIM*SIG1,676053df-1802-11f0-8423-54a95b9ec813,auction,5,871,0.2982288897037506,0.03114151954650879,21863.0,0.30570149421691895,271,1
SLIM*SIG1,676053df-1802-11f0-8423-54a95b9ec813,auction,5,872,0.2982288897037506,0.08853745460510254,21625.0,0.30570149421691895,271,1
SLIM*SIG1,676053df-1802-11f0-8423-54a95b9ec813,auction,5,873,0.2982288897037506,0.05006575584411621,21693.0,0.30570149421691895,271,1
SLIM*SIG1,676053df-1802-11f0-8423-54a95b9ec813,auction,5,874,0.2982288897037506,0.06249809265136719,21568.0,0.30570149421691895,271,1
SLIM*SIG1,676053df-1802-11f0-8423-54a95b9ec813,auction,5,875,0.2982288897037506,0.07013893127441406,22264.0,0.30570149421691895,271,1
SLIM*SIG1,676053df-1802-11f0-8423-54a95b9ec813,auction,5,876,0.2982288897037506,0.07128739356994629,21879.0,0.30570149421691895,271,1
SLIM*SIG1,676053df-1802-11f0-8423-54a95b9ec813,auction,5,877,0.2982288897037506,0.03126931190490723,21468.0,0.30570149421691895,271,1
SLIM*SIG1,676053df-1802-11f0-8423-54a95b9ec813,auction,5,878,0.2982288897037506,0.031246423721313477,21127.0,0.30570149421691895,271,1
SLIM*SIG1,676053df-1802-11f0-8423-54a95b9ec813,auction,5,879,0.2982288897037506,0.040400028228759766,20323.0,0.30570149421691895,271,1
SLIM*SIG1,676053df-1802-11f0-8423-54a95b9ec813,auction,5,880,0.2982288897037506,0.0468752384185791,18867.0,0.30570149421691895,271,1
SLIM*SIG1,676053df-1802-11f0-8423-54a95b9ec813,auction,5,881,0.2982288897037506,0.05272197723388672,18749.0,0.30570149421691895,271,1
SLIM*SIG1,676053df-1802-11f0-8423-54a95b9ec813,auction,5,882,0.2982288897037506,0.031239748001098633,18191.0,0.30570149421691895,271,1
SLIM*SIG1,676053df-1802-11f0-8423-54a95b9ec813,auction,5,883,0.2982288897037506,0.01571035385131836,18496.0,0.30570149421691895,271,1
SLIM*SIG1,676053df-1802-11f0-8423-54a95b9ec813,auction,5,884,0.2982288897037506,0.035472869873046875,18373.0,0.30570149421691895,271,1
SLIM*SIG1,676053df-1802-11f0-8423-54a95b9ec813,auction,5,885,0.2982288897037506,0.015732765197753906,18889.0,0.30570149421691895,271,1
SLIM*SIG1,676053df-1802-11f0-8423-54a95b9ec813,auction,5,886,0.2982288897037506,0.06239128112792969,19101.0,0.30570149421691895,271,1
SLIM*SIG1,676053df-1802-11f0-8423-54a95b9ec813,auction,5,887,0.2982288897037506,0.05773043632507324,19305.0,0.30570149421691895,271,1
SLIM*SIG1,676053df-1802-11f0-8423-54a95b9ec813,auction,5,888,0.2982288897037506,0.05394268035888672,19127.0,0.30570149421691895,271,1
SLIM*SIG1,676053df-1802-11f0-8423-54a95b9ec813,auction,5,889,0.2982288897037506,0.06249880790710449,19184.0,0.30570149421691895,271,1
SLIM*SIG1,676053df-1802-11f0-8423-54a95b9ec813,auction,5,890,0.2982288897037506,0.052843570709228516,18261.0,0.30570149421691895,271,1
SLIM*SIG1,676053df-1802-11f0-8423-54a95b9ec813,auction,5,891,0.2982288897037506,0.06300139427185059,17370.0,0.30570149421691895,271,1
SLIM*SIG1,676053df-1802-11f0-8423-54a95b9ec813,auction,5,892,0.2982288897037506,0.05168485641479492,16443.0,0.30570149421691895,271,1
SLIM*SIG1,676053df-1802-11f0-8423-54a95b9ec813,auction,5,893,0.2982288897037506,0.015596151351928711,16787.0,0.30570149421691895,271,1
SLIM*SIG1,676053df-1802-11f0-8423-54a95b9ec813,auction,5,894,0.2982288897037506,0.05593514442443848,16892.0,0.30570149421691895,271,1
SLIM*SIG1,676053df-1802-11f0-8423-54a95b9ec813,auction,5,895,0.2982288897037506,0.04687929153442383,16676.0,0.30570149421691895,271,1
SLIM*SIG1,676053df-1802-11f0-8423-54a95b9ec813,auction,5,896,0.2982288897037506,0.05171036720275879,16880.0,0.30570149421691895,271,1
SLIM*SIG1,676053df-1802-11f0-8423-54a95b9ec813,auction,5,897,0.2982288897037506,0.03126215934753418,18560.0,0.30570149421691895,271,1
SLIM*SIG1,676053df-1802-11f0-8423-54a95b9ec813,auction,5,898,0.2982288897037506,0.03127932548522949,19046.0,0.30570149421691895,271,1
SLIM*SIG1,676053df-1802-11f0-8423-54a95b9ec813,auction,5,899,0.2982288897037506,0.034920692443847656,19110.0,0.30570149421691895,271,1
SLIM*SIG1,676053df-1802-11f0-8423-54a95b9ec813,auction,5,900,0.2982288897037506,0.07855606079101562,19510.0,0.30570149421691895,271,1
SLIM*SIG1,676053df-1802-11f0-8423-54a95b9ec813,auction,5,901,0.2982288897037506,0.05680251121520996,20274.0,0.30570149421691895,271,1
SLIM*SIG1,676053df-1802-11f0-8423-54a95b9ec813,auction,5,902,0.2982288897037506,0.09388256072998047,21212.0,0.30570149421691895,271,1
SLIM*SIG1,676053df-1802-11f0-8423-54a95b9ec813,auction,5,903,0.2982288897037506,0.03571915626525879,21336.0,0.30570149421691895,271,1
SLIM*SIG1,676053df-1802-11f0-8423-54a95b9ec813,auction,5,904,0.2982288897037506,0.031264305114746094,21081.0,0.30570149421691895,271,1
SLIM*SIG1,676053df-1802-11f0-8423-54a95b9ec813,auction,5,905,0.2982288897037506,0.03428769111633301,21703.0,0.30570149421691895,271,1
SLIM*SIG1,676053df-1802-11f0-8423-54a95b9ec813,auction,5,906,0.2982288897037506,0.03135180473327637,21751.0,0.30570149421691895,271,1
SLIM*SIG1,676053df-1802-11f0-8423-54a95b9ec813,auction,5,907,0.2982288897037506,0.031147003173828125,21852.0,0.30570149421691895,271,1
SLIM*SIG1,676053df-1802-11f0-8423-54a95b9ec813,auction,5,908,0.2982288897037506,0.040941476821899414,21909.0,0.30570149421691895,271,1
SLIM*SIG1,676053df-1802-11f0-8423-54a95b9ec813,auction,5,909,0.2982288897037506,0.046878814697265625,21693.0,0.30570149421691895,271,1
SLIM*SIG1,676053df-1802-11f0-8423-54a95b9ec813,auction,5,910,0.2982288897037506,0.0519862174987793,20731.0,0.30570149421691895,271,1
SLIM*SIG1,676053df-1802-11f0-8423-54a95b9ec813,auction,5,911,0.2982288897037506,0.03394317626953125,20194.0,0.30570149421691895,271,1
SLIM*SIG1,676053df-1802-11f0-8423-54a95b9ec813,auction,5,912,0.2982288897037506,0.037034034729003906,20034.0,0.30570149421691895,271,1
SLIM*SIG1,676053df-1802-11f0-8423-54a95b9ec813,auction,5,913,0.2981452941894531,0.05807805061340332,20557.0,0.3057706356048584,284,1
SLIM*SIG1,676053df-1802-11f0-8423-54a95b9ec813,auction,5,914,0.2981452941894531,0.08400154113769531,21042.0,0.3057706356048584,284,1
SLIM*SIG1,676053df-1802-11f0-8423-54a95b9ec813,auction,5,915,0.2981452941894531,0.06251239776611328,20959.0,0.3057706356048584,284,1
SLIM*SIG1,676053df-1802-11f0-8423-54a95b9ec813,auction,5,916,0.2981452941894531,0.08582305908203125,21277.0,0.3057706356048584,284,1
SLIM*SIG1,676053df-1802-11f0-8423-54a95b9ec813,auction,5,917,0.2981452941894531,0.06434011459350586,21435.0,0.3057706356048584,284,1
SLIM*SIG1,676053df-1802-11f0-8423-54a95b9ec813,auction,5,918,0.2977040410041809,0.0482785701751709,21352.0,0.3062286674976349,241,1
SLIM*SIG1,676053df-1802-11f0-8423-54a95b9ec813,auction,5,919,0.2977040410041809,0.05318808555603027,20661.0,0.3062286674976349,241,1
SLIM*SIG1,676053df-1802-11f0-8423-54a95b9ec813,auction,5,920,0.2977040410041809,0.04687666893005371,19584.0,0.3062286674976349,241,1
SLIM*SIG1,676053df-1802-11f0-8423-54a95b9ec813,auction,5,921,0.2977040410041809,0.062497854232788086,19272.0,0.3062286674976349,241,1
SLIM*SIG1,676053df-1802-11f0-8423-54a95b9ec813,auction,5,922,0.2977040410041809,0.05677390098571777,19216.0,0.3062286674976349,241,1
SLIM*SIG1,676053df-1802-11f0-8423-54a95b9ec813,auction,5,923,0.2977040410041809,0.06397294998168945,19061.0,0.3062286674976349,241,1
SLIM*SIG1,676053df-1802-11f0-8423-54a95b9ec813,auction,5,924,0.2977040410041809,0.031291961669921875,19470.0,0.3062286674976349,241,1
SLIM*SIG1,676053df-1802-11f0-8423-54a95b9ec813,auction,5,925,0.2977040410041809,0.01559305191040039,19757.0,0.3062286674976349,241,1
SLIM*SIG1,676053df-1802-11f0-8423-54a95b9ec813,auction,5,926,0.2977040410041809,0.031249523162841797,18761.0,0.3062286674976349,241,1
SLIM*SIG1,676053df-1802-11f0-8423-54a95b9ec813,auction,5,927,0.2977040410041809,0.02105116844177246,18846.0,0.3062286674976349,241,1
SLIM*SIG1,676053df-1802-11f0-8423-54a95b9ec813,auction,5,928,0.2977040410041809,0.03125882148742676,18908.0,0.3062286674976349,241,1
SLIM*SIG1,676053df-1802-11f0-8423-54a95b9ec813,auction,5,929,0.2977040410041809,0.031249523162841797,18510.0,0.3062286674976349,241,1
SLIM*SIG1,676053df-1802-11f0-8423-54a95b9ec813,auction,5,930,0.2977040410041809,0.015642881393432617,17981.0,0.3062286674976349,241,1
SLIM*SIG1,676053df-1802-11f0-8423-54a95b9ec813,auction,5,931,0.2977040410041809,0.022421836853027344,18047.0,0.3062286674976349,241,1
SLIM*SIG1,676053df-1802-11f0-8423-54a95b9ec813,auction,5,932,0.2977040410041809,0.02879500389099121,18004.0,0.3062286674976349,241,1
SLIM*SIG1,676053df-1802-11f0-8423-54a95b9ec813,auction,5,933,0.2977040410041809,0.015531301498413086,17097.0,0.3062286674976349,241,1
SLIM*SIG1,676053df-1802-11f0-8423-54a95b9ec813,auction,5,934,0.2977040410041809,0.031239986419677734,16783.0,0.3062286674976349,241,1
SLIM*SIG1,676053df-1802-11f0-8423-54a95b9ec813,auction,5,935,0.2977040410041809,0.07700276374816895,17042.0,0.3062286674976349,241,1
SLIM*SIG1,676053df-1802-11f0-8423-54a95b9ec813,auction,5,936,0.2977040410041809,0.031348466873168945,16749.0,0.3062286674976349,241,1
SLIM*SIG1,676053df-1802-11f0-8423-54a95b9ec813,auction,5,937,0.2977040410041809,0.03475379943847656,16346.0,0.3062286674976349,241,1
SLIM*SIG1,676053df-1802-11f0-8423-54a95b9ec813,auction,5,938,0.2977040410041809,0.015528678894042969,16012.0,0.3062286674976349,241,1
SLIM*SIG1,676053df-1802-11f0-8423-54a95b9ec813,auction,5,939,0.2977040410041809,0.031347036361694336,17351.0,0.3062286674976349,241,1
SLIM*SIG1,676053df-1802-11f0-8423-54a95b9ec813,auction,5,940,0.2977040410041809,0.03354811668395996,17703.0,0.3062286674976349,241,1
SLIM*SIG1,676053df-1802-11f0-8423-54a95b9ec813,auction,5,941,0.2977040410041809,0.017184734344482422,17887.0,0.3062286674976349,241,1
SLIM*SIG1,676053df-1802-11f0-8423-54a95b9ec813,auction,5,942,0.2977040410041809,0.03126239776611328,18566.0,0.3062286674976349,241,1
SLIM*SIG1,676053df-1802-11f0-8423-54a95b9ec813,auction,5,943,0.2977040410041809,0.015624761581420898,18171.0,0.3062286674976349,241,1
SLIM*SIG1,676053df-1802-11f0-8423-54a95b9ec813,auction,5,944,0.2977040410041809,0.038054466247558594,17338.0,0.3062286674976349,241,1
SLIM*SIG1,676053df-1802-11f0-8423-54a95b9ec813,auction,5,945,0.2977040410041809,0.03132152557373047,16845.0,0.3062286674976349,241,1
SLIM*SIG1,676053df-1802-11f0-8423-54a95b9ec813,auction,5,946,0.2977040410041809,0.01559591293334961,16839.0,0.3062286674976349,241,1
SLIM*SIG1,676053df-1802-11f0-8423-54a95b9ec813,auction,5,947,0.2977040410041809,0.03127861022949219,17146.0,0.3062286674976349,241,1
SLIM*SIG1,676053df-1802-11f0-8423-54a95b9ec813,auction,5,948,0.2977040410041809,0.036646366119384766,18207.0,0.3062286674976349,241,1
SLIM*SIG1,676053df-1802-11f0-8423-54a95b9ec813,auction,5,949,0.2977040410041809,0.04686927795410156,18860.0,0.3062286674976349,241,1
SLIM*SIG1,676053df-1802-11f0-8423-54a95b9ec813,auction,5,950,0.2977040410041809,0.046877145767211914,19126.0,0.3062286674976349,241,1
SLIM*SIG1,676053df-1802-11f0-8423-54a95b9ec813,auction,5,951,0.2977040410041809,0.05784797668457031,19728.0,0.3062286674976349,241,1
SLIM*SIG1,676053df-1802-11f0-8423-54a95b9ec813,auction,5,952,0.2977040410041809,0.06656932830810547,19791.0,0.3062286674976349,241,1
SLIM*SIG1,676053df-1802-11f0-8423-54a95b9ec813,auction,5,953,0.2977040410041809,0.01566624641418457,19805.0,0.3062286674976349,241,1
SLIM*SIG1,676053df-1802-11f0-8423-54a95b9ec813,auction,5,954,0.2977040410041809,0.031219005584716797,20428.0,0.3062286674976349,241,1
SLIM*SIG1,676053df-1802-11f0-8423-54a95b9ec813,auction,5,955,0.2977040410041809,0.031340599060058594,19975.0,0.3062286674976349,241,1
SLIM*SIG1,676053df-1802-11f0-8423-54a95b9ec813,auction,5,956,0.2977040410041809,0.021869659423828125,19700.0,0.3062286674976349,241,1
SLIM*SIG1,676053df-1802-11f0-8423-54a95b9ec813,auction,5,957,0.2977040410041809,0.03139901161193848,19922.0,0.3062286674976349,241,1
SLIM*SIG1,676053df-1802-11f0-8423-54a95b9ec813,auction,5,958,0.2977040410041809,0.0311582088470459,19896.0,0.3062286674976349,241,1
SLIM*SIG1,676053df-1802-11f0-8423-54a95b9ec813,auction,5,959,0.2977040410041809,0.015718460083007812,19754.0,0.3062286674976349,241,1
SLIM*SIG1,676053df-1802-11f0-8423-54a95b9ec813,auction,5,960,0.2977040410041809,0.036611318588256836,19185.0,0.3062286674976349,241,1
SLIM*SIG1,676053df-1802-11f0-8423-54a95b9ec813,auction,5,961,0.2977040410041809,0.015628814697265625,19534.0,0.3062286674976349,241,1
SLIM*SIG1,676053df-1802-11f0-8423-54a95b9ec813,auction,5,962,0.2977040410041809,0.031247854232788086,19732.0,0.3062286674976349,241,1
SLIM*SIG1,676053df-1802-11f0-8423-54a95b9ec813,auction,5,963,0.2977040410041809,0.0312504768371582,19519.0,0.3062286674976349,241,1
SLIM*SIG1,676053df-1802-11f0-8423-54a95b9ec813,auction,5,964,0.2977040410041809,0.01562643051147461,19847.0,0.3062286674976349,241,1
SLIM*SIG1,676053df-1802-11f0-8423-54a95b9ec813,auction,5,965,0.2977040410041809,0.03995013236999512,19128.0,0.3062286674976349,241,1
SLIM*SIG1,676053df-1802-11f0-8423-54a95b9ec813,auction,5,966,0.2977040410041809,0.03115248680114746,19176.0,0.3062286674976349,241,1
SLIM*SIG1,676053df-1802-11f0-8423-54a95b9ec813,auction,5,967,0.2977040410041809,0.06317472457885742,19131.0,0.3062286674976349,241,1
SLIM*SIG1,676053df-1802-11f0-8423-54a95b9ec813,auction,5,968,0.2977040410041809,0.037053585052490234,18928.0,0.3062286674976349,241,1
SLIM*SIG1,676053df-1802-11f0-8423-54a95b9ec813,auction,5,969,0.297646164894104,0.036416053771972656,18609.0,0.3063991963863373,254,1
SLIM*SIG1,676053df-1802-11f0-8423-54a95b9ec813,auction,5,970,0.297646164894104,0.03645825386047363,18575.0,0.3063991963863373,254,1
SLIM*SIG1,676053df-1802-11f0-8423-54a95b9ec813,auction,5,971,0.297646164894104,0.034784555435180664,18018.0,0.3063991963863373,254,1
SLIM*SIG1,676053df-1802-11f0-8423-54a95b9ec813,auction,5,972,0.297646164894104,0.024871110916137695,17680.0,0.3063991963863373,254,1
SLIM*SIG1,676053df-1802-11f0-8423-54a95b9ec813,auction,5,973,0.297646164894104,0.030805349349975586,17394.0,0.3063991963863373,254,1
SLIM*SIG1,676053df-1802-11f0-8423-54a95b9ec813,auction,5,974,0.297646164894104,0.03126931190490723,16627.0,0.3063991963863373,254,1
SLIM*SIG1,676053df-1802-11f0-8423-54a95b9ec813,auction,5,975,0.297646164894104,0.03125739097595215,17125.0,0.3063991963863373,254,1
SLIM*SIG1,676053df-1802-11f0-8423-54a95b9ec813,auction,5,976,0.297646164894104,0.022076129913330078,17043.0,0.3063991963863373,254,1
SLIM*SIG1,676053df-1802-11f0-8423-54a95b9ec813,auction,5,977,0.297646164894104,0.03129148483276367,16038.0,0.3063991963863373,254,1
SLIM*SIG1,676053df-1802-11f0-8423-54a95b9ec813,auction,5,978,0.297646164894104,0.031215667724609375,16003.0,0.3063991963863373,254,1
SLIM*SIG1,676053df-1802-11f0-8423-54a95b9ec813,auction,5,979,0.297646164894104,0.039263010025024414,16355.0,0.3063991963863373,254,1
SLIM*SIG1,676053df-1802-11f0-8423-54a95b9ec813,auction,5,980,0.29763680696487427,0.07812809944152832,17628.0,0.3061453104019165,267,1
SLIM*SIG1,676053df-1802-11f0-8423-54a95b9ec813,auction,5,981,0.29763680696487427,0.03653860092163086,17251.0,0.3061453104019165,267,1
SLIM*SIG1,676053df-1802-11f0-8423-54a95b9ec813,auction,5,982,0.29763680696487427,0.031224489212036133,16382.0,0.3061453104019165,267,1
SLIM*SIG1,676053df-1802-11f0-8423-54a95b9ec813,auction,5,983,0.29763680696487427,0.01611924171447754,16950.0,0.3061453104019165,267,1
SLIM*SIG1,676053df-1802-11f0-8423-54a95b9ec813,auction,5,984,0.29763680696487427,0.031263113021850586,17090.0,0.3061453104019165,267,1
SLIM*SIG1,676053df-1802-11f0-8423-54a95b9ec813,auction,5,985,0.29763680696487427,0.0361175537109375,17860.0,0.3061453104019165,267,1
SLIM*SIG1,676053df-1802-11f0-8423-54a95b9ec813,auction,5,986,0.29763680696487427,0.017348289489746094,19600.0,0.3061453104019165,267,1
SLIM*SIG1,676053df-1802-11f0-8423-54a95b9ec813,auction,5,987,0.29763680696487427,0.046845197677612305,20397.0,0.3061453104019165,267,1
SLIM*SIG1,676053df-1802-11f0-8423-54a95b9ec813,auction,5,988,0.29763680696487427,0.05243039131164551,20565.0,0.3061453104019165,267,1
SLIM*SIG1,676053df-1802-11f0-8423-54a95b9ec813,auction,5,989,0.29763680696487427,0.04688310623168945,21616.0,0.3061453104019165,267,1
SLIM*SIG1,676053df-1802-11f0-8423-54a95b9ec813,auction,5,990,0.29763680696487427,0.05649733543395996,21212.0,0.3061453104019165,267,1
SLIM*SIG1,676053df-1802-11f0-8423-54a95b9ec813,auction,5,991,0.29763680696487427,0.06929278373718262,21558.0,0.3061453104019165,267,1
SLIM*SIG1,676053df-1802-11f0-8423-54a95b9ec813,auction,5,992,0.29763680696487427,0.08476138114929199,21252.0,0.3061453104019165,267,1
SLIM*SIG1,676053df-1802-11f0-8423-54a95b9ec813,auction,5,993,0.29763680696487427,0.031282663345336914,21475.0,0.3061453104019165,267,1
SLIM*SIG1,676053df-1802-11f0-8423-54a95b9ec813,auction,5,994,0.29763680696487427,0.031220436096191406,21521.0,0.3061453104019165,267,1
SLIM*SIG1,676053df-1802-11f0-8423-54a95b9ec813,auction,5,995,0.29763680696487427,0.0324704647064209,21535.0,0.3061453104019165,267,1
SLIM*SIG1,676053df-1802-11f0-8423-54a95b9ec813,auction,5,996,0.29763680696487427,0.0468747615814209,21752.0,0.3061453104019165,267,1
SLIM*SIG1,676053df-1802-11f0-8423-54a95b9ec813,auction,5,997,0.29763680696487427,0.05493283271789551,21585.0,0.3061453104019165,267,1
SLIM*SIG1,676053df-1802-11f0-8423-54a95b9ec813,auction,5,998,0.29763680696487427,0.031287431716918945,21376.0,0.3061453104019165,267,1
SLIM*SIG1,676053df-1802-11f0-8423-54a95b9ec813,auction,5,999,0.29763680696487427,0.031319618225097656,21466.0,0.3061453104019165,267,1
SLIM*SIG1,676053df-1802-11f0-8423-54a95b9ec813,auction,5,1000,0.29763680696487427,0.03114461898803711,21291.0,0.3061453104019165,267,1
SLIM*SIG1,676053df-1802-11f0-8423-54a95b9ec813,auction,6,0,0.3449544608592987,0.0841827392578125,1346.0,0.34698787331581116,3,1
SLIM*SIG1,676053df-1802-11f0-8423-54a95b9ec813,auction,6,1,0.3449544608592987,0.015653610229492188,2053.0,0.34698787331581116,3,1
SLIM*SIG1,676053df-1802-11f0-8423-54a95b9ec813,auction,6,2,0.3341241776943207,0.03126335144042969,2376.0,0.33426111936569214,16,1
SLIM*SIG1,676053df-1802-11f0-8423-54a95b9ec813,auction,6,3,0.3341241776943207,0.01558232307434082,2995.0,0.33426111936569214,16,1
SLIM*SIG1,676053df-1802-11f0-8423-54a95b9ec813,auction,6,4,0.3341241776943207,0.022009849548339844,3061.0,0.33426111936569214,16,1
SLIM*SIG1,676053df-1802-11f0-8423-54a95b9ec813,auction,6,5,0.3341241776943207,0.01569843292236328,3234.0,0.33426111936569214,16,1
SLIM*SIG1,676053df-1802-11f0-8423-54a95b9ec813,auction,6,6,0.3341241776943207,0.021526813507080078,2273.0,0.33426111936569214,16,1
SLIM*SIG1,676053df-1802-11f0-8423-54a95b9ec813,auction,6,7,0.33199819922447205,0.01797795295715332,1562.0,0.3328794538974762,29,1
SLIM*SIG1,676053df-1802-11f0-8423-54a95b9ec813,auction,6,8,0.33199819922447205,0.0047130584716796875,1563.0,0.3328794538974762,29,1
SLIM*SIG1,676053df-1802-11f0-8423-54a95b9ec813,auction,6,9,0.33199819922447205,0.030742406845092773,1344.0,0.3328794538974762,29,1
SLIM*SIG1,676053df-1802-11f0-8423-54a95b9ec813,auction,6,10,0.33199819922447205,0.004786014556884766,1179.0,0.3328794538974762,29,1
SLIM*SIG1,676053df-1802-11f0-8423-54a95b9ec813,auction,6,11,0.33199819922447205,0.015536785125732422,1172.0,0.3328794538974762,29,1
SLIM*SIG1,676053df-1802-11f0-8423-54a95b9ec813,auction,6,12,0.3315027058124542,0.015634775161743164,1289.0,0.32551953196525574,29,1
SLIM*SIG1,676053df-1802-11f0-8423-54a95b9ec813,auction,6,13,0.3315027058124542,0.031249284744262695,1433.0,0.32551953196525574,29,1
SLIM*SIG1,676053df-1802-11f0-8423-54a95b9ec813,auction,6,14,0.3315027058124542,0.015625953674316406,1725.0,0.32551953196525574,29,1
SLIM*SIG1,676053df-1802-11f0-8423-54a95b9ec813,auction,6,15,0.3315027058124542,0.021036863327026367,1842.0,0.32551953196525574,29,1
SLIM*SIG1,676053df-1802-11f0-8423-54a95b9ec813,auction,6,16,0.3180854618549347,0.015669584274291992,2388.0,0.30937907099723816,42,1
SLIM*SIG1,676053df-1802-11f0-8423-54a95b9ec813,auction,6,17,0.3180854618549347,0.03125262260437012,2325.0,0.30937907099723816,42,1
SLIM*SIG1,676053df-1802-11f0-8423-54a95b9ec813,auction,6,18,0.31497740745544434,0.015707731246948242,2741.0,0.3068467080593109,16,1
SLIM*SIG1,676053df-1802-11f0-8423-54a95b9ec813,auction,6,19,0.31497740745544434,0.015540122985839844,2696.0,0.3068467080593109,16,1
SLIM*SIG1,676053df-1802-11f0-8423-54a95b9ec813,auction,6,20,0.31497740745544434,0.022503376007080078,2704.0,0.3068467080593109,16,1
SLIM*SIG1,676053df-1802-11f0-8423-54a95b9ec813,auction,6,21,0.31497740745544434,0.031369686126708984,3012.0,0.3068467080593109,16,1
SLIM*SIG1,676053df-1802-11f0-8423-54a95b9ec813,auction,6,22,0.31497740745544434,0.015631437301635742,3428.0,0.3068467080593109,16,1
SLIM*SIG1,676053df-1802-11f0-8423-54a95b9ec813,auction,6,23,0.31379297375679016,0.015520334243774414,2852.0,0.30727043747901917,42,1
SLIM*SIG1,676053df-1802-11f0-8423-54a95b9ec813,auction,6,24,0.31379297375679016,0.01572871208190918,3199.0,0.30727043747901917,42,1
SLIM*SIG1,676053df-1802-11f0-8423-54a95b9ec813,auction,6,25,0.31379297375679016,0.021638154983520508,3448.0,0.30727043747901917,42,1
SLIM*SIG1,676053df-1802-11f0-8423-54a95b9ec813,auction,6,26,0.31298327445983887,0.015628814697265625,4494.0,0.30663973093032837,31,1
SLIM*SIG1,676053df-1802-11f0-8423-54a95b9ec813,auction,6,27,0.31298327445983887,0.031252384185791016,4966.0,0.30663973093032837,31,1
SLIM*SIG1,676053df-1802-11f0-8423-54a95b9ec813,auction,6,28,0.31298327445983887,0.015659570693969727,5362.0,0.30663973093032837,31,1
SLIM*SIG1,676053df-1802-11f0-8423-54a95b9ec813,auction,6,29,0.31298327445983887,0.015589475631713867,5034.0,0.30663973093032837,31,1
SLIM*SIG1,676053df-1802-11f0-8423-54a95b9ec813,auction,6,30,0.31128349900245667,0.022540807723999023,4772.0,0.3043617010116577,44,1
SLIM*SIG1,676053df-1802-11f0-8423-54a95b9ec813,auction,6,31,0.31053149700164795,0.015734434127807617,4241.0,0.30282023549079895,31,1
SLIM*SIG1,676053df-1802-11f0-8423-54a95b9ec813,auction,6,32,0.31053149700164795,0.03114461898803711,4323.0,0.30282023549079895,31,1
SLIM*SIG1,676053df-1802-11f0-8423-54a95b9ec813,auction,6,33,0.31053149700164795,0.014861822128295898,4018.0,0.30282023549079895,31,1
SLIM*SIG1,676053df-1802-11f0-8423-54a95b9ec813,auction,6,34,0.31053149700164795,0.03125286102294922,3799.0,0.30282023549079895,31,1
SLIM*SIG1,676053df-1802-11f0-8423-54a95b9ec813,auction,6,35,0.3079991936683655,0.032790184020996094,3862.0,0.3044888377189636,55,1
SLIM*SIG1,676053df-1802-11f0-8423-54a95b9ec813,auction,6,36,0.3079991936683655,0.029210567474365234,3758.0,0.3044888377189636,55,1
SLIM*SIG1,676053df-1802-11f0-8423-54a95b9ec813,auction,6,37,0.3079991936683655,0.029915809631347656,3390.0,0.3044888377189636,55,1
SLIM*SIG1,676053df-1802-11f0-8423-54a95b9ec813,auction,6,38,0.3074611723423004,0.028506040573120117,3040.0,0.30415210127830505,68,1
SLIM*SIG1,676053df-1802-11f0-8423-54a95b9ec813,auction,6,39,0.3074611723423004,0.03307032585144043,3111.0,0.30415210127830505,68,1
SLIM*SIG1,676053df-1802-11f0-8423-54a95b9ec813,auction,6,40,0.3074611723423004,0.026017189025878906,3064.0,0.30415210127830505,68,1
SLIM*SIG1,676053df-1802-11f0-8423-54a95b9ec813,auction,6,41,0.3074611723423004,0.017732620239257812,3202.0,0.30415210127830505,68,1
SLIM*SIG1,676053df-1802-11f0-8423-54a95b9ec813,auction,6,42,0.3074611723423004,0.015041589736938477,3399.0,0.30415210127830505,68,1
SLIM*SIG1,676053df-1802-11f0-8423-54a95b9ec813,auction,6,43,0.3071526288986206,0.036988258361816406,3030.0,0.30077385902404785,46,1
SLIM*SIG1,676053df-1802-11f0-8423-54a95b9ec813,auction,6,44,0.3071526288986206,0.015601158142089844,3331.0,0.30077385902404785,46,1
SLIM*SIG1,676053df-1802-11f0-8423-54a95b9ec813,auction,6,45,0.3065028786659241,0.03128409385681152,4035.0,0.3029622733592987,68,1
SLIM*SIG1,676053df-1802-11f0-8423-54a95b9ec813,auction,6,46,0.3065028786659241,0.015618562698364258,4435.0,0.3029622733592987,68,1
SLIM*SIG1,676053df-1802-11f0-8423-54a95b9ec813,auction,6,47,0.306496262550354,0.08360052108764648,3838.0,0.302918016910553,81,1
SLIM*SIG1,676053df-1802-11f0-8423-54a95b9ec813,auction,6,48,0.306496262550354,0.015656471252441406,4048.0,0.302918016910553,81,1
SLIM*SIG1,676053df-1802-11f0-8423-54a95b9ec813,auction,6,49,0.306496262550354,0.031248092651367188,4271.0,0.302918016910553,81,1
SLIM*SIG1,676053df-1802-11f0-8423-54a95b9ec813,auction,6,50,0.306496262550354,0.015621662139892578,3862.0,0.302918016910553,81,1
SLIM*SIG1,676053df-1802-11f0-8423-54a95b9ec813,auction,6,51,0.306496262550354,0.01674675941467285,3871.0,0.302918016910553,81,1
SLIM*SIG1,676053df-1802-11f0-8423-54a95b9ec813,auction,6,52,0.306496262550354,0.015624284744262695,4179.0,0.302918016910553,81,1
SLIM*SIG1,676053df-1802-11f0-8423-54a95b9ec813,auction,6,53,0.306496262550354,0.031255483627319336,4376.0,0.302918016910553,81,1
SLIM*SIG1,676053df-1802-11f0-8423-54a95b9ec813,auction,6,54,0.306496262550354,0.01562047004699707,4920.0,0.302918016910553,81,1
SLIM*SIG1,676053df-1802-11f0-8423-54a95b9ec813,auction,6,55,0.30646607279777527,0.020992279052734375,4987.0,0.3028588891029358,81,1
SLIM*SIG1,676053df-1802-11f0-8423-54a95b9ec813,auction,6,56,0.30646607279777527,0.03125357627868652,5267.0,0.3028588891029358,81,1
SLIM*SIG1,676053df-1802-11f0-8423-54a95b9ec813,auction,6,57,0.30646607279777527,0.01562643051147461,5513.0,0.3028588891029358,81,1
SLIM*SIG1,676053df-1802-11f0-8423-54a95b9ec813,auction,6,58,0.3063163161277771,0.015624046325683594,5889.0,0.30290547013282776,94,1
SLIM*SIG1,676053df-1802-11f0-8423-54a95b9ec813,auction,6,59,0.30629512667655945,0.03127908706665039,6056.0,0.3015438914299011,81,1
SLIM*SIG1,676053df-1802-11f0-8423-54a95b9ec813,auction,6,60,0.304248571395874,0.022125959396362305,5955.0,0.30012044310569763,107,1
SLIM*SIG1,676053df-1802-11f0-8423-54a95b9ec813,auction,6,61,0.3042241930961609,0.015630483627319336,6152.0,0.2998940050601959,94,1
SLIM*SIG1,676053df-1802-11f0-8423-54a95b9ec813,auction,6,62,0.3042241930961609,0.03121018409729004,7301.0,0.2998940050601959,94,1
SLIM*SIG1,676053df-1802-11f0-8423-54a95b9ec813,auction,6,63,0.3042241930961609,0.01562666893005371,8114.0,0.2998940050601959,94,1
SLIM*SIG1,676053df-1802-11f0-8423-54a95b9ec813,auction,6,64,0.3042241930961609,0.021541118621826172,8103.0,0.2998940050601959,94,1
SLIM*SIG1,676053df-1802-11f0-8423-54a95b9ec813,auction,6,65,0.3042241930961609,0.013811111450195312,7848.0,0.2998940050601959,94,1
SLIM*SIG1,676053df-1802-11f0-8423-54a95b9ec813,auction,6,66,0.3042241930961609,0.03125572204589844,7950.0,0.2998940050601959,94,1
SLIM*SIG1,676053df-1802-11f0-8423-54a95b9ec813,auction,6,67,0.30400606989860535,0.015623331069946289,7636.0,0.29803523421287537,83,1
SLIM*SIG1,676053df-1802-11f0-8423-54a95b9ec813,auction,6,68,0.30400606989860535,0.04034829139709473,7696.0,0.29803523421287537,83,1
SLIM*SIG1,676053df-1802-11f0-8423-54a95b9ec813,auction,6,69,0.30393606424331665,0.015619754791259766,7562.0,0.30073925852775574,107,1
SLIM*SIG1,676053df-1802-11f0-8423-54a95b9ec813,auction,6,70,0.3009987473487854,0.01562047004699707,7932.0,0.29901477694511414,94,1
SLIM*SIG1,676053df-1802-11f0-8423-54a95b9ec813,auction,6,71,0.30084022879600525,0.031331539154052734,7708.0,0.2985632121562958,111,1
SLIM*SIG1,676053df-1802-11f0-8423-54a95b9ec813,auction,6,72,0.30084022879600525,0.021198034286499023,7886.0,0.2985632121562958,111,1
SLIM*SIG1,676053df-1802-11f0-8423-54a95b9ec813,auction,6,73,0.30084022879600525,0.015756845474243164,7896.0,0.2985632121562958,111,1
SLIM*SIG1,676053df-1802-11f0-8423-54a95b9ec813,auction,6,74,0.30084022879600525,0.03114914894104004,7648.0,0.2985632121562958,111,1
SLIM*SIG1,676053df-1802-11f0-8423-54a95b9ec813,auction,6,75,0.30056923627853394,0.015625715255737305,7941.0,0.297581285238266,94,1
SLIM*SIG1,676053df-1802-11f0-8423-54a95b9ec813,auction,6,76,0.30056336522102356,0.03125309944152832,8364.0,0.2978132367134094,81,1
SLIM*SIG1,676053df-1802-11f0-8423-54a95b9ec813,auction,6,77,0.30056336522102356,0.01562190055847168,7920.0,0.2978132367134094,81,1
SLIM*SIG1,676053df-1802-11f0-8423-54a95b9ec813,auction,6,78,0.29950639605522156,0.024636507034301758,7584.0,0.2975029945373535,98,1
SLIM*SIG1,676053df-1802-11f0-8423-54a95b9ec813,auction,6,79,0.29950639605522156,0.0313568115234375,7930.0,0.2975029945373535,98,1
SLIM*SIG1,676053df-1802-11f0-8423-54a95b9ec813,auction,6,80,0.29950639605522156,0.015520334243774414,8057.0,0.2975029945373535,98,1
SLIM*SIG1,676053df-1802-11f0-8423-54a95b9ec813,auction,6,81,0.29950639605522156,0.01566624641418457,7829.0,0.2975029945373535,98,1
SLIM*SIG1,676053df-1802-11f0-8423-54a95b9ec813,auction,6,82,0.29950639605522156,0.015582561492919922,7301.0,0.2975029945373535,98,1
SLIM*SIG1,676053df-1802-11f0-8423-54a95b9ec813,auction,6,83,0.2973308563232422,0.021188020706176758,6884.0,0.2916734516620636,85,1
SLIM*SIG1,676053df-1802-11f0-8423-54a95b9ec813,auction,6,84,0.2973308563232422,0.01563262939453125,7026.0,0.2916734516620636,85,1
SLIM*SIG1,676053df-1802-11f0-8423-54a95b9ec813,auction,6,85,0.2973308563232422,0.015516519546508789,7198.0,0.2916734516620636,85,1
SLIM*SIG1,676053df-1802-11f0-8423-54a95b9ec813,auction,6,86,0.2973308563232422,0.031355857849121094,7291.0,0.2916734516620636,85,1
SLIM*SIG1,676053df-1802-11f0-8423-54a95b9ec813,auction,6,87,0.2973308563232422,0.021527528762817383,7483.0,0.2916734516620636,85,1
SLIM*SIG1,676053df-1802-11f0-8423-54a95b9ec813,auction,6,88,0.2973308563232422,0.01550602912902832,7401.0,0.2916734516620636,85,1
SLIM*SIG1,676053df-1802-11f0-8423-54a95b9ec813,auction,6,89,0.2973308563232422,0.01567673683166504,7417.0,0.2916734516620636,85,1
SLIM*SIG1,676053df-1802-11f0-8423-54a95b9ec813,auction,6,90,0.2972859740257263,0.031206607818603516,7604.0,0.2910512089729309,98,1
SLIM*SIG1,676053df-1802-11f0-8423-54a95b9ec813,auction,6,91,0.2972859740257263,0.015723466873168945,7789.0,0.2910512089729309,98,1
SLIM*SIG1,676053df-1802-11f0-8423-54a95b9ec813,auction,6,92,0.2972859740257263,0.022040605545043945,8034.0,0.2910512089729309,98,1
SLIM*SIG1,676053df-1802-11f0-8423-54a95b9ec813,auction,6,93,0.2972859740257263,0.03114032745361328,8158.0,0.2910512089729309,98,1
SLIM*SIG1,676053df-1802-11f0-8423-54a95b9ec813,auction,6,94,0.2972859740257263,0.015624761581420898,8385.0,0.2910512089729309,98,1
SLIM*SIG1,676053df-1802-11f0-8423-54a95b9ec813,auction,6,95,0.2972859740257263,0.03135490417480469,8120.0,0.2910512089729309,98,1
SLIM*SIG1,676053df-1802-11f0-8423-54a95b9ec813,auction,6,96,0.2972859740257263,0.015520572662353516,8108.0,0.2910512089729309,98,1
SLIM*SIG1,676053df-1802-11f0-8423-54a95b9ec813,auction,6,97,0.2972859740257263,0.01562643051147461,7596.0,0.2910512089729309,98,1
SLIM*SIG1,676053df-1802-11f0-8423-54a95b9ec813,auction,6,98,0.2972859740257263,0.008164644241333008,7397.0,0.2910512089729309,98,1
SLIM*SIG1,676053df-1802-11f0-8423-54a95b9ec813,auction,6,99,0.2972859740257263,0.03125119209289551,7302.0,0.2910512089729309,98,1
SLIM*SIG1,676053df-1802-11f0-8423-54a95b9ec813,auction,6,100,0.2972859740257263,0.015625,7503.0,0.2910512089729309,98,1
SLIM*SIG1,676053df-1802-11f0-8423-54a95b9ec813,auction,6,101,0.2972859740257263,0.015624761581420898,7600.0,0.2910512089729309,98,1
SLIM*SIG1,676053df-1802-11f0-8423-54a95b9ec813,auction,6,102,0.2969927489757538,0.0313563346862793,7829.0,0.2908792197704315,124,1
SLIM*SIG1,676053df-1802-11f0-8423-54a95b9ec813,auction,6,103,0.29650774598121643,0.01790142059326172,7908.0,0.29062730073928833,137,1
SLIM*SIG1,676053df-1802-11f0-8423-54a95b9ec813,auction,6,104,0.29650774598121643,0.015623092651367188,7826.0,0.29062730073928833,137,1
SLIM*SIG1,676053df-1802-11f0-8423-54a95b9ec813,auction,6,105,0.29650774598121643,0.03128528594970703,7650.0,0.29062730073928833,137,1
SLIM*SIG1,676053df-1802-11f0-8423-54a95b9ec813,auction,6,106,0.2959226071834564,0.015592336654663086,8222.0,0.29013028740882874,163,1
SLIM*SIG1,676053df-1802-11f0-8423-54a95b9ec813,auction,6,107,0.29578784108161926,0.022353649139404297,9077.0,0.28977975249290466,150,1
SLIM*SIG1,676053df-1802-11f0-8423-54a95b9ec813,auction,6,108,0.29578784108161926,0.031247615814208984,9444.0,0.28977975249290466,150,1
SLIM*SIG1,676053df-1802-11f0-8423-54a95b9ec813,auction,6,109,0.2947007119655609,0.015519142150878906,9760.0,0.2902320921421051,189,1
SLIM*SIG1,676053df-1802-11f0-8423-54a95b9ec813,auction,6,110,0.2947007119655609,0.031249046325683594,10045.0,0.2902320921421051,189,1
SLIM*SIG1,676053df-1802-11f0-8423-54a95b9ec813,auction,6,111,0.2946949899196625,0.021640539169311523,11765.0,0.2900344729423523,202,1
SLIM*SIG1,676053df-1802-11f0-8423-54a95b9ec813,auction,6,112,0.2946949899196625,0.01569962501525879,12184.0,0.2900344729423523,202,1
SLIM*SIG1,676053df-1802-11f0-8423-54a95b9ec813,auction,6,113,0.2946949899196625,0.015626907348632812,13343.0,0.2900344729423523,202,1
SLIM*SIG1,676053df-1802-11f0-8423-54a95b9ec813,auction,6,114,0.2946949899196625,0.03127598762512207,13462.0,0.2900344729423523,202,1
SLIM*SIG1,676053df-1802-11f0-8423-54a95b9ec813,auction,6,115,0.2945209741592407,0.015599727630615234,13126.0,0.2898519039154053,189,1
SLIM*SIG1,676053df-1802-11f0-8423-54a95b9ec813,auction,6,116,0.2945209741592407,0.0312802791595459,12768.0,0.2898519039154053,189,1
SLIM*SIG1,676053df-1802-11f0-8423-54a95b9ec813,auction,6,117,0.29406416416168213,0.02474212646484375,13938.0,0.29075440764427185,133,1
SLIM*SIG1,676053df-1802-11f0-8423-54a95b9ec813,auction,6,118,0.29406416416168213,0.015624523162841797,14221.0,0.29075440764427185,133,1
SLIM*SIG1,676053df-1802-11f0-8423-54a95b9ec813,auction,6,119,0.29406416416168213,0.03125405311584473,14547.0,0.29075440764427185,133,1
SLIM*SIG1,676053df-1802-11f0-8423-54a95b9ec813,auction,6,120,0.29406416416168213,0.03127694129943848,14694.0,0.29075440764427185,133,1
SLIM*SIG1,676053df-1802-11f0-8423-54a95b9ec813,auction,6,121,0.29406416416168213,0.02092266082763672,14890.0,0.29075440764427185,133,1
SLIM*SIG1,676053df-1802-11f0-8423-54a95b9ec813,auction,6,122,0.29406416416168213,0.031147480010986328,14961.0,0.29075440764427185,133,1
SLIM*SIG1,676053df-1802-11f0-8423-54a95b9ec813,auction,6,123,0.29394224286079407,0.01572895050048828,14104.0,0.288867712020874,159,1
SLIM*SIG1,676053df-1802-11f0-8423-54a95b9ec813,auction,6,124,0.29394224286079407,0.036699533462524414,13613.0,0.288867712020874,159,1
SLIM*SIG1,676053df-1802-11f0-8423-54a95b9ec813,auction,6,125,0.29394224286079407,0.032122135162353516,13677.0,0.288867712020874,159,1
SLIM*SIG1,676053df-1802-11f0-8423-54a95b9ec813,auction,6,126,0.29394224286079407,0.0333712100982666,13684.0,0.288867712020874,159,1
SLIM*SIG1,676053df-1802-11f0-8423-54a95b9ec813,auction,6,127,0.29394224286079407,0.03401303291320801,13655.0,0.288867712020874,159,1
SLIM*SIG1,676053df-1802-11f0-8423-54a95b9ec813,auction,6,128,0.29394224286079407,0.02053523063659668,13252.0,0.288867712020874,159,1
SLIM*SIG1,676053df-1802-11f0-8423-54a95b9ec813,auction,6,129,0.29394224286079407,0.039255380630493164,13347.0,0.288867712020874,159,1
SLIM*SIG1,676053df-1802-11f0-8423-54a95b9ec813,auction,6,130,0.29394224286079407,0.025104999542236328,12988.0,0.288867712020874,159,1
SLIM*SIG1,676053df-1802-11f0-8423-54a95b9ec813,auction,6,131,0.29394224286079407,0.02816629409790039,12970.0,0.288867712020874,159,1
SLIM*SIG1,676053df-1802-11f0-8423-54a95b9ec813,auction,6,132,0.29394224286079407,0.0157010555267334,12392.0,0.288867712020874,159,1
SLIM*SIG1,676053df-1802-11f0-8423-54a95b9ec813,auction,6,133,0.29394224286079407,0.015626907348632812,12160.0,0.288867712020874,159,1
SLIM*SIG1,676053df-1802-11f0-8423-54a95b9ec813,auction,6,134,0.2938452959060669,0.015524625778198242,11950.0,0.28902527689933777,146,1
SLIM*SIG1,676053df-1802-11f0-8423-54a95b9ec813,auction,6,135,0.2938452959060669,0.031249284744262695,11588.0,0.28902527689933777,146,1
SLIM*SIG1,676053df-1802-11f0-8423-54a95b9ec813,auction,6,136,0.29370272159576416,0.031246423721313477,11629.0,0.2900388836860657,133,1
SLIM*SIG1,676053df-1802-11f0-8423-54a95b9ec813,auction,6,137,0.29370272159576416,0.02076864242553711,11375.0,0.2900388836860657,133,1
SLIM*SIG1,676053df-1802-11f0-8423-54a95b9ec813,auction,6,138,0.29351210594177246,0.015733957290649414,11167.0,0.28952065110206604,120,1
SLIM*SIG1,676053df-1802-11f0-8423-54a95b9ec813,auction,6,139,0.29351210594177246,0.021978139877319336,11283.0,0.28952065110206604,120,1
SLIM*SIG1,676053df-1802-11f0-8423-54a95b9ec813,auction,6,140,0.29351210594177246,0.028908729553222656,11512.0,0.28952065110206604,120,1
SLIM*SIG1,676053df-1802-11f0-8423-54a95b9ec813,auction,6,141,0.29351210594177246,0.03137803077697754,10832.0,0.28952065110206604,120,1
SLIM*SIG1,676053df-1802-11f0-8423-54a95b9ec813,auction,6,142,0.29351210594177246,0.015619516372680664,11146.0,0.28952065110206604,120,1
SLIM*SIG1,676053df-1802-11f0-8423-54a95b9ec813,auction,6,143,0.29351210594177246,0.03115367889404297,11145.0,0.28952065110206604,120,1
SLIM*SIG1,676053df-1802-11f0-8423-54a95b9ec813,auction,6,144,0.29351210594177246,0.027091264724731445,11563.0,0.28952065110206604,120,1
SLIM*SIG1,676053df-1802-11f0-8423-54a95b9ec813,auction,6,145,0.29351210594177246,0.015729427337646484,12275.0,0.28952065110206604,120,1
SLIM*SIG1,676053df-1802-11f0-8423-54a95b9ec813,auction,6,146,0.29351210594177246,0.03125333786010742,12336.0,0.28952065110206604,120,1
SLIM*SIG1,676053df-1802-11f0-8423-54a95b9ec813,auction,6,147,0.29351210594177246,0.015615224838256836,11706.0,0.28952065110206604,120,1
SLIM*SIG1,676053df-1802-11f0-8423-54a95b9ec813,auction,6,148,0.29351210594177246,0.015628814697265625,11170.0,0.28952065110206604,120,1
SLIM*SIG1,676053df-1802-11f0-8423-54a95b9ec813,auction,6,149,0.29351210594177246,0.020305395126342773,10899.0,0.28952065110206604,120,1
SLIM*SIG1,676053df-1802-11f0-8423-54a95b9ec813,auction,6,150,0.29351210594177246,0.015549898147583008,10950.0,0.28952065110206604,120,1
SLIM*SIG1,676053df-1802-11f0-8423-54a95b9ec813,auction,6,151,0.29351210594177246,0.015718936920166016,10229.0,0.28952065110206604,120,1
SLIM*SIG1,676053df-1802-11f0-8423-54a95b9ec813,auction,6,152,0.29351210594177246,0.031250953674316406,9737.0,0.28952065110206604,120,1
SLIM*SIG1,676053df-1802-11f0-8423-54a95b9ec813,auction,6,153,0.29351210594177246,0.022690773010253906,9601.0,0.28952065110206604,120,1
SLIM*SIG1,676053df-1802-11f0-8423-54a95b9ec813,auction,6,154,0.29351210594177246,0.015635251998901367,9967.0,0.28952065110206604,120,1
SLIM*SIG1,676053df-1802-11f0-8423-54a95b9ec813,auction,6,155,0.29351210594177246,0.031249284744262695,9540.0,0.28952065110206604,120,1
SLIM*SIG1,676053df-1802-11f0-8423-54a95b9ec813,auction,6,156,0.29351210594177246,0.015625953674316406,9466.0,0.28952065110206604,120,1
SLIM*SIG1,676053df-1802-11f0-8423-54a95b9ec813,auction,6,157,0.29351210594177246,0.03134346008300781,9926.0,0.28952065110206604,120,1
SLIM*SIG1,676053df-1802-11f0-8423-54a95b9ec813,auction,6,158,0.29351210594177246,0.017685890197753906,10225.0,0.28952065110206604,120,1
SLIM*SIG1,676053df-1802-11f0-8423-54a95b9ec813,auction,6,159,0.29351210594177246,0.015633344650268555,9738.0,0.28952065110206604,120,1
SLIM*SIG1,676053df-1802-11f0-8423-54a95b9ec813,auction,6,160,0.29351210594177246,0.03125596046447754,8490.0,0.28952065110206604,120,1
SLIM*SIG1,676053df-1802-11f0-8423-54a95b9ec813,auction,6,161,0.29351210594177246,0.015627384185791016,8440.0,0.28952065110206604,120,1
SLIM*SIG1,676053df-1802-11f0-8423-54a95b9ec813,auction,6,162,0.29351210594177246,0.022807598114013672,8598.0,0.28952065110206604,120,1
SLIM*SIG1,676053df-1802-11f0-8423-54a95b9ec813,auction,6,163,0.29351210594177246,0.031357765197753906,8310.0,0.28952065110206604,120,1
SLIM*SIG1,676053df-1802-11f0-8423-54a95b9ec813,auction,6,164,0.29351210594177246,0.015622615814208984,8065.0,0.28952065110206604,120,1
SLIM*SIG1,676053df-1802-11f0-8423-54a95b9ec813,auction,6,165,0.29351210594177246,0.030483245849609375,8600.0,0.28952065110206604,120,1
SLIM*SIG1,676053df-1802-11f0-8423-54a95b9ec813,auction,6,166,0.29351210594177246,0.022641658782958984,8260.0,0.28952065110206604,120,1
SLIM*SIG1,676053df-1802-11f0-8423-54a95b9ec813,auction,6,167,0.29351210594177246,0.015735864639282227,8156.0,0.28952065110206604,120,1
SLIM*SIG1,676053df-1802-11f0-8423-54a95b9ec813,auction,6,168,0.29351210594177246,0.03125476837158203,8115.0,0.28952065110206604,120,1
SLIM*SIG1,676053df-1802-11f0-8423-54a95b9ec813,auction,6,169,0.29351210594177246,0.03114175796508789,7671.0,0.28952065110206604,120,1
SLIM*SIG1,676053df-1802-11f0-8423-54a95b9ec813,auction,6,170,0.29351210594177246,0.021820545196533203,7907.0,0.28952065110206604,120,1
SLIM*SIG1,676053df-1802-11f0-8423-54a95b9ec813,auction,6,171,0.29350391030311584,0.015633106231689453,8154.0,0.28949329257011414,133,1
SLIM*SIG1,676053df-1802-11f0-8423-54a95b9ec813,auction,6,172,0.29350391030311584,0.015626192092895508,8518.0,0.28949329257011414,133,1
SLIM*SIG1,676053df-1802-11f0-8423-54a95b9ec813,auction,6,173,0.29350391030311584,0.031243562698364258,8178.0,0.28949329257011414,133,1
SLIM*SIG1,676053df-1802-11f0-8423-54a95b9ec813,auction,6,174,0.29350391030311584,0.01572585105895996,8492.0,0.28949329257011414,133,1
SLIM*SIG1,676053df-1802-11f0-8423-54a95b9ec813,auction,6,175,0.29350391030311584,0.03125333786010742,8587.0,0.28949329257011414,133,1
SLIM*SIG1,676053df-1802-11f0-8423-54a95b9ec813,auction,6,176,0.29350391030311584,0.023263216018676758,9131.0,0.28949329257011414,133,1
SLIM*SIG1,676053df-1802-11f0-8423-54a95b9ec813,auction,6,177,0.29350391030311584,0.01562809944152832,9627.0,0.28949329257011414,133,1
SLIM*SIG1,676053df-1802-11f0-8423-54a95b9ec813,auction,6,178,0.29350391030311584,0.015722036361694336,9261.0,0.28949329257011414,133,1
SLIM*SIG1,676053df-1802-11f0-8423-54a95b9ec813,auction,6,179,0.29350391030311584,0.015624046325683594,9443.0,0.28949329257011414,133,1
SLIM*SIG1,676053df-1802-11f0-8423-54a95b9ec813,auction,6,180,0.29350391030311584,0.015626192092895508,9206.0,0.28949329257011414,133,1
SLIM*SIG1,676053df-1802-11f0-8423-54a95b9ec813,auction,6,181,0.29350391030311584,0.02240777015686035,9132.0,0.28949329257011414,133,1
SLIM*SIG1,676053df-1802-11f0-8423-54a95b9ec813,auction,6,182,0.29350391030311584,0.031355857849121094,8978.0,0.28949329257011414,133,1
SLIM*SIG1,676053df-1802-11f0-8423-54a95b9ec813,auction,6,183,0.29350391030311584,0.015623807907104492,8830.0,0.28949329257011414,133,1
SLIM*SIG1,676053df-1802-11f0-8423-54a95b9ec813,auction,6,184,0.29350391030311584,0.015522241592407227,8878.0,0.28949329257011414,133,1
SLIM*SIG1,676053df-1802-11f0-8423-54a95b9ec813,auction,6,185,0.29350391030311584,0.03753495216369629,9312.0,0.28949329257011414,133,1
SLIM*SIG1,676053df-1802-11f0-8423-54a95b9ec813,auction,6,186,0.29350391030311584,0.015722990036010742,9776.0,0.28949329257011414,133,1
SLIM*SIG1,676053df-1802-11f0-8423-54a95b9ec813,auction,6,187,0.29350391030311584,0.031159162521362305,10231.0,0.28949329257011414,133,1
SLIM*SIG1,676053df-1802-11f0-8423-54a95b9ec813,auction,6,188,0.29350391030311584,0.015664339065551758,10703.0,0.28949329257011414,133,1
SLIM*SIG1,676053df-1802-11f0-8423-54a95b9ec813,auction,6,189,0.29350391030311584,0.015583276748657227,10788.0,0.28949329257011414,133,1
SLIM*SIG1,676053df-1802-11f0-8423-54a95b9ec813,auction,6,190,0.29350391030311584,0.03678750991821289,10907.0,0.28949329257011414,133,1
SLIM*SIG1,676053df-1802-11f0-8423-54a95b9ec813,auction,6,191,0.29350391030311584,0.0156402587890625,10775.0,0.28949329257011414,133,1
SLIM*SIG1,676053df-1802-11f0-8423-54a95b9ec813,auction,6,192,0.29350391030311584,0.01571822166442871,10710.0,0.28949329257011414,133,1
SLIM*SIG1,676053df-1802-11f0-8423-54a95b9ec813,auction,6,193,0.2933008372783661,0.01571345329284668,10675.0,0.2891726493835449,146,1
SLIM*SIG1,676053df-1802-11f0-8423-54a95b9ec813,auction,6,194,0.2933008372783661,0.015636682510375977,10504.0,0.2891726493835449,146,1
SLIM*SIG1,676053df-1802-11f0-8423-54a95b9ec813,auction,6,195,0.2933008372783661,0.015617847442626953,10629.0,0.2891726493835449,146,1
SLIM*SIG1,676053df-1802-11f0-8423-54a95b9ec813,auction,6,196,0.2933008372783661,0.024756193161010742,10984.0,0.2891726493835449,146,1
SLIM*SIG1,676053df-1802-11f0-8423-54a95b9ec813,auction,6,197,0.2933008372783661,0.015620231628417969,10630.0,0.2891726493835449,146,1
SLIM*SIG1,676053df-1802-11f0-8423-54a95b9ec813,auction,6,198,0.2933008372783661,0.031152725219726562,10736.0,0.2891726493835449,146,1
SLIM*SIG1,676053df-1802-11f0-8423-54a95b9ec813,auction,6,199,0.2933008372783661,0.015728235244750977,10590.0,0.2891726493835449,146,1
SLIM*SIG1,676053df-1802-11f0-8423-54a95b9ec813,auction,6,200,0.2933008372783661,0.02068161964416504,10438.0,0.2891726493835449,146,1
SLIM*SIG1,676053df-1802-11f0-8423-54a95b9ec813,auction,6,201,0.2933008372783661,0.03127765655517578,9951.0,0.2891726493835449,146,1
SLIM*SIG1,676053df-1802-11f0-8423-54a95b9ec813,auction,6,202,0.2933008372783661,0.015587329864501953,10258.0,0.2891726493835449,146,1
SLIM*SIG1,676053df-1802-11f0-8423-54a95b9ec813,auction,6,203,0.2933008372783661,0.015627145767211914,10127.0,0.2891726493835449,146,1
SLIM*SIG1,676053df-1802-11f0-8423-54a95b9ec813,auction,6,204,0.2933008372783661,0.03891921043395996,10056.0,0.2891726493835449,146,1
SLIM*SIG1,676053df-1802-11f0-8423-54a95b9ec813,auction,6,205,0.2933008372783661,0.015047311782836914,10533.0,0.2891726493835449,146,1
SLIM*SIG1,676053df-1802-11f0-8423-54a95b9ec813,auction,6,206,0.29311177134513855,0.03126168251037598,10910.0,0.2888772487640381,159,1
SLIM*SIG1,676053df-1802-11f0-8423-54a95b9ec813,auction,6,207,0.29311177134513855,0.015628337860107422,11050.0,0.2888772487640381,159,1
SLIM*SIG1,676053df-1802-11f0-8423-54a95b9ec813,auction,6,208,0.29311177134513855,0.015622377395629883,11242.0,0.2888772487640381,159,1
SLIM*SIG1,676053df-1802-11f0-8423-54a95b9ec813,auction,6,209,0.29311177134513855,0.020303010940551758,11857.0,0.2888772487640381,159,1
SLIM*SIG1,676053df-1802-11f0-8423-54a95b9ec813,auction,6,210,0.29311177134513855,0.03125882148742676,12461.0,0.2888772487640381,159,1
SLIM*SIG1,676053df-1802-11f0-8423-54a95b9ec813,auction,6,211,0.29311177134513855,0.01562356948852539,12573.0,0.2888772487640381,159,1
SLIM*SIG1,676053df-1802-11f0-8423-54a95b9ec813,auction,6,212,0.29311177134513855,0.03134274482727051,12089.0,0.2888772487640381,159,1
SLIM*SIG1,676053df-1802-11f0-8423-54a95b9ec813,auction,6,213,0.29311177134513855,0.02198481559753418,11580.0,0.2888772487640381,159,1
SLIM*SIG1,676053df-1802-11f0-8423-54a95b9ec813,auction,6,214,0.29311177134513855,0.015764474868774414,11757.0,0.2888772487640381,159,1
SLIM*SIG1,676053df-1802-11f0-8423-54a95b9ec813,auction,6,215,0.29311177134513855,0.015627145767211914,11601.0,0.2888772487640381,159,1
SLIM*SIG1,676053df-1802-11f0-8423-54a95b9ec813,auction,6,216,0.29311177134513855,0.031151533126831055,11740.0,0.2888772487640381,159,1
SLIM*SIG1,676053df-1802-11f0-8423-54a95b9ec813,auction,6,217,0.29311177134513855,0.040982723236083984,11964.0,0.2888772487640381,159,1
SLIM*SIG1,676053df-1802-11f0-8423-54a95b9ec813,auction,6,218,0.29311177134513855,0.030385732650756836,11936.0,0.2888772487640381,159,1
SLIM*SIG1,676053df-1802-11f0-8423-54a95b9ec813,auction,6,219,0.29311177134513855,0.030227184295654297,11631.0,0.2888772487640381,159,1
SLIM*SIG1,676053df-1802-11f0-8423-54a95b9ec813,auction,6,220,0.29311177134513855,0.035094261169433594,11371.0,0.2888772487640381,159,1
SLIM*SIG1,676053df-1802-11f0-8423-54a95b9ec813,auction,6,221,0.29311177134513855,0.03258657455444336,11475.0,0.2888772487640381,159,1
SLIM*SIG1,676053df-1802-11f0-8423-54a95b9ec813,auction,6,222,0.29311177134513855,0.025423288345336914,11697.0,0.2888772487640381,159,1
SLIM*SIG1,676053df-1802-11f0-8423-54a95b9ec813,auction,6,223,0.29311177134513855,0.030695676803588867,12173.0,0.2888772487640381,159,1
SLIM*SIG1,676053df-1802-11f0-8423-54a95b9ec813,auction,6,224,0.29311177134513855,0.015608787536621094,12150.0,0.2888772487640381,159,1
SLIM*SIG1,676053df-1802-11f0-8423-54a95b9ec813,auction,6,225,0.29311177134513855,0.024359464645385742,11969.0,0.2888772487640381,159,1
SLIM*SIG1,676053df-1802-11f0-8423-54a95b9ec813,auction,6,226,0.29311177134513855,0.03125953674316406,11893.0,0.2888772487640381,159,1
SLIM*SIG1,676053df-1802-11f0-8423-54a95b9ec813,auction,6,227,0.29311177134513855,0.015623807907104492,12164.0,0.2888772487640381,159,1
SLIM*SIG1,676053df-1802-11f0-8423-54a95b9ec813,auction,6,228,0.29311177134513855,0.031279563903808594,11824.0,0.2888772487640381,159,1
SLIM*SIG1,676053df-1802-11f0-8423-54a95b9ec813,auction,6,229,0.29311177134513855,0.021212100982666016,11629.0,0.2888772487640381,159,1
SLIM*SIG1,676053df-1802-11f0-8423-54a95b9ec813,auction,6,230,0.29311177134513855,0.015694379806518555,12095.0,0.2888772487640381,159,1
SLIM*SIG1,676053df-1802-11f0-8423-54a95b9ec813,auction,6,231,0.29311177134513855,0.03131270408630371,11681.0,0.2888772487640381,159,1
SLIM*SIG1,676053df-1802-11f0-8423-54a95b9ec813,auction,6,232,0.29311177134513855,0.015531063079833984,11224.0,0.2888772487640381,159,1
SLIM*SIG1,676053df-1802-11f0-8423-54a95b9ec813,auction,6,233,0.29311177134513855,0.08504128456115723,11638.0,0.2888772487640381,159,1
SLIM*SIG1,676053df-1802-11f0-8423-54a95b9ec813,auction,6,234,0.29311177134513855,0.031247854232788086,11716.0,0.2888772487640381,159,1
SLIM*SIG1,676053df-1802-11f0-8423-54a95b9ec813,auction,6,235,0.29311177134513855,0.021424055099487305,12173.0,0.2888772487640381,159,1
SLIM*SIG1,676053df-1802-11f0-8423-54a95b9ec813,auction,6,236,0.29311177134513855,0.015635251998901367,12368.0,0.2888772487640381,159,1
SLIM*SIG1,676053df-1802-11f0-8423-54a95b9ec813,auction,6,237,0.29311177134513855,0.015625953674316406,12944.0,0.2888772487640381,159,1
SLIM*SIG1,676053df-1802-11f0-8423-54a95b9ec813,auction,6,238,0.29311177134513855,0.03124403953552246,13700.0,0.2888772487640381,159,1
SLIM*SIG1,676053df-1802-11f0-8423-54a95b9ec813,auction,6,239,0.29311177134513855,0.0156252384185791,13462.0,0.2888772487640381,159,1
SLIM*SIG1,676053df-1802-11f0-8423-54a95b9ec813,auction,6,240,0.29311177134513855,0.036255598068237305,13113.0,0.2888772487640381,159,1
SLIM*SIG1,676053df-1802-11f0-8423-54a95b9ec813,auction,6,241,0.292957603931427,0.018209218978881836,13574.0,0.2892303764820099,185,1
SLIM*SIG1,676053df-1802-11f0-8423-54a95b9ec813,auction,6,242,0.292957603931427,0.015628814697265625,13814.0,0.2892303764820099,185,1
SLIM*SIG1,676053df-1802-11f0-8423-54a95b9ec813,auction,6,243,0.292912095785141,0.03124713897705078,14478.0,0.2891421914100647,172,1
SLIM*SIG1,676053df-1802-11f0-8423-54a95b9ec813,auction,6,244,0.292912095785141,0.035204410552978516,14062.0,0.2891421914100647,172,1
SLIM*SIG1,676053df-1802-11f0-8423-54a95b9ec813,auction,6,245,0.292912095785141,0.021821260452270508,14277.0,0.2891421914100647,172,1
SLIM*SIG1,676053df-1802-11f0-8423-54a95b9ec813,auction,6,246,0.292912095785141,0.012117624282836914,14262.0,0.2891421914100647,172,1
SLIM*SIG1,676053df-1802-11f0-8423-54a95b9ec813,auction,6,247,0.292912095785141,0.015715837478637695,14511.0,0.2891421914100647,172,1
SLIM*SIG1,676053df-1802-11f0-8423-54a95b9ec813,auction,6,248,0.292912095785141,0.0311431884765625,14857.0,0.2891421914100647,172,1
SLIM*SIG1,676053df-1802-11f0-8423-54a95b9ec813,auction,6,249,0.292912095785141,0.018229007720947266,14904.0,0.2891421914100647,172,1
SLIM*SIG1,676053df-1802-11f0-8423-54a95b9ec813,auction,6,250,0.29279258847236633,0.01570272445678711,14819.0,0.28930822014808655,185,1
SLIM*SIG1,676053df-1802-11f0-8423-54a95b9ec813,auction,6,251,0.29279258847236633,0.031155824661254883,14319.0,0.28930822014808655,185,1
SLIM*SIG1,676053df-1802-11f0-8423-54a95b9ec813,auction,6,252,0.29279258847236633,0.031347036361694336,14227.0,0.28930822014808655,185,1
SLIM*SIG1,676053df-1802-11f0-8423-54a95b9ec813,auction,6,253,0.29279258847236633,0.022117137908935547,13824.0,0.28930822014808655,185,1
SLIM*SIG1,676053df-1802-11f0-8423-54a95b9ec813,auction,6,254,0.29279258847236633,0.01735091209411621,13536.0,0.28930822014808655,185,1
SLIM*SIG1,676053df-1802-11f0-8423-54a95b9ec813,auction,6,255,0.29279258847236633,0.014510154724121094,13742.0,0.28930822014808655,185,1
SLIM*SIG1,676053df-1802-11f0-8423-54a95b9ec813,auction,6,256,0.29279258847236633,0.031360626220703125,13631.0,0.28930822014808655,185,1
SLIM*SIG1,676053df-1802-11f0-8423-54a95b9ec813,auction,6,257,0.29279258847236633,0.02114391326904297,14246.0,0.28930822014808655,185,1
SLIM*SIG1,676053df-1802-11f0-8423-54a95b9ec813,auction,6,258,0.29279258847236633,0.03118443489074707,13607.0,0.28930822014808655,185,1
SLIM*SIG1,676053df-1802-11f0-8423-54a95b9ec813,auction,6,259,0.29279258847236633,0.015592336654663086,14231.0,0.28930822014808655,185,1
SLIM*SIG1,676053df-1802-11f0-8423-54a95b9ec813,auction,6,260,0.2926734983921051,0.03124547004699707,14279.0,0.28879979252815247,159,1
SLIM*SIG1,676053df-1802-11f0-8423-54a95b9ec813,auction,6,261,0.2926734983921051,0.02192544937133789,14461.0,0.28879979252815247,159,1
SLIM*SIG1,676053df-1802-11f0-8423-54a95b9ec813,auction,6,262,0.2926734983921051,0.01576995849609375,14756.0,0.28879979252815247,159,1
SLIM*SIG1,676053df-1802-11f0-8423-54a95b9ec813,auction,6,263,0.2926734983921051,0.031245946884155273,14695.0,0.28879979252815247,159,1
SLIM*SIG1,676053df-1802-11f0-8423-54a95b9ec813,auction,6,264,0.2926734983921051,0.015532493591308594,14498.0,0.28879979252815247,159,1
SLIM*SIG1,676053df-1802-11f0-8423-54a95b9ec813,auction,6,265,0.2926734983921051,0.03134632110595703,14327.0,0.28879979252815247,159,1
SLIM*SIG1,676053df-1802-11f0-8423-54a95b9ec813,auction,6,266,0.2926734983921051,0.015624523162841797,13924.0,0.28879979252815247,159,1
SLIM*SIG1,676053df-1802-11f0-8423-54a95b9ec813,auction,6,267,0.2926734983921051,0.03876304626464844,13460.0,0.28879979252815247,159,1
SLIM*SIG1,676053df-1802-11f0-8423-54a95b9ec813,auction,6,268,0.2926734983921051,0.0156402587890625,13456.0,0.28879979252815247,159,1
SLIM*SIG1,676053df-1802-11f0-8423-54a95b9ec813,auction,6,269,0.2926734983921051,0.03126692771911621,14110.0,0.28879979252815247,159,1
SLIM*SIG1,676053df-1802-11f0-8423-54a95b9ec813,auction,6,270,0.2926734983921051,0.0162203311920166,14288.0,0.28879979252815247,159,1
SLIM*SIG1,676053df-1802-11f0-8423-54a95b9ec813,auction,6,271,0.2926498055458069,0.021869182586669922,13997.0,0.2887808084487915,159,1
SLIM*SIG1,676053df-1802-11f0-8423-54a95b9ec813,auction,6,272,0.2926498055458069,0.03135085105895996,13607.0,0.2887808084487915,159,1
SLIM*SIG1,676053df-1802-11f0-8423-54a95b9ec813,auction,6,273,0.2926498055458069,0.015623807907104492,13817.0,0.2887808084487915,159,1
SLIM*SIG1,676053df-1802-11f0-8423-54a95b9ec813,auction,6,274,0.2926498055458069,0.031188011169433594,13350.0,0.2887808084487915,159,1
SLIM*SIG1,676053df-1802-11f0-8423-54a95b9ec813,auction,6,275,0.2926498055458069,0.022281646728515625,12615.0,0.2887808084487915,159,1
SLIM*SIG1,676053df-1802-11f0-8423-54a95b9ec813,auction,6,276,0.2926498055458069,0.031259775161743164,12257.0,0.2887808084487915,159,1
SLIM*SIG1,676053df-1802-11f0-8423-54a95b9ec813,auction,6,277,0.2926498055458069,0.01572394371032715,13236.0,0.2887808084487915,159,1
SLIM*SIG1,676053df-1802-11f0-8423-54a95b9ec813,auction,6,278,0.2926498055458069,0.03127646446228027,13267.0,0.2887808084487915,159,1
SLIM*SIG1,676053df-1802-11f0-8423-54a95b9ec813,auction,6,279,0.2926498055458069,0.02147388458251953,13358.0,0.2887808084487915,159,1
SLIM*SIG1,676053df-1802-11f0-8423-54a95b9ec813,auction,6,280,0.2926498055458069,0.015511751174926758,13247.0,0.2887808084487915,159,1
SLIM*SIG1,676053df-1802-11f0-8423-54a95b9ec813,auction,6,281,0.29256269335746765,0.03135824203491211,13416.0,0.2886103093624115,198,1
SLIM*SIG1,676053df-1802-11f0-8423-54a95b9ec813,auction,6,282,0.2924746572971344,0.015533924102783203,14337.0,0.28843244910240173,185,1
SLIM*SIG1,676053df-1802-11f0-8423-54a95b9ec813,auction,6,283,0.2924746572971344,0.038686513900756836,14810.0,0.28843244910240173,185,1
SLIM*SIG1,676053df-1802-11f0-8423-54a95b9ec813,auction,6,284,0.2924746572971344,0.03135824203491211,14832.0,0.28843244910240173,185,1
SLIM*SIG1,676053df-1802-11f0-8423-54a95b9ec813,auction,6,285,0.2924746572971344,0.015526294708251953,14694.0,0.28843244910240173,185,1
SLIM*SIG1,676053df-1802-11f0-8423-54a95b9ec813,auction,6,286,0.2924746572971344,0.031249046325683594,13940.0,0.28843244910240173,185,1
SLIM*SIG1,676053df-1802-11f0-8423-54a95b9ec813,auction,6,287,0.2924746572971344,0.015723466873168945,13967.0,0.28843244910240173,185,1
SLIM*SIG1,676053df-1802-11f0-8423-54a95b9ec813,auction,6,288,0.2924746572971344,0.015619039535522461,14403.0,0.28843244910240173,185,1
SLIM*SIG1,676053df-1802-11f0-8423-54a95b9ec813,auction,6,289,0.2924746572971344,0.037994384765625,14109.0,0.28843244910240173,185,1
SLIM*SIG1,676053df-1802-11f0-8423-54a95b9ec813,auction,6,290,0.2924746572971344,0.015618085861206055,13923.0,0.28843244910240173,185,1
SLIM*SIG1,676053df-1802-11f0-8423-54a95b9ec813,auction,6,291,0.2924746572971344,0.031157970428466797,14233.0,0.28843244910240173,185,1
SLIM*SIG1,676053df-1802-11f0-8423-54a95b9ec813,auction,6,292,0.2924746572971344,0.015628576278686523,14480.0,0.28843244910240173,185,1
SLIM*SIG1,676053df-1802-11f0-8423-54a95b9ec813,auction,6,293,0.2922312617301941,0.0376126766204834,14350.0,0.28777074813842773,185,1
SLIM*SIG1,676053df-1802-11f0-8423-54a95b9ec813,auction,6,294,0.2922312617301941,0.015735387802124023,14203.0,0.28777074813842773,185,1
SLIM*SIG1,676053df-1802-11f0-8423-54a95b9ec813,auction,6,295,0.2922312617301941,0.031152963638305664,14034.0,0.28777074813842773,185,1
SLIM*SIG1,676053df-1802-11f0-8423-54a95b9ec813,auction,6,296,0.2922312617301941,0.015624761581420898,14106.0,0.28777074813842773,185,1
SLIM*SIG1,676053df-1802-11f0-8423-54a95b9ec813,auction,6,297,0.2922312617301941,0.021777868270874023,13913.0,0.28777074813842773,185,1
SLIM*SIG1,676053df-1802-11f0-8423-54a95b9ec813,auction,6,298,0.2922312617301941,0.03134346008300781,13945.0,0.28777074813842773,185,1
SLIM*SIG1,676053df-1802-11f0-8423-54a95b9ec813,auction,6,299,0.2922312617301941,0.015630722045898438,14448.0,0.28777074813842773,185,1
SLIM*SIG1,676053df-1802-11f0-8423-54a95b9ec813,auction,6,300,0.2922312617301941,0.031244277954101562,15217.0,0.28777074813842773,185,1
SLIM*SIG1,676053df-1802-11f0-8423-54a95b9ec813,auction,6,301,0.2922312617301941,0.03739166259765625,15230.0,0.28777074813842773,185,1
SLIM*SIG1,676053df-1802-11f0-8423-54a95b9ec813,auction,6,302,0.2922312617301941,0.02786111831665039,15715.0,0.28777074813842773,185,1
SLIM*SIG1,676053df-1802-11f0-8423-54a95b9ec813,auction,6,303,0.2922312617301941,0.03079676628112793,15862.0,0.28777074813842773,185,1
SLIM*SIG1,676053df-1802-11f0-8423-54a95b9ec813,auction,6,304,0.2922312617301941,0.030293703079223633,15797.0,0.28777074813842773,185,1
SLIM*SIG1,676053df-1802-11f0-8423-54a95b9ec813,auction,6,305,0.2922312617301941,0.03889608383178711,17026.0,0.28777074813842773,185,1
SLIM*SIG1,676053df-1802-11f0-8423-54a95b9ec813,auction,6,306,0.2922312617301941,0.032883644104003906,16601.0,0.28777074813842773,185,1
SLIM*SIG1,676053df-1802-11f0-8423-54a95b9ec813,auction,6,307,0.2922312617301941,0.017656326293945312,16440.0,0.28777074813842773,185,1
SLIM*SIG1,676053df-1802-11f0-8423-54a95b9ec813,auction,6,308,0.2918168902397156,0.03617453575134277,15695.0,0.2883813679218292,198,1
SLIM*SIG1,676053df-1802-11f0-8423-54a95b9ec813,auction,6,309,0.2918168902397156,0.0468752384185791,15623.0,0.2883813679218292,198,1
SLIM*SIG1,676053df-1802-11f0-8423-54a95b9ec813,auction,6,310,0.2918168902397156,0.050324201583862305,14945.0,0.2883813679218292,198,1
SLIM*SIG1,676053df-1802-11f0-8423-54a95b9ec813,auction,6,311,0.2918168902397156,0.018238306045532227,15317.0,0.2883813679218292,198,1
SLIM*SIG1,676053df-1802-11f0-8423-54a95b9ec813,auction,6,312,0.2918168902397156,0.031249523162841797,15215.0,0.2883813679218292,198,1
SLIM*SIG1,676053df-1802-11f0-8423-54a95b9ec813,auction,6,313,0.2918168902397156,0.03132295608520508,14689.0,0.2883813679218292,198,1
SLIM*SIG1,676053df-1802-11f0-8423-54a95b9ec813,auction,6,314,0.2918168902397156,0.020621061325073242,14204.0,0.2883813679218292,198,1
SLIM*SIG1,676053df-1802-11f0-8423-54a95b9ec813,auction,6,315,0.2918168902397156,0.031259775161743164,14922.0,0.2883813679218292,198,1
SLIM*SIG1,676053df-1802-11f0-8423-54a95b9ec813,auction,6,316,0.2918168902397156,0.031248092651367188,15670.0,0.2883813679218292,198,1
SLIM*SIG1,676053df-1802-11f0-8423-54a95b9ec813,auction,6,317,0.2918168902397156,0.015717029571533203,16005.0,0.2883813679218292,198,1
SLIM*SIG1,676053df-1802-11f0-8423-54a95b9ec813,auction,6,318,0.2918168902397156,0.037567853927612305,16671.0,0.2883813679218292,198,1
SLIM*SIG1,676053df-1802-11f0-8423-54a95b9ec813,auction,6,319,0.2918168902397156,0.01562976837158203,16503.0,0.2883813679218292,198,1
SLIM*SIG1,676053df-1802-11f0-8423-54a95b9ec813,auction,6,320,0.2918168902397156,0.031151294708251953,16553.0,0.2883813679218292,198,1
SLIM*SIG1,676053df-1802-11f0-8423-54a95b9ec813,auction,6,321,0.2918168902397156,0.031340599060058594,16751.0,0.2883813679218292,198,1
SLIM*SIG1,676053df-1802-11f0-8423-54a95b9ec813,auction,6,322,0.2918168902397156,0.03125500679016113,16563.0,0.2883813679218292,198,1
SLIM*SIG1,676053df-1802-11f0-8423-54a95b9ec813,auction,6,323,0.2918168902397156,0.023755788803100586,15865.0,0.2883813679218292,198,1
SLIM*SIG1,676053df-1802-11f0-8423-54a95b9ec813,auction,6,324,0.2918168902397156,0.01562643051147461,16173.0,0.2883813679218292,198,1
SLIM*SIG1,676053df-1802-11f0-8423-54a95b9ec813,auction,6,325,0.2918168902397156,0.0312502384185791,16190.0,0.2883813679218292,198,1
SLIM*SIG1,676053df-1802-11f0-8423-54a95b9ec813,auction,6,326,0.2918168902397156,0.03134489059448242,16225.0,0.2883813679218292,198,1
SLIM*SIG1,676053df-1802-11f0-8423-54a95b9ec813,auction,6,327,0.2918168902397156,0.021481752395629883,16186.0,0.2883813679218292,198,1
SLIM*SIG1,676053df-1802-11f0-8423-54a95b9ec813,auction,6,328,0.2918168902397156,0.015542745590209961,16370.0,0.2883813679218292,198,1
SLIM*SIG1,676053df-1802-11f0-8423-54a95b9ec813,auction,6,329,0.2918168902397156,0.031243324279785156,16242.0,0.2883813679218292,198,1
SLIM*SIG1,676053df-1802-11f0-8423-54a95b9ec813,auction,6,330,0.29161202907562256,0.03749680519104004,16292.0,0.2924383282661438,211,1
SLIM*SIG1,676053df-1802-11f0-8423-54a95b9ec813,auction,6,331,0.29161202907562256,0.015868425369262695,16597.0,0.2924383282661438,211,1
SLIM*SIG1,676053df-1802-11f0-8423-54a95b9ec813,auction,6,332,0.29161202907562256,0.03125166893005371,16331.0,0.2924383282661438,211,1
SLIM*SIG1,676053df-1802-11f0-8423-54a95b9ec813,auction,6,333,0.29161202907562256,0.015526533126831055,16682.0,0.2924383282661438,211,1
SLIM*SIG1,676053df-1802-11f0-8423-54a95b9ec813,auction,6,334,0.29161202907562256,0.03664684295654297,16760.0,0.2924383282661438,211,1
SLIM*SIG1,676053df-1802-11f0-8423-54a95b9ec813,auction,6,335,0.29161202907562256,0.01572585105895996,16246.0,0.2924383282661438,211,1
SLIM*SIG1,676053df-1802-11f0-8423-54a95b9ec813,auction,6,336,0.29161202907562256,0.031157732009887695,16469.0,0.2924383282661438,211,1
SLIM*SIG1,676053df-1802-11f0-8423-54a95b9ec813,auction,6,337,0.29161202907562256,0.03127932548522949,16693.0,0.2924383282661438,211,1
SLIM*SIG1,676053df-1802-11f0-8423-54a95b9ec813,auction,6,338,0.29161202907562256,0.02173614501953125,16446.0,0.2924383282661438,211,1
SLIM*SIG1,676053df-1802-11f0-8423-54a95b9ec813,auction,6,339,0.29161202907562256,0.015664100646972656,15958.0,0.2924383282661438,211,1
SLIM*SIG1,676053df-1802-11f0-8423-54a95b9ec813,auction,6,340,0.29161202907562256,0.03123927116394043,15562.0,0.2924383282661438,211,1
SLIM*SIG1,676053df-1802-11f0-8423-54a95b9ec813,auction,6,341,0.29161202907562256,0.03126263618469238,15758.0,0.2924383282661438,211,1
SLIM*SIG1,676053df-1802-11f0-8423-54a95b9ec813,auction,6,342,0.29161202907562256,0.015696287155151367,15379.0,0.2924383282661438,211,1
SLIM*SIG1,676053df-1802-11f0-8423-54a95b9ec813,auction,6,343,0.29161202907562256,0.03774452209472656,15561.0,0.2924383282661438,211,1
SLIM*SIG1,676053df-1802-11f0-8423-54a95b9ec813,auction,6,344,0.29161202907562256,0.017153501510620117,16113.0,0.2924383282661438,211,1
SLIM*SIG1,676053df-1802-11f0-8423-54a95b9ec813,auction,6,345,0.29161202907562256,0.03129005432128906,15890.0,0.2924383282661438,211,1
SLIM*SIG1,676053df-1802-11f0-8423-54a95b9ec813,auction,6,346,0.29161202907562256,0.01552891731262207,16163.0,0.2924383282661438,211,1
SLIM*SIG1,676053df-1802-11f0-8423-54a95b9ec813,auction,6,347,0.29161202907562256,0.040999412536621094,16605.0,0.2924383282661438,211,1
SLIM*SIG1,676053df-1802-11f0-8423-54a95b9ec813,auction,6,348,0.29161202907562256,0.031241893768310547,16109.0,0.2924383282661438,211,1
SLIM*SIG1,676053df-1802-11f0-8423-54a95b9ec813,auction,6,349,0.29161202907562256,0.0471034049987793,15712.0,0.2924383282661438,211,1
SLIM*SIG1,676053df-1802-11f0-8423-54a95b9ec813,auction,6,350,0.29161202907562256,0.018861055374145508,16232.0,0.2924383282661438,211,1
SLIM*SIG1,676053df-1802-11f0-8423-54a95b9ec813,auction,6,351,0.29161202907562256,0.03125262260437012,16696.0,0.2924383282661438,211,1
SLIM*SIG1,676053df-1802-11f0-8423-54a95b9ec813,auction,6,352,0.29161202907562256,0.015620708465576172,16793.0,0.2924383282661438,211,1
SLIM*SIG1,676053df-1802-11f0-8423-54a95b9ec813,auction,6,353,0.29161202907562256,0.033350467681884766,16497.0,0.2924383282661438,211,1
SLIM*SIG1,676053df-1802-11f0-8423-54a95b9ec813,auction,6,354,0.29161202907562256,0.017420291900634766,15856.0,0.2924383282661438,211,1
SLIM*SIG1,676053df-1802-11f0-8423-54a95b9ec813,auction,6,355,0.29161202907562256,0.015565156936645508,15427.0,0.2924383282661438,211,1
SLIM*SIG1,676053df-1802-11f0-8423-54a95b9ec813,auction,6,356,0.29161202907562256,0.03121638298034668,16032.0,0.2924383282661438,211,1
SLIM*SIG1,676053df-1802-11f0-8423-54a95b9ec813,auction,6,357,0.29161202907562256,0.03124547004699707,15527.0,0.2924383282661438,211,1
SLIM*SIG1,676053df-1802-11f0-8423-54a95b9ec813,auction,6,358,0.29161202907562256,0.015628814697265625,16747.0,0.2924383282661438,211,1
SLIM*SIG1,676053df-1802-11f0-8423-54a95b9ec813,auction,6,359,0.29161202907562256,0.02423405647277832,16903.0,0.2924383282661438,211,1
SLIM*SIG1,676053df-1802-11f0-8423-54a95b9ec813,auction,6,360,0.29161202907562256,0.0313563346862793,17384.0,0.2924383282661438,211,1
SLIM*SIG1,676053df-1802-11f0-8423-54a95b9ec813,auction,6,361,0.29161202907562256,0.015527486801147461,17696.0,0.2924383282661438,211,1
SLIM*SIG1,676053df-1802-11f0-8423-54a95b9ec813,auction,6,362,0.2913404107093811,0.03134489059448242,17447.0,0.2917814552783966,224,1
SLIM*SIG1,676053df-1802-11f0-8423-54a95b9ec813,auction,6,363,0.2913404107093811,0.0218813419342041,17371.0,0.2917814552783966,224,1
SLIM*SIG1,676053df-1802-11f0-8423-54a95b9ec813,auction,6,364,0.2913404107093811,0.015738725662231445,16940.0,0.2917814552783966,224,1
SLIM*SIG1,676053df-1802-11f0-8423-54a95b9ec813,auction,6,365,0.2913404107093811,0.03124713897705078,16643.0,0.2917814552783966,224,1
SLIM*SIG1,676053df-1802-11f0-8423-54a95b9ec813,auction,6,366,0.2913404107093811,0.0312502384185791,16550.0,0.2917814552783966,224,1
SLIM*SIG1,676053df-1802-11f0-8423-54a95b9ec813,auction,6,367,0.2913404107093811,0.021991252899169922,16903.0,0.2917814552783966,224,1
SLIM*SIG1,676053df-1802-11f0-8423-54a95b9ec813,auction,6,368,0.2913404107093811,0.031343936920166016,16407.0,0.2917814552783966,224,1
SLIM*SIG1,676053df-1802-11f0-8423-54a95b9ec813,auction,6,369,0.2913404107093811,0.015633583068847656,16836.0,0.2917814552783966,224,1
SLIM*SIG1,676053df-1802-11f0-8423-54a95b9ec813,auction,6,370,0.2913404107093811,0.03190302848815918,16552.0,0.2917814552783966,224,1
SLIM*SIG1,676053df-1802-11f0-8423-54a95b9ec813,auction,6,371,0.2913404107093811,0.020548343658447266,16205.0,0.2917814552783966,224,1
SLIM*SIG1,676053df-1802-11f0-8423-54a95b9ec813,auction,6,372,0.2913404107093811,0.015630483627319336,15507.0,0.2917814552783966,224,1
SLIM*SIG1,676053df-1802-11f0-8423-54a95b9ec813,auction,6,373,0.2913404107093811,0.015677928924560547,15375.0,0.2917814552783966,224,1
SLIM*SIG1,676053df-1802-11f0-8423-54a95b9ec813,auction,6,374,0.2913404107093811,0.015530109405517578,15195.0,0.2917814552783966,224,1
SLIM*SIG1,676053df-1802-11f0-8423-54a95b9ec813,auction,6,375,0.29131922125816345,0.01572394371032715,15493.0,0.2917744219303131,239,1
SLIM*SIG1,676053df-1802-11f0-8423-54a95b9ec813,auction,6,376,0.29131922125816345,0.015623807907104492,16248.0,0.2917744219303131,239,1
SLIM*SIG1,676053df-1802-11f0-8423-54a95b9ec813,auction,6,377,0.29131922125816345,0.024851322174072266,16265.0,0.2917744219303131,239,1
SLIM*SIG1,676053df-1802-11f0-8423-54a95b9ec813,auction,6,378,0.29131922125816345,0.0313568115234375,16124.0,0.2917744219303131,239,1
SLIM*SIG1,676053df-1802-11f0-8423-54a95b9ec813,auction,6,379,0.29131922125816345,0.015526056289672852,16764.0,0.2917744219303131,239,1
SLIM*SIG1,676053df-1802-11f0-8423-54a95b9ec813,auction,6,380,0.29131922125816345,0.031249046325683594,16737.0,0.2917744219303131,239,1
SLIM*SIG1,676053df-1802-11f0-8423-54a95b9ec813,auction,6,381,0.29131922125816345,0.039052724838256836,16494.0,0.2917744219303131,239,1
SLIM*SIG1,676053df-1802-11f0-8423-54a95b9ec813,auction,6,382,0.29131922125816345,0.029994964599609375,16151.0,0.2917744219303131,239,1
SLIM*SIG1,676053df-1802-11f0-8423-54a95b9ec813,auction,6,383,0.29131922125816345,0.03269004821777344,16365.0,0.2917744219303131,239,1
SLIM*SIG1,676053df-1802-11f0-8423-54a95b9ec813,auction,6,384,0.29131922125816345,0.03277301788330078,15855.0,0.2917744219303131,239,1
SLIM*SIG1,676053df-1802-11f0-8423-54a95b9ec813,auction,6,385,0.29131922125816345,0.0318608283996582,15715.0,0.2917744219303131,239,1
SLIM*SIG1,676053df-1802-11f0-8423-54a95b9ec813,auction,6,386,0.29131922125816345,0.031343936920166016,16428.0,0.2917744219303131,239,1
SLIM*SIG1,676053df-1802-11f0-8423-54a95b9ec813,auction,6,387,0.29131922125816345,0.031331539154052734,16222.0,0.2917744219303131,239,1
SLIM*SIG1,676053df-1802-11f0-8423-54a95b9ec813,auction,6,388,0.29131922125816345,0.015647172927856445,17683.0,0.2917744219303131,239,1
SLIM*SIG1,676053df-1802-11f0-8423-54a95b9ec813,auction,6,389,0.29131922125816345,0.03135061264038086,18334.0,0.2917744219303131,239,1
SLIM*SIG1,676053df-1802-11f0-8423-54a95b9ec813,auction,6,390,0.29131922125816345,0.03932452201843262,18660.0,0.2917744219303131,239,1
SLIM*SIG1,676053df-1802-11f0-8423-54a95b9ec813,auction,6,391,0.29131922125816345,0.031201601028442383,19997.0,0.2917744219303131,239,1
SLIM*SIG1,676053df-1802-11f0-8423-54a95b9ec813,auction,6,392,0.29131922125816345,0.031340837478637695,20179.0,0.2917744219303131,239,1
SLIM*SIG1,676053df-1802-11f0-8423-54a95b9ec813,auction,6,393,0.29131922125816345,0.03125929832458496,20155.0,0.2917744219303131,239,1
SLIM*SIG1,676053df-1802-11f0-8423-54a95b9ec813,auction,6,394,0.29131922125816345,0.03663825988769531,20076.0,0.2917744219303131,239,1
SLIM*SIG1,676053df-1802-11f0-8423-54a95b9ec813,auction,6,395,0.29131922125816345,0.015512704849243164,20193.0,0.2917744219303131,239,1
SLIM*SIG1,676053df-1802-11f0-8423-54a95b9ec813,auction,6,396,0.29131922125816345,0.03136181831359863,19861.0,0.2917744219303131,239,1
SLIM*SIG1,676053df-1802-11f0-8423-54a95b9ec813,auction,6,397,0.29131922125816345,0.03125119209289551,19593.0,0.2917744219303131,239,1
SLIM*SIG1,676053df-1802-11f0-8423-54a95b9ec813,auction,6,398,0.29131922125816345,0.021627426147460938,19247.0,0.2917744219303131,239,1
SLIM*SIG1,676053df-1802-11f0-8423-54a95b9ec813,auction,6,399,0.29131922125816345,0.01563429832458496,18669.0,0.2917744219303131,239,1
SLIM*SIG1,676053df-1802-11f0-8423-54a95b9ec813,auction,6,400,0.29131922125816345,0.03125166893005371,18084.0,0.2917744219303131,239,1
SLIM*SIG1,676053df-1802-11f0-8423-54a95b9ec813,auction,6,401,0.29131922125816345,0.031242847442626953,17974.0,0.2917744219303131,239,1
SLIM*SIG1,676053df-1802-11f0-8423-54a95b9ec813,auction,6,402,0.29131922125816345,0.022003889083862305,17683.0,0.2917744219303131,239,1
SLIM*SIG1,676053df-1802-11f0-8423-54a95b9ec813,auction,6,403,0.29131922125816345,0.01568126678466797,17263.0,0.2917744219303131,239,1
SLIM*SIG1,676053df-1802-11f0-8423-54a95b9ec813,auction,6,404,0.29131922125816345,0.0312502384185791,17808.0,0.2917744219303131,239,1
SLIM*SIG1,676053df-1802-11f0-8423-54a95b9ec813,auction,6,405,0.29131922125816345,0.031279563903808594,18227.0,0.2917744219303131,239,1
SLIM*SIG1,676053df-1802-11f0-8423-54a95b9ec813,auction,6,406,0.29131922125816345,0.0220029354095459,18871.0,0.2917744219303131,239,1
SLIM*SIG1,676053df-1802-11f0-8423-54a95b9ec813,auction,6,407,0.29131922125816345,0.03135991096496582,18810.0,0.2917744219303131,239,1
SLIM*SIG1,676053df-1802-11f0-8423-54a95b9ec813,auction,6,408,0.29131922125816345,0.031148433685302734,18738.0,0.2917744219303131,239,1
SLIM*SIG1,676053df-1802-11f0-8423-54a95b9ec813,auction,6,409,0.29131922125816345,0.031249523162841797,18800.0,0.2917744219303131,239,1
SLIM*SIG1,676053df-1802-11f0-8423-54a95b9ec813,auction,6,410,0.29131922125816345,0.021782636642456055,18633.0,0.2917744219303131,239,1
SLIM*SIG1,676053df-1802-11f0-8423-54a95b9ec813,auction,6,411,0.29131922125816345,0.015741348266601562,18437.0,0.2917744219303131,239,1
SLIM*SIG1,676053df-1802-11f0-8423-54a95b9ec813,auction,6,412,0.29131922125816345,0.015623807907104492,18817.0,0.2917744219303131,239,1
SLIM*SIG1,676053df-1802-11f0-8423-54a95b9ec813,auction,6,413,0.29131922125816345,0.031256675720214844,18272.0,0.2917744219303131,239,1
SLIM*SIG1,676053df-1802-11f0-8423-54a95b9ec813,auction,6,414,0.29131922125816345,0.015653133392333984,17920.0,0.2917744219303131,239,1
SLIM*SIG1,676053df-1802-11f0-8423-54a95b9ec813,auction,6,415,0.29131922125816345,0.08406901359558105,17708.0,0.2917744219303131,239,1
SLIM*SIG1,676053df-1802-11f0-8423-54a95b9ec813,auction,6,416,0.29131922125816345,0.02414107322692871,18157.0,0.2917744219303131,239,1
SLIM*SIG1,676053df-1802-11f0-8423-54a95b9ec813,auction,6,417,0.29131922125816345,0.015697956085205078,18488.0,0.2917744219303131,239,1
SLIM*SIG1,676053df-1802-11f0-8423-54a95b9ec813,auction,6,418,0.29131922125816345,0.03132343292236328,19011.0,0.2917744219303131,239,1
SLIM*SIG1,676053df-1802-11f0-8423-54a95b9ec813,auction,6,419,0.29131922125816345,0.015520572662353516,19105.0,0.2917744219303131,239,1
SLIM*SIG1,676053df-1802-11f0-8423-54a95b9ec813,auction,6,420,0.29131922125816345,0.03701925277709961,19408.0,0.2917744219303131,239,1
SLIM*SIG1,676053df-1802-11f0-8423-54a95b9ec813,auction,6,421,0.29131922125816345,0.03125262260437012,20163.0,0.2917744219303131,239,1
SLIM*SIG1,676053df-1802-11f0-8423-54a95b9ec813,auction,6,422,0.29131922125816345,0.07231831550598145,19825.0,0.2917744219303131,239,1
SLIM*SIG1,676053df-1802-11f0-8423-54a95b9ec813,auction,6,423,0.29131922125816345,0.07812714576721191,19556.0,0.2917744219303131,239,1
SLIM*SIG1,676053df-1802-11f0-8423-54a95b9ec813,auction,6,424,0.29131922125816345,0.04687619209289551,19749.0,0.2917744219303131,239,1
SLIM*SIG1,676053df-1802-11f0-8423-54a95b9ec813,auction,6,425,0.29131922125816345,0.021099567413330078,19554.0,0.2917744219303131,239,1
SLIM*SIG1,676053df-1802-11f0-8423-54a95b9ec813,auction,6,426,0.29131922125816345,0.031157970428466797,19710.0,0.2917744219303131,239,1
SLIM*SIG1,676053df-1802-11f0-8423-54a95b9ec813,auction,6,427,0.29131922125816345,0.03135371208190918,20095.0,0.2917744219303131,239,1
SLIM*SIG1,676053df-1802-11f0-8423-54a95b9ec813,auction,6,428,0.29131922125816345,0.020951509475708008,19708.0,0.2917744219303131,239,1
SLIM*SIG1,676053df-1802-11f0-8423-54a95b9ec813,auction,6,429,0.29131922125816345,0.03125929832458496,19100.0,0.2917744219303131,239,1
SLIM*SIG1,676053df-1802-11f0-8423-54a95b9ec813,auction,6,430,0.29131922125816345,0.015716552734375,19290.0,0.2917744219303131,239,1
SLIM*SIG1,676053df-1802-11f0-8423-54a95b9ec813,auction,6,431,0.29131922125816345,0.03125882148742676,18728.0,0.2917744219303131,239,1
SLIM*SIG1,676053df-1802-11f0-8423-54a95b9ec813,auction,6,432,0.29131922125816345,0.0223388671875,18460.0,0.2917744219303131,239,1
SLIM*SIG1,676053df-1802-11f0-8423-54a95b9ec813,auction,6,433,0.29131922125816345,0.03136014938354492,18592.0,0.2917744219303131,239,1
SLIM*SIG1,676053df-1802-11f0-8423-54a95b9ec813,auction,6,434,0.29131922125816345,0.015533447265625,18312.0,0.2917744219303131,239,1
SLIM*SIG1,676053df-1802-11f0-8423-54a95b9ec813,auction,6,435,0.29131922125816345,0.0313420295715332,18321.0,0.2917744219303131,239,1
SLIM*SIG1,676053df-1802-11f0-8423-54a95b9ec813,auction,6,436,0.29131922125816345,0.02151346206665039,18292.0,0.2917744219303131,239,1
SLIM*SIG1,676053df-1802-11f0-8423-54a95b9ec813,auction,6,437,0.29131922125816345,0.0312957763671875,18354.0,0.2917744219303131,239,1
SLIM*SIG1,676053df-1802-11f0-8423-54a95b9ec813,auction,6,438,0.29131922125816345,0.015587806701660156,18477.0,0.2917744219303131,239,1
SLIM*SIG1,676053df-1802-11f0-8423-54a95b9ec813,auction,6,439,0.29131922125816345,0.031252145767211914,18193.0,0.2917744219303131,239,1
SLIM*SIG1,676053df-1802-11f0-8423-54a95b9ec813,auction,6,440,0.29131922125816345,0.021659374237060547,18042.0,0.2917744219303131,239,1
SLIM*SIG1,676053df-1802-11f0-8423-54a95b9ec813,auction,6,441,0.29131922125816345,0.03125786781311035,18206.0,0.2917744219303131,239,1
SLIM*SIG1,676053df-1802-11f0-8423-54a95b9ec813,auction,6,442,0.29128503799438477,0.015627145767211914,18941.0,0.2917417287826538,252,1
SLIM*SIG1,676053df-1802-11f0-8423-54a95b9ec813,auction,6,443,0.29128503799438477,0.031261444091796875,19207.0,0.2917417287826538,252,1
SLIM*SIG1,676053df-1802-11f0-8423-54a95b9ec813,auction,6,444,0.291226327419281,0.03126883506774902,19353.0,0.2918396592140198,237,1
SLIM*SIG1,676053df-1802-11f0-8423-54a95b9ec813,auction,6,445,0.291226327419281,0.02395343780517578,19421.0,0.2918396592140198,237,1
SLIM*SIG1,676053df-1802-11f0-8423-54a95b9ec813,auction,6,446,0.291226327419281,0.015635251998901367,18988.0,0.2918396592140198,237,1
SLIM*SIG1,676053df-1802-11f0-8423-54a95b9ec813,auction,6,447,0.291226327419281,0.03124523162841797,18994.0,0.2918396592140198,237,1
SLIM*SIG1,676053df-1802-11f0-8423-54a95b9ec813,auction,6,448,0.291226327419281,0.03134632110595703,19233.0,0.2918396592140198,237,1
SLIM*SIG1,676053df-1802-11f0-8423-54a95b9ec813,auction,6,449,0.291226327419281,0.022003889083862305,19466.0,0.2918396592140198,237,1
SLIM*SIG1,676053df-1802-11f0-8423-54a95b9ec813,auction,6,450,0.291226327419281,0.031357765197753906,19179.0,0.2918396592140198,237,1
SLIM*SIG1,676053df-1802-11f0-8423-54a95b9ec813,auction,6,451,0.291156530380249,0.015620946884155273,20144.0,0.2917678654193878,250,1
SLIM*SIG1,676053df-1802-11f0-8423-54a95b9ec813,auction,6,452,0.291156530380249,0.03124690055847168,20439.0,0.2917678654193878,250,1
SLIM*SIG1,676053df-1802-11f0-8423-54a95b9ec813,auction,6,453,0.291156530380249,0.03705787658691406,20631.0,0.2917678654193878,250,1
SLIM*SIG1,676053df-1802-11f0-8423-54a95b9ec813,auction,6,454,0.291156530380249,0.0394902229309082,19767.0,0.2917678654193878,250,1
SLIM*SIG1,676053df-1802-11f0-8423-54a95b9ec813,auction,6,455,0.291156530380249,0.033930301666259766,19444.0,0.2917678654193878,250,1
SLIM*SIG1,676053df-1802-11f0-8423-54a95b9ec813,auction,6,456,0.291156530380249,0.03453660011291504,18861.0,0.2917678654193878,250,1
SLIM*SIG1,676053df-1802-11f0-8423-54a95b9ec813,auction,6,457,0.291156530380249,0.04109597206115723,18596.0,0.2917678654193878,250,1
SLIM*SIG1,676053df-1802-11f0-8423-54a95b9ec813,auction,6,458,0.29115378856658936,0.06650590896606445,19025.0,0.2917652726173401,263,1
SLIM*SIG1,676053df-1802-11f0-8423-54a95b9ec813,auction,6,459,0.29115378856658936,0.03447103500366211,19962.0,0.2917652726173401,263,1
SLIM*SIG1,676053df-1802-11f0-8423-54a95b9ec813,auction,6,460,0.29115378856658936,0.04627227783203125,19477.0,0.2917652726173401,263,1
SLIM*SIG1,676053df-1802-11f0-8423-54a95b9ec813,auction,6,461,0.29115378856658936,0.05313539505004883,19718.0,0.2917652726173401,263,1
SLIM*SIG1,676053df-1802-11f0-8423-54a95b9ec813,auction,6,462,0.29115378856658936,0.03124856948852539,20070.0,0.2917652726173401,263,1
SLIM*SIG1,676053df-1802-11f0-8423-54a95b9ec813,auction,6,463,0.29115378856658936,0.050757408142089844,20481.0,0.2917652726173401,263,1
SLIM*SIG1,676053df-1802-11f0-8423-54a95b9ec813,auction,6,464,0.29115378856658936,0.0861365795135498,20100.0,0.2917652726173401,263,1
SLIM*SIG1,676053df-1802-11f0-8423-54a95b9ec813,auction,6,465,0.29115378856658936,0.078125,20813.0,0.2917652726173401,263,1
SLIM*SIG1,676053df-1802-11f0-8423-54a95b9ec813,auction,6,466,0.29115378856658936,0.08265066146850586,21251.0,0.2917652726173401,263,1
SLIM*SIG1,676053df-1802-11f0-8423-54a95b9ec813,auction,6,467,0.29115378856658936,0.03125143051147461,20427.0,0.2917652726173401,263,1
SLIM*SIG1,676053df-1802-11f0-8423-54a95b9ec813,auction,6,468,0.29115378856658936,0.05748915672302246,19474.0,0.2917652726173401,263,1
SLIM*SIG1,676053df-1802-11f0-8423-54a95b9ec813,auction,6,469,0.29115378856658936,0.06250143051147461,20289.0,0.2917652726173401,263,1
SLIM*SIG1,676053df-1802-11f0-8423-54a95b9ec813,auction,6,470,0.29115378856658936,0.05373215675354004,20382.0,0.2917652726173401,263,1
SLIM*SIG1,676053df-1802-11f0-8423-54a95b9ec813,auction,6,471,0.29115378856658936,0.0834646224975586,20311.0,0.2917652726173401,263,1
SLIM*SIG1,676053df-1802-11f0-8423-54a95b9ec813,auction,6,472,0.29115378856658936,0.06799650192260742,20846.0,0.2917652726173401,263,1
SLIM*SIG1,676053df-1802-11f0-8423-54a95b9ec813,auction,6,473,0.29115378856658936,0.062499284744262695,20915.0,0.2917652726173401,263,1
SLIM*SIG1,676053df-1802-11f0-8423-54a95b9ec813,auction,6,474,0.29115378856658936,0.053859710693359375,21622.0,0.2917652726173401,263,1
SLIM*SIG1,676053df-1802-11f0-8423-54a95b9ec813,auction,6,475,0.29115378856658936,0.046871185302734375,21912.0,0.2917652726173401,263,1
SLIM*SIG1,676053df-1802-11f0-8423-54a95b9ec813,auction,6,476,0.29115378856658936,0.06835293769836426,21379.0,0.2917652726173401,263,1
SLIM*SIG1,676053df-1802-11f0-8423-54a95b9ec813,auction,6,477,0.29115378856658936,0.06249499320983887,21407.0,0.2917652726173401,263,1
SLIM*SIG1,676053df-1802-11f0-8423-54a95b9ec813,auction,6,478,0.29115378856658936,0.0711064338684082,21732.0,0.2917652726173401,263,1
SLIM*SIG1,676053df-1802-11f0-8423-54a95b9ec813,auction,6,479,0.29115378856658936,0.05390572547912598,21725.0,0.2917652726173401,263,1
SLIM*SIG1,676053df-1802-11f0-8423-54a95b9ec813,auction,6,480,0.29115378856658936,0.07812356948852539,21907.0,0.2917652726173401,263,1
SLIM*SIG1,676053df-1802-11f0-8423-54a95b9ec813,auction,6,481,0.29115378856658936,0.05236029624938965,21638.0,0.2917652726173401,263,1
SLIM*SIG1,676053df-1802-11f0-8423-54a95b9ec813,auction,6,482,0.29115378856658936,0.06662774085998535,21304.0,0.2917652726173401,263,1
SLIM*SIG1,676053df-1802-11f0-8423-54a95b9ec813,auction,6,483,0.29115378856658936,0.046877384185791016,21436.0,0.2917652726173401,263,1
SLIM*SIG1,676053df-1802-11f0-8423-54a95b9ec813,auction,6,484,0.29115378856658936,0.05225396156311035,21786.0,0.2917652726173401,263,1
SLIM*SIG1,676053df-1802-11f0-8423-54a95b9ec813,auction,6,485,0.29115378856658936,0.0311739444732666,21771.0,0.2917652726173401,263,1
SLIM*SIG1,676053df-1802-11f0-8423-54a95b9ec813,auction,6,486,0.29115378856658936,0.046875,21180.0,0.2917652726173401,263,1
SLIM*SIG1,676053df-1802-11f0-8423-54a95b9ec813,auction,6,487,0.29115378856658936,0.07345366477966309,21314.0,0.2917652726173401,263,1
SLIM*SIG1,676053df-1802-11f0-8423-54a95b9ec813,auction,6,488,0.29115378856658936,0.0468747615814209,20636.0,0.2917652726173401,263,1
SLIM*SIG1,676053df-1802-11f0-8423-54a95b9ec813,auction,6,489,0.29115378856658936,0.03777146339416504,20725.0,0.2917652726173401,263,1
SLIM*SIG1,676053df-1802-11f0-8423-54a95b9ec813,auction,6,490,0.29115378856658936,0.08066058158874512,21039.0,0.2917652726173401,263,1
SLIM*SIG1,676053df-1802-11f0-8423-54a95b9ec813,auction,6,491,0.29115378856658936,0.06368184089660645,21158.0,0.2917652726173401,263,1
SLIM*SIG1,676053df-1802-11f0-8423-54a95b9ec813,auction,6,492,0.29115378856658936,0.06719827651977539,21186.0,0.2917652726173401,263,1
SLIM*SIG1,676053df-1802-11f0-8423-54a95b9ec813,auction,6,493,0.29115378856658936,0.06090521812438965,20876.0,0.2917652726173401,263,1
SLIM*SIG1,676053df-1802-11f0-8423-54a95b9ec813,auction,6,494,0.29115378856658936,0.052427053451538086,20276.0,0.2917652726173401,263,1
SLIM*SIG1,676053df-1802-11f0-8423-54a95b9ec813,auction,6,495,0.29115378856658936,0.06309318542480469,20571.0,0.2917652726173401,263,1
SLIM*SIG1,676053df-1802-11f0-8423-54a95b9ec813,auction,6,496,0.29115378856658936,0.034919023513793945,20467.0,0.2917652726173401,263,1
SLIM*SIG1,676053df-1802-11f0-8423-54a95b9ec813,auction,6,497,0.29115378856658936,0.08256292343139648,20673.0,0.2917652726173401,263,1
SLIM*SIG1,676053df-1802-11f0-8423-54a95b9ec813,auction,6,498,0.29115378856658936,0.047492027282714844,20905.0,0.2917652726173401,263,1
SLIM*SIG1,676053df-1802-11f0-8423-54a95b9ec813,auction,6,499,0.29115378856658936,0.054688215255737305,20738.0,0.2917652726173401,263,1
SLIM*SIG1,676053df-1802-11f0-8423-54a95b9ec813,auction,6,500,0.29115378856658936,0.062499284744262695,20480.0,0.2917652726173401,263,1
SLIM*SIG1,676053df-1802-11f0-8423-54a95b9ec813,auction,6,501,0.29115378856658936,0.05184793472290039,20755.0,0.2917652726173401,263,1
SLIM*SIG1,676053df-1802-11f0-8423-54a95b9ec813,auction,6,502,0.29115378856658936,0.06249737739562988,21781.0,0.2917652726173401,263,1
SLIM*SIG1,676053df-1802-11f0-8423-54a95b9ec813,auction,6,503,0.29115378856658936,0.08719682693481445,20798.0,0.2917652726173401,263,1
SLIM*SIG1,676053df-1802-11f0-8423-54a95b9ec813,auction,6,504,0.29115378856658936,0.0663299560546875,19474.0,0.2917652726173401,263,1
SLIM*SIG1,676053df-1802-11f0-8423-54a95b9ec813,auction,6,505,0.29115378856658936,0.08867239952087402,20756.0,0.2917652726173401,263,1
SLIM*SIG1,676053df-1802-11f0-8423-54a95b9ec813,auction,6,506,0.29115378856658936,0.04691648483276367,19768.0,0.2917652726173401,263,1
SLIM*SIG1,676053df-1802-11f0-8423-54a95b9ec813,auction,6,507,0.29115378856658936,0.05241250991821289,19464.0,0.2917652726173401,263,1
SLIM*SIG1,676053df-1802-11f0-8423-54a95b9ec813,auction,6,508,0.29115378856658936,0.08492875099182129,20336.0,0.2917652726173401,263,1
SLIM*SIG1,676053df-1802-11f0-8423-54a95b9ec813,auction,6,509,0.29115378856658936,0.0781252384185791,21088.0,0.2917652726173401,263,1
SLIM*SIG1,676053df-1802-11f0-8423-54a95b9ec813,auction,6,510,0.29115378856658936,0.06924939155578613,21904.0,0.2917652726173401,263,1
SLIM*SIG1,676053df-1802-11f0-8423-54a95b9ec813,auction,6,511,0.29115378856658936,0.046874284744262695,22722.0,0.2917652726173401,263,1
SLIM*SIG1,676053df-1802-11f0-8423-54a95b9ec813,auction,6,512,0.29115378856658936,0.08524346351623535,23063.0,0.2917652726173401,263,1
SLIM*SIG1,676053df-1802-11f0-8423-54a95b9ec813,auction,6,513,0.29115378856658936,0.05128145217895508,23687.0,0.2917652726173401,263,1
SLIM*SIG1,676053df-1802-11f0-8423-54a95b9ec813,auction,6,514,0.29115378856658936,0.0710289478302002,23045.0,0.2917652726173401,263,1
SLIM*SIG1,676053df-1802-11f0-8423-54a95b9ec813,auction,6,515,0.29115378856658936,0.0781254768371582,23616.0,0.2917652726173401,263,1
SLIM*SIG1,676053df-1802-11f0-8423-54a95b9ec813,auction,6,516,0.29115378856658936,0.06896400451660156,23613.0,0.2917652726173401,263,1
SLIM*SIG1,676053df-1802-11f0-8423-54a95b9ec813,auction,6,517,0.29115378856658936,0.08170557022094727,23797.0,0.2917652726173401,263,1
SLIM*SIG1,676053df-1802-11f0-8423-54a95b9ec813,auction,6,518,0.29115378856658936,0.0625007152557373,23114.0,0.2917652726173401,263,1
SLIM*SIG1,676053df-1802-11f0-8423-54a95b9ec813,auction,6,519,0.29115378856658936,0.05802488327026367,21632.0,0.2917652726173401,263,1
SLIM*SIG1,676053df-1802-11f0-8423-54a95b9ec813,auction,6,520,0.29115378856658936,0.06250214576721191,22566.0,0.2917652726173401,263,1
SLIM*SIG1,676053df-1802-11f0-8423-54a95b9ec813,auction,6,521,0.29115378856658936,0.06839728355407715,22178.0,0.2917652726173401,263,1
SLIM*SIG1,676053df-1802-11f0-8423-54a95b9ec813,auction,6,522,0.29115378856658936,0.08194541931152344,22104.0,0.2917652726173401,263,1
SLIM*SIG1,676053df-1802-11f0-8423-54a95b9ec813,auction,6,523,0.29115378856658936,0.06290078163146973,21471.0,0.2917652726173401,263,1
SLIM*SIG1,676053df-1802-11f0-8423-54a95b9ec813,auction,6,524,0.29115378856658936,0.07260727882385254,21076.0,0.2917652726173401,263,1
SLIM*SIG1,676053df-1802-11f0-8423-54a95b9ec813,auction,6,525,0.29115378856658936,0.06791806221008301,20886.0,0.2917652726173401,263,1
SLIM*SIG1,676053df-1802-11f0-8423-54a95b9ec813,auction,6,526,0.29115378856658936,0.05870652198791504,19954.0,0.2917652726173401,263,1
SLIM*SIG1,676053df-1802-11f0-8423-54a95b9ec813,auction,6,527,0.29115378856658936,0.058312416076660156,19357.0,0.2917652726173401,263,1
SLIM*SIG1,676053df-1802-11f0-8423-54a95b9ec813,auction,6,528,0.29115378856658936,0.0434260368347168,19144.0,0.2917652726173401,263,1
SLIM*SIG1,676053df-1802-11f0-8423-54a95b9ec813,auction,6,529,0.29115378856658936,0.030979394912719727,18479.0,0.2917652726173401,263,1
SLIM*SIG1,676053df-1802-11f0-8423-54a95b9ec813,auction,6,530,0.29115378856658936,0.07752156257629395,18342.0,0.2917652726173401,263,1
SLIM*SIG1,676053df-1802-11f0-8423-54a95b9ec813,auction,6,531,0.29115378856658936,0.038610219955444336,18602.0,0.2917652726173401,263,1
SLIM*SIG1,676053df-1802-11f0-8423-54a95b9ec813,auction,6,532,0.29115378856658936,0.04687333106994629,19539.0,0.2917652726173401,263,1
SLIM*SIG1,676053df-1802-11f0-8423-54a95b9ec813,auction,6,533,0.29115378856658936,0.05634951591491699,20277.0,0.2917652726173401,263,1
SLIM*SIG1,676053df-1802-11f0-8423-54a95b9ec813,auction,6,534,0.29115378856658936,0.0624997615814209,20418.0,0.2917652726173401,263,1
SLIM*SIG1,676053df-1802-11f0-8423-54a95b9ec813,auction,6,535,0.29101207852363586,0.05501604080200195,20819.0,0.29210931062698364,276,1
SLIM*SIG1,676053df-1802-11f0-8423-54a95b9ec813,auction,6,536,0.29101207852363586,0.06249594688415527,21500.0,0.29210931062698364,276,1
SLIM*SIG1,676053df-1802-11f0-8423-54a95b9ec813,auction,6,537,0.29101207852363586,0.11694979667663574,22391.0,0.29210931062698364,276,1
SLIM*SIG1,676053df-1802-11f0-8423-54a95b9ec813,auction,6,538,0.29101207852363586,0.07953214645385742,23499.0,0.29210931062698364,276,1
SLIM*SIG1,676053df-1802-11f0-8423-54a95b9ec813,auction,6,539,0.29101207852363586,0.05236005783081055,24259.0,0.29210931062698364,276,1
SLIM*SIG1,676053df-1802-11f0-8423-54a95b9ec813,auction,6,540,0.29101207852363586,0.0981147289276123,24453.0,0.29210931062698364,276,1
SLIM*SIG1,676053df-1802-11f0-8423-54a95b9ec813,auction,6,541,0.29101207852363586,0.08133649826049805,23687.0,0.29210931062698364,276,1
SLIM*SIG1,676053df-1802-11f0-8423-54a95b9ec813,auction,6,542,0.29101207852363586,0.06733417510986328,24142.0,0.29210931062698364,276,1
SLIM*SIG1,676053df-1802-11f0-8423-54a95b9ec813,auction,6,543,0.29101207852363586,0.08651351928710938,23284.0,0.29210931062698364,276,1
SLIM*SIG1,676053df-1802-11f0-8423-54a95b9ec813,auction,6,544,0.29101207852363586,0.0820772647857666,23522.0,0.29210931062698364,276,1
SLIM*SIG1,676053df-1802-11f0-8423-54a95b9ec813,auction,6,545,0.29101207852363586,0.09374761581420898,23934.0,0.29210931062698364,276,1
SLIM*SIG1,676053df-1802-11f0-8423-54a95b9ec813,auction,6,546,0.29100027680397034,0.06900262832641602,23678.0,0.2922830283641815,289,1
SLIM*SIG1,676053df-1802-11f0-8423-54a95b9ec813,auction,6,547,0.29100027680397034,0.08485698699951172,23769.0,0.2922830283641815,289,1
SLIM*SIG1,676053df-1802-11f0-8423-54a95b9ec813,auction,6,548,0.29100027680397034,0.07138729095458984,23470.0,0.2922830283641815,289,1
SLIM*SIG1,676053df-1802-11f0-8423-54a95b9ec813,auction,6,549,0.29100027680397034,0.06250977516174316,23212.0,0.2922830283641815,289,1
SLIM*SIG1,676053df-1802-11f0-8423-54a95b9ec813,auction,6,550,0.29100027680397034,0.05313420295715332,23197.0,0.2922830283641815,289,1
SLIM*SIG1,676053df-1802-11f0-8423-54a95b9ec813,auction,6,551,0.29100027680397034,0.08183717727661133,23030.0,0.2922830283641815,289,1
SLIM*SIG1,676053df-1802-11f0-8423-54a95b9ec813,auction,6,552,0.29100027680397034,0.06250262260437012,23316.0,0.2922830283641815,289,1
SLIM*SIG1,676053df-1802-11f0-8423-54a95b9ec813,auction,6,553,0.29100027680397034,0.06994986534118652,23130.0,0.2922830283641815,289,1
SLIM*SIG1,676053df-1802-11f0-8423-54a95b9ec813,auction,6,554,0.29100027680397034,0.09493446350097656,22831.0,0.2922830283641815,289,1
SLIM*SIG1,676053df-1802-11f0-8423-54a95b9ec813,auction,6,555,0.29100027680397034,0.06425166130065918,23236.0,0.2922830283641815,289,1
SLIM*SIG1,676053df-1802-11f0-8423-54a95b9ec813,auction,6,556,0.29100027680397034,0.05307316780090332,22614.0,0.2922830283641815,289,1
SLIM*SIG1,676053df-1802-11f0-8423-54a95b9ec813,auction,6,557,0.29100027680397034,0.09019756317138672,22865.0,0.2922830283641815,289,1
SLIM*SIG1,676053df-1802-11f0-8423-54a95b9ec813,auction,6,558,0.29100027680397034,0.06410527229309082,23569.0,0.2922830283641815,289,1
SLIM*SIG1,676053df-1802-11f0-8423-54a95b9ec813,auction,6,559,0.29100027680397034,0.07909822463989258,23551.0,0.2922830283641815,289,1
SLIM*SIG1,676053df-1802-11f0-8423-54a95b9ec813,auction,6,560,0.29100027680397034,0.05843400955200195,23800.0,0.2922830283641815,289,1
SLIM*SIG1,676053df-1802-11f0-8423-54a95b9ec813,auction,6,561,0.29100027680397034,0.05726003646850586,23408.0,0.2922830283641815,289,1
SLIM*SIG1,676053df-1802-11f0-8423-54a95b9ec813,auction,6,562,0.29100027680397034,0.04687786102294922,23400.0,0.2922830283641815,289,1
SLIM*SIG1,676053df-1802-11f0-8423-54a95b9ec813,auction,6,563,0.2909846305847168,0.06291365623474121,23636.0,0.29254963994026184,302,1
SLIM*SIG1,676053df-1802-11f0-8423-54a95b9ec813,auction,6,564,0.2909846305847168,0.053459882736206055,22986.0,0.29254963994026184,302,1
SLIM*SIG1,676053df-1802-11f0-8423-54a95b9ec813,auction,6,565,0.2909846305847168,0.04686594009399414,21658.0,0.29254963994026184,302,1
SLIM*SIG1,676053df-1802-11f0-8423-54a95b9ec813,auction,6,566,0.2909846305847168,0.08633589744567871,22072.0,0.29254963994026184,302,1
SLIM*SIG1,676053df-1802-11f0-8423-54a95b9ec813,auction,6,567,0.29097673296928406,0.08645486831665039,21173.0,0.292538583278656,289,1
SLIM*SIG1,676053df-1802-11f0-8423-54a95b9ec813,auction,6,568,0.29097673296928406,0.052694082260131836,20978.0,0.292538583278656,289,1
SLIM*SIG1,676053df-1802-11f0-8423-54a95b9ec813,auction,6,569,0.29097673296928406,0.06250309944152832,22427.0,0.292538583278656,289,1
SLIM*SIG1,676053df-1802-11f0-8423-54a95b9ec813,auction,6,570,0.29097673296928406,0.06943058967590332,22375.0,0.292538583278656,289,1
SLIM*SIG1,676053df-1802-11f0-8423-54a95b9ec813,auction,6,571,0.29097673296928406,0.06883478164672852,22040.0,0.292538583278656,289,1
SLIM*SIG1,676053df-1802-11f0-8423-54a95b9ec813,auction,6,572,0.29097673296928406,0.09163665771484375,21689.0,0.292538583278656,289,1
SLIM*SIG1,676053df-1802-11f0-8423-54a95b9ec813,auction,6,573,0.29097673296928406,0.06831121444702148,22382.0,0.292538583278656,289,1
SLIM*SIG1,676053df-1802-11f0-8423-54a95b9ec813,auction,6,574,0.29097673296928406,0.06822609901428223,22568.0,0.292538583278656,289,1
SLIM*SIG1,676053df-1802-11f0-8423-54a95b9ec813,auction,6,575,0.29097673296928406,0.07964134216308594,22249.0,0.292538583278656,289,1
SLIM*SIG1,676053df-1802-11f0-8423-54a95b9ec813,auction,6,576,0.29097673296928406,0.07863783836364746,22583.0,0.292538583278656,289,1
SLIM*SIG1,676053df-1802-11f0-8423-54a95b9ec813,auction,6,577,0.29097673296928406,0.07104063034057617,22337.0,0.292538583278656,289,1
SLIM*SIG1,676053df-1802-11f0-8423-54a95b9ec813,auction,6,578,0.29097673296928406,0.08744335174560547,22136.0,0.292538583278656,289,1
SLIM*SIG1,676053df-1802-11f0-8423-54a95b9ec813,auction,6,579,0.29097673296928406,0.06249833106994629,22329.0,0.292538583278656,289,1
SLIM*SIG1,676053df-1802-11f0-8423-54a95b9ec813,auction,6,580,0.29097673296928406,0.06832361221313477,22709.0,0.292538583278656,289,1
SLIM*SIG1,676053df-1802-11f0-8423-54a95b9ec813,auction,6,581,0.29097673296928406,0.06887221336364746,22577.0,0.292538583278656,289,1
SLIM*SIG1,676053df-1802-11f0-8423-54a95b9ec813,auction,6,582,0.29087957739830017,0.07816600799560547,23052.0,0.29252445697784424,302,1
SLIM*SIG1,676053df-1802-11f0-8423-54a95b9ec813,auction,6,583,0.29087957739830017,0.08638143539428711,22072.0,0.29252445697784424,302,1
SLIM*SIG1,676053df-1802-11f0-8423-54a95b9ec813,auction,6,584,0.29087957739830017,0.05614161491394043,23302.0,0.29252445697784424,302,1
SLIM*SIG1,676053df-1802-11f0-8423-54a95b9ec813,auction,6,585,0.29087957739830017,0.04687690734863281,23948.0,0.29252445697784424,302,1
SLIM*SIG1,676053df-1802-11f0-8423-54a95b9ec813,auction,6,586,0.29087957739830017,0.05302762985229492,23874.0,0.29252445697784424,302,1
SLIM*SIG1,676053df-1802-11f0-8423-54a95b9ec813,auction,6,587,0.29087957739830017,0.0468754768371582,24135.0,0.29252445697784424,302,1
SLIM*SIG1,676053df-1802-11f0-8423-54a95b9ec813,auction,6,588,0.29087957739830017,0.06756138801574707,24180.0,0.29252445697784424,302,1
SLIM*SIG1,676053df-1802-11f0-8423-54a95b9ec813,auction,6,589,0.29087957739830017,0.07097554206848145,24488.0,0.29252445697784424,302,1
SLIM*SIG1,676053df-1802-11f0-8423-54a95b9ec813,auction,6,590,0.29087957739830017,0.06767463684082031,23892.0,0.29252445697784424,302,1
SLIM*SIG1,676053df-1802-11f0-8423-54a95b9ec813,auction,6,591,0.29087957739830017,0.06435179710388184,23479.0,0.29252445697784424,302,1
SLIM*SIG1,676053df-1802-11f0-8423-54a95b9ec813,auction,6,592,0.29087957739830017,0.06784749031066895,23676.0,0.29252445697784424,302,1
SLIM*SIG1,676053df-1802-11f0-8423-54a95b9ec813,auction,6,593,0.29087957739830017,0.13734221458435059,23771.0,0.29252445697784424,302,1
SLIM*SIG1,676053df-1802-11f0-8423-54a95b9ec813,auction,6,594,0.29082125425338745,0.08709836006164551,24122.0,0.2925431430339813,315,1
SLIM*SIG1,676053df-1802-11f0-8423-54a95b9ec813,auction,6,595,0.29082125425338745,0.07801938056945801,24315.0,0.2925431430339813,315,1
SLIM*SIG1,676053df-1802-11f0-8423-54a95b9ec813,auction,6,596,0.29082125425338745,0.10186576843261719,25012.0,0.2925431430339813,315,1
SLIM*SIG1,676053df-1802-11f0-8423-54a95b9ec813,auction,6,597,0.29082125425338745,0.08344006538391113,24202.0,0.2925431430339813,315,1
SLIM*SIG1,676053df-1802-11f0-8423-54a95b9ec813,auction,6,598,0.29079604148864746,0.046875953674316406,23836.0,0.2925371825695038,315,1
SLIM*SIG1,676053df-1802-11f0-8423-54a95b9ec813,auction,6,599,0.29079604148864746,0.06716442108154297,23875.0,0.2925371825695038,315,1
SLIM*SIG1,676053df-1802-11f0-8423-54a95b9ec813,auction,6,600,0.29079604148864746,0.05367708206176758,23290.0,0.2925371825695038,315,1
SLIM*SIG1,676053df-1802-11f0-8423-54a95b9ec813,auction,6,601,0.29079604148864746,0.046875715255737305,23039.0,0.2925371825695038,315,1
SLIM*SIG1,676053df-1802-11f0-8423-54a95b9ec813,auction,6,602,0.29079604148864746,0.0714256763458252,22048.0,0.2925371825695038,315,1
SLIM*SIG1,676053df-1802-11f0-8423-54a95b9ec813,auction,6,603,0.29079604148864746,0.06806230545043945,22494.0,0.2925371825695038,315,1
SLIM*SIG1,676053df-1802-11f0-8423-54a95b9ec813,auction,6,604,0.29079604148864746,0.07150959968566895,22255.0,0.2925371825695038,315,1
SLIM*SIG1,676053df-1802-11f0-8423-54a95b9ec813,auction,6,605,0.29079604148864746,0.045458078384399414,22554.0,0.2925371825695038,315,1
SLIM*SIG1,676053df-1802-11f0-8423-54a95b9ec813,auction,6,606,0.29079604148864746,0.06248641014099121,23252.0,0.2925371825695038,315,1
SLIM*SIG1,676053df-1802-11f0-8423-54a95b9ec813,auction,6,607,0.29079604148864746,0.06659102439880371,23994.0,0.2925371825695038,315,1
SLIM*SIG1,676053df-1802-11f0-8423-54a95b9ec813,auction,6,608,0.29079604148864746,0.06249642372131348,24510.0,0.2925371825695038,315,1
SLIM*SIG1,676053df-1802-11f0-8423-54a95b9ec813,auction,6,609,0.29079604148864746,0.0555269718170166,25758.0,0.2925371825695038,315,1
SLIM*SIG1,676053df-1802-11f0-8423-54a95b9ec813,auction,6,610,0.29079604148864746,0.0690760612487793,25274.0,0.2925371825695038,315,1
SLIM*SIG1,676053df-1802-11f0-8423-54a95b9ec813,auction,6,611,0.29079604148864746,0.062497615814208984,26975.0,0.2925371825695038,315,1
SLIM*SIG1,676053df-1802-11f0-8423-54a95b9ec813,auction,6,612,0.29079604148864746,0.06519556045532227,27678.0,0.2925371825695038,315,1
SLIM*SIG1,676053df-1802-11f0-8423-54a95b9ec813,auction,6,613,0.29079604148864746,0.056910037994384766,28065.0,0.2925371825695038,315,1
SLIM*SIG1,676053df-1802-11f0-8423-54a95b9ec813,auction,6,614,0.29079604148864746,0.07812690734863281,28189.0,0.2925371825695038,315,1
SLIM*SIG1,676053df-1802-11f0-8423-54a95b9ec813,auction,6,615,0.29079604148864746,0.09746980667114258,28904.0,0.2925371825695038,315,1
SLIM*SIG1,676053df-1802-11f0-8423-54a95b9ec813,auction,6,616,0.29079604148864746,0.08722972869873047,27473.0,0.2925371825695038,315,1
SLIM*SIG1,676053df-1802-11f0-8423-54a95b9ec813,auction,6,617,0.29079604148864746,0.09968852996826172,27869.0,0.2925371825695038,315,1
SLIM*SIG1,676053df-1802-11f0-8423-54a95b9ec813,auction,6,618,0.29079604148864746,0.05144667625427246,28196.0,0.2925371825695038,315,1
SLIM*SIG1,676053df-1802-11f0-8423-54a95b9ec813,auction,6,619,0.29079604148864746,0.06250119209289551,27751.0,0.2925371825695038,315,1
SLIM*SIG1,676053df-1802-11f0-8423-54a95b9ec813,auction,6,620,0.29079604148864746,0.08348941802978516,27281.0,0.2925371825695038,315,1
SLIM*SIG1,676053df-1802-11f0-8423-54a95b9ec813,auction,6,621,0.29079604148864746,0.08517217636108398,27023.0,0.2925371825695038,315,1
SLIM*SIG1,676053df-1802-11f0-8423-54a95b9ec813,auction,6,622,0.29079604148864746,0.08212113380432129,27235.0,0.2925371825695038,315,1
SLIM*SIG1,676053df-1802-11f0-8423-54a95b9ec813,auction,6,623,0.29079604148864746,0.06442594528198242,27185.0,0.2925371825695038,315,1
SLIM*SIG1,676053df-1802-11f0-8423-54a95b9ec813,auction,6,624,0.29079604148864746,0.05286121368408203,26001.0,0.2925371825695038,315,1
SLIM*SIG1,676053df-1802-11f0-8423-54a95b9ec813,auction,6,625,0.29079604148864746,0.06250143051147461,25600.0,0.2925371825695038,315,1
SLIM*SIG1,676053df-1802-11f0-8423-54a95b9ec813,auction,6,626,0.29079604148864746,0.06816911697387695,25438.0,0.2925371825695038,315,1
SLIM*SIG1,676053df-1802-11f0-8423-54a95b9ec813,auction,6,627,0.29079604148864746,0.0946812629699707,25328.0,0.2925371825695038,315,1
SLIM*SIG1,676053df-1802-11f0-8423-54a95b9ec813,auction,6,628,0.29079604148864746,0.08479452133178711,25252.0,0.2925371825695038,315,1
SLIM*SIG1,676053df-1802-11f0-8423-54a95b9ec813,auction,6,629,0.29079604148864746,0.06901359558105469,24725.0,0.2925371825695038,315,1
SLIM*SIG1,676053df-1802-11f0-8423-54a95b9ec813,auction,6,630,0.29079604148864746,0.06975674629211426,25319.0,0.2925371825695038,315,1
SLIM*SIG1,676053df-1802-11f0-8423-54a95b9ec813,auction,6,631,0.29079604148864746,0.062494754791259766,26462.0,0.2925371825695038,315,1
SLIM*SIG1,676053df-1802-11f0-8423-54a95b9ec813,auction,6,632,0.29079604148864746,0.06551003456115723,27938.0,0.2925371825695038,315,1
SLIM*SIG1,676053df-1802-11f0-8423-54a95b9ec813,auction,6,633,0.29079604148864746,0.0703423023223877,28053.0,0.2925371825695038,315,1
SLIM*SIG1,676053df-1802-11f0-8423-54a95b9ec813,auction,6,634,0.29079604148864746,0.06249547004699707,28038.0,0.2925371825695038,315,1
SLIM*SIG1,676053df-1802-11f0-8423-54a95b9ec813,auction,6,635,0.29079604148864746,0.08447408676147461,27185.0,0.2925371825695038,315,1
SLIM*SIG1,676053df-1802-11f0-8423-54a95b9ec813,auction,6,636,0.29079604148864746,0.06957721710205078,26996.0,0.2925371825695038,315,1
SLIM*SIG1,676053df-1802-11f0-8423-54a95b9ec813,auction,6,637,0.29074183106422424,0.0781245231628418,27007.0,0.29288095235824585,341,1
SLIM*SIG1,676053df-1802-11f0-8423-54a95b9ec813,auction,6,638,0.29074183106422424,0.04035782814025879,27113.0,0.29288095235824585,341,1
SLIM*SIG1,676053df-1802-11f0-8423-54a95b9ec813,auction,6,639,0.29074183106422424,0.06070399284362793,26479.0,0.29288095235824585,341,1
SLIM*SIG1,676053df-1802-11f0-8423-54a95b9ec813,auction,6,640,0.29074183106422424,0.07029914855957031,25822.0,0.29288095235824585,341,1
SLIM*SIG1,676053df-1802-11f0-8423-54a95b9ec813,auction,6,641,0.29074183106422424,0.051741838455200195,26340.0,0.29288095235824585,341,1
SLIM*SIG1,676053df-1802-11f0-8423-54a95b9ec813,auction,6,642,0.29074183106422424,0.062488555908203125,25783.0,0.29288095235824585,341,1
SLIM*SIG1,676053df-1802-11f0-8423-54a95b9ec813,auction,6,643,0.29074183106422424,0.06820297241210938,25018.0,0.29288095235824585,341,1
SLIM*SIG1,676053df-1802-11f0-8423-54a95b9ec813,auction,6,644,0.29074183106422424,0.0468747615814209,25941.0,0.29288095235824585,341,1
SLIM*SIG1,676053df-1802-11f0-8423-54a95b9ec813,auction,6,645,0.29074183106422424,0.0704953670501709,26424.0,0.29288095235824585,341,1
SLIM*SIG1,676053df-1802-11f0-8423-54a95b9ec813,auction,6,646,0.29074183106422424,0.08501291275024414,27226.0,0.29288095235824585,341,1
SLIM*SIG1,676053df-1802-11f0-8423-54a95b9ec813,auction,6,647,0.29074183106422424,0.0822904109954834,27276.0,0.29288095235824585,341,1
SLIM*SIG1,676053df-1802-11f0-8423-54a95b9ec813,auction,6,648,0.29074183106422424,0.10191631317138672,27338.0,0.29288095235824585,341,1
SLIM*SIG1,676053df-1802-11f0-8423-54a95b9ec813,auction,6,649,0.29074183106422424,0.08281660079956055,27336.0,0.29288095235824585,341,1
SLIM*SIG1,676053df-1802-11f0-8423-54a95b9ec813,auction,6,650,0.29074183106422424,0.06250381469726562,27131.0,0.29288095235824585,341,1
SLIM*SIG1,676053df-1802-11f0-8423-54a95b9ec813,auction,6,651,0.29074183106422424,0.08985018730163574,26950.0,0.29288095235824585,341,1
SLIM*SIG1,676053df-1802-11f0-8423-54a95b9ec813,auction,6,652,0.29074183106422424,0.09561848640441895,26931.0,0.29288095235824585,341,1
SLIM*SIG1,676053df-1802-11f0-8423-54a95b9ec813,auction,6,653,0.29074183106422424,0.0927269458770752,26931.0,0.29288095235824585,341,1
SLIM*SIG1,676053df-1802-11f0-8423-54a95b9ec813,auction,6,654,0.2907072901725769,0.06673383712768555,26889.0,0.29284632205963135,354,1
SLIM*SIG1,676053df-1802-11f0-8423-54a95b9ec813,auction,6,655,0.2907072901725769,0.08276915550231934,27906.0,0.29284632205963135,354,1
SLIM*SIG1,676053df-1802-11f0-8423-54a95b9ec813,auction,6,656,0.2907072901725769,0.07238578796386719,29115.0,0.29284632205963135,354,1
SLIM*SIG1,676053df-1802-11f0-8423-54a95b9ec813,auction,6,657,0.2907072901725769,0.04687833786010742,29420.0,0.29284632205963135,354,1
SLIM*SIG1,676053df-1802-11f0-8423-54a95b9ec813,auction,6,658,0.2907072901725769,0.06890249252319336,29013.0,0.29284632205963135,354,1
SLIM*SIG1,676053df-1802-11f0-8423-54a95b9ec813,auction,6,659,0.2907072901725769,0.0795435905456543,28534.0,0.29284632205963135,354,1
SLIM*SIG1,676053df-1802-11f0-8423-54a95b9ec813,auction,6,660,0.2907072901725769,0.06250119209289551,28200.0,0.29284632205963135,354,1
SLIM*SIG1,676053df-1802-11f0-8423-54a95b9ec813,auction,6,661,0.2907072901725769,0.04687380790710449,28224.0,0.29284632205963135,354,1
SLIM*SIG1,676053df-1802-11f0-8423-54a95b9ec813,auction,6,662,0.2907072901725769,0.07032084465026855,26791.0,0.29284632205963135,354,1
SLIM*SIG1,676053df-1802-11f0-8423-54a95b9ec813,auction,6,663,0.2907072901725769,0.08635473251342773,26609.0,0.29284632205963135,354,1
SLIM*SIG1,676053df-1802-11f0-8423-54a95b9ec813,auction,6,664,0.2907072901725769,0.05055999755859375,27439.0,0.29284632205963135,354,1
SLIM*SIG1,676053df-1802-11f0-8423-54a95b9ec813,auction,6,665,0.2907072901725769,0.07813167572021484,27378.0,0.29284632205963135,354,1
SLIM*SIG1,676053df-1802-11f0-8423-54a95b9ec813,auction,6,666,0.2907072901725769,0.10081839561462402,27298.0,0.29284632205963135,354,1
SLIM*SIG1,676053df-1802-11f0-8423-54a95b9ec813,auction,6,667,0.2907072901725769,0.0677647590637207,27617.0,0.29284632205963135,354,1
SLIM*SIG1,676053df-1802-11f0-8423-54a95b9ec813,auction,6,668,0.2907072901725769,0.08095741271972656,27318.0,0.29284632205963135,354,1
SLIM*SIG1,676053df-1802-11f0-8423-54a95b9ec813,auction,6,669,0.2907072901725769,0.051277875900268555,28993.0,0.29284632205963135,354,1
SLIM*SIG1,676053df-1802-11f0-8423-54a95b9ec813,auction,6,670,0.2907072901725769,0.08350300788879395,29979.0,0.29284632205963135,354,1
SLIM*SIG1,676053df-1802-11f0-8423-54a95b9ec813,auction,6,671,0.2907072901725769,0.06765556335449219,29647.0,0.29284632205963135,354,1
SLIM*SIG1,676053df-1802-11f0-8423-54a95b9ec813,auction,6,672,0.2907072901725769,0.046878814697265625,29006.0,0.29284632205963135,354,1
SLIM*SIG1,676053df-1802-11f0-8423-54a95b9ec813,auction,6,673,0.2907072901725769,0.07085990905761719,28152.0,0.29284632205963135,354,1
SLIM*SIG1,676053df-1802-11f0-8423-54a95b9ec813,auction,6,674,0.2907072901725769,0.08363604545593262,26863.0,0.29284632205963135,354,1
SLIM*SIG1,676053df-1802-11f0-8423-54a95b9ec813,auction,6,675,0.2907072901725769,0.0624997615814209,27034.0,0.29284632205963135,354,1
SLIM*SIG1,676053df-1802-11f0-8423-54a95b9ec813,auction,6,676,0.2907072901725769,0.08716726303100586,26750.0,0.29284632205963135,354,1
SLIM*SIG1,676053df-1802-11f0-8423-54a95b9ec813,auction,6,677,0.2906283140182495,0.09955120086669922,27918.0,0.292395681142807,328,1
SLIM*SIG1,676053df-1802-11f0-8423-54a95b9ec813,auction,6,678,0.2906283140182495,0.0978691577911377,27970.0,0.292395681142807,328,1
SLIM*SIG1,676053df-1802-11f0-8423-54a95b9ec813,auction,6,679,0.2906283140182495,0.07812356948852539,29227.0,0.292395681142807,328,1
SLIM*SIG1,676053df-1802-11f0-8423-54a95b9ec813,auction,6,680,0.2906283140182495,0.07189679145812988,28328.0,0.292395681142807,328,1
SLIM*SIG1,676053df-1802-11f0-8423-54a95b9ec813,auction,6,681,0.2906283140182495,0.07674479484558105,28462.0,0.292395681142807,328,1
SLIM*SIG1,676053df-1802-11f0-8423-54a95b9ec813,auction,6,682,0.2906283140182495,0.06741786003112793,28550.0,0.292395681142807,328,1
SLIM*SIG1,676053df-1802-11f0-8423-54a95b9ec813,auction,6,683,0.2906283140182495,0.07561063766479492,27850.0,0.292395681142807,328,1
SLIM*SIG1,676053df-1802-11f0-8423-54a95b9ec813,auction,6,684,0.2906283140182495,0.07028055191040039,26672.0,0.292395681142807,328,1
SLIM*SIG1,676053df-1802-11f0-8423-54a95b9ec813,auction,6,685,0.2905727028846741,0.06104850769042969,26535.0,0.29257017374038696,341,1
SLIM*SIG1,676053df-1802-11f0-8423-54a95b9ec813,auction,6,686,0.2905727028846741,0.09706878662109375,26576.0,0.29257017374038696,341,1
SLIM*SIG1,676053df-1802-11f0-8423-54a95b9ec813,auction,6,687,0.2905727028846741,0.09364891052246094,25229.0,0.29257017374038696,341,1
SLIM*SIG1,676053df-1802-11f0-8423-54a95b9ec813,auction,6,688,0.2905727028846741,0.05556154251098633,24111.0,0.29257017374038696,341,1
SLIM*SIG1,676053df-1802-11f0-8423-54a95b9ec813,auction,6,689,0.2905727028846741,0.0468745231628418,23662.0,0.29257017374038696,341,1
SLIM*SIG1,676053df-1802-11f0-8423-54a95b9ec813,auction,6,690,0.2905727028846741,0.0860440731048584,23873.0,0.29257017374038696,341,1
SLIM*SIG1,676053df-1802-11f0-8423-54a95b9ec813,auction,6,691,0.2905727028846741,0.06775069236755371,24380.0,0.29257017374038696,341,1
SLIM*SIG1,676053df-1802-11f0-8423-54a95b9ec813,auction,6,692,0.2905727028846741,0.06576323509216309,23884.0,0.29257017374038696,341,1
SLIM*SIG1,676053df-1802-11f0-8423-54a95b9ec813,auction,6,693,0.2905727028846741,0.09374856948852539,24287.0,0.29257017374038696,341,1
SLIM*SIG1,676053df-1802-11f0-8423-54a95b9ec813,auction,6,694,0.2905727028846741,0.04292893409729004,24870.0,0.29257017374038696,341,1
SLIM*SIG1,676053df-1802-11f0-8423-54a95b9ec813,auction,6,695,0.2905727028846741,0.08188533782958984,24859.0,0.29257017374038696,341,1
SLIM*SIG1,676053df-1802-11f0-8423-54a95b9ec813,auction,6,696,0.2905727028846741,0.10134172439575195,24027.0,0.29257017374038696,341,1
SLIM*SIG1,676053df-1802-11f0-8423-54a95b9ec813,auction,6,697,0.2905727028846741,0.10124397277832031,24586.0,0.29257017374038696,341,1
SLIM*SIG1,676053df-1802-11f0-8423-54a95b9ec813,auction,6,698,0.2905727028846741,0.07813072204589844,24276.0,0.29257017374038696,341,1
SLIM*SIG1,676053df-1802-11f0-8423-54a95b9ec813,auction,6,699,0.2905727028846741,0.048203468322753906,24833.0,0.29257017374038696,341,1
SLIM*SIG1,676053df-1802-11f0-8423-54a95b9ec813,auction,6,700,0.2905727028846741,0.06249880790710449,26430.0,0.29257017374038696,341,1
SLIM*SIG1,676053df-1802-11f0-8423-54a95b9ec813,auction,6,701,0.2905727028846741,0.08963274955749512,26562.0,0.29257017374038696,341,1
SLIM*SIG1,676053df-1802-11f0-8423-54a95b9ec813,auction,6,702,0.2905727028846741,0.08317804336547852,27030.0,0.29257017374038696,341,1
SLIM*SIG1,676053df-1802-11f0-8423-54a95b9ec813,auction,6,703,0.2905727028846741,0.08616328239440918,27665.0,0.29257017374038696,341,1
SLIM*SIG1,676053df-1802-11f0-8423-54a95b9ec813,auction,6,704,0.2905727028846741,0.06688117980957031,26772.0,0.29257017374038696,341,1
SLIM*SIG1,676053df-1802-11f0-8423-54a95b9ec813,auction,6,705,0.2905727028846741,0.07853341102600098,26443.0,0.29257017374038696,341,1
SLIM*SIG1,676053df-1802-11f0-8423-54a95b9ec813,auction,6,706,0.2905727028846741,0.06707358360290527,26898.0,0.29257017374038696,341,1
SLIM*SIG1,676053df-1802-11f0-8423-54a95b9ec813,auction,6,707,0.2905727028846741,0.06250190734863281,26040.0,0.29257017374038696,341,1
SLIM*SIG1,676053df-1802-11f0-8423-54a95b9ec813,auction,6,708,0.2905727028846741,0.0739436149597168,25262.0,0.29257017374038696,341,1
SLIM*SIG1,676053df-1802-11f0-8423-54a95b9ec813,auction,6,709,0.2905727028846741,0.08426618576049805,25799.0,0.29257017374038696,341,1
SLIM*SIG1,676053df-1802-11f0-8423-54a95b9ec813,auction,6,710,0.2905727028846741,0.0672767162322998,25355.0,0.29257017374038696,341,1
SLIM*SIG1,676053df-1802-11f0-8423-54a95b9ec813,auction,6,711,0.2905727028846741,0.07591843605041504,24603.0,0.29257017374038696,341,1
SLIM*SIG1,676053df-1802-11f0-8423-54a95b9ec813,auction,6,712,0.2905727028846741,0.08096098899841309,23957.0,0.29257017374038696,341,1
SLIM*SIG1,676053df-1802-11f0-8423-54a95b9ec813,auction,6,713,0.2905727028846741,0.10518741607666016,24125.0,0.29257017374038696,341,1
SLIM*SIG1,676053df-1802-11f0-8423-54a95b9ec813,auction,6,714,0.2905727028846741,0.08153438568115234,24454.0,0.29257017374038696,341,1
SLIM*SIG1,676053df-1802-11f0-8423-54a95b9ec813,auction,6,715,0.2905727028846741,0.0646660327911377,25568.0,0.29257017374038696,341,1
SLIM*SIG1,676053df-1802-11f0-8423-54a95b9ec813,auction,6,716,0.2905727028846741,0.04922366142272949,25784.0,0.29257017374038696,341,1
SLIM*SIG1,676053df-1802-11f0-8423-54a95b9ec813,auction,6,717,0.2905727028846741,0.06718277931213379,26794.0,0.29257017374038696,341,1
SLIM*SIG1,676053df-1802-11f0-8423-54a95b9ec813,auction,6,718,0.2905727028846741,0.06249833106994629,25945.0,0.29257017374038696,341,1
SLIM*SIG1,676053df-1802-11f0-8423-54a95b9ec813,auction,6,719,0.2905727028846741,0.07520508766174316,27871.0,0.29257017374038696,341,1
SLIM*SIG1,676053df-1802-11f0-8423-54a95b9ec813,auction,6,720,0.2905727028846741,0.05257105827331543,27516.0,0.29257017374038696,341,1
SLIM*SIG1,676053df-1802-11f0-8423-54a95b9ec813,auction,6,721,0.2905727028846741,0.06249713897705078,28389.0,0.29257017374038696,341,1
SLIM*SIG1,676053df-1802-11f0-8423-54a95b9ec813,auction,6,722,0.2905727028846741,0.05270791053771973,28457.0,0.29257017374038696,341,1
SLIM*SIG1,676053df-1802-11f0-8423-54a95b9ec813,auction,6,723,0.2905727028846741,0.062494754791259766,28546.0,0.29257017374038696,341,1
SLIM*SIG1,676053df-1802-11f0-8423-54a95b9ec813,auction,6,724,0.2905727028846741,0.08659553527832031,27905.0,0.29257017374038696,341,1
SLIM*SIG1,676053df-1802-11f0-8423-54a95b9ec813,auction,6,725,0.2905727028846741,0.08478689193725586,27606.0,0.29257017374038696,341,1
SLIM*SIG1,676053df-1802-11f0-8423-54a95b9ec813,auction,6,726,0.2905727028846741,0.0842275619506836,27370.0,0.29257017374038696,341,1
SLIM*SIG1,676053df-1802-11f0-8423-54a95b9ec813,auction,6,727,0.2905727028846741,0.09960651397705078,27418.0,0.29257017374038696,341,1
SLIM*SIG1,676053df-1802-11f0-8423-54a95b9ec813,auction,6,728,0.2905727028846741,0.06249737739562988,27225.0,0.29257017374038696,341,1
SLIM*SIG1,676053df-1802-11f0-8423-54a95b9ec813,auction,6,729,0.2905727028846741,0.08519625663757324,26579.0,0.29257017374038696,341,1
SLIM*SIG1,676053df-1802-11f0-8423-54a95b9ec813,auction,6,730,0.2905727028846741,0.10157465934753418,26345.0,0.29257017374038696,341,1
SLIM*SIG1,676053df-1802-11f0-8423-54a95b9ec813,auction,6,731,0.2905727028846741,0.09951639175415039,26993.0,0.29257017374038696,341,1
SLIM*SIG1,676053df-1802-11f0-8423-54a95b9ec813,auction,6,732,0.29056185483932495,0.05317282676696777,27034.0,0.29272374510765076,354,1
SLIM*SIG1,676053df-1802-11f0-8423-54a95b9ec813,auction,6,733,0.29056185483932495,0.046864986419677734,27719.0,0.29272374510765076,354,1
SLIM*SIG1,676053df-1802-11f0-8423-54a95b9ec813,auction,6,734,0.29056185483932495,0.06658577919006348,27643.0,0.29272374510765076,354,1
SLIM*SIG1,676053df-1802-11f0-8423-54a95b9ec813,auction,6,735,0.29056185483932495,0.07985329627990723,27146.0,0.29272374510765076,354,1
SLIM*SIG1,676053df-1802-11f0-8423-54a95b9ec813,auction,6,736,0.2905506491661072,0.06794524192810059,28248.0,0.29285556077957153,367,1
SLIM*SIG1,676053df-1802-11f0-8423-54a95b9ec813,auction,6,737,0.29054564237594604,0.1002504825592041,28644.0,0.29316142201423645,354,1
SLIM*SIG1,676053df-1802-11f0-8423-54a95b9ec813,auction,6,738,0.29054564237594604,0.06967735290527344,29009.0,0.29316142201423645,354,1
SLIM*SIG1,676053df-1802-11f0-8423-54a95b9ec813,auction,6,739,0.29054564237594604,0.0665442943572998,29146.0,0.29316142201423645,354,1
SLIM*SIG1,676053df-1802-11f0-8423-54a95b9ec813,auction,6,740,0.29054564237594604,0.09933042526245117,29495.0,0.29316142201423645,354,1
SLIM*SIG1,676053df-1802-11f0-8423-54a95b9ec813,auction,6,741,0.29043757915496826,0.07396650314331055,29330.0,0.29284313321113586,341,1
SLIM*SIG1,676053df-1802-11f0-8423-54a95b9ec813,auction,6,742,0.29043757915496826,0.07417869567871094,29704.0,0.29284313321113586,341,1
SLIM*SIG1,676053df-1802-11f0-8423-54a95b9ec813,auction,6,743,0.29043757915496826,0.098846435546875,29743.0,0.29284313321113586,341,1
SLIM*SIG1,676053df-1802-11f0-8423-54a95b9ec813,auction,6,744,0.29043757915496826,0.08380770683288574,29759.0,0.29284313321113586,341,1
SLIM*SIG1,676053df-1802-11f0-8423-54a95b9ec813,auction,6,745,0.29043757915496826,0.07627487182617188,30875.0,0.29284313321113586,341,1
SLIM*SIG1,676053df-1802-11f0-8423-54a95b9ec813,auction,6,746,0.29038670659065247,0.067138671875,30736.0,0.29253339767456055,315,1
SLIM*SIG1,676053df-1802-11f0-8423-54a95b9ec813,auction,6,747,0.29038670659065247,0.08668112754821777,30228.0,0.29253339767456055,315,1
SLIM*SIG1,676053df-1802-11f0-8423-54a95b9ec813,auction,6,748,0.29038670659065247,0.06249594688415527,29976.0,0.29253339767456055,315,1
SLIM*SIG1,676053df-1802-11f0-8423-54a95b9ec813,auction,6,749,0.29038670659065247,0.09795141220092773,29819.0,0.29253339767456055,315,1
SLIM*SIG1,676053df-1802-11f0-8423-54a95b9ec813,auction,6,750,0.29038670659065247,0.05359697341918945,29919.0,0.29253339767456055,315,1
SLIM*SIG1,676053df-1802-11f0-8423-54a95b9ec813,auction,6,751,0.29038670659065247,0.07069611549377441,28430.0,0.29253339767456055,315,1
SLIM*SIG1,676053df-1802-11f0-8423-54a95b9ec813,auction,6,752,0.29038670659065247,0.09871649742126465,27507.0,0.29253339767456055,315,1
SLIM*SIG1,676053df-1802-11f0-8423-54a95b9ec813,auction,6,753,0.29038670659065247,0.07817435264587402,27076.0,0.29253339767456055,315,1
SLIM*SIG1,676053df-1802-11f0-8423-54a95b9ec813,auction,6,754,0.29038670659065247,0.08712387084960938,27391.0,0.29253339767456055,315,1
SLIM*SIG1,676053df-1802-11f0-8423-54a95b9ec813,auction,6,755,0.29038670659065247,0.06559157371520996,27672.0,0.29253339767456055,315,1
SLIM*SIG1,676053df-1802-11f0-8423-54a95b9ec813,auction,6,756,0.29038670659065247,0.06252789497375488,27636.0,0.29253339767456055,315,1
SLIM*SIG1,676053df-1802-11f0-8423-54a95b9ec813,auction,6,757,0.29038670659065247,0.10449528694152832,27341.0,0.29253339767456055,315,1
SLIM*SIG1,676053df-1802-11f0-8423-54a95b9ec813,auction,6,758,0.29038670659065247,0.05224967002868652,27825.0,0.29253339767456055,315,1
SLIM*SIG1,676053df-1802-11f0-8423-54a95b9ec813,auction,6,759,0.29038670659065247,0.06248760223388672,27533.0,0.29253339767456055,315,1
SLIM*SIG1,676053df-1802-11f0-8423-54a95b9ec813,auction,6,760,0.29038670659065247,0.054302215576171875,27615.0,0.29253339767456055,315,1
SLIM*SIG1,676053df-1802-11f0-8423-54a95b9ec813,auction,6,761,0.29038670659065247,0.0625009536743164,27175.0,0.29253339767456055,315,1
SLIM*SIG1,676053df-1802-11f0-8423-54a95b9ec813,auction,6,762,0.29038670659065247,0.08558988571166992,26455.0,0.29253339767456055,315,1
SLIM*SIG1,676053df-1802-11f0-8423-54a95b9ec813,auction,6,763,0.29038670659065247,0.06841421127319336,25713.0,0.29253339767456055,315,1
SLIM*SIG1,676053df-1802-11f0-8423-54a95b9ec813,auction,6,764,0.29038670659065247,0.07497978210449219,25538.0,0.29253339767456055,315,1
SLIM*SIG1,676053df-1802-11f0-8423-54a95b9ec813,auction,6,765,0.29038670659065247,0.054860591888427734,25644.0,0.29253339767456055,315,1
SLIM*SIG1,676053df-1802-11f0-8423-54a95b9ec813,auction,6,766,0.29038670659065247,0.083770751953125,24596.0,0.29253339767456055,315,1
SLIM*SIG1,676053df-1802-11f0-8423-54a95b9ec813,auction,6,767,0.29038670659065247,0.10045456886291504,23790.0,0.29253339767456055,315,1
SLIM*SIG1,676053df-1802-11f0-8423-54a95b9ec813,auction,6,768,0.29038670659065247,0.06249833106994629,24132.0,0.29253339767456055,315,1
SLIM*SIG1,676053df-1802-11f0-8423-54a95b9ec813,auction,6,769,0.29038670659065247,0.10256576538085938,23697.0,0.29253339767456055,315,1
SLIM*SIG1,676053df-1802-11f0-8423-54a95b9ec813,auction,6,770,0.29038670659065247,0.0682060718536377,24676.0,0.29253339767456055,315,1
SLIM*SIG1,676053df-1802-11f0-8423-54a95b9ec813,auction,6,771,0.29038670659065247,0.07264924049377441,24886.0,0.29253339767456055,315,1
SLIM*SIG1,676053df-1802-11f0-8423-54a95b9ec813,auction,6,772,0.29038670659065247,0.07018303871154785,24830.0,0.29253339767456055,315,1
SLIM*SIG1,676053df-1802-11f0-8423-54a95b9ec813,auction,6,773,0.29038670659065247,0.10188722610473633,24876.0,0.29253339767456055,315,1
SLIM*SIG1,676053df-1802-11f0-8423-54a95b9ec813,auction,6,774,0.29038670659065247,0.07567477226257324,25086.0,0.29253339767456055,315,1
SLIM*SIG1,676053df-1802-11f0-8423-54a95b9ec813,auction,6,775,0.29038670659065247,0.10097432136535645,25067.0,0.29253339767456055,315,1
SLIM*SIG1,676053df-1802-11f0-8423-54a95b9ec813,auction,6,776,0.29034918546676636,0.05003666877746582,24779.0,0.291973739862442,315,1
SLIM*SIG1,676053df-1802-11f0-8423-54a95b9ec813,auction,6,777,0.29034918546676636,0.14746499061584473,24614.0,0.291973739862442,315,1
SLIM*SIG1,676053df-1802-11f0-8423-54a95b9ec813,auction,6,778,0.29034918546676636,0.08568572998046875,24213.0,0.291973739862442,315,1
SLIM*SIG1,676053df-1802-11f0-8423-54a95b9ec813,auction,6,779,0.29034918546676636,0.08538389205932617,24313.0,0.291973739862442,315,1
SLIM*SIG1,676053df-1802-11f0-8423-54a95b9ec813,auction,6,780,0.29034918546676636,0.08495163917541504,24590.0,0.291973739862442,315,1
SLIM*SIG1,676053df-1802-11f0-8423-54a95b9ec813,auction,6,781,0.29034918546676636,0.08312320709228516,24732.0,0.291973739862442,315,1
SLIM*SIG1,676053df-1802-11f0-8423-54a95b9ec813,auction,6,782,0.29034918546676636,0.0781257152557373,24397.0,0.291973739862442,315,1
SLIM*SIG1,676053df-1802-11f0-8423-54a95b9ec813,auction,6,783,0.29034918546676636,0.06965231895446777,24045.0,0.291973739862442,315,1
SLIM*SIG1,676053df-1802-11f0-8423-54a95b9ec813,auction,6,784,0.29034918546676636,0.06249880790710449,24563.0,0.291973739862442,315,1
SLIM*SIG1,676053df-1802-11f0-8423-54a95b9ec813,auction,6,785,0.29034918546676636,0.06702089309692383,25218.0,0.291973739862442,315,1
SLIM*SIG1,676053df-1802-11f0-8423-54a95b9ec813,auction,6,786,0.29034918546676636,0.05598187446594238,25539.0,0.291973739862442,315,1
SLIM*SIG1,676053df-1802-11f0-8423-54a95b9ec813,auction,6,787,0.29034918546676636,0.06254148483276367,26625.0,0.291973739862442,315,1
SLIM*SIG1,676053df-1802-11f0-8423-54a95b9ec813,auction,6,788,0.29034918546676636,0.06977462768554688,25871.0,0.291973739862442,315,1
SLIM*SIG1,676053df-1802-11f0-8423-54a95b9ec813,auction,6,789,0.29034918546676636,0.06812262535095215,25533.0,0.291973739862442,315,1
SLIM*SIG1,676053df-1802-11f0-8423-54a95b9ec813,auction,6,790,0.2903294265270233,0.06250143051147461,25600.0,0.2920016348361969,315,1
SLIM*SIG1,676053df-1802-11f0-8423-54a95b9ec813,auction,6,791,0.2903294265270233,0.09850025177001953,25420.0,0.2920016348361969,315,1
SLIM*SIG1,676053df-1802-11f0-8423-54a95b9ec813,auction,6,792,0.2903294265270233,0.08857345581054688,25684.0,0.2920016348361969,315,1
SLIM*SIG1,676053df-1802-11f0-8423-54a95b9ec813,auction,6,793,0.2903294265270233,0.09797811508178711,25894.0,0.2920016348361969,315,1
SLIM*SIG1,676053df-1802-11f0-8423-54a95b9ec813,auction,6,794,0.2903294265270233,0.08611822128295898,26072.0,0.2920016348361969,315,1
SLIM*SIG1,676053df-1802-11f0-8423-54a95b9ec813,auction,6,795,0.2903294265270233,0.0781700611114502,25753.0,0.2920016348361969,315,1
SLIM*SIG1,676053df-1802-11f0-8423-54a95b9ec813,auction,6,796,0.2903294265270233,0.06939911842346191,24988.0,0.2920016348361969,315,1
SLIM*SIG1,676053df-1802-11f0-8423-54a95b9ec813,auction,6,797,0.2903294265270233,0.06938004493713379,23968.0,0.2920016348361969,315,1
SLIM*SIG1,676053df-1802-11f0-8423-54a95b9ec813,auction,6,798,0.2903294265270233,0.06499266624450684,23134.0,0.2920016348361969,315,1
SLIM*SIG1,676053df-1802-11f0-8423-54a95b9ec813,auction,6,799,0.2903294265270233,0.060495615005493164,22495.0,0.2920016348361969,315,1
SLIM*SIG1,676053df-1802-11f0-8423-54a95b9ec813,auction,6,800,0.2903294265270233,0.07608199119567871,22012.0,0.2920016348361969,315,1
SLIM*SIG1,676053df-1802-11f0-8423-54a95b9ec813,auction,6,801,0.2903294265270233,0.06627774238586426,22261.0,0.2920016348361969,315,1
SLIM*SIG1,676053df-1802-11f0-8423-54a95b9ec813,auction,6,802,0.2903294265270233,0.05517125129699707,23290.0,0.2920016348361969,315,1
SLIM*SIG1,676053df-1802-11f0-8423-54a95b9ec813,auction,6,803,0.2903294265270233,0.07999396324157715,22800.0,0.2920016348361969,315,1
SLIM*SIG1,676053df-1802-11f0-8423-54a95b9ec813,auction,6,804,0.2903294265270233,0.04936957359313965,23507.0,0.2920016348361969,315,1
SLIM*SIG1,676053df-1802-11f0-8423-54a95b9ec813,auction,6,805,0.2903294265270233,0.05157589912414551,22506.0,0.2920016348361969,315,1
SLIM*SIG1,676053df-1802-11f0-8423-54a95b9ec813,auction,6,806,0.29025617241859436,0.0625295639038086,23621.0,0.2912694215774536,315,1
SLIM*SIG1,676053df-1802-11f0-8423-54a95b9ec813,auction,6,807,0.29025617241859436,0.05308651924133301,25531.0,0.2912694215774536,315,1
SLIM*SIG1,676053df-1802-11f0-8423-54a95b9ec813,auction,6,808,0.29025617241859436,0.09373617172241211,26843.0,0.2912694215774536,315,1
SLIM*SIG1,676053df-1802-11f0-8423-54a95b9ec813,auction,6,809,0.29025617241859436,0.08553433418273926,27616.0,0.2912694215774536,315,1
SLIM*SIG1,676053df-1802-11f0-8423-54a95b9ec813,auction,6,810,0.29025617241859436,0.07120251655578613,27364.0,0.2912694215774536,315,1
SLIM*SIG1,676053df-1802-11f0-8423-54a95b9ec813,auction,6,811,0.29025617241859436,0.10017061233520508,27746.0,0.2912694215774536,315,1
SLIM*SIG1,676053df-1802-11f0-8423-54a95b9ec813,auction,6,812,0.29025617241859436,0.06520414352416992,27921.0,0.2912694215774536,315,1
SLIM*SIG1,676053df-1802-11f0-8423-54a95b9ec813,auction,6,813,0.29025617241859436,0.09374594688415527,27773.0,0.2912694215774536,315,1
SLIM*SIG1,676053df-1802-11f0-8423-54a95b9ec813,auction,6,814,0.29025617241859436,0.10493779182434082,27414.0,0.2912694215774536,315,1
SLIM*SIG1,676053df-1802-11f0-8423-54a95b9ec813,auction,6,815,0.29025617241859436,0.08465027809143066,26585.0,0.2912694215774536,315,1
SLIM*SIG1,676053df-1802-11f0-8423-54a95b9ec813,auction,6,816,0.29025617241859436,0.08434915542602539,26117.0,0.2912694215774536,315,1
SLIM*SIG1,676053df-1802-11f0-8423-54a95b9ec813,auction,6,817,0.29025617241859436,0.08416557312011719,25651.0,0.2912694215774536,315,1
SLIM*SIG1,676053df-1802-11f0-8423-54a95b9ec813,auction,6,818,0.29025617241859436,0.07812285423278809,25231.0,0.2912694215774536,315,1
SLIM*SIG1,676053df-1802-11f0-8423-54a95b9ec813,auction,6,819,0.29025617241859436,0.08391237258911133,25108.0,0.2912694215774536,315,1
SLIM*SIG1,676053df-1802-11f0-8423-54a95b9ec813,auction,6,820,0.29025617241859436,0.05469775199890137,24898.0,0.2912694215774536,315,1
SLIM*SIG1,676053df-1802-11f0-8423-54a95b9ec813,auction,6,821,0.29025617241859436,0.06833839416503906,25277.0,0.2912694215774536,315,1
SLIM*SIG1,676053df-1802-11f0-8423-54a95b9ec813,auction,6,822,0.29025617241859436,0.09896683692932129,25589.0,0.2912694215774536,315,1
SLIM*SIG1,676053df-1802-11f0-8423-54a95b9ec813,auction,6,823,0.29025617241859436,0.06249880790710449,25507.0,0.2912694215774536,315,1
SLIM*SIG1,676053df-1802-11f0-8423-54a95b9ec813,auction,6,824,0.29025617241859436,0.0625004768371582,25314.0,0.2912694215774536,315,1
SLIM*SIG1,676053df-1802-11f0-8423-54a95b9ec813,auction,6,825,0.29025617241859436,0.046875,25574.0,0.2912694215774536,315,1
SLIM*SIG1,676053df-1802-11f0-8423-54a95b9ec813,auction,6,826,0.29025617241859436,0.061577796936035156,26304.0,0.2912694215774536,315,1
SLIM*SIG1,676053df-1802-11f0-8423-54a95b9ec813,auction,6,827,0.29025617241859436,0.0813894271850586,26219.0,0.2912694215774536,315,1
SLIM*SIG1,676053df-1802-11f0-8423-54a95b9ec813,auction,6,828,0.2902216911315918,0.06839680671691895,26862.0,0.2915318012237549,315,1
SLIM*SIG1,676053df-1802-11f0-8423-54a95b9ec813,auction,6,829,0.2902216911315918,0.07334733009338379,26794.0,0.2915318012237549,315,1
SLIM*SIG1,676053df-1802-11f0-8423-54a95b9ec813,auction,6,830,0.2902216911315918,0.08908224105834961,26659.0,0.2915318012237549,315,1
SLIM*SIG1,676053df-1802-11f0-8423-54a95b9ec813,auction,6,831,0.2902216911315918,0.10034012794494629,26527.0,0.2915318012237549,315,1
SLIM*SIG1,676053df-1802-11f0-8423-54a95b9ec813,auction,6,832,0.2902216911315918,0.08529043197631836,25924.0,0.2915318012237549,315,1
SLIM*SIG1,676053df-1802-11f0-8423-54a95b9ec813,auction,6,833,0.2902216911315918,0.07813882827758789,25960.0,0.2915318012237549,315,1
SLIM*SIG1,676053df-1802-11f0-8423-54a95b9ec813,auction,6,834,0.2902216911315918,0.08391094207763672,25995.0,0.2915318012237549,315,1
SLIM*SIG1,676053df-1802-11f0-8423-54a95b9ec813,auction,6,835,0.2902216911315918,0.09815573692321777,25612.0,0.2915318012237549,315,1
SLIM*SIG1,676053df-1802-11f0-8423-54a95b9ec813,auction,6,836,0.290211021900177,0.06964254379272461,25506.0,0.2918182909488678,328,1
SLIM*SIG1,676053df-1802-11f0-8423-54a95b9ec813,auction,6,837,0.290211021900177,0.06252741813659668,25331.0,0.2918182909488678,328,1
SLIM*SIG1,676053df-1802-11f0-8423-54a95b9ec813,auction,6,838,0.290211021900177,0.10174775123596191,25749.0,0.2918182909488678,328,1
SLIM*SIG1,676053df-1802-11f0-8423-54a95b9ec813,auction,6,839,0.290211021900177,0.054662466049194336,25797.0,0.2918182909488678,328,1
SLIM*SIG1,676053df-1802-11f0-8423-54a95b9ec813,auction,6,840,0.290211021900177,0.08430957794189453,26555.0,0.2918182909488678,328,1
SLIM*SIG1,676053df-1802-11f0-8423-54a95b9ec813,auction,6,841,0.290211021900177,0.046874046325683594,26113.0,0.2918182909488678,328,1
SLIM*SIG1,676053df-1802-11f0-8423-54a95b9ec813,auction,6,842,0.290211021900177,0.05361652374267578,26163.0,0.2918182909488678,328,1
SLIM*SIG1,676053df-1802-11f0-8423-54a95b9ec813,auction,6,843,0.2900916635990143,0.06802964210510254,25686.0,0.291483074426651,341,1
SLIM*SIG1,676053df-1802-11f0-8423-54a95b9ec813,auction,6,844,0.2900916635990143,0.04691815376281738,25140.0,0.291483074426651,341,1
SLIM*SIG1,676053df-1802-11f0-8423-54a95b9ec813,auction,6,845,0.2900916635990143,0.09904241561889648,24791.0,0.291483074426651,341,1
SLIM*SIG1,676053df-1802-11f0-8423-54a95b9ec813,auction,6,846,0.2900916635990143,0.08528995513916016,26173.0,0.291483074426651,341,1
SLIM*SIG1,676053df-1802-11f0-8423-54a95b9ec813,auction,6,847,0.2900741994380951,0.04746580123901367,27227.0,0.29103267192840576,328,1
SLIM*SIG1,676053df-1802-11f0-8423-54a95b9ec813,auction,6,848,0.2900741994380951,0.08510828018188477,26854.0,0.29103267192840576,328,1
SLIM*SIG1,676053df-1802-11f0-8423-54a95b9ec813,auction,6,849,0.2900741994380951,0.08378982543945312,26805.0,0.29103267192840576,328,1
SLIM*SIG1,676053df-1802-11f0-8423-54a95b9ec813,auction,6,850,0.2900741994380951,0.10007524490356445,26075.0,0.29103267192840576,328,1
SLIM*SIG1,676053df-1802-11f0-8423-54a95b9ec813,auction,6,851,0.2900741994380951,0.0870513916015625,25980.0,0.29103267192840576,328,1
SLIM*SIG1,676053df-1802-11f0-8423-54a95b9ec813,auction,6,852,0.2900741994380951,0.09006023406982422,26470.0,0.29103267192840576,328,1
SLIM*SIG1,676053df-1802-11f0-8423-54a95b9ec813,auction,6,853,0.2900741994380951,0.03910374641418457,26323.0,0.29103267192840576,328,1
SLIM*SIG1,676053df-1802-11f0-8423-54a95b9ec813,auction,6,854,0.2900741994380951,0.06615495681762695,26258.0,0.29103267192840576,328,1
SLIM*SIG1,676053df-1802-11f0-8423-54a95b9ec813,auction,6,855,0.2900741994380951,0.0800168514251709,25955.0,0.29103267192840576,328,1
SLIM*SIG1,676053df-1802-11f0-8423-54a95b9ec813,auction,6,856,0.2900741994380951,0.08974313735961914,26237.0,0.29103267192840576,328,1
SLIM*SIG1,676053df-1802-11f0-8423-54a95b9ec813,auction,6,857,0.2900741994380951,0.08770227432250977,26245.0,0.29103267192840576,328,1
SLIM*SIG1,676053df-1802-11f0-8423-54a95b9ec813,auction,6,858,0.2900741994380951,0.0716090202331543,26323.0,0.29103267192840576,328,1
SLIM*SIG1,676053df-1802-11f0-8423-54a95b9ec813,auction,6,859,0.29006949067115784,0.09993672370910645,26023.0,0.2910264730453491,341,1
SLIM*SIG1,676053df-1802-11f0-8423-54a95b9ec813,auction,6,860,0.29006949067115784,0.06255006790161133,26373.0,0.2910264730453491,341,1
SLIM*SIG1,676053df-1802-11f0-8423-54a95b9ec813,auction,6,861,0.29006949067115784,0.07220244407653809,26647.0,0.2910264730453491,341,1
SLIM*SIG1,676053df-1802-11f0-8423-54a95b9ec813,auction,6,862,0.29006949067115784,0.10199189186096191,26680.0,0.2910264730453491,341,1
SLIM*SIG1,676053df-1802-11f0-8423-54a95b9ec813,auction,6,863,0.29006949067115784,0.09396624565124512,27276.0,0.2910264730453491,341,1
SLIM*SIG1,676053df-1802-11f0-8423-54a95b9ec813,auction,6,864,0.2900322675704956,0.05171918869018555,27802.0,0.2901376783847809,354,1
SLIM*SIG1,676053df-1802-11f0-8423-54a95b9ec813,auction,6,865,0.2900322675704956,0.09950494766235352,27635.0,0.2901376783847809,354,1
SLIM*SIG1,676053df-1802-11f0-8423-54a95b9ec813,auction,6,866,0.2900322675704956,0.09736800193786621,28810.0,0.2901376783847809,354,1
SLIM*SIG1,676053df-1802-11f0-8423-54a95b9ec813,auction,6,867,0.2900322675704956,0.10303568840026855,28905.0,0.2901376783847809,354,1
SLIM*SIG1,676053df-1802-11f0-8423-54a95b9ec813,auction,6,868,0.2900322675704956,0.06809568405151367,28471.0,0.2901376783847809,354,1
SLIM*SIG1,676053df-1802-11f0-8423-54a95b9ec813,auction,6,869,0.2900322675704956,0.0625464916229248,26972.0,0.2901376783847809,354,1
SLIM*SIG1,676053df-1802-11f0-8423-54a95b9ec813,auction,6,870,0.2900322675704956,0.0834803581237793,26898.0,0.2901376783847809,354,1
SLIM*SIG1,676053df-1802-11f0-8423-54a95b9ec813,auction,6,871,0.2900322675704956,0.07196640968322754,26915.0,0.2901376783847809,354,1
SLIM*SIG1,676053df-1802-11f0-8423-54a95b9ec813,auction,6,872,0.2900322675704956,0.0625,27429.0,0.2901376783847809,354,1
SLIM*SIG1,676053df-1802-11f0-8423-54a95b9ec813,auction,6,873,0.2900322675704956,0.08557558059692383,27059.0,0.2901376783847809,354,1
SLIM*SIG1,676053df-1802-11f0-8423-54a95b9ec813,auction,6,874,0.2900322675704956,0.052886009216308594,27876.0,0.2901376783847809,354,1
SLIM*SIG1,676053df-1802-11f0-8423-54a95b9ec813,auction,6,875,0.2900322675704956,0.08209919929504395,28245.0,0.2901376783847809,354,1
SLIM*SIG1,676053df-1802-11f0-8423-54a95b9ec813,auction,6,876,0.2899409532546997,0.04628300666809082,28552.0,0.29072245955467224,341,1
SLIM*SIG1,676053df-1802-11f0-8423-54a95b9ec813,auction,6,877,0.2899409532546997,0.04687094688415527,28348.0,0.29072245955467224,341,1
SLIM*SIG1,676053df-1802-11f0-8423-54a95b9ec813,auction,6,878,0.2899409532546997,0.05554795265197754,28291.0,0.29072245955467224,341,1
SLIM*SIG1,676053df-1802-11f0-8423-54a95b9ec813,auction,6,879,0.2899409532546997,0.09653115272521973,28671.0,0.29072245955467224,341,1
SLIM*SIG1,676053df-1802-11f0-8423-54a95b9ec813,auction,6,880,0.2899409532546997,0.06889176368713379,28568.0,0.29072245955467224,341,1
SLIM*SIG1,676053df-1802-11f0-8423-54a95b9ec813,auction,6,881,0.2898346483707428,0.07813024520874023,28463.0,0.29115936160087585,354,1
SLIM*SIG1,676053df-1802-11f0-8423-54a95b9ec813,auction,6,882,0.2898346483707428,0.08783721923828125,29348.0,0.29115936160087585,354,1
SLIM*SIG1,676053df-1802-11f0-8423-54a95b9ec813,auction,6,883,0.28983086347579956,0.08405494689941406,29346.0,0.29115942120552063,367,1
SLIM*SIG1,676053df-1802-11f0-8423-54a95b9ec813,auction,6,884,0.28983086347579956,0.0707695484161377,29270.0,0.29115942120552063,367,1
SLIM*SIG1,676053df-1802-11f0-8423-54a95b9ec813,auction,6,885,0.28983086347579956,0.09187674522399902,29229.0,0.29115942120552063,367,1
SLIM*SIG1,676053df-1802-11f0-8423-54a95b9ec813,auction,6,886,0.28983086347579956,0.08272051811218262,28971.0,0.29115942120552063,367,1
SLIM*SIG1,676053df-1802-11f0-8423-54a95b9ec813,auction,6,887,0.28983086347579956,0.06761455535888672,28817.0,0.29115942120552063,367,1
SLIM*SIG1,676053df-1802-11f0-8423-54a95b9ec813,auction,6,888,0.28983086347579956,0.04686880111694336,28089.0,0.29115942120552063,367,1
SLIM*SIG1,676053df-1802-11f0-8423-54a95b9ec813,auction,6,889,0.28983086347579956,0.05351591110229492,27328.0,0.29115942120552063,367,1
SLIM*SIG1,676053df-1802-11f0-8423-54a95b9ec813,auction,6,890,0.28983086347579956,0.051517486572265625,26856.0,0.29115942120552063,367,1
SLIM*SIG1,676053df-1802-11f0-8423-54a95b9ec813,auction,6,891,0.28983086347579956,0.06254363059997559,26984.0,0.29115942120552063,367,1
SLIM*SIG1,676053df-1802-11f0-8423-54a95b9ec813,auction,6,892,0.28983086347579956,0.08932232856750488,28402.0,0.29115942120552063,367,1
SLIM*SIG1,676053df-1802-11f0-8423-54a95b9ec813,auction,6,893,0.28983086347579956,0.06249880790710449,28134.0,0.29115942120552063,367,1
SLIM*SIG1,676053df-1802-11f0-8423-54a95b9ec813,auction,6,894,0.28983086347579956,0.053534507751464844,28025.0,0.29115942120552063,367,1
SLIM*SIG1,676053df-1802-11f0-8423-54a95b9ec813,auction,6,895,0.28983086347579956,0.06712460517883301,28493.0,0.29115942120552063,367,1
SLIM*SIG1,676053df-1802-11f0-8423-54a95b9ec813,auction,6,896,0.28983086347579956,0.046877145767211914,27761.0,0.29115942120552063,367,1
SLIM*SIG1,676053df-1802-11f0-8423-54a95b9ec813,auction,6,897,0.28983086347579956,0.05409049987792969,28208.0,0.29115942120552063,367,1
SLIM*SIG1,676053df-1802-11f0-8423-54a95b9ec813,auction,6,898,0.28983086347579956,0.062499046325683594,28634.0,0.29115942120552063,367,1
SLIM*SIG1,676053df-1802-11f0-8423-54a95b9ec813,auction,6,899,0.28983086347579956,0.08223295211791992,28927.0,0.29115942120552063,367,1
SLIM*SIG1,676053df-1802-11f0-8423-54a95b9ec813,auction,6,900,0.28983086347579956,0.08497405052185059,28840.0,0.29115942120552063,367,1
SLIM*SIG1,676053df-1802-11f0-8423-54a95b9ec813,auction,6,901,0.28983086347579956,0.06250143051147461,29293.0,0.29115942120552063,367,1
SLIM*SIG1,676053df-1802-11f0-8423-54a95b9ec813,auction,6,902,0.28983086347579956,0.08667159080505371,30452.0,0.29115942120552063,367,1
SLIM*SIG1,676053df-1802-11f0-8423-54a95b9ec813,auction,6,903,0.28983086347579956,0.11616158485412598,30647.0,0.29115942120552063,367,1
SLIM*SIG1,676053df-1802-11f0-8423-54a95b9ec813,auction,6,904,0.28982874751091003,0.08477425575256348,31209.0,0.2911294102668762,354,1
SLIM*SIG1,676053df-1802-11f0-8423-54a95b9ec813,auction,6,905,0.28982874751091003,0.0658109188079834,31103.0,0.2911294102668762,354,1
SLIM*SIG1,676053df-1802-11f0-8423-54a95b9ec813,auction,6,906,0.28982874751091003,0.0686039924621582,30574.0,0.2911294102668762,354,1
SLIM*SIG1,676053df-1802-11f0-8423-54a95b9ec813,auction,6,907,0.28982874751091003,0.07813811302185059,30416.0,0.2911294102668762,354,1
SLIM*SIG1,676053df-1802-11f0-8423-54a95b9ec813,auction,6,908,0.28982874751091003,0.07037353515625,30541.0,0.2911294102668762,354,1
SLIM*SIG1,676053df-1802-11f0-8423-54a95b9ec813,auction,6,909,0.28982874751091003,0.06898093223571777,30136.0,0.2911294102668762,354,1
SLIM*SIG1,676053df-1802-11f0-8423-54a95b9ec813,auction,6,910,0.28982874751091003,0.08769559860229492,30021.0,0.2911294102668762,354,1
SLIM*SIG1,676053df-1802-11f0-8423-54a95b9ec813,auction,6,911,0.28982874751091003,0.07812833786010742,29616.0,0.2911294102668762,354,1
SLIM*SIG1,676053df-1802-11f0-8423-54a95b9ec813,auction,6,912,0.28982874751091003,0.08514642715454102,29319.0,0.2911294102668762,354,1
SLIM*SIG1,676053df-1802-11f0-8423-54a95b9ec813,auction,6,913,0.28982874751091003,0.08353877067565918,28965.0,0.2911294102668762,354,1
SLIM*SIG1,676053df-1802-11f0-8423-54a95b9ec813,auction,6,914,0.28982874751091003,0.1029806137084961,28286.0,0.2911294102668762,354,1
SLIM*SIG1,676053df-1802-11f0-8423-54a95b9ec813,auction,6,915,0.28982874751091003,0.1069643497467041,28231.0,0.2911294102668762,354,1
SLIM*SIG1,676053df-1802-11f0-8423-54a95b9ec813,auction,6,916,0.28982874751091003,0.07120251655578613,27338.0,0.2911294102668762,354,1
SLIM*SIG1,676053df-1802-11f0-8423-54a95b9ec813,auction,6,917,0.28982874751091003,0.0781254768371582,26169.0,0.2911294102668762,354,1
SLIM*SIG1,676053df-1802-11f0-8423-54a95b9ec813,auction,6,918,0.28982874751091003,0.10001659393310547,27469.0,0.2911294102668762,354,1
SLIM*SIG1,676053df-1802-11f0-8423-54a95b9ec813,auction,6,919,0.28982874751091003,0.06613636016845703,27571.0,0.2911294102668762,354,1
SLIM*SIG1,676053df-1802-11f0-8423-54a95b9ec813,auction,6,920,0.28982874751091003,0.09922623634338379,26806.0,0.2911294102668762,354,1
SLIM*SIG1,676053df-1802-11f0-8423-54a95b9ec813,auction,6,921,0.28982874751091003,0.06861305236816406,27436.0,0.2911294102668762,354,1
SLIM*SIG1,676053df-1802-11f0-8423-54a95b9ec813,auction,6,922,0.28982874751091003,0.07813310623168945,28722.0,0.2911294102668762,354,1
SLIM*SIG1,676053df-1802-11f0-8423-54a95b9ec813,auction,6,923,0.28982874751091003,0.069091796875,28910.0,0.2911294102668762,354,1
SLIM*SIG1,676053df-1802-11f0-8423-54a95b9ec813,auction,6,924,0.28982874751091003,0.06871819496154785,28672.0,0.2911294102668762,354,1
SLIM*SIG1,676053df-1802-11f0-8423-54a95b9ec813,auction,6,925,0.28982874751091003,0.08674407005310059,27884.0,0.2911294102668762,354,1
SLIM*SIG1,676053df-1802-11f0-8423-54a95b9ec813,auction,6,926,0.28982874751091003,0.06249523162841797,27870.0,0.2911294102668762,354,1
SLIM*SIG1,676053df-1802-11f0-8423-54a95b9ec813,auction,6,927,0.28982874751091003,0.05288195610046387,28459.0,0.2911294102668762,354,1
SLIM*SIG1,676053df-1802-11f0-8423-54a95b9ec813,auction,6,928,0.28982874751091003,0.09806084632873535,28321.0,0.2911294102668762,354,1
SLIM*SIG1,676053df-1802-11f0-8423-54a95b9ec813,auction,6,929,0.28982874751091003,0.09584856033325195,28655.0,0.2911294102668762,354,1
SLIM*SIG1,676053df-1802-11f0-8423-54a95b9ec813,auction,6,930,0.28982874751091003,0.05168914794921875,28725.0,0.2911294102668762,354,1
SLIM*SIG1,676053df-1802-11f0-8423-54a95b9ec813,auction,6,931,0.28982874751091003,0.0823812484741211,29290.0,0.2911294102668762,354,1
SLIM*SIG1,676053df-1802-11f0-8423-54a95b9ec813,auction,6,932,0.28982874751091003,0.10103869438171387,29455.0,0.2911294102668762,354,1
SLIM*SIG1,676053df-1802-11f0-8423-54a95b9ec813,auction,6,933,0.28982874751091003,0.09785985946655273,29024.0,0.2911294102668762,354,1
SLIM*SIG1,676053df-1802-11f0-8423-54a95b9ec813,auction,6,934,0.28982874751091003,0.0880882740020752,28782.0,0.2911294102668762,354,1
SLIM*SIG1,676053df-1802-11f0-8423-54a95b9ec813,auction,6,935,0.28982874751091003,0.06249523162841797,28211.0,0.2911294102668762,354,1
SLIM*SIG1,676053df-1802-11f0-8423-54a95b9ec813,auction,6,936,0.28982874751091003,0.08288955688476562,27753.0,0.2911294102668762,354,1
SLIM*SIG1,676053df-1802-11f0-8423-54a95b9ec813,auction,6,937,0.28982874751091003,0.05256319046020508,27053.0,0.2911294102668762,354,1
SLIM*SIG1,676053df-1802-11f0-8423-54a95b9ec813,auction,6,938,0.28982874751091003,0.062499046325683594,26477.0,0.2911294102668762,354,1
SLIM*SIG1,676053df-1802-11f0-8423-54a95b9ec813,auction,6,939,0.28982874751091003,0.07256364822387695,26300.0,0.2911294102668762,354,1
SLIM*SIG1,676053df-1802-11f0-8423-54a95b9ec813,auction,6,940,0.28982874751091003,0.0816640853881836,27007.0,0.2911294102668762,354,1
SLIM*SIG1,676053df-1802-11f0-8423-54a95b9ec813,auction,6,941,0.28982874751091003,0.09728717803955078,27637.0,0.2911294102668762,354,1
SLIM*SIG1,676053df-1802-11f0-8423-54a95b9ec813,auction,6,942,0.28982874751091003,0.11376619338989258,28466.0,0.2911294102668762,354,1
SLIM*SIG1,676053df-1802-11f0-8423-54a95b9ec813,auction,6,943,0.28982874751091003,0.09032177925109863,27762.0,0.2911294102668762,354,1
SLIM*SIG1,676053df-1802-11f0-8423-54a95b9ec813,auction,6,944,0.28982874751091003,0.09315609931945801,27953.0,0.2911294102668762,354,1
SLIM*SIG1,676053df-1802-11f0-8423-54a95b9ec813,auction,6,945,0.28982874751091003,0.07970428466796875,28053.0,0.2911294102668762,354,1
SLIM*SIG1,676053df-1802-11f0-8423-54a95b9ec813,auction,6,946,0.28982874751091003,0.05461311340332031,27766.0,0.2911294102668762,354,1
SLIM*SIG1,676053df-1802-11f0-8423-54a95b9ec813,auction,6,947,0.28982874751091003,0.051888227462768555,27518.0,0.2911294102668762,354,1
SLIM*SIG1,676053df-1802-11f0-8423-54a95b9ec813,auction,6,948,0.28982874751091003,0.06254315376281738,27921.0,0.2911294102668762,354,1
SLIM*SIG1,676053df-1802-11f0-8423-54a95b9ec813,auction,6,949,0.28982874751091003,0.07079935073852539,27365.0,0.2911294102668762,354,1
SLIM*SIG1,676053df-1802-11f0-8423-54a95b9ec813,auction,6,950,0.28982874751091003,0.04688620567321777,27285.0,0.2911294102668762,354,1
SLIM*SIG1,676053df-1802-11f0-8423-54a95b9ec813,auction,6,951,0.28982874751091003,0.053856611251831055,27465.0,0.2911294102668762,354,1
SLIM*SIG1,676053df-1802-11f0-8423-54a95b9ec813,auction,6,952,0.28982874751091003,0.04687380790710449,28806.0,0.2911294102668762,354,1
SLIM*SIG1,676053df-1802-11f0-8423-54a95b9ec813,auction,6,953,0.28982874751091003,0.08426904678344727,29315.0,0.2911294102668762,354,1
SLIM*SIG1,676053df-1802-11f0-8423-54a95b9ec813,auction,6,954,0.28982874751091003,0.08278894424438477,28981.0,0.2911294102668762,354,1
SLIM*SIG1,676053df-1802-11f0-8423-54a95b9ec813,auction,6,955,0.28982874751091003,0.07812285423278809,28644.0,0.2911294102668762,354,1
SLIM*SIG1,676053df-1802-11f0-8423-54a95b9ec813,auction,6,956,0.28982874751091003,0.08699321746826172,28382.0,0.2911294102668762,354,1
SLIM*SIG1,676053df-1802-11f0-8423-54a95b9ec813,auction,6,957,0.28982874751091003,0.06770086288452148,29409.0,0.2911294102668762,354,1
SLIM*SIG1,676053df-1802-11f0-8423-54a95b9ec813,auction,6,958,0.28982874751091003,0.08611869812011719,29823.0,0.2911294102668762,354,1
SLIM*SIG1,676053df-1802-11f0-8423-54a95b9ec813,auction,6,959,0.28982874751091003,0.06837797164916992,29929.0,0.2911294102668762,354,1
SLIM*SIG1,676053df-1802-11f0-8423-54a95b9ec813,auction,6,960,0.28982874751091003,0.062497615814208984,29656.0,0.2911294102668762,354,1
SLIM*SIG1,676053df-1802-11f0-8423-54a95b9ec813,auction,6,961,0.28982874751091003,0.08834624290466309,29283.0,0.2911294102668762,354,1
SLIM*SIG1,676053df-1802-11f0-8423-54a95b9ec813,auction,6,962,0.28982874751091003,0.08183479309082031,28657.0,0.2911294102668762,354,1
SLIM*SIG1,676053df-1802-11f0-8423-54a95b9ec813,auction,6,963,0.28982874751091003,0.06192970275878906,27342.0,0.2911294102668762,354,1
SLIM*SIG1,676053df-1802-11f0-8423-54a95b9ec813,auction,6,964,0.28982874751091003,0.05383801460266113,27106.0,0.2911294102668762,354,1
SLIM*SIG1,676053df-1802-11f0-8423-54a95b9ec813,auction,6,965,0.28982874751091003,0.13298463821411133,27199.0,0.2911294102668762,354,1
SLIM*SIG1,676053df-1802-11f0-8423-54a95b9ec813,auction,6,966,0.28982874751091003,0.06250381469726562,26484.0,0.2911294102668762,354,1
SLIM*SIG1,676053df-1802-11f0-8423-54a95b9ec813,auction,6,967,0.28982874751091003,0.05718827247619629,27517.0,0.2911294102668762,354,1
SLIM*SIG1,676053df-1802-11f0-8423-54a95b9ec813,auction,6,968,0.28982874751091003,0.07811307907104492,27786.0,0.2911294102668762,354,1
SLIM*SIG1,676053df-1802-11f0-8423-54a95b9ec813,auction,6,969,0.28982874751091003,0.10095882415771484,27773.0,0.2911294102668762,354,1
SLIM*SIG1,676053df-1802-11f0-8423-54a95b9ec813,auction,6,970,0.28982874751091003,0.10755157470703125,29073.0,0.2911294102668762,354,1
SLIM*SIG1,676053df-1802-11f0-8423-54a95b9ec813,auction,6,971,0.28982874751091003,0.07374238967895508,29374.0,0.2911294102668762,354,1
SLIM*SIG1,676053df-1802-11f0-8423-54a95b9ec813,auction,6,972,0.28982874751091003,0.08414840698242188,30843.0,0.2911294102668762,354,1
SLIM*SIG1,676053df-1802-11f0-8423-54a95b9ec813,auction,6,973,0.28982874751091003,0.06189870834350586,31879.0,0.2911294102668762,354,1
SLIM*SIG1,676053df-1802-11f0-8423-54a95b9ec813,auction,6,974,0.28982874751091003,0.10071063041687012,31985.0,0.2911294102668762,354,1
SLIM*SIG1,676053df-1802-11f0-8423-54a95b9ec813,auction,6,975,0.28982874751091003,0.08515405654907227,31695.0,0.2911294102668762,354,1
SLIM*SIG1,676053df-1802-11f0-8423-54a95b9ec813,auction,6,976,0.2897662818431854,0.06985163688659668,31071.0,0.2911223769187927,367,1
SLIM*SIG1,676053df-1802-11f0-8423-54a95b9ec813,auction,6,977,0.2897662818431854,0.07702088356018066,29411.0,0.2911223769187927,367,1
SLIM*SIG1,676053df-1802-11f0-8423-54a95b9ec813,auction,6,978,0.2897662818431854,0.10108423233032227,28360.0,0.2911223769187927,367,1
SLIM*SIG1,676053df-1802-11f0-8423-54a95b9ec813,auction,6,979,0.2897662818431854,0.07955336570739746,28267.0,0.2911223769187927,367,1
SLIM*SIG1,676053df-1802-11f0-8423-54a95b9ec813,auction,6,980,0.2897662818431854,0.05316042900085449,27045.0,0.2911223769187927,367,1
SLIM*SIG1,676053df-1802-11f0-8423-54a95b9ec813,auction,6,981,0.2897662818431854,0.08385252952575684,28148.0,0.2911223769187927,367,1
SLIM*SIG1,676053df-1802-11f0-8423-54a95b9ec813,auction,6,982,0.2897662818431854,0.1156761646270752,28564.0,0.2911223769187927,367,1
SLIM*SIG1,676053df-1802-11f0-8423-54a95b9ec813,auction,6,983,0.2897662818431854,0.0625002384185791,29060.0,0.2911223769187927,367,1
SLIM*SIG1,676053df-1802-11f0-8423-54a95b9ec813,auction,6,984,0.289726197719574,0.08451104164123535,29526.0,0.2906798720359802,380,1
SLIM*SIG1,676053df-1802-11f0-8423-54a95b9ec813,auction,6,985,0.289726197719574,0.10027527809143066,30083.0,0.2906798720359802,380,1
SLIM*SIG1,676053df-1802-11f0-8423-54a95b9ec813,auction,6,986,0.289726197719574,0.06607532501220703,30384.0,0.2906798720359802,380,1
SLIM*SIG1,676053df-1802-11f0-8423-54a95b9ec813,auction,6,987,0.289726197719574,0.09771895408630371,29994.0,0.2906798720359802,380,1
SLIM*SIG1,676053df-1802-11f0-8423-54a95b9ec813,auction,6,988,0.289726197719574,0.06647896766662598,30969.0,0.2906798720359802,380,1
SLIM*SIG1,676053df-1802-11f0-8423-54a95b9ec813,auction,6,989,0.289726197719574,0.06924939155578613,30767.0,0.2906798720359802,380,1
SLIM*SIG1,676053df-1802-11f0-8423-54a95b9ec813,auction,6,990,0.289726197719574,0.05252265930175781,30427.0,0.2906798720359802,380,1
SLIM*SIG1,676053df-1802-11f0-8423-54a95b9ec813,auction,6,991,0.289726197719574,0.09419822692871094,30143.0,0.2906798720359802,380,1
SLIM*SIG1,676053df-1802-11f0-8423-54a95b9ec813,auction,6,992,0.289726197719574,0.07913970947265625,29957.0,0.2906798720359802,380,1
SLIM*SIG1,676053df-1802-11f0-8423-54a95b9ec813,auction,6,993,0.289726197719574,0.07372713088989258,30566.0,0.2906798720359802,380,1
SLIM*SIG1,676053df-1802-11f0-8423-54a95b9ec813,auction,6,994,0.289726197719574,0.08126497268676758,30622.0,0.2906798720359802,380,1
SLIM*SIG1,676053df-1802-11f0-8423-54a95b9ec813,auction,6,995,0.289726197719574,0.07812762260437012,31003.0,0.2906798720359802,380,1
SLIM*SIG1,676053df-1802-11f0-8423-54a95b9ec813,auction,6,996,0.289726197719574,0.06884908676147461,31023.0,0.2906798720359802,380,1
SLIM*SIG1,676053df-1802-11f0-8423-54a95b9ec813,auction,6,997,0.289726197719574,0.07812952995300293,30867.0,0.2906798720359802,380,1
SLIM*SIG1,676053df-1802-11f0-8423-54a95b9ec813,auction,6,998,0.289726197719574,0.09529852867126465,30673.0,0.2906798720359802,380,1
SLIM*SIG1,676053df-1802-11f0-8423-54a95b9ec813,auction,6,999,0.289726197719574,0.08236098289489746,31538.0,0.2906798720359802,380,1
SLIM*SIG1,676053df-1802-11f0-8423-54a95b9ec813,auction,6,1000,0.289726197719574,0.07551074028015137,32215.0,0.2906798720359802,380,1
SLIM*SIG1,676053df-1802-11f0-8423-54a95b9ec813,auction,7,0,0.34907832741737366,0.09796261787414551,1340.0,0.3506312966346741,3,1
SLIM*SIG1,676053df-1802-11f0-8423-54a95b9ec813,auction,7,1,0.34907832741737366,0.015624523162841797,1301.0,0.3506312966346741,3,1
SLIM*SIG1,676053df-1802-11f0-8423-54a95b9ec813,auction,7,2,0.34907832741737366,0.015655040740966797,1282.0,0.3506312966346741,3,1
SLIM*SIG1,676053df-1802-11f0-8423-54a95b9ec813,auction,7,3,0.3479882776737213,0.015591621398925781,1001.0,0.3496735095977783,16,1
SLIM*SIG1,676053df-1802-11f0-8423-54a95b9ec813,auction,7,4,0.3349998891353607,0.025330781936645508,915.0,0.3390854001045227,16,1
SLIM*SIG1,676053df-1802-11f0-8423-54a95b9ec813,auction,7,5,0.3349998891353607,0.03736734390258789,1178.0,0.3390854001045227,16,1
SLIM*SIG1,676053df-1802-11f0-8423-54a95b9ec813,auction,7,6,0.3282545506954193,0.01799488067626953,1138.0,0.3336632549762726,29,1
SLIM*SIG1,676053df-1802-11f0-8423-54a95b9ec813,auction,7,7,0.3282545506954193,0.015631675720214844,1389.0,0.3336632549762726,29,1
SLIM*SIG1,676053df-1802-11f0-8423-54a95b9ec813,auction,7,8,0.3282545506954193,0.02168893814086914,1590.0,0.3336632549762726,29,1
SLIM*SIG1,676053df-1802-11f0-8423-54a95b9ec813,auction,7,9,0.3282545506954193,0.01566791534423828,1881.0,0.3336632549762726,29,1
SLIM*SIG1,676053df-1802-11f0-8423-54a95b9ec813,auction,7,10,0.3282085955142975,0.015620946884155273,2168.0,0.33321237564086914,42,1
SLIM*SIG1,676053df-1802-11f0-8423-54a95b9ec813,auction,7,11,0.3282085955142975,0.015530824661254883,2419.0,0.33321237564086914,42,1
SLIM*SIG1,676053df-1802-11f0-8423-54a95b9ec813,auction,7,12,0.30847564339637756,0.015717267990112305,2882.0,0.31526026129722595,83,1
SLIM*SIG1,676053df-1802-11f0-8423-54a95b9ec813,auction,7,13,0.3079198896884918,0.021133899688720703,3291.0,0.31545567512512207,96,1
SLIM*SIG1,676053df-1802-11f0-8423-54a95b9ec813,auction,7,14,0.3074055016040802,0.031298160552978516,3134.0,0.3156494200229645,81,1
SLIM*SIG1,676053df-1802-11f0-8423-54a95b9ec813,auction,7,15,0.3074055016040802,0.01561594009399414,3061.0,0.3156494200229645,81,1
SLIM*SIG1,676053df-1802-11f0-8423-54a95b9ec813,auction,7,16,0.3074055016040802,0.03131437301635742,3120.0,0.3156494200229645,81,1
SLIM*SIG1,676053df-1802-11f0-8423-54a95b9ec813,auction,7,17,0.3073098361492157,0.01554250717163086,3652.0,0.31359031796455383,55,1
SLIM*SIG1,676053df-1802-11f0-8423-54a95b9ec813,auction,7,18,0.30644717812538147,0.01571178436279297,3780.0,0.3129223585128784,68,1
SLIM*SIG1,676053df-1802-11f0-8423-54a95b9ec813,auction,7,19,0.30606117844581604,0.02749156951904297,4465.0,0.31319037079811096,55,1
SLIM*SIG1,676053df-1802-11f0-8423-54a95b9ec813,auction,7,20,0.3051643371582031,0.015610456466674805,4484.0,0.3196702301502228,96,1
SLIM*SIG1,676053df-1802-11f0-8423-54a95b9ec813,auction,7,21,0.3020389676094055,0.015730857849121094,5118.0,0.31571125984191895,109,1
SLIM*SIG1,676053df-1802-11f0-8423-54a95b9ec813,auction,7,22,0.3020389676094055,0.031158924102783203,5756.0,0.31571125984191895,109,1
SLIM*SIG1,676053df-1802-11f0-8423-54a95b9ec813,auction,7,23,0.3020389676094055,0.015623807907104492,6158.0,0.31571125984191895,109,1
SLIM*SIG1,676053df-1802-11f0-8423-54a95b9ec813,auction,7,24,0.30072933435440063,0.018419742584228516,6065.0,0.31525105237960815,122,1
SLIM*SIG1,676053df-1802-11f0-8423-54a95b9ec813,auction,7,25,0.30072933435440063,0.03125810623168945,5908.0,0.31525105237960815,122,1
SLIM*SIG1,676053df-1802-11f0-8423-54a95b9ec813,auction,7,26,0.30072933435440063,0.015717029571533203,6213.0,0.31525105237960815,122,1
SLIM*SIG1,676053df-1802-11f0-8423-54a95b9ec813,auction,7,27,0.30072933435440063,0.015533924102783203,6498.0,0.31525105237960815,122,1
SLIM*SIG1,676053df-1802-11f0-8423-54a95b9ec813,auction,7,28,0.30072933435440063,0.034545183181762695,6568.0,0.31525105237960815,122,1
SLIM*SIG1,676053df-1802-11f0-8423-54a95b9ec813,auction,7,29,0.30072933435440063,0.017185211181640625,6321.0,0.31525105237960815,122,1
SLIM*SIG1,676053df-1802-11f0-8423-54a95b9ec813,auction,7,30,0.30072933435440063,0.015618085861206055,6814.0,0.31525105237960815,122,1
SLIM*SIG1,676053df-1802-11f0-8423-54a95b9ec813,auction,7,31,0.30072933435440063,0.015619993209838867,7271.0,0.31525105237960815,122,1
SLIM*SIG1,676053df-1802-11f0-8423-54a95b9ec813,auction,7,32,0.30072933435440063,0.031327009201049805,6715.0,0.31525105237960815,122,1
SLIM*SIG1,676053df-1802-11f0-8423-54a95b9ec813,auction,7,33,0.30072933435440063,0.022129297256469727,7327.0,0.31525105237960815,122,1
SLIM*SIG1,676053df-1802-11f0-8423-54a95b9ec813,auction,7,34,0.30072933435440063,0.015631675720214844,6897.0,0.31525105237960815,122,1
SLIM*SIG1,676053df-1802-11f0-8423-54a95b9ec813,auction,7,35,0.30072933435440063,0.015625953674316406,7685.0,0.31525105237960815,122,1
SLIM*SIG1,676053df-1802-11f0-8423-54a95b9ec813,auction,7,36,0.30072933435440063,0.0312497615814209,8126.0,0.31525105237960815,122,1
SLIM*SIG1,676053df-1802-11f0-8423-54a95b9ec813,auction,7,37,0.30072933435440063,0.015725135803222656,8466.0,0.31525105237960815,122,1
SLIM*SIG1,676053df-1802-11f0-8423-54a95b9ec813,auction,7,38,0.3000643849372864,0.02161097526550293,8720.0,0.3159010112285614,135,1
SLIM*SIG1,676053df-1802-11f0-8423-54a95b9ec813,auction,7,39,0.3000643849372864,0.03125333786010742,9030.0,0.3159010112285614,135,1
SLIM*SIG1,676053df-1802-11f0-8423-54a95b9ec813,auction,7,40,0.3000643849372864,0.01561737060546875,8920.0,0.3159010112285614,135,1
SLIM*SIG1,676053df-1802-11f0-8423-54a95b9ec813,auction,7,41,0.29378095269203186,0.015533208847045898,8789.0,0.31402432918548584,161,1
SLIM*SIG1,676053df-1802-11f0-8423-54a95b9ec813,auction,7,42,0.29378095269203186,0.031247377395629883,8645.0,0.31402432918548584,161,1
SLIM*SIG1,676053df-1802-11f0-8423-54a95b9ec813,auction,7,43,0.2933139204978943,0.01572442054748535,8696.0,0.3160668611526489,174,1
SLIM*SIG1,676053df-1802-11f0-8423-54a95b9ec813,auction,7,44,0.2933139204978943,0.023905515670776367,9127.0,0.3160668611526489,174,1
SLIM*SIG1,676053df-1802-11f0-8423-54a95b9ec813,auction,7,45,0.29321029782295227,0.015755653381347656,10416.0,0.3164283037185669,161,1
SLIM*SIG1,676053df-1802-11f0-8423-54a95b9ec813,auction,7,46,0.29321029782295227,0.031150102615356445,11321.0,0.3164283037185669,161,1
SLIM*SIG1,676053df-1802-11f0-8423-54a95b9ec813,auction,7,47,0.29321029782295227,0.015622377395629883,11886.0,0.3164283037185669,161,1
SLIM*SIG1,676053df-1802-11f0-8423-54a95b9ec813,auction,7,48,0.2929486036300659,0.03476071357727051,11905.0,0.321515291929245,161,1
SLIM*SIG1,676053df-1802-11f0-8423-54a95b9ec813,auction,7,49,0.2918533682823181,0.01776432991027832,12703.0,0.31756791472435,148,1
SLIM*SIG1,676053df-1802-11f0-8423-54a95b9ec813,auction,7,50,0.2918533682823181,0.01572704315185547,12774.0,0.31756791472435,148,1
SLIM*SIG1,676053df-1802-11f0-8423-54a95b9ec813,auction,7,51,0.2917426526546478,0.03115105628967285,12448.0,0.3181250989437103,135,1
SLIM*SIG1,676053df-1802-11f0-8423-54a95b9ec813,auction,7,52,0.2917426526546478,0.031348466873168945,12350.0,0.3181250989437103,135,1
SLIM*SIG1,676053df-1802-11f0-8423-54a95b9ec813,auction,7,53,0.2914910614490509,0.021918535232543945,12282.0,0.31750282645225525,122,1
SLIM*SIG1,676053df-1802-11f0-8423-54a95b9ec813,auction,7,54,0.2914910614490509,0.015717267990112305,12076.0,0.31750282645225525,122,1
SLIM*SIG1,676053df-1802-11f0-8423-54a95b9ec813,auction,7,55,0.29016929864883423,0.031153440475463867,11253.0,0.31856656074523926,135,1
SLIM*SIG1,676053df-1802-11f0-8423-54a95b9ec813,auction,7,56,0.29016929864883423,0.015726804733276367,10739.0,0.31856656074523926,135,1
SLIM*SIG1,676053df-1802-11f0-8423-54a95b9ec813,auction,7,57,0.29016929864883423,0.020783662796020508,11532.0,0.31856656074523926,135,1
SLIM*SIG1,676053df-1802-11f0-8423-54a95b9ec813,auction,7,58,0.29016929864883423,0.03136086463928223,10854.0,0.31856656074523926,135,1
SLIM*SIG1,676053df-1802-11f0-8423-54a95b9ec813,auction,7,59,0.2899307310581207,0.015523910522460938,10491.0,0.31855371594429016,148,1
SLIM*SIG1,676053df-1802-11f0-8423-54a95b9ec813,auction,7,60,0.2899307310581207,0.031281471252441406,10756.0,0.31855371594429016,148,1
SLIM*SIG1,676053df-1802-11f0-8423-54a95b9ec813,auction,7,61,0.2899307310581207,0.021947383880615234,11340.0,0.31855371594429016,148,1
SLIM*SIG1,676053df-1802-11f0-8423-54a95b9ec813,auction,7,62,0.2899307310581207,0.031276702880859375,11920.0,0.31855371594429016,148,1
SLIM*SIG1,676053df-1802-11f0-8423-54a95b9ec813,auction,7,63,0.2899307310581207,0.03121638298034668,12128.0,0.31855371594429016,148,1
SLIM*SIG1,676053df-1802-11f0-8423-54a95b9ec813,auction,7,64,0.2899307310581207,0.01565861701965332,12358.0,0.31855371594429016,148,1
SLIM*SIG1,676053df-1802-11f0-8423-54a95b9ec813,auction,7,65,0.2899307310581207,0.022104740142822266,12313.0,0.31855371594429016,148,1
SLIM*SIG1,676053df-1802-11f0-8423-54a95b9ec813,auction,7,66,0.2899307310581207,0.03135275840759277,12517.0,0.31855371594429016,148,1
SLIM*SIG1,676053df-1802-11f0-8423-54a95b9ec813,auction,7,67,0.2899307310581207,0.031155109405517578,12378.0,0.31855371594429016,148,1
SLIM*SIG1,676053df-1802-11f0-8423-54a95b9ec813,auction,7,68,0.2899307310581207,0.015625953674316406,11828.0,0.31855371594429016,148,1
SLIM*SIG1,676053df-1802-11f0-8423-54a95b9ec813,auction,7,69,0.2899307310581207,0.022095918655395508,11732.0,0.31855371594429016,148,1
SLIM*SIG1,676053df-1802-11f0-8423-54a95b9ec813,auction,7,70,0.2899307310581207,0.015726804733276367,11459.0,0.31855371594429016,148,1
SLIM*SIG1,676053df-1802-11f0-8423-54a95b9ec813,auction,7,71,0.2889252007007599,0.015524864196777344,10422.0,0.31813547015190125,161,1
SLIM*SIG1,676053df-1802-11f0-8423-54a95b9ec813,auction,7,72,0.2889252007007599,0.03134489059448242,9641.0,0.31813547015190125,161,1
SLIM*SIG1,676053df-1802-11f0-8423-54a95b9ec813,auction,7,73,0.2889252007007599,0.021105527877807617,9837.0,0.31813547015190125,161,1
SLIM*SIG1,676053df-1802-11f0-8423-54a95b9ec813,auction,7,74,0.2889252007007599,0.015113353729248047,9569.0,0.31813547015190125,161,1
SLIM*SIG1,676053df-1802-11f0-8423-54a95b9ec813,auction,7,75,0.2889252007007599,0.03136181831359863,9131.0,0.31813547015190125,161,1
SLIM*SIG1,676053df-1802-11f0-8423-54a95b9ec813,auction,7,76,0.2889252007007599,0.015529632568359375,8902.0,0.31813547015190125,161,1
SLIM*SIG1,676053df-1802-11f0-8423-54a95b9ec813,auction,7,77,0.2889252007007599,0.03135275840759277,10370.0,0.31813547015190125,161,1
SLIM*SIG1,676053df-1802-11f0-8423-54a95b9ec813,auction,7,78,0.2889252007007599,0.03114771842956543,10973.0,0.31813547015190125,161,1
SLIM*SIG1,676053df-1802-11f0-8423-54a95b9ec813,auction,7,79,0.2889252007007599,0.030104398727416992,11525.0,0.31813547015190125,161,1
SLIM*SIG1,676053df-1802-11f0-8423-54a95b9ec813,auction,7,80,0.2889252007007599,0.03131842613220215,12269.0,0.31813547015190125,161,1
SLIM*SIG1,676053df-1802-11f0-8423-54a95b9ec813,auction,7,81,0.2889252007007599,0.03073906898498535,12682.0,0.31813547015190125,161,1
SLIM*SIG1,676053df-1802-11f0-8423-54a95b9ec813,auction,7,82,0.2889252007007599,0.03254556655883789,13561.0,0.31813547015190125,161,1
SLIM*SIG1,676053df-1802-11f0-8423-54a95b9ec813,auction,7,83,0.2889252007007599,0.03318309783935547,13659.0,0.31813547015190125,161,1
SLIM*SIG1,676053df-1802-11f0-8423-54a95b9ec813,auction,7,84,0.2889252007007599,0.030422449111938477,13691.0,0.31813547015190125,161,1
SLIM*SIG1,676053df-1802-11f0-8423-54a95b9ec813,auction,7,85,0.287856787443161,0.0328364372253418,14431.0,0.31837937235832214,174,1
SLIM*SIG1,676053df-1802-11f0-8423-54a95b9ec813,auction,7,86,0.28773221373558044,0.03131556510925293,14260.0,0.31735438108444214,187,1
SLIM*SIG1,676053df-1802-11f0-8423-54a95b9ec813,auction,7,87,0.28759515285491943,0.01562786102294922,14566.0,0.31638863682746887,200,1
SLIM*SIG1,676053df-1802-11f0-8423-54a95b9ec813,auction,7,88,0.28759515285491943,0.03659534454345703,15038.0,0.31638863682746887,200,1
SLIM*SIG1,676053df-1802-11f0-8423-54a95b9ec813,auction,7,89,0.28759515285491943,0.015729427337646484,14567.0,0.31638863682746887,200,1
SLIM*SIG1,676053df-1802-11f0-8423-54a95b9ec813,auction,7,90,0.28759515285491943,0.015622854232788086,14693.0,0.31638863682746887,200,1
SLIM*SIG1,676053df-1802-11f0-8423-54a95b9ec813,auction,7,91,0.28759515285491943,0.03115701675415039,14632.0,0.31638863682746887,200,1
SLIM*SIG1,676053df-1802-11f0-8423-54a95b9ec813,auction,7,92,0.28759515285491943,0.015718698501586914,14402.0,0.31638863682746887,200,1
SLIM*SIG1,676053df-1802-11f0-8423-54a95b9ec813,auction,7,93,0.28759515285491943,0.03638458251953125,13731.0,0.31638863682746887,200,1
SLIM*SIG1,676053df-1802-11f0-8423-54a95b9ec813,auction,7,94,0.28759515285491943,0.015639781951904297,14488.0,0.31638863682746887,200,1
SLIM*SIG1,676053df-1802-11f0-8423-54a95b9ec813,auction,7,95,0.28759515285491943,0.03129863739013672,15065.0,0.31638863682746887,200,1
SLIM*SIG1,676053df-1802-11f0-8423-54a95b9ec813,auction,7,96,0.2875712811946869,0.015744924545288086,15734.0,0.3152494430541992,200,1
SLIM*SIG1,676053df-1802-11f0-8423-54a95b9ec813,auction,7,97,0.28743380308151245,0.01553487777709961,15357.0,0.3151387870311737,213,1
SLIM*SIG1,676053df-1802-11f0-8423-54a95b9ec813,auction,7,98,0.28743380308151245,0.02396678924560547,16191.0,0.3151387870311737,213,1
SLIM*SIG1,676053df-1802-11f0-8423-54a95b9ec813,auction,7,99,0.28743380308151245,0.015511512756347656,17468.0,0.3151387870311737,213,1
SLIM*SIG1,676053df-1802-11f0-8423-54a95b9ec813,auction,7,100,0.28743380308151245,0.03136181831359863,18010.0,0.3151387870311737,213,1
SLIM*SIG1,676053df-1802-11f0-8423-54a95b9ec813,auction,7,101,0.28743380308151245,0.031249284744262695,17855.0,0.3151387870311737,213,1
SLIM*SIG1,676053df-1802-11f0-8423-54a95b9ec813,auction,7,102,0.2869233191013336,0.021869182586669922,17850.0,0.3149377405643463,200,1
SLIM*SIG1,676053df-1802-11f0-8423-54a95b9ec813,auction,7,103,0.2869233191013336,0.03125810623168945,18456.0,0.3149377405643463,200,1
SLIM*SIG1,676053df-1802-11f0-8423-54a95b9ec813,auction,7,104,0.2869233191013336,0.01571488380432129,18306.0,0.3149377405643463,200,1
SLIM*SIG1,676053df-1802-11f0-8423-54a95b9ec813,auction,7,105,0.2869233191013336,0.03125143051147461,18424.0,0.3149377405643463,200,1
SLIM*SIG1,676053df-1802-11f0-8423-54a95b9ec813,auction,7,106,0.2868645191192627,0.021486282348632812,18367.0,0.31563079357147217,200,1
SLIM*SIG1,676053df-1802-11f0-8423-54a95b9ec813,auction,7,107,0.2868645191192627,0.03129315376281738,18803.0,0.31563079357147217,200,1
SLIM*SIG1,676053df-1802-11f0-8423-54a95b9ec813,auction,7,108,0.2868645191192627,0.031212806701660156,18390.0,0.31563079357147217,200,1
SLIM*SIG1,676053df-1802-11f0-8423-54a95b9ec813,auction,7,109,0.2868645191192627,0.01572251319885254,17994.0,0.31563079357147217,200,1
SLIM*SIG1,676053df-1802-11f0-8423-54a95b9ec813,auction,7,110,0.2868645191192627,0.03788280487060547,18278.0,0.31563079357147217,200,1
SLIM*SIG1,676053df-1802-11f0-8423-54a95b9ec813,auction,7,111,0.2868645191192627,0.015722036361694336,17756.0,0.31563079357147217,200,1
SLIM*SIG1,676053df-1802-11f0-8423-54a95b9ec813,auction,7,112,0.2868645191192627,0.03115677833557129,17664.0,0.31563079357147217,200,1
SLIM*SIG1,676053df-1802-11f0-8423-54a95b9ec813,auction,7,113,0.2868645191192627,0.015625715255737305,17319.0,0.31563079357147217,200,1
SLIM*SIG1,676053df-1802-11f0-8423-54a95b9ec813,auction,7,114,0.2868645191192627,0.037921905517578125,17488.0,0.31563079357147217,200,1
SLIM*SIG1,676053df-1802-11f0-8423-54a95b9ec813,auction,7,115,0.2868645191192627,0.031153440475463867,17892.0,0.31563079357147217,200,1
SLIM*SIG1,676053df-1802-11f0-8423-54a95b9ec813,auction,7,116,0.2868645191192627,0.08857202529907227,18346.0,0.31563079357147217,200,1
SLIM*SIG1,676053df-1802-11f0-8423-54a95b9ec813,auction,7,117,0.2868645191192627,0.030677318572998047,18577.0,0.31563079357147217,200,1
SLIM*SIG1,676053df-1802-11f0-8423-54a95b9ec813,auction,7,118,0.2868645191192627,0.015630722045898438,17926.0,0.31563079357147217,200,1
SLIM*SIG1,676053df-1802-11f0-8423-54a95b9ec813,auction,7,119,0.2868645191192627,0.03376293182373047,17397.0,0.31563079357147217,200,1
SLIM*SIG1,676053df-1802-11f0-8423-54a95b9ec813,auction,7,120,0.2868645191192627,0.03125405311584473,17408.0,0.31563079357147217,200,1
SLIM*SIG1,676053df-1802-11f0-8423-54a95b9ec813,auction,7,121,0.2868645191192627,0.015629291534423828,17389.0,0.31563079357147217,200,1
SLIM*SIG1,676053df-1802-11f0-8423-54a95b9ec813,auction,7,122,0.2868645191192627,0.03134512901306152,17905.0,0.31563079357147217,200,1
SLIM*SIG1,676053df-1802-11f0-8423-54a95b9ec813,auction,7,123,0.2868645191192627,0.021535634994506836,17843.0,0.31563079357147217,200,1
SLIM*SIG1,676053df-1802-11f0-8423-54a95b9ec813,auction,7,124,0.285775363445282,0.031151771545410156,17646.0,0.315202534198761,213,1
SLIM*SIG1,676053df-1802-11f0-8423-54a95b9ec813,auction,7,125,0.28558310866355896,0.01562643051147461,17908.0,0.3149262070655823,200,1
SLIM*SIG1,676053df-1802-11f0-8423-54a95b9ec813,auction,7,126,0.28558310866355896,0.0312504768371582,17555.0,0.3149262070655823,200,1
SLIM*SIG1,676053df-1802-11f0-8423-54a95b9ec813,auction,7,127,0.28558310866355896,0.022276878356933594,16852.0,0.3149262070655823,200,1
SLIM*SIG1,676053df-1802-11f0-8423-54a95b9ec813,auction,7,128,0.28552374243736267,0.0306854248046875,17240.0,0.3162732720375061,187,1
SLIM*SIG1,676053df-1802-11f0-8423-54a95b9ec813,auction,7,129,0.2852076292037964,0.01562786102294922,17148.0,0.3157799541950226,213,1
SLIM*SIG1,676053df-1802-11f0-8423-54a95b9ec813,auction,7,130,0.2852076292037964,0.031214475631713867,16853.0,0.3157799541950226,213,1
SLIM*SIG1,676053df-1802-11f0-8423-54a95b9ec813,auction,7,131,0.2852076292037964,0.01565718650817871,16541.0,0.3157799541950226,213,1
SLIM*SIG1,676053df-1802-11f0-8423-54a95b9ec813,auction,7,132,0.2852076292037964,0.015630006790161133,15769.0,0.3157799541950226,213,1
SLIM*SIG1,676053df-1802-11f0-8423-54a95b9ec813,auction,7,133,0.2852076292037964,0.008538484573364258,16068.0,0.3157799541950226,213,1
SLIM*SIG1,676053df-1802-11f0-8423-54a95b9ec813,auction,7,134,0.2852076292037964,0.015628814697265625,16289.0,0.3157799541950226,213,1
SLIM*SIG1,676053df-1802-11f0-8423-54a95b9ec813,auction,7,135,0.2852076292037964,0.03326010704040527,16676.0,0.3157799541950226,213,1
SLIM*SIG1,676053df-1802-11f0-8423-54a95b9ec813,auction,7,136,0.2852076292037964,0.02483057975769043,17387.0,0.3157799541950226,213,1
SLIM*SIG1,676053df-1802-11f0-8423-54a95b9ec813,auction,7,137,0.2852076292037964,0.024783611297607422,17462.0,0.3157799541950226,213,1
SLIM*SIG1,676053df-1802-11f0-8423-54a95b9ec813,auction,7,138,0.2852076292037964,0.01562809944152832,18937.0,0.3157799541950226,213,1
SLIM*SIG1,676053df-1802-11f0-8423-54a95b9ec813,auction,7,139,0.2852076292037964,0.03121805191040039,18658.0,0.3157799541950226,213,1
SLIM*SIG1,676053df-1802-11f0-8423-54a95b9ec813,auction,7,140,0.2852076292037964,0.058617591857910156,17707.0,0.3157799541950226,213,1
SLIM*SIG1,676053df-1802-11f0-8423-54a95b9ec813,auction,7,141,0.2852076292037964,0.046880245208740234,17539.0,0.3157799541950226,213,1
SLIM*SIG1,676053df-1802-11f0-8423-54a95b9ec813,auction,7,142,0.28513315320014954,0.03534841537475586,17574.0,0.31548190116882324,226,1
SLIM*SIG1,676053df-1802-11f0-8423-54a95b9ec813,auction,7,143,0.2850790023803711,0.014513492584228516,17563.0,0.3157947063446045,239,1
SLIM*SIG1,676053df-1802-11f0-8423-54a95b9ec813,auction,7,144,0.2850790023803711,0.0312650203704834,18850.0,0.3157947063446045,239,1
SLIM*SIG1,676053df-1802-11f0-8423-54a95b9ec813,auction,7,145,0.2850790023803711,0.031250715255737305,19239.0,0.3157947063446045,239,1
SLIM*SIG1,676053df-1802-11f0-8423-54a95b9ec813,auction,7,146,0.2846384048461914,0.02082037925720215,19375.0,0.3145411014556885,226,1
SLIM*SIG1,676053df-1802-11f0-8423-54a95b9ec813,auction,7,147,0.2846384048461914,0.03130054473876953,19422.0,0.3145411014556885,226,1
SLIM*SIG1,676053df-1802-11f0-8423-54a95b9ec813,auction,7,148,0.2846384048461914,0.01562666893005371,19769.0,0.3145411014556885,226,1
SLIM*SIG1,676053df-1802-11f0-8423-54a95b9ec813,auction,7,149,0.2846384048461914,0.031248092651367188,19549.0,0.3145411014556885,226,1
SLIM*SIG1,676053df-1802-11f0-8423-54a95b9ec813,auction,7,150,0.2846384048461914,0.031217575073242188,19860.0,0.3145411014556885,226,1
SLIM*SIG1,676053df-1802-11f0-8423-54a95b9ec813,auction,7,151,0.2846384048461914,0.05980086326599121,19859.0,0.3145411014556885,226,1
SLIM*SIG1,676053df-1802-11f0-8423-54a95b9ec813,auction,7,152,0.2846384048461914,0.15843892097473145,19258.0,0.3145411014556885,226,1
SLIM*SIG1,676053df-1802-11f0-8423-54a95b9ec813,auction,7,153,0.2846384048461914,0.07232260704040527,19023.0,0.3145411014556885,226,1
SLIM*SIG1,676053df-1802-11f0-8423-54a95b9ec813,auction,7,154,0.2846384048461914,0.054775238037109375,18831.0,0.3145411014556885,226,1
SLIM*SIG1,676053df-1802-11f0-8423-54a95b9ec813,auction,7,155,0.2846384048461914,0.0319671630859375,19217.0,0.3145411014556885,226,1
SLIM*SIG1,676053df-1802-11f0-8423-54a95b9ec813,auction,7,156,0.2846384048461914,0.022739410400390625,19873.0,0.3145411014556885,226,1
SLIM*SIG1,676053df-1802-11f0-8423-54a95b9ec813,auction,7,157,0.2846154272556305,0.03127861022949219,20720.0,0.3145749866962433,239,1
SLIM*SIG1,676053df-1802-11f0-8423-54a95b9ec813,auction,7,158,0.2846154272556305,0.03722524642944336,20898.0,0.3145749866962433,239,1
SLIM*SIG1,676053df-1802-11f0-8423-54a95b9ec813,auction,7,159,0.2846154272556305,0.03127336502075195,21026.0,0.3145749866962433,239,1
SLIM*SIG1,676053df-1802-11f0-8423-54a95b9ec813,auction,7,160,0.2846154272556305,0.031213998794555664,21194.0,0.3145749866962433,239,1
SLIM*SIG1,676053df-1802-11f0-8423-54a95b9ec813,auction,7,161,0.2846154272556305,0.055345773696899414,20943.0,0.3145749866962433,239,1
SLIM*SIG1,676053df-1802-11f0-8423-54a95b9ec813,auction,7,162,0.2846154272556305,0.04687356948852539,21440.0,0.3145749866962433,239,1
SLIM*SIG1,676053df-1802-11f0-8423-54a95b9ec813,auction,7,163,0.2846154272556305,0.08350348472595215,20978.0,0.3145749866962433,239,1
SLIM*SIG1,676053df-1802-11f0-8423-54a95b9ec813,auction,7,164,0.2846154272556305,0.036501407623291016,20251.0,0.3145749866962433,239,1
SLIM*SIG1,676053df-1802-11f0-8423-54a95b9ec813,auction,7,165,0.2846154272556305,0.06249189376831055,20441.0,0.3145749866962433,239,1
SLIM*SIG1,676053df-1802-11f0-8423-54a95b9ec813,auction,7,166,0.2846154272556305,0.059230804443359375,20325.0,0.3145749866962433,239,1
SLIM*SIG1,676053df-1802-11f0-8423-54a95b9ec813,auction,7,167,0.2846154272556305,0.04694676399230957,19773.0,0.3145749866962433,239,1
SLIM*SIG1,676053df-1802-11f0-8423-54a95b9ec813,auction,7,168,0.2846154272556305,0.03123164176940918,19957.0,0.3145749866962433,239,1
SLIM*SIG1,676053df-1802-11f0-8423-54a95b9ec813,auction,7,169,0.2846154272556305,0.05120110511779785,19862.0,0.3145749866962433,239,1
SLIM*SIG1,676053df-1802-11f0-8423-54a95b9ec813,auction,7,170,0.2846154272556305,0.06720781326293945,19914.0,0.3145749866962433,239,1
SLIM*SIG1,676053df-1802-11f0-8423-54a95b9ec813,auction,7,171,0.2846154272556305,0.03135371208190918,19396.0,0.3145749866962433,239,1
SLIM*SIG1,676053df-1802-11f0-8423-54a95b9ec813,auction,7,172,0.284530907869339,0.031197547912597656,19283.0,0.314880907535553,239,1
SLIM*SIG1,676053df-1802-11f0-8423-54a95b9ec813,auction,7,173,0.2845173180103302,0.01568126678466797,19729.0,0.31484439969062805,252,1
SLIM*SIG1,676053df-1802-11f0-8423-54a95b9ec813,auction,7,174,0.2845173180103302,0.03595280647277832,20374.0,0.31484439969062805,252,1
SLIM*SIG1,676053df-1802-11f0-8423-54a95b9ec813,auction,7,175,0.283822238445282,0.08544802665710449,20338.0,0.31252044439315796,265,1
SLIM*SIG1,676053df-1802-11f0-8423-54a95b9ec813,auction,7,176,0.283822238445282,0.031351566314697266,20323.0,0.31252044439315796,265,1
SLIM*SIG1,676053df-1802-11f0-8423-54a95b9ec813,auction,7,177,0.283822238445282,0.015533447265625,21042.0,0.31252044439315796,265,1
SLIM*SIG1,676053df-1802-11f0-8423-54a95b9ec813,auction,7,178,0.283822238445282,0.03124547004699707,21136.0,0.31252044439315796,265,1
SLIM*SIG1,676053df-1802-11f0-8423-54a95b9ec813,auction,7,179,0.283822238445282,0.05812430381774902,22191.0,0.31252044439315796,265,1
SLIM*SIG1,676053df-1802-11f0-8423-54a95b9ec813,auction,7,180,0.283822238445282,0.04687857627868652,21782.0,0.31252044439315796,265,1
SLIM*SIG1,676053df-1802-11f0-8423-54a95b9ec813,auction,7,181,0.283822238445282,0.050771474838256836,21637.0,0.31252044439315796,265,1
SLIM*SIG1,676053df-1802-11f0-8423-54a95b9ec813,auction,7,182,0.283822238445282,0.04727435111999512,22474.0,0.31252044439315796,265,1
SLIM*SIG1,676053df-1802-11f0-8423-54a95b9ec813,auction,7,183,0.283822238445282,0.0876016616821289,22092.0,0.31252044439315796,265,1
SLIM*SIG1,676053df-1802-11f0-8423-54a95b9ec813,auction,7,184,0.283822238445282,0.05043745040893555,22657.0,0.31252044439315796,265,1
SLIM*SIG1,676053df-1802-11f0-8423-54a95b9ec813,auction,7,185,0.283822238445282,0.046874046325683594,22478.0,0.31252044439315796,265,1
SLIM*SIG1,676053df-1802-11f0-8423-54a95b9ec813,auction,7,186,0.283822238445282,0.0468754768371582,22398.0,0.31252044439315796,265,1
SLIM*SIG1,676053df-1802-11f0-8423-54a95b9ec813,auction,7,187,0.283822238445282,0.10120534896850586,22935.0,0.31252044439315796,265,1
SLIM*SIG1,676053df-1802-11f0-8423-54a95b9ec813,auction,7,188,0.283822238445282,0.08714437484741211,22621.0,0.31252044439315796,265,1
SLIM*SIG1,676053df-1802-11f0-8423-54a95b9ec813,auction,7,189,0.283822238445282,0.10008597373962402,23115.0,0.31252044439315796,265,1
SLIM*SIG1,676053df-1802-11f0-8423-54a95b9ec813,auction,7,190,0.283822238445282,0.05303454399108887,22689.0,0.31252044439315796,265,1
SLIM*SIG1,676053df-1802-11f0-8423-54a95b9ec813,auction,7,191,0.283822238445282,0.04686617851257324,22175.0,0.31252044439315796,265,1
SLIM*SIG1,676053df-1802-11f0-8423-54a95b9ec813,auction,7,192,0.283822238445282,0.08433842658996582,21924.0,0.31252044439315796,265,1
SLIM*SIG1,676053df-1802-11f0-8423-54a95b9ec813,auction,7,193,0.283822238445282,0.06250858306884766,22037.0,0.31252044439315796,265,1
SLIM*SIG1,676053df-1802-11f0-8423-54a95b9ec813,auction,7,194,0.283822238445282,0.04270005226135254,22025.0,0.31252044439315796,265,1
SLIM*SIG1,676053df-1802-11f0-8423-54a95b9ec813,auction,7,195,0.283822238445282,0.0378725528717041,21589.0,0.31252044439315796,265,1
SLIM*SIG1,676053df-1802-11f0-8423-54a95b9ec813,auction,7,196,0.283822238445282,0.06041860580444336,20508.0,0.31252044439315796,265,1
SLIM*SIG1,676053df-1802-11f0-8423-54a95b9ec813,auction,7,197,0.283822238445282,0.06523418426513672,20709.0,0.31252044439315796,265,1
SLIM*SIG1,676053df-1802-11f0-8423-54a95b9ec813,auction,7,198,0.283822238445282,0.05806469917297363,21145.0,0.31252044439315796,265,1
SLIM*SIG1,676053df-1802-11f0-8423-54a95b9ec813,auction,7,199,0.283822238445282,0.06816458702087402,21342.0,0.31252044439315796,265,1
SLIM*SIG1,676053df-1802-11f0-8423-54a95b9ec813,auction,7,200,0.283822238445282,0.04687094688415527,21611.0,0.31252044439315796,265,1
SLIM*SIG1,676053df-1802-11f0-8423-54a95b9ec813,auction,7,201,0.283822238445282,0.06038522720336914,21467.0,0.31252044439315796,265,1
SLIM*SIG1,676053df-1802-11f0-8423-54a95b9ec813,auction,7,202,0.283822238445282,0.041443586349487305,21063.0,0.31252044439315796,265,1
SLIM*SIG1,676053df-1802-11f0-8423-54a95b9ec813,auction,7,203,0.283822238445282,0.046871185302734375,20289.0,0.31252044439315796,265,1
SLIM*SIG1,676053df-1802-11f0-8423-54a95b9ec813,auction,7,204,0.283822238445282,0.06896615028381348,19956.0,0.31252044439315796,265,1
SLIM*SIG1,676053df-1802-11f0-8423-54a95b9ec813,auction,7,205,0.283822238445282,0.08449721336364746,20934.0,0.31252044439315796,265,1
SLIM*SIG1,676053df-1802-11f0-8423-54a95b9ec813,auction,7,206,0.283822238445282,0.062244415283203125,22625.0,0.31252044439315796,265,1
SLIM*SIG1,676053df-1802-11f0-8423-54a95b9ec813,auction,7,207,0.283822238445282,0.04935121536254883,22338.0,0.31252044439315796,265,1
SLIM*SIG1,676053df-1802-11f0-8423-54a95b9ec813,auction,7,208,0.283822238445282,0.08607029914855957,22077.0,0.31252044439315796,265,1
SLIM*SIG1,676053df-1802-11f0-8423-54a95b9ec813,auction,7,209,0.283822238445282,0.08655333518981934,22063.0,0.31252044439315796,265,1
SLIM*SIG1,676053df-1802-11f0-8423-54a95b9ec813,auction,7,210,0.2837742269039154,0.09985184669494629,22401.0,0.3123720586299896,265,1
SLIM*SIG1,676053df-1802-11f0-8423-54a95b9ec813,auction,7,211,0.2837742269039154,0.04687833786010742,22717.0,0.3123720586299896,265,1
SLIM*SIG1,676053df-1802-11f0-8423-54a95b9ec813,auction,7,212,0.2837742269039154,0.08201909065246582,23561.0,0.3123720586299896,265,1
SLIM*SIG1,676053df-1802-11f0-8423-54a95b9ec813,auction,7,213,0.2837742269039154,0.046875,23678.0,0.3123720586299896,265,1
SLIM*SIG1,676053df-1802-11f0-8423-54a95b9ec813,auction,7,214,0.2837599813938141,0.05765414237976074,23760.0,0.3145000636577606,291,1
SLIM*SIG1,676053df-1802-11f0-8423-54a95b9ec813,auction,7,215,0.2837599813938141,0.08349204063415527,23705.0,0.3145000636577606,291,1
SLIM*SIG1,676053df-1802-11f0-8423-54a95b9ec813,auction,7,216,0.2837599813938141,0.08200955390930176,23482.0,0.3145000636577606,291,1
SLIM*SIG1,676053df-1802-11f0-8423-54a95b9ec813,auction,7,217,0.2837599813938141,0.08846855163574219,24001.0,0.3145000636577606,291,1
SLIM*SIG1,676053df-1802-11f0-8423-54a95b9ec813,auction,7,218,0.2837599813938141,0.07812809944152832,23953.0,0.3145000636577606,291,1
SLIM*SIG1,676053df-1802-11f0-8423-54a95b9ec813,auction,7,219,0.2837599813938141,0.049887895584106445,24093.0,0.3145000636577606,291,1
SLIM*SIG1,676053df-1802-11f0-8423-54a95b9ec813,auction,7,220,0.2837599813938141,0.06249713897705078,24689.0,0.3145000636577606,291,1
SLIM*SIG1,676053df-1802-11f0-8423-54a95b9ec813,auction,7,221,0.2837599813938141,0.05664801597595215,25090.0,0.3145000636577606,291,1
SLIM*SIG1,676053df-1802-11f0-8423-54a95b9ec813,auction,7,222,0.2837599813938141,0.06249833106994629,25018.0,0.3145000636577606,291,1
SLIM*SIG1,676053df-1802-11f0-8423-54a95b9ec813,auction,7,223,0.2837599813938141,0.09945321083068848,25170.0,0.3145000636577606,291,1
SLIM*SIG1,676053df-1802-11f0-8423-54a95b9ec813,auction,7,224,0.2837599813938141,0.0858616828918457,25441.0,0.3145000636577606,291,1
SLIM*SIG1,676053df-1802-11f0-8423-54a95b9ec813,auction,7,225,0.2837599813938141,0.06610107421875,25234.0,0.3145000636577606,291,1
SLIM*SIG1,676053df-1802-11f0-8423-54a95b9ec813,auction,7,226,0.2837599813938141,0.06657147407531738,24478.0,0.3145000636577606,291,1
SLIM*SIG1,676053df-1802-11f0-8423-54a95b9ec813,auction,7,227,0.2837599813938141,0.09132218360900879,24429.0,0.3145000636577606,291,1
SLIM*SIG1,676053df-1802-11f0-8423-54a95b9ec813,auction,7,228,0.2837599813938141,0.07085561752319336,24464.0,0.3145000636577606,291,1
SLIM*SIG1,676053df-1802-11f0-8423-54a95b9ec813,auction,7,229,0.2837599813938141,0.07094430923461914,23867.0,0.3145000636577606,291,1
SLIM*SIG1,676053df-1802-11f0-8423-54a95b9ec813,auction,7,230,0.2837599813938141,0.08439326286315918,23740.0,0.3145000636577606,291,1
SLIM*SIG1,676053df-1802-11f0-8423-54a95b9ec813,auction,7,231,0.2837599813938141,0.0625,24177.0,0.3145000636577606,291,1
SLIM*SIG1,676053df-1802-11f0-8423-54a95b9ec813,auction,7,232,0.2837599813938141,0.11477184295654297,23451.0,0.3145000636577606,291,1
SLIM*SIG1,676053df-1802-11f0-8423-54a95b9ec813,auction,7,233,0.2837599813938141,0.05529189109802246,23756.0,0.3145000636577606,291,1
SLIM*SIG1,676053df-1802-11f0-8423-54a95b9ec813,auction,7,234,0.2837599813938141,0.06250262260437012,24075.0,0.3145000636577606,291,1
SLIM*SIG1,676053df-1802-11f0-8423-54a95b9ec813,auction,7,235,0.2837599813938141,0.06599068641662598,24320.0,0.3145000636577606,291,1
SLIM*SIG1,676053df-1802-11f0-8423-54a95b9ec813,auction,7,236,0.2837599813938141,0.08406519889831543,24008.0,0.3145000636577606,291,1
SLIM*SIG1,676053df-1802-11f0-8423-54a95b9ec813,auction,7,237,0.2837599813938141,0.06250333786010742,23722.0,0.3145000636577606,291,1
SLIM*SIG1,676053df-1802-11f0-8423-54a95b9ec813,auction,7,238,0.2837599813938141,0.07257270812988281,23813.0,0.3145000636577606,291,1
SLIM*SIG1,676053df-1802-11f0-8423-54a95b9ec813,auction,7,239,0.2837599813938141,0.06987166404724121,24262.0,0.3145000636577606,291,1
SLIM*SIG1,676053df-1802-11f0-8423-54a95b9ec813,auction,7,240,0.2837599813938141,0.06671881675720215,24415.0,0.3145000636577606,291,1
SLIM*SIG1,676053df-1802-11f0-8423-54a95b9ec813,auction,7,241,0.2837599813938141,0.06249880790710449,24286.0,0.3145000636577606,291,1
SLIM*SIG1,676053df-1802-11f0-8423-54a95b9ec813,auction,7,242,0.28353869915008545,0.07149267196655273,24814.0,0.3132995367050171,278,1
SLIM*SIG1,676053df-1802-11f0-8423-54a95b9ec813,auction,7,243,0.28353869915008545,0.09727907180786133,25076.0,0.3132995367050171,278,1
SLIM*SIG1,676053df-1802-11f0-8423-54a95b9ec813,auction,7,244,0.28353869915008545,0.06250333786010742,24371.0,0.3132995367050171,278,1
SLIM*SIG1,676053df-1802-11f0-8423-54a95b9ec813,auction,7,245,0.28353869915008545,0.05533337593078613,24228.0,0.3132995367050171,278,1
SLIM*SIG1,676053df-1802-11f0-8423-54a95b9ec813,auction,7,246,0.28353869915008545,0.046861886978149414,24361.0,0.3132995367050171,278,1
SLIM*SIG1,676053df-1802-11f0-8423-54a95b9ec813,auction,7,247,0.28353869915008545,0.08346390724182129,23865.0,0.3132995367050171,278,1
SLIM*SIG1,676053df-1802-11f0-8423-54a95b9ec813,auction,7,248,0.28353869915008545,0.0625004768371582,23506.0,0.3132995367050171,278,1
SLIM*SIG1,676053df-1802-11f0-8423-54a95b9ec813,auction,7,249,0.28353869915008545,0.05477619171142578,23187.0,0.3132995367050171,278,1
SLIM*SIG1,676053df-1802-11f0-8423-54a95b9ec813,auction,7,250,0.28353869915008545,0.10291123390197754,22788.0,0.3132995367050171,278,1
SLIM*SIG1,676053df-1802-11f0-8423-54a95b9ec813,auction,7,251,0.28353869915008545,0.06706643104553223,22616.0,0.3132995367050171,278,1
SLIM*SIG1,676053df-1802-11f0-8423-54a95b9ec813,auction,7,252,0.28353869915008545,0.09884953498840332,22416.0,0.3132995367050171,278,1
SLIM*SIG1,676053df-1802-11f0-8423-54a95b9ec813,auction,7,253,0.28353869915008545,0.07816910743713379,22495.0,0.3132995367050171,278,1
SLIM*SIG1,676053df-1802-11f0-8423-54a95b9ec813,auction,7,254,0.28353869915008545,0.0706338882446289,23286.0,0.3132995367050171,278,1
SLIM*SIG1,676053df-1802-11f0-8423-54a95b9ec813,auction,7,255,0.2834905683994293,0.0625007152557373,23588.0,0.31304919719696045,291,1
SLIM*SIG1,676053df-1802-11f0-8423-54a95b9ec813,auction,7,256,0.2834905683994293,0.052944183349609375,24158.0,0.31304919719696045,291,1
SLIM*SIG1,676053df-1802-11f0-8423-54a95b9ec813,auction,7,257,0.2834905683994293,0.07720780372619629,24343.0,0.31304919719696045,291,1
SLIM*SIG1,676053df-1802-11f0-8423-54a95b9ec813,auction,7,258,0.2834905683994293,0.0729978084564209,24597.0,0.31304919719696045,291,1
SLIM*SIG1,676053df-1802-11f0-8423-54a95b9ec813,auction,7,259,0.2834905683994293,0.07723188400268555,25344.0,0.31304919719696045,291,1
SLIM*SIG1,676053df-1802-11f0-8423-54a95b9ec813,auction,7,260,0.2834905683994293,0.06885194778442383,25746.0,0.31304919719696045,291,1
SLIM*SIG1,676053df-1802-11f0-8423-54a95b9ec813,auction,7,261,0.2834905683994293,0.06917166709899902,25587.0,0.31304919719696045,291,1
SLIM*SIG1,676053df-1802-11f0-8423-54a95b9ec813,auction,7,262,0.2834905683994293,0.07985734939575195,25338.0,0.31304919719696045,291,1
SLIM*SIG1,676053df-1802-11f0-8423-54a95b9ec813,auction,7,263,0.2834905683994293,0.09376358985900879,24926.0,0.31304919719696045,291,1
SLIM*SIG1,676053df-1802-11f0-8423-54a95b9ec813,auction,7,264,0.2834905683994293,0.07195448875427246,24805.0,0.31304919719696045,291,1
SLIM*SIG1,676053df-1802-11f0-8423-54a95b9ec813,auction,7,265,0.2834905683994293,0.08626079559326172,25764.0,0.31304919719696045,291,1
SLIM*SIG1,676053df-1802-11f0-8423-54a95b9ec813,auction,7,266,0.2834905683994293,0.0690762996673584,26210.0,0.31304919719696045,291,1
SLIM*SIG1,676053df-1802-11f0-8423-54a95b9ec813,auction,7,267,0.28346332907676697,0.09976601600646973,26345.0,0.31250661611557007,291,1
SLIM*SIG1,676053df-1802-11f0-8423-54a95b9ec813,auction,7,268,0.28346332907676697,0.06250405311584473,26429.0,0.31250661611557007,291,1
SLIM*SIG1,676053df-1802-11f0-8423-54a95b9ec813,auction,7,269,0.28344398736953735,0.05003523826599121,26762.0,0.313117653131485,304,1
SLIM*SIG1,676053df-1802-11f0-8423-54a95b9ec813,auction,7,270,0.28344398736953735,0.06249737739562988,26761.0,0.313117653131485,304,1
SLIM*SIG1,676053df-1802-11f0-8423-54a95b9ec813,auction,7,271,0.28344398736953735,0.0581202507019043,26674.0,0.313117653131485,304,1
SLIM*SIG1,676053df-1802-11f0-8423-54a95b9ec813,auction,7,272,0.28344398736953735,0.0625004768371582,26342.0,0.313117653131485,304,1
SLIM*SIG1,676053df-1802-11f0-8423-54a95b9ec813,auction,7,273,0.28344398736953735,0.06962728500366211,26358.0,0.313117653131485,304,1
SLIM*SIG1,676053df-1802-11f0-8423-54a95b9ec813,auction,7,274,0.28344398736953735,0.04687356948852539,25767.0,0.313117653131485,304,1
SLIM*SIG1,676053df-1802-11f0-8423-54a95b9ec813,auction,7,275,0.28344398736953735,0.05314755439758301,25817.0,0.313117653131485,304,1
SLIM*SIG1,676053df-1802-11f0-8423-54a95b9ec813,auction,7,276,0.28344398736953735,0.0583798885345459,25728.0,0.313117653131485,304,1
SLIM*SIG1,676053df-1802-11f0-8423-54a95b9ec813,auction,7,277,0.28344398736953735,0.08489513397216797,25614.0,0.313117653131485,304,1
SLIM*SIG1,676053df-1802-11f0-8423-54a95b9ec813,auction,7,278,0.28344398736953735,0.08525514602661133,25832.0,0.313117653131485,304,1
SLIM*SIG1,676053df-1802-11f0-8423-54a95b9ec813,auction,7,279,0.28344398736953735,0.0658881664276123,26149.0,0.313117653131485,304,1
SLIM*SIG1,676053df-1802-11f0-8423-54a95b9ec813,auction,7,280,0.2834143042564392,0.0625009536743164,27086.0,0.313532292842865,317,1
SLIM*SIG1,676053df-1802-11f0-8423-54a95b9ec813,auction,7,281,0.2834143042564392,0.08446884155273438,26581.0,0.313532292842865,317,1
SLIM*SIG1,676053df-1802-11f0-8423-54a95b9ec813,auction,7,282,0.2834143042564392,0.05295372009277344,27175.0,0.313532292842865,317,1
SLIM*SIG1,676053df-1802-11f0-8423-54a95b9ec813,auction,7,283,0.2834143042564392,0.06250333786010742,26502.0,0.313532292842865,317,1
SLIM*SIG1,676053df-1802-11f0-8423-54a95b9ec813,auction,7,284,0.2834143042564392,0.08886218070983887,26252.0,0.313532292842865,317,1
SLIM*SIG1,676053df-1802-11f0-8423-54a95b9ec813,auction,7,285,0.2834143042564392,0.06249547004699707,25991.0,0.313532292842865,317,1
SLIM*SIG1,676053df-1802-11f0-8423-54a95b9ec813,auction,7,286,0.2834143042564392,0.06884574890136719,27446.0,0.313532292842865,317,1
SLIM*SIG1,676053df-1802-11f0-8423-54a95b9ec813,auction,7,287,0.2834143042564392,0.08445143699645996,28023.0,0.313532292842865,317,1
SLIM*SIG1,676053df-1802-11f0-8423-54a95b9ec813,auction,7,288,0.2834143042564392,0.0828256607055664,28579.0,0.313532292842865,317,1
SLIM*SIG1,676053df-1802-11f0-8423-54a95b9ec813,auction,7,289,0.2834143042564392,0.102020263671875,29498.0,0.313532292842865,317,1
SLIM*SIG1,676053df-1802-11f0-8423-54a95b9ec813,auction,7,290,0.2834143042564392,0.10446310043334961,29344.0,0.313532292842865,317,1
SLIM*SIG1,676053df-1802-11f0-8423-54a95b9ec813,auction,7,291,0.2834143042564392,0.05181765556335449,28490.0,0.313532292842865,317,1
SLIM*SIG1,676053df-1802-11f0-8423-54a95b9ec813,auction,7,292,0.2834143042564392,0.08620786666870117,28351.0,0.313532292842865,317,1
SLIM*SIG1,676053df-1802-11f0-8423-54a95b9ec813,auction,7,293,0.2834143042564392,0.10161566734313965,29330.0,0.313532292842865,317,1
SLIM*SIG1,676053df-1802-11f0-8423-54a95b9ec813,auction,7,294,0.2834143042564392,0.09694075584411621,29561.0,0.313532292842865,317,1
SLIM*SIG1,676053df-1802-11f0-8423-54a95b9ec813,auction,7,295,0.2834143042564392,0.07131338119506836,29204.0,0.313532292842865,317,1
SLIM*SIG1,676053df-1802-11f0-8423-54a95b9ec813,auction,7,296,0.2834143042564392,0.09606361389160156,29963.0,0.313532292842865,317,1
SLIM*SIG1,676053df-1802-11f0-8423-54a95b9ec813,auction,7,297,0.2834143042564392,0.07812190055847168,30354.0,0.313532292842865,317,1
SLIM*SIG1,676053df-1802-11f0-8423-54a95b9ec813,auction,7,298,0.2834143042564392,0.10583925247192383,29423.0,0.313532292842865,317,1
SLIM*SIG1,676053df-1802-11f0-8423-54a95b9ec813,auction,7,299,0.2834143042564392,0.08158755302429199,28641.0,0.313532292842865,317,1
SLIM*SIG1,676053df-1802-11f0-8423-54a95b9ec813,auction,7,300,0.2834143042564392,0.08787178993225098,28111.0,0.313532292842865,317,1
SLIM*SIG1,676053df-1802-11f0-8423-54a95b9ec813,auction,7,301,0.2834143042564392,0.11539483070373535,27927.0,0.313532292842865,317,1
SLIM*SIG1,676053df-1802-11f0-8423-54a95b9ec813,auction,7,302,0.2834143042564392,0.09941935539245605,27068.0,0.313532292842865,317,1
SLIM*SIG1,676053df-1802-11f0-8423-54a95b9ec813,auction,7,303,0.2834143042564392,0.1018209457397461,26686.0,0.313532292842865,317,1
SLIM*SIG1,676053df-1802-11f0-8423-54a95b9ec813,auction,7,304,0.28340059518814087,0.09985113143920898,26555.0,0.31300586462020874,369,1
SLIM*SIG1,676053df-1802-11f0-8423-54a95b9ec813,auction,7,305,0.2833883762359619,0.07715868949890137,26549.0,0.313139945268631,356,1
SLIM*SIG1,676053df-1802-11f0-8423-54a95b9ec813,auction,7,306,0.2833883762359619,0.052344560623168945,26412.0,0.313139945268631,356,1
SLIM*SIG1,676053df-1802-11f0-8423-54a95b9ec813,auction,7,307,0.2833883762359619,0.05079984664916992,26484.0,0.313139945268631,356,1
SLIM*SIG1,676053df-1802-11f0-8423-54a95b9ec813,auction,7,308,0.28329703211784363,0.04686999320983887,27702.0,0.3132261633872986,369,1
SLIM*SIG1,676053df-1802-11f0-8423-54a95b9ec813,auction,7,309,0.28329703211784363,0.05563187599182129,28213.0,0.3132261633872986,369,1
SLIM*SIG1,676053df-1802-11f0-8423-54a95b9ec813,auction,7,310,0.28329703211784363,0.08149480819702148,28958.0,0.3132261633872986,369,1
SLIM*SIG1,676053df-1802-11f0-8423-54a95b9ec813,auction,7,311,0.28324171900749207,0.04686903953552246,29653.0,0.3133871555328369,382,1
SLIM*SIG1,676053df-1802-11f0-8423-54a95b9ec813,auction,7,312,0.28324171900749207,0.03963136672973633,29913.0,0.3133871555328369,382,1
SLIM*SIG1,676053df-1802-11f0-8423-54a95b9ec813,auction,7,313,0.28324171900749207,0.04687643051147461,29649.0,0.3133871555328369,382,1
SLIM*SIG1,676053df-1802-11f0-8423-54a95b9ec813,auction,7,314,0.28319624066352844,0.07091856002807617,30009.0,0.31323617696762085,369,1
SLIM*SIG1,676053df-1802-11f0-8423-54a95b9ec813,auction,7,315,0.28319624066352844,0.09903264045715332,30520.0,0.31323617696762085,369,1
SLIM*SIG1,676053df-1802-11f0-8423-54a95b9ec813,auction,7,316,0.28319624066352844,0.13610053062438965,31135.0,0.31323617696762085,369,1
SLIM*SIG1,676053df-1802-11f0-8423-54a95b9ec813,auction,7,317,0.28319624066352844,0.10295391082763672,31427.0,0.31323617696762085,369,1
SLIM*SIG1,676053df-1802-11f0-8423-54a95b9ec813,auction,7,318,0.28319624066352844,0.09174132347106934,32393.0,0.31323617696762085,369,1
SLIM*SIG1,676053df-1802-11f0-8423-54a95b9ec813,auction,7,319,0.28319624066352844,0.08582830429077148,33396.0,0.31323617696762085,369,1
SLIM*SIG1,676053df-1802-11f0-8423-54a95b9ec813,auction,7,320,0.28319624066352844,0.10104608535766602,33095.0,0.31323617696762085,369,1
SLIM*SIG1,676053df-1802-11f0-8423-54a95b9ec813,auction,7,321,0.28319624066352844,0.11317563056945801,33092.0,0.31323617696762085,369,1
SLIM*SIG1,676053df-1802-11f0-8423-54a95b9ec813,auction,7,322,0.28319624066352844,0.11426591873168945,33226.0,0.31323617696762085,369,1
SLIM*SIG1,676053df-1802-11f0-8423-54a95b9ec813,auction,7,323,0.28319624066352844,0.09893250465393066,33380.0,0.31323617696762085,369,1
SLIM*SIG1,676053df-1802-11f0-8423-54a95b9ec813,auction,7,324,0.28319624066352844,0.0781257152557373,32665.0,0.31323617696762085,369,1
SLIM*SIG1,676053df-1802-11f0-8423-54a95b9ec813,auction,7,325,0.28319624066352844,0.0706946849822998,32745.0,0.31323617696762085,369,1
SLIM*SIG1,676053df-1802-11f0-8423-54a95b9ec813,auction,7,326,0.28319624066352844,0.06898188591003418,32002.0,0.31323617696762085,369,1
SLIM*SIG1,676053df-1802-11f0-8423-54a95b9ec813,auction,7,327,0.28319624066352844,0.06958246231079102,30940.0,0.31323617696762085,369,1
SLIM*SIG1,676053df-1802-11f0-8423-54a95b9ec813,auction,7,328,0.28319624066352844,0.0837869644165039,30073.0,0.31323617696762085,369,1
SLIM*SIG1,676053df-1802-11f0-8423-54a95b9ec813,auction,7,329,0.28319624066352844,0.16048359870910645,29896.0,0.31323617696762085,369,1
SLIM*SIG1,676053df-1802-11f0-8423-54a95b9ec813,auction,7,330,0.28319624066352844,0.07165813446044922,30197.0,0.31323617696762085,369,1
SLIM*SIG1,676053df-1802-11f0-8423-54a95b9ec813,auction,7,331,0.28319624066352844,0.06250333786010742,30732.0,0.31323617696762085,369,1
SLIM*SIG1,676053df-1802-11f0-8423-54a95b9ec813,auction,7,332,0.28319624066352844,0.06941580772399902,30596.0,0.31323617696762085,369,1
SLIM*SIG1,676053df-1802-11f0-8423-54a95b9ec813,auction,7,333,0.28319624066352844,0.09857940673828125,30506.0,0.31323617696762085,369,1
SLIM*SIG1,676053df-1802-11f0-8423-54a95b9ec813,auction,7,334,0.28319624066352844,0.10048985481262207,30181.0,0.31323617696762085,369,1
SLIM*SIG1,676053df-1802-11f0-8423-54a95b9ec813,auction,7,335,0.28319624066352844,0.08327054977416992,30514.0,0.31323617696762085,369,1
SLIM*SIG1,676053df-1802-11f0-8423-54a95b9ec813,auction,7,336,0.28319624066352844,0.07827925682067871,30081.0,0.31323617696762085,369,1
SLIM*SIG1,676053df-1802-11f0-8423-54a95b9ec813,auction,7,337,0.283031702041626,0.08633017539978027,30236.0,0.31339800357818604,382,1
SLIM*SIG1,676053df-1802-11f0-8423-54a95b9ec813,auction,7,338,0.283031702041626,0.11607933044433594,29304.0,0.31339800357818604,382,1
SLIM*SIG1,676053df-1802-11f0-8423-54a95b9ec813,auction,7,339,0.2830193042755127,0.07011818885803223,29116.0,0.3133392632007599,369,1
SLIM*SIG1,676053df-1802-11f0-8423-54a95b9ec813,auction,7,340,0.2830193042755127,0.11054801940917969,29339.0,0.3133392632007599,369,1
SLIM*SIG1,676053df-1802-11f0-8423-54a95b9ec813,auction,7,341,0.2830193042755127,0.11637425422668457,29152.0,0.3133392632007599,369,1
SLIM*SIG1,676053df-1802-11f0-8423-54a95b9ec813,auction,7,342,0.2829773426055908,0.07114148139953613,29167.0,0.3123767375946045,382,1
SLIM*SIG1,676053df-1802-11f0-8423-54a95b9ec813,auction,7,343,0.2829773426055908,0.0923161506652832,30196.0,0.3123767375946045,382,1
SLIM*SIG1,676053df-1802-11f0-8423-54a95b9ec813,auction,7,344,0.2829773426055908,0.04826664924621582,30346.0,0.3123767375946045,382,1
SLIM*SIG1,676053df-1802-11f0-8423-54a95b9ec813,auction,7,345,0.2829773426055908,0.051778316497802734,29856.0,0.3123767375946045,382,1
SLIM*SIG1,676053df-1802-11f0-8423-54a95b9ec813,auction,7,346,0.2829773426055908,0.07812619209289551,29946.0,0.3123767375946045,382,1
SLIM*SIG1,676053df-1802-11f0-8423-54a95b9ec813,auction,7,347,0.2829773426055908,0.08722662925720215,29248.0,0.3123767375946045,382,1
SLIM*SIG1,676053df-1802-11f0-8423-54a95b9ec813,auction,7,348,0.2829773426055908,0.10140132904052734,29780.0,0.3123767375946045,382,1
SLIM*SIG1,676053df-1802-11f0-8423-54a95b9ec813,auction,7,349,0.2829773426055908,0.06691765785217285,30349.0,0.3123767375946045,382,1
SLIM*SIG1,676053df-1802-11f0-8423-54a95b9ec813,auction,7,350,0.28294891119003296,0.09984588623046875,30627.0,0.31210511922836304,410,1
SLIM*SIG1,676053df-1802-11f0-8423-54a95b9ec813,auction,7,351,0.28290876746177673,0.0781245231628418,31003.0,0.31244099140167236,395,1
SLIM*SIG1,676053df-1802-11f0-8423-54a95b9ec813,auction,7,352,0.28290876746177673,0.08673429489135742,31120.0,0.31244099140167236,395,1
SLIM*SIG1,676053df-1802-11f0-8423-54a95b9ec813,auction,7,353,0.28290876746177673,0.072052001953125,31491.0,0.31244099140167236,395,1
SLIM*SIG1,676053df-1802-11f0-8423-54a95b9ec813,auction,7,354,0.28290876746177673,0.06249284744262695,32122.0,0.31244099140167236,395,1
SLIM*SIG1,676053df-1802-11f0-8423-54a95b9ec813,auction,7,355,0.28290876746177673,0.09841299057006836,32774.0,0.31244099140167236,395,1
SLIM*SIG1,676053df-1802-11f0-8423-54a95b9ec813,auction,7,356,0.28290876746177673,0.08405470848083496,33229.0,0.31244099140167236,395,1
SLIM*SIG1,676053df-1802-11f0-8423-54a95b9ec813,auction,7,357,0.28290876746177673,0.09921836853027344,34120.0,0.31244099140167236,395,1
SLIM*SIG1,676053df-1802-11f0-8423-54a95b9ec813,auction,7,358,0.28290876746177673,0.08878445625305176,33802.0,0.31244099140167236,395,1
SLIM*SIG1,676053df-1802-11f0-8423-54a95b9ec813,auction,7,359,0.28290876746177673,0.0978546142578125,34003.0,0.31244099140167236,395,1
SLIM*SIG1,676053df-1802-11f0-8423-54a95b9ec813,auction,7,360,0.28290876746177673,0.08478426933288574,34057.0,0.31244099140167236,395,1
SLIM*SIG1,676053df-1802-11f0-8423-54a95b9ec813,auction,7,361,0.28290876746177673,0.07533693313598633,34393.0,0.31244099140167236,395,1
SLIM*SIG1,676053df-1802-11f0-8423-54a95b9ec813,auction,7,362,0.28290876746177673,0.08469176292419434,33929.0,0.31244099140167236,395,1
SLIM*SIG1,676053df-1802-11f0-8423-54a95b9ec813,auction,7,363,0.28290876746177673,0.10329222679138184,33519.0,0.31244099140167236,395,1
SLIM*SIG1,676053df-1802-11f0-8423-54a95b9ec813,auction,7,364,0.28290876746177673,0.052310943603515625,33505.0,0.31244099140167236,395,1
SLIM*SIG1,676053df-1802-11f0-8423-54a95b9ec813,auction,7,365,0.28290876746177673,0.09841609001159668,33292.0,0.31244099140167236,395,1
SLIM*SIG1,676053df-1802-11f0-8423-54a95b9ec813,auction,7,366,0.28290876746177673,0.08221697807312012,34992.0,0.31244099140167236,395,1
SLIM*SIG1,676053df-1802-11f0-8423-54a95b9ec813,auction,7,367,0.28290876746177673,0.0840611457824707,34896.0,0.31244099140167236,395,1
SLIM*SIG1,676053df-1802-11f0-8423-54a95b9ec813,auction,7,368,0.28290876746177673,0.11048150062561035,35041.0,0.31244099140167236,395,1
SLIM*SIG1,676053df-1802-11f0-8423-54a95b9ec813,auction,7,369,0.28290876746177673,0.06986045837402344,34369.0,0.31244099140167236,395,1
SLIM*SIG1,676053df-1802-11f0-8423-54a95b9ec813,auction,7,370,0.28290876746177673,0.11554670333862305,33718.0,0.31244099140167236,395,1
SLIM*SIG1,676053df-1802-11f0-8423-54a95b9ec813,auction,7,371,0.28290876746177673,0.14506745338439941,34172.0,0.31244099140167236,395,1
SLIM*SIG1,676053df-1802-11f0-8423-54a95b9ec813,auction,7,372,0.28290876746177673,0.08595108985900879,33901.0,0.31244099140167236,395,1
SLIM*SIG1,676053df-1802-11f0-8423-54a95b9ec813,auction,7,373,0.28290876746177673,0.11558866500854492,34067.0,0.31244099140167236,395,1
SLIM*SIG1,676053df-1802-11f0-8423-54a95b9ec813,auction,7,374,0.28290876746177673,0.11361455917358398,33833.0,0.31244099140167236,395,1
SLIM*SIG1,676053df-1802-11f0-8423-54a95b9ec813,auction,7,375,0.28290876746177673,0.06824612617492676,34086.0,0.31244099140167236,395,1
SLIM*SIG1,676053df-1802-11f0-8423-54a95b9ec813,auction,7,376,0.28290876746177673,0.0847933292388916,34216.0,0.31244099140167236,395,1
SLIM*SIG1,676053df-1802-11f0-8423-54a95b9ec813,auction,7,377,0.28290876746177673,0.08613991737365723,34192.0,0.31244099140167236,395,1
SLIM*SIG1,676053df-1802-11f0-8423-54a95b9ec813,auction,7,378,0.28290876746177673,0.07813072204589844,35093.0,0.31244099140167236,395,1
SLIM*SIG1,676053df-1802-11f0-8423-54a95b9ec813,auction,7,379,0.28290876746177673,0.10228872299194336,34597.0,0.31244099140167236,395,1
SLIM*SIG1,676053df-1802-11f0-8423-54a95b9ec813,auction,7,380,0.28290876746177673,0.0700993537902832,35557.0,0.31244099140167236,395,1
SLIM*SIG1,676053df-1802-11f0-8423-54a95b9ec813,auction,7,381,0.28290876746177673,0.09374761581420898,35951.0,0.31244099140167236,395,1
SLIM*SIG1,676053df-1802-11f0-8423-54a95b9ec813,auction,7,382,0.28290876746177673,0.056198835372924805,35399.0,0.31244099140167236,395,1
SLIM*SIG1,676053df-1802-11f0-8423-54a95b9ec813,auction,7,383,0.28290876746177673,0.10315346717834473,35184.0,0.31244099140167236,395,1
SLIM*SIG1,676053df-1802-11f0-8423-54a95b9ec813,auction,7,384,0.28290876746177673,0.08336544036865234,34950.0,0.31244099140167236,395,1
SLIM*SIG1,676053df-1802-11f0-8423-54a95b9ec813,auction,7,385,0.28290876746177673,0.0929863452911377,34699.0,0.31244099140167236,395,1
SLIM*SIG1,676053df-1802-11f0-8423-54a95b9ec813,auction,7,386,0.28290876746177673,0.10570478439331055,34967.0,0.31244099140167236,395,1
SLIM*SIG1,676053df-1802-11f0-8423-54a95b9ec813,auction,7,387,0.28290876746177673,0.07812905311584473,35249.0,0.31244099140167236,395,1
SLIM*SIG1,676053df-1802-11f0-8423-54a95b9ec813,auction,7,388,0.28290876746177673,0.09375262260437012,35055.0,0.31244099140167236,395,1
SLIM*SIG1,676053df-1802-11f0-8423-54a95b9ec813,auction,7,389,0.282730370759964,0.1015007495880127,34350.0,0.3116482198238373,425,1
SLIM*SIG1,676053df-1802-11f0-8423-54a95b9ec813,auction,7,390,0.282730370759964,0.08039045333862305,34990.0,0.3116482198238373,425,1
SLIM*SIG1,676053df-1802-11f0-8423-54a95b9ec813,auction,7,391,0.282730370759964,0.09177279472351074,35184.0,0.3116482198238373,425,1
SLIM*SIG1,676053df-1802-11f0-8423-54a95b9ec813,auction,7,392,0.282730370759964,0.07760787010192871,35365.0,0.3116482198238373,425,1
SLIM*SIG1,676053df-1802-11f0-8423-54a95b9ec813,auction,7,393,0.282730370759964,0.08088254928588867,35139.0,0.3116482198238373,425,1
SLIM*SIG1,676053df-1802-11f0-8423-54a95b9ec813,auction,7,394,0.282730370759964,0.06508636474609375,35080.0,0.3116482198238373,425,1
SLIM*SIG1,676053df-1802-11f0-8423-54a95b9ec813,auction,7,395,0.282730370759964,0.06998491287231445,35172.0,0.3116482198238373,425,1
SLIM*SIG1,676053df-1802-11f0-8423-54a95b9ec813,auction,7,396,0.282730370759964,0.0625004768371582,35099.0,0.3116482198238373,425,1
SLIM*SIG1,676053df-1802-11f0-8423-54a95b9ec813,auction,7,397,0.282730370759964,0.11300063133239746,35646.0,0.3116482198238373,425,1
SLIM*SIG1,676053df-1802-11f0-8423-54a95b9ec813,auction,7,398,0.282730370759964,0.1188044548034668,36628.0,0.3116482198238373,425,1
SLIM*SIG1,676053df-1802-11f0-8423-54a95b9ec813,auction,7,399,0.282730370759964,0.06918644905090332,36759.0,0.3116482198238373,425,1
SLIM*SIG1,676053df-1802-11f0-8423-54a95b9ec813,auction,7,400,0.28265252709388733,0.10082364082336426,37152.0,0.31114625930786133,425,1
SLIM*SIG1,676053df-1802-11f0-8423-54a95b9ec813,auction,7,401,0.2823891341686249,0.11378288269042969,37861.0,0.31096363067626953,438,1
SLIM*SIG1,676053df-1802-11f0-8423-54a95b9ec813,auction,7,402,0.2823891341686249,0.12234926223754883,38690.0,0.31096363067626953,438,1
SLIM*SIG1,676053df-1802-11f0-8423-54a95b9ec813,auction,7,403,0.2823891341686249,0.07813239097595215,38444.0,0.31096363067626953,438,1
SLIM*SIG1,676053df-1802-11f0-8423-54a95b9ec813,auction,7,404,0.2823891341686249,0.06979751586914062,39286.0,0.31096363067626953,438,1
SLIM*SIG1,676053df-1802-11f0-8423-54a95b9ec813,auction,7,405,0.2823891341686249,0.07171487808227539,39886.0,0.31096363067626953,438,1
SLIM*SIG1,676053df-1802-11f0-8423-54a95b9ec813,auction,7,406,0.2823891341686249,0.0599064826965332,39520.0,0.31096363067626953,438,1
SLIM*SIG1,676053df-1802-11f0-8423-54a95b9ec813,auction,7,407,0.2823891341686249,0.08685564994812012,39894.0,0.31096363067626953,438,1
SLIM*SIG1,676053df-1802-11f0-8423-54a95b9ec813,auction,7,408,0.2823891341686249,0.10068893432617188,40397.0,0.31096363067626953,438,1
SLIM*SIG1,676053df-1802-11f0-8423-54a95b9ec813,auction,7,409,0.2823891341686249,0.0672917366027832,40028.0,0.31096363067626953,438,1
SLIM*SIG1,676053df-1802-11f0-8423-54a95b9ec813,auction,7,410,0.2823891341686249,0.08475685119628906,39339.0,0.31096363067626953,438,1
SLIM*SIG1,676053df-1802-11f0-8423-54a95b9ec813,auction,7,411,0.2823077142238617,0.09473514556884766,38956.0,0.3144591450691223,438,1
SLIM*SIG1,676053df-1802-11f0-8423-54a95b9ec813,auction,7,412,0.2823077142238617,0.07963824272155762,38804.0,0.3144591450691223,438,1
SLIM*SIG1,676053df-1802-11f0-8423-54a95b9ec813,auction,7,413,0.2823077142238617,0.07119202613830566,39287.0,0.3144591450691223,438,1
SLIM*SIG1,676053df-1802-11f0-8423-54a95b9ec813,auction,7,414,0.2822612524032593,0.0999457836151123,39439.0,0.31419122219085693,425,1
SLIM*SIG1,676053df-1802-11f0-8423-54a95b9ec813,auction,7,415,0.2822612524032593,0.09295392036437988,39562.0,0.31419122219085693,425,1
SLIM*SIG1,676053df-1802-11f0-8423-54a95b9ec813,auction,7,416,0.2822612524032593,0.09157037734985352,39356.0,0.31419122219085693,425,1
SLIM*SIG1,676053df-1802-11f0-8423-54a95b9ec813,auction,7,417,0.2822612524032593,0.10559415817260742,39370.0,0.31419122219085693,425,1
SLIM*SIG1,676053df-1802-11f0-8423-54a95b9ec813,auction,7,418,0.2822612524032593,0.06415605545043945,39071.0,0.31419122219085693,425,1
SLIM*SIG1,676053df-1802-11f0-8423-54a95b9ec813,auction,7,419,0.2822612524032593,0.06795835494995117,37974.0,0.31419122219085693,425,1
SLIM*SIG1,676053df-1802-11f0-8423-54a95b9ec813,auction,7,420,0.2822612524032593,0.11770176887512207,37738.0,0.31419122219085693,425,1
SLIM*SIG1,676053df-1802-11f0-8423-54a95b9ec813,auction,7,421,0.2822612524032593,0.07057380676269531,38536.0,0.31419122219085693,425,1
SLIM*SIG1,676053df-1802-11f0-8423-54a95b9ec813,auction,7,422,0.2822612524032593,0.09760093688964844,38988.0,0.31419122219085693,425,1
SLIM*SIG1,676053df-1802-11f0-8423-54a95b9ec813,auction,7,423,0.2822612524032593,0.1039438247680664,38730.0,0.31419122219085693,425,1
SLIM*SIG1,676053df-1802-11f0-8423-54a95b9ec813,auction,7,424,0.2822612524032593,0.06739306449890137,37610.0,0.31419122219085693,425,1
SLIM*SIG1,676053df-1802-11f0-8423-54a95b9ec813,auction,7,425,0.2822612524032593,0.09819459915161133,37692.0,0.31419122219085693,425,1
SLIM*SIG1,676053df-1802-11f0-8423-54a95b9ec813,auction,7,426,0.2822612524032593,0.09314894676208496,37738.0,0.31419122219085693,425,1
SLIM*SIG1,676053df-1802-11f0-8423-54a95b9ec813,auction,7,427,0.2822612524032593,0.07182669639587402,37825.0,0.31419122219085693,425,1
SLIM*SIG1,676053df-1802-11f0-8423-54a95b9ec813,auction,7,428,0.2822612524032593,0.08572673797607422,38110.0,0.31419122219085693,425,1
SLIM*SIG1,676053df-1802-11f0-8423-54a95b9ec813,auction,7,429,0.2821684181690216,0.08336472511291504,38445.0,0.3134223520755768,438,1
SLIM*SIG1,676053df-1802-11f0-8423-54a95b9ec813,auction,7,430,0.2821684181690216,0.11527180671691895,37981.0,0.3134223520755768,438,1
SLIM*SIG1,676053df-1802-11f0-8423-54a95b9ec813,auction,7,431,0.2821684181690216,0.07812261581420898,37912.0,0.3134223520755768,438,1
SLIM*SIG1,676053df-1802-11f0-8423-54a95b9ec813,auction,7,432,0.2821684181690216,0.1188802719116211,37783.0,0.3134223520755768,438,1
SLIM*SIG1,676053df-1802-11f0-8423-54a95b9ec813,auction,7,433,0.2821684181690216,0.0986776351928711,38069.0,0.3134223520755768,438,1
SLIM*SIG1,676053df-1802-11f0-8423-54a95b9ec813,auction,7,434,0.2821684181690216,0.08585572242736816,37483.0,0.3134223520755768,438,1
SLIM*SIG1,676053df-1802-11f0-8423-54a95b9ec813,auction,7,435,0.2821684181690216,0.08282136917114258,37475.0,0.3134223520755768,438,1
SLIM*SIG1,676053df-1802-11f0-8423-54a95b9ec813,auction,7,436,0.2821684181690216,0.08718085289001465,37879.0,0.3134223520755768,438,1
SLIM*SIG1,676053df-1802-11f0-8423-54a95b9ec813,auction,7,437,0.2821684181690216,0.06250357627868652,37245.0,0.3134223520755768,438,1
SLIM*SIG1,676053df-1802-11f0-8423-54a95b9ec813,auction,7,438,0.2821684181690216,0.09846639633178711,37207.0,0.3134223520755768,438,1
SLIM*SIG1,676053df-1802-11f0-8423-54a95b9ec813,auction,7,439,0.2821684181690216,0.10222077369689941,36951.0,0.3134223520755768,438,1
SLIM*SIG1,676053df-1802-11f0-8423-54a95b9ec813,auction,7,440,0.2821684181690216,0.10648274421691895,37159.0,0.3134223520755768,438,1
SLIM*SIG1,676053df-1802-11f0-8423-54a95b9ec813,auction,7,441,0.2821684181690216,0.12584948539733887,37541.0,0.3134223520755768,438,1
SLIM*SIG1,676053df-1802-11f0-8423-54a95b9ec813,auction,7,442,0.2821684181690216,0.06369161605834961,38283.0,0.3134223520755768,438,1
SLIM*SIG1,676053df-1802-11f0-8423-54a95b9ec813,auction,7,443,0.2821684181690216,0.11688947677612305,38608.0,0.3134223520755768,438,1
SLIM*SIG1,676053df-1802-11f0-8423-54a95b9ec813,auction,7,444,0.2821684181690216,0.11403250694274902,38464.0,0.3134223520755768,438,1
SLIM*SIG1,676053df-1802-11f0-8423-54a95b9ec813,auction,7,445,0.2821684181690216,0.08751225471496582,38589.0,0.3134223520755768,438,1
SLIM*SIG1,676053df-1802-11f0-8423-54a95b9ec813,auction,7,446,0.2821684181690216,0.06249380111694336,38178.0,0.3134223520755768,438,1
SLIM*SIG1,676053df-1802-11f0-8423-54a95b9ec813,auction,7,447,0.2821684181690216,0.08635330200195312,37836.0,0.3134223520755768,438,1
SLIM*SIG1,676053df-1802-11f0-8423-54a95b9ec813,auction,7,448,0.2821684181690216,0.09681153297424316,37677.0,0.3134223520755768,438,1
SLIM*SIG1,676053df-1802-11f0-8423-54a95b9ec813,auction,7,449,0.2821684181690216,0.08757805824279785,36688.0,0.3134223520755768,438,1
SLIM*SIG1,676053df-1802-11f0-8423-54a95b9ec813,auction,7,450,0.2821684181690216,0.05129075050354004,36130.0,0.3134223520755768,438,1
SLIM*SIG1,676053df-1802-11f0-8423-54a95b9ec813,auction,7,451,0.2821684181690216,0.11296701431274414,36231.0,0.3134223520755768,438,1
SLIM*SIG1,676053df-1802-11f0-8423-54a95b9ec813,auction,7,452,0.2821684181690216,0.08196616172790527,36255.0,0.3134223520755768,438,1
SLIM*SIG1,676053df-1802-11f0-8423-54a95b9ec813,auction,7,453,0.2821684181690216,0.08344721794128418,36780.0,0.3134223520755768,438,1
SLIM*SIG1,676053df-1802-11f0-8423-54a95b9ec813,auction,7,454,0.2821684181690216,0.08495783805847168,36245.0,0.3134223520755768,438,1
SLIM*SIG1,676053df-1802-11f0-8423-54a95b9ec813,auction,7,455,0.2821684181690216,0.10054969787597656,36688.0,0.3134223520755768,438,1
SLIM*SIG1,676053df-1802-11f0-8423-54a95b9ec813,auction,7,456,0.2821684181690216,0.09974026679992676,35460.0,0.3134223520755768,438,1
SLIM*SIG1,676053df-1802-11f0-8423-54a95b9ec813,auction,7,457,0.2821684181690216,0.07118511199951172,36490.0,0.3134223520755768,438,1
SLIM*SIG1,676053df-1802-11f0-8423-54a95b9ec813,auction,7,458,0.2821684181690216,0.09677958488464355,36240.0,0.3134223520755768,438,1
SLIM*SIG1,676053df-1802-11f0-8423-54a95b9ec813,auction,7,459,0.2821684181690216,0.11582422256469727,36872.0,0.3134223520755768,438,1
SLIM*SIG1,676053df-1802-11f0-8423-54a95b9ec813,auction,7,460,0.2821684181690216,0.09374427795410156,36547.0,0.3134223520755768,438,1
SLIM*SIG1,676053df-1802-11f0-8423-54a95b9ec813,auction,7,461,0.2821684181690216,0.07067465782165527,36766.0,0.3134223520755768,438,1
SLIM*SIG1,676053df-1802-11f0-8423-54a95b9ec813,auction,7,462,0.2821684181690216,0.06986594200134277,36887.0,0.3134223520755768,438,1
SLIM*SIG1,676053df-1802-11f0-8423-54a95b9ec813,auction,7,463,0.2821684181690216,0.06938314437866211,38554.0,0.3134223520755768,438,1
SLIM*SIG1,676053df-1802-11f0-8423-54a95b9ec813,auction,7,464,0.2821684181690216,0.07817363739013672,39761.0,0.3134223520755768,438,1
SLIM*SIG1,676053df-1802-11f0-8423-54a95b9ec813,auction,7,465,0.2821684181690216,0.10415053367614746,40554.0,0.3134223520755768,438,1
SLIM*SIG1,676053df-1802-11f0-8423-54a95b9ec813,auction,7,466,0.28206488490104675,0.10780644416809082,40883.0,0.31462162733078003,438,1
SLIM*SIG1,676053df-1802-11f0-8423-54a95b9ec813,auction,7,467,0.28206488490104675,0.10346770286560059,40590.0,0.31462162733078003,438,1
SLIM*SIG1,676053df-1802-11f0-8423-54a95b9ec813,auction,7,468,0.28206488490104675,0.11381912231445312,40164.0,0.31462162733078003,438,1
SLIM*SIG1,676053df-1802-11f0-8423-54a95b9ec813,auction,7,469,0.28206488490104675,0.11085748672485352,40602.0,0.31462162733078003,438,1
SLIM*SIG1,676053df-1802-11f0-8423-54a95b9ec813,auction,7,470,0.28206488490104675,0.039296627044677734,40581.0,0.31462162733078003,438,1
SLIM*SIG1,676053df-1802-11f0-8423-54a95b9ec813,auction,7,471,0.2820340692996979,0.06723761558532715,40310.0,0.3136558532714844,438,1
SLIM*SIG1,676053df-1802-11f0-8423-54a95b9ec813,auction,7,472,0.2820340692996979,0.10126829147338867,40398.0,0.3136558532714844,438,1
SLIM*SIG1,676053df-1802-11f0-8423-54a95b9ec813,auction,7,473,0.2820340692996979,0.08133959770202637,39676.0,0.3136558532714844,438,1
SLIM*SIG1,676053df-1802-11f0-8423-54a95b9ec813,auction,7,474,0.2820340692996979,0.07812762260437012,39134.0,0.3136558532714844,438,1
SLIM*SIG1,676053df-1802-11f0-8423-54a95b9ec813,auction,7,475,0.2819298505783081,0.0733034610748291,38515.0,0.3136810064315796,425,1
SLIM*SIG1,676053df-1802-11f0-8423-54a95b9ec813,auction,7,476,0.2819298505783081,0.10073637962341309,38076.0,0.3136810064315796,425,1
SLIM*SIG1,676053df-1802-11f0-8423-54a95b9ec813,auction,7,477,0.2819298505783081,0.08391046524047852,37338.0,0.3136810064315796,425,1
SLIM*SIG1,676053df-1802-11f0-8423-54a95b9ec813,auction,7,478,0.2819298505783081,0.0625004768371582,36139.0,0.3136810064315796,425,1
SLIM*SIG1,676053df-1802-11f0-8423-54a95b9ec813,auction,7,479,0.2819298505783081,0.0996541976928711,36119.0,0.3136810064315796,425,1
SLIM*SIG1,676053df-1802-11f0-8423-54a95b9ec813,auction,7,480,0.2819298505783081,0.085174560546875,35270.0,0.3136810064315796,425,1
SLIM*SIG1,676053df-1802-11f0-8423-54a95b9ec813,auction,7,481,0.2819298505783081,0.08482503890991211,35457.0,0.3136810064315796,425,1
SLIM*SIG1,676053df-1802-11f0-8423-54a95b9ec813,auction,7,482,0.2818007171154022,0.0989840030670166,35577.0,0.3130072057247162,412,1
SLIM*SIG1,676053df-1802-11f0-8423-54a95b9ec813,auction,7,483,0.2818007171154022,0.05150556564331055,36219.0,0.3130072057247162,412,1
SLIM*SIG1,676053df-1802-11f0-8423-54a95b9ec813,auction,7,484,0.2818007171154022,0.0468902587890625,35243.0,0.3130072057247162,412,1
SLIM*SIG1,676053df-1802-11f0-8423-54a95b9ec813,auction,7,485,0.2818007171154022,0.08766579627990723,35351.0,0.3130072057247162,412,1
SLIM*SIG1,676053df-1802-11f0-8423-54a95b9ec813,auction,7,486,0.2818007171154022,0.06250214576721191,35013.0,0.3130072057247162,412,1
SLIM*SIG1,676053df-1802-11f0-8423-54a95b9ec813,auction,7,487,0.2818007171154022,0.08486294746398926,35173.0,0.3130072057247162,412,1
SLIM*SIG1,676053df-1802-11f0-8423-54a95b9ec813,auction,7,488,0.2818007171154022,0.06823182106018066,35597.0,0.3130072057247162,412,1
SLIM*SIG1,676053df-1802-11f0-8423-54a95b9ec813,auction,7,489,0.2818007171154022,0.10055160522460938,36091.0,0.3130072057247162,412,1
SLIM*SIG1,676053df-1802-11f0-8423-54a95b9ec813,auction,7,490,0.2818007171154022,0.08433365821838379,36740.0,0.3130072057247162,412,1
SLIM*SIG1,676053df-1802-11f0-8423-54a95b9ec813,auction,7,491,0.28180012106895447,0.09472155570983887,36313.0,0.31351974606513977,425,1
SLIM*SIG1,676053df-1802-11f0-8423-54a95b9ec813,auction,7,492,0.28180012106895447,0.11787629127502441,36071.0,0.31351974606513977,425,1
SLIM*SIG1,676053df-1802-11f0-8423-54a95b9ec813,auction,7,493,0.28180012106895447,0.07953548431396484,35159.0,0.31351974606513977,425,1
SLIM*SIG1,676053df-1802-11f0-8423-54a95b9ec813,auction,7,494,0.28180012106895447,0.09798121452331543,35112.0,0.31351974606513977,425,1
SLIM*SIG1,676053df-1802-11f0-8423-54a95b9ec813,auction,7,495,0.28180012106895447,0.1017143726348877,34885.0,0.31351974606513977,425,1
SLIM*SIG1,676053df-1802-11f0-8423-54a95b9ec813,auction,7,496,0.28180012106895447,0.08357548713684082,35196.0,0.31351974606513977,425,1
SLIM*SIG1,676053df-1802-11f0-8423-54a95b9ec813,auction,7,497,0.28180012106895447,0.06250333786010742,34935.0,0.31351974606513977,425,1
SLIM*SIG1,676053df-1802-11f0-8423-54a95b9ec813,auction,7,498,0.28180012106895447,0.10152411460876465,36014.0,0.31351974606513977,425,1
SLIM*SIG1,676053df-1802-11f0-8423-54a95b9ec813,auction,7,499,0.28180012106895447,0.09908127784729004,36692.0,0.31351974606513977,425,1
SLIM*SIG1,676053df-1802-11f0-8423-54a95b9ec813,auction,7,500,0.28180012106895447,0.07108902931213379,36684.0,0.31351974606513977,425,1
SLIM*SIG1,676053df-1802-11f0-8423-54a95b9ec813,auction,7,501,0.28180012106895447,0.0990908145904541,36746.0,0.31351974606513977,425,1
SLIM*SIG1,676053df-1802-11f0-8423-54a95b9ec813,auction,7,502,0.28179341554641724,0.06250524520874023,36001.0,0.3133603036403656,412,1
SLIM*SIG1,676053df-1802-11f0-8423-54a95b9ec813,auction,7,503,0.28179341554641724,0.0877988338470459,35700.0,0.3133603036403656,412,1
SLIM*SIG1,676053df-1802-11f0-8423-54a95b9ec813,auction,7,504,0.28179341554641724,0.08341503143310547,36124.0,0.3133603036403656,412,1
SLIM*SIG1,676053df-1802-11f0-8423-54a95b9ec813,auction,7,505,0.28179341554641724,0.08240151405334473,36668.0,0.3133603036403656,412,1
SLIM*SIG1,676053df-1802-11f0-8423-54a95b9ec813,auction,7,506,0.28179341554641724,0.0625007152557373,35919.0,0.3133603036403656,412,1
SLIM*SIG1,676053df-1802-11f0-8423-54a95b9ec813,auction,7,507,0.28179341554641724,0.06944894790649414,36110.0,0.3133603036403656,412,1
SLIM*SIG1,676053df-1802-11f0-8423-54a95b9ec813,auction,7,508,0.28179341554641724,0.10184192657470703,35945.0,0.3133603036403656,412,1
SLIM*SIG1,676053df-1802-11f0-8423-54a95b9ec813,auction,7,509,0.28178849816322327,0.07045626640319824,36004.0,0.3128442168235779,399,1
SLIM*SIG1,676053df-1802-11f0-8423-54a95b9ec813,auction,7,510,0.28178849816322327,0.07017850875854492,36132.0,0.3128442168235779,399,1
SLIM*SIG1,676053df-1802-11f0-8423-54a95b9ec813,auction,7,511,0.28178849816322327,0.143021821975708,36419.0,0.3128442168235779,399,1
SLIM*SIG1,676053df-1802-11f0-8423-54a95b9ec813,auction,7,512,0.28178849816322327,0.10359740257263184,35940.0,0.3128442168235779,399,1
SLIM*SIG1,676053df-1802-11f0-8423-54a95b9ec813,auction,7,513,0.28178849816322327,0.098358154296875,35234.0,0.3128442168235779,399,1
SLIM*SIG1,676053df-1802-11f0-8423-54a95b9ec813,auction,7,514,0.28178849816322327,0.0709691047668457,34981.0,0.3128442168235779,399,1
SLIM*SIG1,676053df-1802-11f0-8423-54a95b9ec813,auction,7,515,0.28178849816322327,0.06250476837158203,34658.0,0.3128442168235779,399,1
SLIM*SIG1,676053df-1802-11f0-8423-54a95b9ec813,auction,7,516,0.28178849816322327,0.08481550216674805,33883.0,0.3128442168235779,399,1
SLIM*SIG1,676053df-1802-11f0-8423-54a95b9ec813,auction,7,517,0.28178849816322327,0.10849523544311523,33188.0,0.3128442168235779,399,1
SLIM*SIG1,676053df-1802-11f0-8423-54a95b9ec813,auction,7,518,0.28178849816322327,0.08671951293945312,33037.0,0.3128442168235779,399,1
SLIM*SIG1,676053df-1802-11f0-8423-54a95b9ec813,auction,7,519,0.28178849816322327,0.08743572235107422,32927.0,0.3128442168235779,399,1
SLIM*SIG1,676053df-1802-11f0-8423-54a95b9ec813,auction,7,520,0.28178849816322327,0.0985710620880127,34048.0,0.3128442168235779,399,1
SLIM*SIG1,676053df-1802-11f0-8423-54a95b9ec813,auction,7,521,0.28175774216651917,0.07817745208740234,34587.0,0.31320255994796753,412,1
SLIM*SIG1,676053df-1802-11f0-8423-54a95b9ec813,auction,7,522,0.28175774216651917,0.10012292861938477,34597.0,0.31320255994796753,412,1
SLIM*SIG1,676053df-1802-11f0-8423-54a95b9ec813,auction,7,523,0.28175774216651917,0.10337400436401367,34733.0,0.31320255994796753,412,1
SLIM*SIG1,676053df-1802-11f0-8423-54a95b9ec813,auction,7,524,0.28175774216651917,0.1000375747680664,33367.0,0.31320255994796753,412,1
SLIM*SIG1,676053df-1802-11f0-8423-54a95b9ec813,auction,7,525,0.28175774216651917,0.0808873176574707,33544.0,0.31320255994796753,412,1
SLIM*SIG1,676053df-1802-11f0-8423-54a95b9ec813,auction,7,526,0.28175774216651917,0.0878443717956543,33657.0,0.31320255994796753,412,1
SLIM*SIG1,676053df-1802-11f0-8423-54a95b9ec813,auction,7,527,0.28175774216651917,0.09638285636901855,34115.0,0.31320255994796753,412,1
SLIM*SIG1,676053df-1802-11f0-8423-54a95b9ec813,auction,7,528,0.28175774216651917,0.06534004211425781,34798.0,0.31320255994796753,412,1
SLIM*SIG1,676053df-1802-11f0-8423-54a95b9ec813,auction,7,529,0.28175774216651917,0.09912657737731934,34521.0,0.31320255994796753,412,1
SLIM*SIG1,676053df-1802-11f0-8423-54a95b9ec813,auction,7,530,0.28175774216651917,0.10451030731201172,34250.0,0.31320255994796753,412,1
SLIM*SIG1,676053df-1802-11f0-8423-54a95b9ec813,auction,7,531,0.28175774216651917,0.11513209342956543,34298.0,0.31320255994796753,412,1
SLIM*SIG1,676053df-1802-11f0-8423-54a95b9ec813,auction,7,532,0.28175774216651917,0.09374594688415527,33581.0,0.31320255994796753,412,1
SLIM*SIG1,676053df-1802-11f0-8423-54a95b9ec813,auction,7,533,0.28175774216651917,0.08721232414245605,33847.0,0.31320255994796753,412,1
SLIM*SIG1,676053df-1802-11f0-8423-54a95b9ec813,auction,7,534,0.28175774216651917,0.09884047508239746,34013.0,0.31320255994796753,412,1
SLIM*SIG1,676053df-1802-11f0-8423-54a95b9ec813,auction,7,535,0.28167495131492615,0.08621978759765625,34879.0,0.3138701319694519,399,1
SLIM*SIG1,676053df-1802-11f0-8423-54a95b9ec813,auction,7,536,0.28167495131492615,0.09374856948852539,35525.0,0.3138701319694519,399,1
SLIM*SIG1,676053df-1802-11f0-8423-54a95b9ec813,auction,7,537,0.28167495131492615,0.0584561824798584,36209.0,0.3138701319694519,399,1
SLIM*SIG1,676053df-1802-11f0-8423-54a95b9ec813,auction,7,538,0.28167495131492615,0.09373760223388672,36584.0,0.3138701319694519,399,1
SLIM*SIG1,676053df-1802-11f0-8423-54a95b9ec813,auction,7,539,0.28167495131492615,0.05201220512390137,36022.0,0.3138701319694519,399,1
SLIM*SIG1,676053df-1802-11f0-8423-54a95b9ec813,auction,7,540,0.28150561451911926,0.10350799560546875,36112.0,0.31343382596969604,399,1
SLIM*SIG1,676053df-1802-11f0-8423-54a95b9ec813,auction,7,541,0.28150561451911926,0.09681487083435059,36687.0,0.31343382596969604,399,1
SLIM*SIG1,676053df-1802-11f0-8423-54a95b9ec813,auction,7,542,0.28139573335647583,0.0921638011932373,36493.0,0.31257006525993347,412,1
SLIM*SIG1,676053df-1802-11f0-8423-54a95b9ec813,auction,7,543,0.28139573335647583,0.09200859069824219,36585.0,0.31257006525993347,412,1
SLIM*SIG1,676053df-1802-11f0-8423-54a95b9ec813,auction,7,544,0.28139573335647583,0.11405158042907715,36267.0,0.31257006525993347,412,1
SLIM*SIG1,676053df-1802-11f0-8423-54a95b9ec813,auction,7,545,0.28139573335647583,0.12017202377319336,36265.0,0.31257006525993347,412,1
SLIM*SIG1,676053df-1802-11f0-8423-54a95b9ec813,auction,7,546,0.28139573335647583,0.08516335487365723,36685.0,0.31257006525993347,412,1
SLIM*SIG1,676053df-1802-11f0-8423-54a95b9ec813,auction,7,547,0.28139573335647583,0.07812762260437012,36388.0,0.31257006525993347,412,1
SLIM*SIG1,676053df-1802-11f0-8423-54a95b9ec813,auction,7,548,0.28139573335647583,0.08669257164001465,36512.0,0.31257006525993347,412,1
SLIM*SIG1,676053df-1802-11f0-8423-54a95b9ec813,auction,7,549,0.28132978081703186,0.053209543228149414,36121.0,0.3128511607646942,412,1
SLIM*SIG1,676053df-1802-11f0-8423-54a95b9ec813,auction,7,550,0.28132978081703186,0.09866714477539062,36050.0,0.3128511607646942,412,1
SLIM*SIG1,676053df-1802-11f0-8423-54a95b9ec813,auction,7,551,0.28132978081703186,0.10100364685058594,36793.0,0.3128511607646942,412,1
SLIM*SIG1,676053df-1802-11f0-8423-54a95b9ec813,auction,7,552,0.28132978081703186,0.10110831260681152,36689.0,0.3128511607646942,412,1
SLIM*SIG1,676053df-1802-11f0-8423-54a95b9ec813,auction,7,553,0.28132978081703186,0.06251001358032227,36512.0,0.3128511607646942,412,1
SLIM*SIG1,676053df-1802-11f0-8423-54a95b9ec813,auction,7,554,0.28132978081703186,0.06733322143554688,36223.0,0.3128511607646942,412,1
SLIM*SIG1,676053df-1802-11f0-8423-54a95b9ec813,auction,7,555,0.28132978081703186,0.07852363586425781,35636.0,0.3128511607646942,412,1
SLIM*SIG1,676053df-1802-11f0-8423-54a95b9ec813,auction,7,556,0.28132978081703186,0.08855032920837402,36116.0,0.3128511607646942,412,1
SLIM*SIG1,676053df-1802-11f0-8423-54a95b9ec813,auction,7,557,0.28132978081703186,0.08495926856994629,35779.0,0.3128511607646942,412,1
SLIM*SIG1,676053df-1802-11f0-8423-54a95b9ec813,auction,7,558,0.28132978081703186,0.0644221305847168,35765.0,0.3128511607646942,412,1
SLIM*SIG1,676053df-1802-11f0-8423-54a95b9ec813,auction,7,559,0.28132978081703186,0.06900262832641602,36289.0,0.3128511607646942,412,1
SLIM*SIG1,676053df-1802-11f0-8423-54a95b9ec813,auction,7,560,0.28132978081703186,0.10179734230041504,36205.0,0.3128511607646942,412,1
SLIM*SIG1,676053df-1802-11f0-8423-54a95b9ec813,auction,7,561,0.2812329828739166,0.09854435920715332,35597.0,0.3123888671398163,399,1
SLIM*SIG1,676053df-1802-11f0-8423-54a95b9ec813,auction,7,562,0.2812329828739166,0.07812380790710449,34546.0,0.3123888671398163,399,1
SLIM*SIG1,676053df-1802-11f0-8423-54a95b9ec813,auction,7,563,0.2812298536300659,0.07262039184570312,34601.0,0.31244784593582153,412,1
SLIM*SIG1,676053df-1802-11f0-8423-54a95b9ec813,auction,7,564,0.2812298536300659,0.05196690559387207,33884.0,0.31244784593582153,412,1
SLIM*SIG1,676053df-1802-11f0-8423-54a95b9ec813,auction,7,565,0.2812298536300659,0.06942605972290039,34240.0,0.31244784593582153,412,1
SLIM*SIG1,676053df-1802-11f0-8423-54a95b9ec813,auction,7,566,0.2812298536300659,0.09915566444396973,34349.0,0.31244784593582153,412,1
SLIM*SIG1,676053df-1802-11f0-8423-54a95b9ec813,auction,7,567,0.2812298536300659,0.1060018539428711,34800.0,0.31244784593582153,412,1
SLIM*SIG1,676053df-1802-11f0-8423-54a95b9ec813,auction,7,568,0.2812298536300659,0.07837200164794922,34102.0,0.31244784593582153,412,1
SLIM*SIG1,676053df-1802-11f0-8423-54a95b9ec813,auction,7,569,0.2812298536300659,0.059181928634643555,34056.0,0.31244784593582153,412,1
SLIM*SIG1,676053df-1802-11f0-8423-54a95b9ec813,auction,7,570,0.2812298536300659,0.10074400901794434,33740.0,0.31244784593582153,412,1
SLIM*SIG1,676053df-1802-11f0-8423-54a95b9ec813,auction,7,571,0.2812298536300659,0.11654067039489746,33346.0,0.31244784593582153,412,1
SLIM*SIG1,676053df-1802-11f0-8423-54a95b9ec813,auction,7,572,0.2812298536300659,0.08527135848999023,33290.0,0.31244784593582153,412,1
SLIM*SIG1,676053df-1802-11f0-8423-54a95b9ec813,auction,7,573,0.2812298536300659,0.08458995819091797,32285.0,0.31244784593582153,412,1
SLIM*SIG1,676053df-1802-11f0-8423-54a95b9ec813,auction,7,574,0.2812298536300659,0.07812762260437012,31803.0,0.31244784593582153,412,1
SLIM*SIG1,676053df-1802-11f0-8423-54a95b9ec813,auction,7,575,0.2812298536300659,0.08579277992248535,33059.0,0.31244784593582153,412,1
SLIM*SIG1,676053df-1802-11f0-8423-54a95b9ec813,auction,7,576,0.2812298536300659,0.08338403701782227,32992.0,0.31244784593582153,412,1
SLIM*SIG1,676053df-1802-11f0-8423-54a95b9ec813,auction,7,577,0.2812298536300659,0.08534812927246094,32974.0,0.31244784593582153,412,1
SLIM*SIG1,676053df-1802-11f0-8423-54a95b9ec813,auction,7,578,0.2812298536300659,0.06250643730163574,33281.0,0.31244784593582153,412,1
SLIM*SIG1,676053df-1802-11f0-8423-54a95b9ec813,auction,7,579,0.2812298536300659,0.09695768356323242,35195.0,0.31244784593582153,412,1
SLIM*SIG1,676053df-1802-11f0-8423-54a95b9ec813,auction,7,580,0.2812298536300659,0.10404157638549805,35278.0,0.31244784593582153,412,1
SLIM*SIG1,676053df-1802-11f0-8423-54a95b9ec813,auction,7,581,0.2812298536300659,0.11697578430175781,35420.0,0.31244784593582153,412,1
SLIM*SIG1,676053df-1802-11f0-8423-54a95b9ec813,auction,7,582,0.2812298536300659,0.10013866424560547,35291.0,0.31244784593582153,412,1
SLIM*SIG1,676053df-1802-11f0-8423-54a95b9ec813,auction,7,583,0.2812298536300659,0.11497211456298828,35521.0,0.31244784593582153,412,1
SLIM*SIG1,676053df-1802-11f0-8423-54a95b9ec813,auction,7,584,0.2812298536300659,0.0705862045288086,35403.0,0.31244784593582153,412,1
SLIM*SIG1,676053df-1802-11f0-8423-54a95b9ec813,auction,7,585,0.2812298536300659,0.10089707374572754,35174.0,0.31244784593582153,412,1
SLIM*SIG1,676053df-1802-11f0-8423-54a95b9ec813,auction,7,586,0.2812298536300659,0.08285164833068848,35358.0,0.31244784593582153,412,1
SLIM*SIG1,676053df-1802-11f0-8423-54a95b9ec813,auction,7,587,0.2812298536300659,0.1005408763885498,35934.0,0.31244784593582153,412,1
SLIM*SIG1,676053df-1802-11f0-8423-54a95b9ec813,auction,7,588,0.2812298536300659,0.11688041687011719,36729.0,0.31244784593582153,412,1
SLIM*SIG1,676053df-1802-11f0-8423-54a95b9ec813,auction,7,589,0.2812298536300659,0.08423256874084473,36934.0,0.31244784593582153,412,1
SLIM*SIG1,676053df-1802-11f0-8423-54a95b9ec813,auction,7,590,0.2812298536300659,0.07812666893005371,36888.0,0.31244784593582153,412,1
SLIM*SIG1,676053df-1802-11f0-8423-54a95b9ec813,auction,7,591,0.2812298536300659,0.09038257598876953,36475.0,0.31244784593582153,412,1
SLIM*SIG1,676053df-1802-11f0-8423-54a95b9ec813,auction,7,592,0.2812298536300659,0.08007478713989258,36177.0,0.31244784593582153,412,1
SLIM*SIG1,676053df-1802-11f0-8423-54a95b9ec813,auction,7,593,0.2812298536300659,0.08128833770751953,36130.0,0.31244784593582153,412,1
SLIM*SIG1,676053df-1802-11f0-8423-54a95b9ec813,auction,7,594,0.2812298536300659,0.12953472137451172,36403.0,0.31244784593582153,412,1
SLIM*SIG1,676053df-1802-11f0-8423-54a95b9ec813,auction,7,595,0.2812298536300659,0.10445904731750488,36097.0,0.31244784593582153,412,1
SLIM*SIG1,676053df-1802-11f0-8423-54a95b9ec813,auction,7,596,0.2812298536300659,0.11536431312561035,36230.0,0.31244784593582153,412,1
SLIM*SIG1,676053df-1802-11f0-8423-54a95b9ec813,auction,7,597,0.2812298536300659,0.08397936820983887,35904.0,0.31244784593582153,412,1
SLIM*SIG1,676053df-1802-11f0-8423-54a95b9ec813,auction,7,598,0.2812298536300659,0.07812762260437012,35063.0,0.31244784593582153,412,1
SLIM*SIG1,676053df-1802-11f0-8423-54a95b9ec813,auction,7,599,0.2812298536300659,0.10051488876342773,35201.0,0.31244784593582153,412,1
SLIM*SIG1,676053df-1802-11f0-8423-54a95b9ec813,auction,7,600,0.2812298536300659,0.08446192741394043,35319.0,0.31244784593582153,412,1
SLIM*SIG1,676053df-1802-11f0-8423-54a95b9ec813,auction,7,601,0.2812298536300659,0.08555102348327637,35596.0,0.31244784593582153,412,1
SLIM*SIG1,676053df-1802-11f0-8423-54a95b9ec813,auction,7,602,0.2812298536300659,0.06887269020080566,34695.0,0.31244784593582153,412,1
SLIM*SIG1,676053df-1802-11f0-8423-54a95b9ec813,auction,7,603,0.2812298536300659,0.07812881469726562,34966.0,0.31244784593582153,412,1
SLIM*SIG1,676053df-1802-11f0-8423-54a95b9ec813,auction,7,604,0.2812298536300659,0.05347895622253418,35059.0,0.31244784593582153,412,1
SLIM*SIG1,676053df-1802-11f0-8423-54a95b9ec813,auction,7,605,0.2812298536300659,0.06250286102294922,35123.0,0.31244784593582153,412,1
SLIM*SIG1,676053df-1802-11f0-8423-54a95b9ec813,auction,7,606,0.2812298536300659,0.05468273162841797,35221.0,0.31244784593582153,412,1
SLIM*SIG1,676053df-1802-11f0-8423-54a95b9ec813,auction,7,607,0.2812298536300659,0.08546066284179688,35624.0,0.31244784593582153,412,1
SLIM*SIG1,676053df-1802-11f0-8423-54a95b9ec813,auction,7,608,0.2812298536300659,0.06191062927246094,35527.0,0.31244784593582153,412,1
SLIM*SIG1,676053df-1802-11f0-8423-54a95b9ec813,auction,7,609,0.2812298536300659,0.06862473487854004,35639.0,0.31244784593582153,412,1
SLIM*SIG1,676053df-1802-11f0-8423-54a95b9ec813,auction,7,610,0.2812298536300659,0.1009821891784668,35643.0,0.31244784593582153,412,1
SLIM*SIG1,676053df-1802-11f0-8423-54a95b9ec813,auction,7,611,0.2812298536300659,0.06708812713623047,34920.0,0.31244784593582153,412,1
SLIM*SIG1,676053df-1802-11f0-8423-54a95b9ec813,auction,7,612,0.2812298536300659,0.10057759284973145,34422.0,0.31244784593582153,412,1
SLIM*SIG1,676053df-1802-11f0-8423-54a95b9ec813,auction,7,613,0.2812042832374573,0.11303424835205078,35088.0,0.31228169798851013,425,1
SLIM*SIG1,676053df-1802-11f0-8423-54a95b9ec813,auction,7,614,0.2812042832374573,0.08002591133117676,34817.0,0.31228169798851013,425,1
SLIM*SIG1,676053df-1802-11f0-8423-54a95b9ec813,auction,7,615,0.2812042832374573,0.06977987289428711,34545.0,0.31228169798851013,425,1
SLIM*SIG1,676053df-1802-11f0-8423-54a95b9ec813,auction,7,616,0.2812042832374573,0.09897184371948242,34655.0,0.31228169798851013,425,1
SLIM*SIG1,676053df-1802-11f0-8423-54a95b9ec813,auction,7,617,0.2812042832374573,0.1052861213684082,34382.0,0.31228169798851013,425,1
SLIM*SIG1,676053df-1802-11f0-8423-54a95b9ec813,auction,7,618,0.2812042832374573,0.12024855613708496,35098.0,0.31228169798851013,425,1
SLIM*SIG1,676053df-1802-11f0-8423-54a95b9ec813,auction,7,619,0.2812042832374573,0.08830952644348145,36080.0,0.31228169798851013,425,1
SLIM*SIG1,676053df-1802-11f0-8423-54a95b9ec813,auction,7,620,0.2812042832374573,0.09375357627868652,36373.0,0.31228169798851013,425,1
SLIM*SIG1,676053df-1802-11f0-8423-54a95b9ec813,auction,7,621,0.2812042832374573,0.07083678245544434,36517.0,0.31228169798851013,425,1
SLIM*SIG1,676053df-1802-11f0-8423-54a95b9ec813,auction,7,622,0.2812042832374573,0.09373188018798828,36520.0,0.31228169798851013,425,1
SLIM*SIG1,676053df-1802-11f0-8423-54a95b9ec813,auction,7,623,0.2812042832374573,0.06833720207214355,36442.0,0.31228169798851013,425,1
SLIM*SIG1,676053df-1802-11f0-8423-54a95b9ec813,auction,7,624,0.2812042832374573,0.10286355018615723,36533.0,0.31228169798851013,425,1
SLIM*SIG1,676053df-1802-11f0-8423-54a95b9ec813,auction,7,625,0.2812042832374573,0.06718063354492188,37054.0,0.31228169798851013,425,1
SLIM*SIG1,676053df-1802-11f0-8423-54a95b9ec813,auction,7,626,0.2812042832374573,0.09261846542358398,36792.0,0.31228169798851013,425,1
SLIM*SIG1,676053df-1802-11f0-8423-54a95b9ec813,auction,7,627,0.2812042832374573,0.05616927146911621,35974.0,0.31228169798851013,425,1
SLIM*SIG1,676053df-1802-11f0-8423-54a95b9ec813,auction,7,628,0.2812042832374573,0.051383256912231445,35829.0,0.31228169798851013,425,1
SLIM*SIG1,676053df-1802-11f0-8423-54a95b9ec813,auction,7,629,0.2812042832374573,0.062494754791259766,36114.0,0.31228169798851013,425,1
SLIM*SIG1,676053df-1802-11f0-8423-54a95b9ec813,auction,7,630,0.28108274936676025,0.05440568923950195,35352.0,0.3116288483142853,440,1
SLIM*SIG1,676053df-1802-11f0-8423-54a95b9ec813,auction,7,631,0.28108274936676025,0.06854367256164551,35250.0,0.3116288483142853,440,1
SLIM*SIG1,676053df-1802-11f0-8423-54a95b9ec813,auction,7,632,0.28108274936676025,0.09374856948852539,35349.0,0.3116288483142853,440,1
SLIM*SIG1,676053df-1802-11f0-8423-54a95b9ec813,auction,7,633,0.28108274936676025,0.08322358131408691,35685.0,0.3116288483142853,440,1
SLIM*SIG1,676053df-1802-11f0-8423-54a95b9ec813,auction,7,634,0.28108274936676025,0.08434748649597168,35870.0,0.3116288483142853,440,1
SLIM*SIG1,676053df-1802-11f0-8423-54a95b9ec813,auction,7,635,0.28108274936676025,0.07207798957824707,37398.0,0.3116288483142853,440,1
SLIM*SIG1,676053df-1802-11f0-8423-54a95b9ec813,auction,7,636,0.28108274936676025,0.08286261558532715,38514.0,0.3116288483142853,440,1
SLIM*SIG1,676053df-1802-11f0-8423-54a95b9ec813,auction,7,637,0.28108274936676025,0.07852768898010254,39424.0,0.3116288483142853,440,1
SLIM*SIG1,676053df-1802-11f0-8423-54a95b9ec813,auction,7,638,0.28108274936676025,0.08849000930786133,39626.0,0.3116288483142853,440,1
SLIM*SIG1,676053df-1802-11f0-8423-54a95b9ec813,auction,7,639,0.28108274936676025,0.06721997261047363,38992.0,0.3116288483142853,440,1
SLIM*SIG1,676053df-1802-11f0-8423-54a95b9ec813,auction,7,640,0.28108274936676025,0.06249284744262695,40250.0,0.3116288483142853,440,1
SLIM*SIG1,676053df-1802-11f0-8423-54a95b9ec813,auction,7,641,0.28108274936676025,0.06824254989624023,39781.0,0.3116288483142853,440,1
SLIM*SIG1,676053df-1802-11f0-8423-54a95b9ec813,auction,7,642,0.28108274936676025,0.06249237060546875,39789.0,0.3116288483142853,440,1
SLIM*SIG1,676053df-1802-11f0-8423-54a95b9ec813,auction,7,643,0.28108274936676025,0.08774876594543457,39741.0,0.3116288483142853,440,1
SLIM*SIG1,676053df-1802-11f0-8423-54a95b9ec813,auction,7,644,0.28108274936676025,0.05171680450439453,38784.0,0.3116288483142853,440,1
SLIM*SIG1,676053df-1802-11f0-8423-54a95b9ec813,auction,7,645,0.28108274936676025,0.08443164825439453,37611.0,0.3116288483142853,440,1
SLIM*SIG1,676053df-1802-11f0-8423-54a95b9ec813,auction,7,646,0.28108274936676025,0.11393070220947266,36924.0,0.3116288483142853,440,1
SLIM*SIG1,676053df-1802-11f0-8423-54a95b9ec813,auction,7,647,0.28108274936676025,0.10067152976989746,36920.0,0.3116288483142853,440,1
SLIM*SIG1,676053df-1802-11f0-8423-54a95b9ec813,auction,7,648,0.28108274936676025,0.07813334465026855,36650.0,0.3116288483142853,440,1
SLIM*SIG1,676053df-1802-11f0-8423-54a95b9ec813,auction,7,649,0.28108274936676025,0.08266544342041016,37630.0,0.3116288483142853,440,1
SLIM*SIG1,676053df-1802-11f0-8423-54a95b9ec813,auction,7,650,0.28108274936676025,0.08846163749694824,37737.0,0.3116288483142853,440,1
SLIM*SIG1,676053df-1802-11f0-8423-54a95b9ec813,auction,7,651,0.28108274936676025,0.09679985046386719,38115.0,0.3116288483142853,440,1
SLIM*SIG1,676053df-1802-11f0-8423-54a95b9ec813,auction,7,652,0.28108274936676025,0.08890151977539062,38425.0,0.3116288483142853,440,1
SLIM*SIG1,676053df-1802-11f0-8423-54a95b9ec813,auction,7,653,0.28108274936676025,0.06250262260437012,38201.0,0.3116288483142853,440,1
SLIM*SIG1,676053df-1802-11f0-8423-54a95b9ec813,auction,7,654,0.28108274936676025,0.06726980209350586,38844.0,0.3116288483142853,440,1
SLIM*SIG1,676053df-1802-11f0-8423-54a95b9ec813,auction,7,655,0.28108274936676025,0.08561539649963379,38909.0,0.3116288483142853,440,1
SLIM*SIG1,676053df-1802-11f0-8423-54a95b9ec813,auction,7,656,0.28108274936676025,0.08093571662902832,39048.0,0.3116288483142853,440,1
SLIM*SIG1,676053df-1802-11f0-8423-54a95b9ec813,auction,7,657,0.28108274936676025,0.0468752384185791,38909.0,0.3116288483142853,440,1
SLIM*SIG1,676053df-1802-11f0-8423-54a95b9ec813,auction,7,658,0.28108274936676025,0.07253003120422363,38490.0,0.3116288483142853,440,1
SLIM*SIG1,676053df-1802-11f0-8423-54a95b9ec813,auction,7,659,0.28108274936676025,0.08474540710449219,38467.0,0.3116288483142853,440,1
SLIM*SIG1,676053df-1802-11f0-8423-54a95b9ec813,auction,7,660,0.28108274936676025,0.06250524520874023,38484.0,0.3116288483142853,440,1
SLIM*SIG1,676053df-1802-11f0-8423-54a95b9ec813,auction,7,661,0.28108274936676025,0.06981348991394043,38721.0,0.3116288483142853,440,1
SLIM*SIG1,676053df-1802-11f0-8423-54a95b9ec813,auction,7,662,0.28108274936676025,0.08242511749267578,38289.0,0.3116288483142853,440,1
SLIM*SIG1,676053df-1802-11f0-8423-54a95b9ec813,auction,7,663,0.28108274936676025,0.11517143249511719,38148.0,0.3116288483142853,440,1
SLIM*SIG1,676053df-1802-11f0-8423-54a95b9ec813,auction,7,664,0.28108274936676025,0.10135507583618164,37836.0,0.3116288483142853,440,1
SLIM*SIG1,676053df-1802-11f0-8423-54a95b9ec813,auction,7,665,0.28108274936676025,0.049242496490478516,38173.0,0.3116288483142853,440,1
SLIM*SIG1,676053df-1802-11f0-8423-54a95b9ec813,auction,7,666,0.28098517656326294,0.08528900146484375,38370.0,0.31016820669174194,466,1
SLIM*SIG1,676053df-1802-11f0-8423-54a95b9ec813,auction,7,667,0.28098517656326294,0.06392049789428711,38276.0,0.31016820669174194,466,1
SLIM*SIG1,676053df-1802-11f0-8423-54a95b9ec813,auction,7,668,0.28098517656326294,0.10378050804138184,38314.0,0.31016820669174194,466,1
SLIM*SIG1,676053df-1802-11f0-8423-54a95b9ec813,auction,7,669,0.2809686064720154,0.07813453674316406,38015.0,0.30939099192619324,466,1
SLIM*SIG1,676053df-1802-11f0-8423-54a95b9ec813,auction,7,670,0.2809686064720154,0.08427667617797852,38047.0,0.30939099192619324,466,1
SLIM*SIG1,676053df-1802-11f0-8423-54a95b9ec813,auction,7,671,0.28096309304237366,0.10258698463439941,38184.0,0.3101891577243805,453,1
SLIM*SIG1,676053df-1802-11f0-8423-54a95b9ec813,auction,7,672,0.28096309304237366,0.11370372772216797,37983.0,0.3101891577243805,453,1
SLIM*SIG1,676053df-1802-11f0-8423-54a95b9ec813,auction,7,673,0.28096309304237366,0.08851265907287598,38231.0,0.3101891577243805,453,1
SLIM*SIG1,676053df-1802-11f0-8423-54a95b9ec813,auction,7,674,0.28096309304237366,0.09259843826293945,37854.0,0.3101891577243805,453,1
SLIM*SIG1,676053df-1802-11f0-8423-54a95b9ec813,auction,7,675,0.28096309304237366,0.07812976837158203,36298.0,0.3101891577243805,453,1
SLIM*SIG1,676053df-1802-11f0-8423-54a95b9ec813,auction,7,676,0.28096309304237366,0.08521866798400879,36051.0,0.3101891577243805,453,1
SLIM*SIG1,676053df-1802-11f0-8423-54a95b9ec813,auction,7,677,0.28096309304237366,0.08416056632995605,36076.0,0.3101891577243805,453,1
SLIM*SIG1,676053df-1802-11f0-8423-54a95b9ec813,auction,7,678,0.28096309304237366,0.053269147872924805,36580.0,0.3101891577243805,453,1
SLIM*SIG1,676053df-1802-11f0-8423-54a95b9ec813,auction,7,679,0.28096309304237366,0.06250143051147461,36511.0,0.3101891577243805,453,1
SLIM*SIG1,676053df-1802-11f0-8423-54a95b9ec813,auction,7,680,0.28096309304237366,0.08719706535339355,38235.0,0.3101891577243805,453,1
SLIM*SIG1,676053df-1802-11f0-8423-54a95b9ec813,auction,7,681,0.28096309304237366,0.09719681739807129,38656.0,0.3101891577243805,453,1
SLIM*SIG1,676053df-1802-11f0-8423-54a95b9ec813,auction,7,682,0.2809513807296753,0.07014775276184082,39953.0,0.31027719378471375,466,1
SLIM*SIG1,676053df-1802-11f0-8423-54a95b9ec813,auction,7,683,0.2809513807296753,0.1013190746307373,39368.0,0.31027719378471375,466,1
SLIM*SIG1,676053df-1802-11f0-8423-54a95b9ec813,auction,7,684,0.2809513807296753,0.06950521469116211,38960.0,0.31027719378471375,466,1
SLIM*SIG1,676053df-1802-11f0-8423-54a95b9ec813,auction,7,685,0.2809513807296753,0.09553647041320801,40027.0,0.31027719378471375,466,1
SLIM*SIG1,676053df-1802-11f0-8423-54a95b9ec813,auction,7,686,0.2809513807296753,0.09665441513061523,39967.0,0.31027719378471375,466,1
SLIM*SIG1,676053df-1802-11f0-8423-54a95b9ec813,auction,7,687,0.2809513807296753,0.08444070816040039,39756.0,0.31027719378471375,466,1
SLIM*SIG1,676053df-1802-11f0-8423-54a95b9ec813,auction,7,688,0.2809513807296753,0.06932306289672852,38977.0,0.31027719378471375,466,1
SLIM*SIG1,676053df-1802-11f0-8423-54a95b9ec813,auction,7,689,0.2809513807296753,0.06249213218688965,38888.0,0.31027719378471375,466,1
SLIM*SIG1,676053df-1802-11f0-8423-54a95b9ec813,auction,7,690,0.28091469407081604,0.11878299713134766,38918.0,0.31066638231277466,479,1
SLIM*SIG1,676053df-1802-11f0-8423-54a95b9ec813,auction,7,691,0.28091469407081604,0.07812881469726562,38992.0,0.31066638231277466,479,1
SLIM*SIG1,676053df-1802-11f0-8423-54a95b9ec813,auction,7,692,0.28091469407081604,0.0705714225769043,40013.0,0.31066638231277466,479,1
SLIM*SIG1,676053df-1802-11f0-8423-54a95b9ec813,auction,7,693,0.28091469407081604,0.06876015663146973,40909.0,0.31066638231277466,479,1
SLIM*SIG1,676053df-1802-11f0-8423-54a95b9ec813,auction,7,694,0.28091469407081604,0.07811951637268066,41580.0,0.31066638231277466,479,1
SLIM*SIG1,676053df-1802-11f0-8423-54a95b9ec813,auction,7,695,0.28091469407081604,0.06969428062438965,42521.0,0.31066638231277466,479,1
SLIM*SIG1,676053df-1802-11f0-8423-54a95b9ec813,auction,7,696,0.28091469407081604,0.08510971069335938,42190.0,0.31066638231277466,479,1
SLIM*SIG1,676053df-1802-11f0-8423-54a95b9ec813,auction,7,697,0.28091469407081604,0.11574220657348633,42347.0,0.31066638231277466,479,1
SLIM*SIG1,676053df-1802-11f0-8423-54a95b9ec813,auction,7,698,0.28091469407081604,0.11019062995910645,41113.0,0.31066638231277466,479,1
SLIM*SIG1,676053df-1802-11f0-8423-54a95b9ec813,auction,7,699,0.28091469407081604,0.11430931091308594,42132.0,0.31066638231277466,479,1
SLIM*SIG1,676053df-1802-11f0-8423-54a95b9ec813,auction,7,700,0.2809097468852997,0.15343880653381348,41611.0,0.3106878101825714,492,1
SLIM*SIG1,676053df-1802-11f0-8423-54a95b9ec813,auction,7,701,0.2809097468852997,0.1034708023071289,42526.0,0.3106878101825714,492,1
SLIM*SIG1,676053df-1802-11f0-8423-54a95b9ec813,auction,7,702,0.2809097468852997,0.09077596664428711,42512.0,0.3106878101825714,492,1
SLIM*SIG1,676053df-1802-11f0-8423-54a95b9ec813,auction,7,703,0.2809097468852997,0.06938481330871582,41915.0,0.3106878101825714,492,1
SLIM*SIG1,676053df-1802-11f0-8423-54a95b9ec813,auction,7,704,0.2809097468852997,0.09901881217956543,42820.0,0.3106878101825714,492,1
SLIM*SIG1,676053df-1802-11f0-8423-54a95b9ec813,auction,7,705,0.2809097468852997,0.08698439598083496,43123.0,0.3106878101825714,492,1
SLIM*SIG1,676053df-1802-11f0-8423-54a95b9ec813,auction,7,706,0.2809097468852997,0.08552384376525879,43253.0,0.3106878101825714,492,1
SLIM*SIG1,676053df-1802-11f0-8423-54a95b9ec813,auction,7,707,0.2809097468852997,0.06249737739562988,42973.0,0.3106878101825714,492,1
SLIM*SIG1,676053df-1802-11f0-8423-54a95b9ec813,auction,7,708,0.2809097468852997,0.09896636009216309,42931.0,0.3106878101825714,492,1
SLIM*SIG1,676053df-1802-11f0-8423-54a95b9ec813,auction,7,709,0.2809097468852997,0.06848931312561035,42872.0,0.3106878101825714,492,1
SLIM*SIG1,676053df-1802-11f0-8423-54a95b9ec813,auction,7,710,0.2809097468852997,0.06133866310119629,42824.0,0.3106878101825714,492,1
SLIM*SIG1,676053df-1802-11f0-8423-54a95b9ec813,auction,7,711,0.2809097468852997,0.08631300926208496,42418.0,0.3106878101825714,492,1
SLIM*SIG1,676053df-1802-11f0-8423-54a95b9ec813,auction,7,712,0.2809097468852997,0.11920642852783203,41608.0,0.3106878101825714,492,1
SLIM*SIG1,676053df-1802-11f0-8423-54a95b9ec813,auction,7,713,0.2809097468852997,0.06250190734863281,40520.0,0.3106878101825714,492,1
SLIM*SIG1,676053df-1802-11f0-8423-54a95b9ec813,auction,7,714,0.2809097468852997,0.10155773162841797,39603.0,0.3106878101825714,492,1
SLIM*SIG1,676053df-1802-11f0-8423-54a95b9ec813,auction,7,715,0.2809097468852997,0.06772685050964355,39373.0,0.3106878101825714,492,1
SLIM*SIG1,676053df-1802-11f0-8423-54a95b9ec813,auction,7,716,0.2809097468852997,0.0840597152709961,39044.0,0.3106878101825714,492,1
SLIM*SIG1,676053df-1802-11f0-8423-54a95b9ec813,auction,7,717,0.28089284896850586,0.10338354110717773,39460.0,0.3107011914253235,492,1
SLIM*SIG1,676053df-1802-11f0-8423-54a95b9ec813,auction,7,718,0.28089284896850586,0.09882235527038574,41733.0,0.3107011914253235,492,1
SLIM*SIG1,676053df-1802-11f0-8423-54a95b9ec813,auction,7,719,0.28089284896850586,0.1011800765991211,43733.0,0.3107011914253235,492,1
SLIM*SIG1,676053df-1802-11f0-8423-54a95b9ec813,auction,7,720,0.28089284896850586,0.11165165901184082,43558.0,0.3107011914253235,492,1
SLIM*SIG1,676053df-1802-11f0-8423-54a95b9ec813,auction,7,721,0.28089284896850586,0.09374880790710449,44650.0,0.3107011914253235,492,1
SLIM*SIG1,676053df-1802-11f0-8423-54a95b9ec813,auction,7,722,0.28089284896850586,0.1004781723022461,45074.0,0.3107011914253235,492,1
SLIM*SIG1,676053df-1802-11f0-8423-54a95b9ec813,auction,7,723,0.28089284896850586,0.11671257019042969,45274.0,0.3107011914253235,492,1
SLIM*SIG1,676053df-1802-11f0-8423-54a95b9ec813,auction,7,724,0.28089284896850586,0.10497283935546875,45370.0,0.3107011914253235,492,1
SLIM*SIG1,676053df-1802-11f0-8423-54a95b9ec813,auction,7,725,0.28089284896850586,0.11416220664978027,45563.0,0.3107011914253235,492,1
SLIM*SIG1,676053df-1802-11f0-8423-54a95b9ec813,auction,7,726,0.28089284896850586,0.07812309265136719,45315.0,0.3107011914253235,492,1
SLIM*SIG1,676053df-1802-11f0-8423-54a95b9ec813,auction,7,727,0.28089284896850586,0.0707559585571289,44994.0,0.3107011914253235,492,1
SLIM*SIG1,676053df-1802-11f0-8423-54a95b9ec813,auction,7,728,0.28089284896850586,0.10267305374145508,44476.0,0.3107011914253235,492,1
SLIM*SIG1,676053df-1802-11f0-8423-54a95b9ec813,auction,7,729,0.28089284896850586,0.09632492065429688,44568.0,0.3107011914253235,492,1
SLIM*SIG1,676053df-1802-11f0-8423-54a95b9ec813,auction,7,730,0.28089284896850586,0.07292485237121582,44213.0,0.3107011914253235,492,1
SLIM*SIG1,676053df-1802-11f0-8423-54a95b9ec813,auction,7,731,0.28089284896850586,0.07974076271057129,44385.0,0.3107011914253235,492,1
SLIM*SIG1,676053df-1802-11f0-8423-54a95b9ec813,auction,7,732,0.28089284896850586,0.07812762260437012,45292.0,0.3107011914253235,492,1
SLIM*SIG1,676053df-1802-11f0-8423-54a95b9ec813,auction,7,733,0.28089284896850586,0.0731344223022461,44944.0,0.3107011914253235,492,1
SLIM*SIG1,676053df-1802-11f0-8423-54a95b9ec813,auction,7,734,0.28089284896850586,0.08406543731689453,44511.0,0.3107011914253235,492,1
SLIM*SIG1,676053df-1802-11f0-8423-54a95b9ec813,auction,7,735,0.28089284896850586,0.09481024742126465,43158.0,0.3107011914253235,492,1
SLIM*SIG1,676053df-1802-11f0-8423-54a95b9ec813,auction,7,736,0.28089284896850586,0.08177638053894043,42573.0,0.3107011914253235,492,1
SLIM*SIG1,676053df-1802-11f0-8423-54a95b9ec813,auction,7,737,0.28089284896850586,0.05558514595031738,42199.0,0.3107011914253235,492,1
SLIM*SIG1,676053df-1802-11f0-8423-54a95b9ec813,auction,7,738,0.28089284896850586,0.10010576248168945,42081.0,0.3107011914253235,492,1
SLIM*SIG1,676053df-1802-11f0-8423-54a95b9ec813,auction,7,739,0.28089284896850586,0.08121347427368164,42308.0,0.3107011914253235,492,1
SLIM*SIG1,676053df-1802-11f0-8423-54a95b9ec813,auction,7,740,0.28089284896850586,0.08037233352661133,42045.0,0.3107011914253235,492,1
SLIM*SIG1,676053df-1802-11f0-8423-54a95b9ec813,auction,7,741,0.28089284896850586,0.05667257308959961,41332.0,0.3107011914253235,492,1
SLIM*SIG1,676053df-1802-11f0-8423-54a95b9ec813,auction,7,742,0.28086480498313904,0.1120450496673584,42563.0,0.309912770986557,492,1
SLIM*SIG1,676053df-1802-11f0-8423-54a95b9ec813,auction,7,743,0.28086480498313904,0.08970069885253906,43209.0,0.309912770986557,492,1
SLIM*SIG1,676053df-1802-11f0-8423-54a95b9ec813,auction,7,744,0.28086480498313904,0.06249547004699707,42748.0,0.309912770986557,492,1
SLIM*SIG1,676053df-1802-11f0-8423-54a95b9ec813,auction,7,745,0.28086480498313904,0.10100317001342773,41904.0,0.309912770986557,492,1
SLIM*SIG1,676053df-1802-11f0-8423-54a95b9ec813,auction,7,746,0.28086480498313904,0.06694626808166504,41185.0,0.309912770986557,492,1
SLIM*SIG1,676053df-1802-11f0-8423-54a95b9ec813,auction,7,747,0.28086480498313904,0.053806304931640625,41361.0,0.309912770986557,492,1
SLIM*SIG1,676053df-1802-11f0-8423-54a95b9ec813,auction,7,748,0.28086480498313904,0.08227682113647461,40867.0,0.309912770986557,492,1
SLIM*SIG1,676053df-1802-11f0-8423-54a95b9ec813,auction,7,749,0.28086480498313904,0.10230231285095215,39952.0,0.309912770986557,492,1
SLIM*SIG1,676053df-1802-11f0-8423-54a95b9ec813,auction,7,750,0.2808336913585663,0.07206916809082031,39826.0,0.31003376841545105,479,1
SLIM*SIG1,676053df-1802-11f0-8423-54a95b9ec813,auction,7,751,0.2808336913585663,0.0884397029876709,39971.0,0.31003376841545105,479,1
SLIM*SIG1,676053df-1802-11f0-8423-54a95b9ec813,auction,7,752,0.28078967332839966,0.08360791206359863,39764.0,0.31035396456718445,466,1
SLIM*SIG1,676053df-1802-11f0-8423-54a95b9ec813,auction,7,753,0.28078967332839966,0.11334013938903809,40548.0,0.31035396456718445,466,1
SLIM*SIG1,676053df-1802-11f0-8423-54a95b9ec813,auction,7,754,0.28078967332839966,0.10219454765319824,40832.0,0.31035396456718445,466,1
SLIM*SIG1,676053df-1802-11f0-8423-54a95b9ec813,auction,7,755,0.28078967332839966,0.0701146125793457,42150.0,0.31035396456718445,466,1
SLIM*SIG1,676053df-1802-11f0-8423-54a95b9ec813,auction,7,756,0.28076696395874023,0.07812809944152832,41703.0,0.30618417263031006,505,1
SLIM*SIG1,676053df-1802-11f0-8423-54a95b9ec813,auction,7,757,0.28076696395874023,0.09773015975952148,42819.0,0.30618417263031006,505,1
SLIM*SIG1,676053df-1802-11f0-8423-54a95b9ec813,auction,7,758,0.28058475255966187,0.0717933177947998,43031.0,0.3062497675418854,492,1
SLIM*SIG1,676053df-1802-11f0-8423-54a95b9ec813,auction,7,759,0.28045913577079773,0.0825049877166748,42951.0,0.3065268099308014,479,1
SLIM*SIG1,676053df-1802-11f0-8423-54a95b9ec813,auction,7,760,0.28045913577079773,0.07812356948852539,42587.0,0.3065268099308014,479,1
SLIM*SIG1,676053df-1802-11f0-8423-54a95b9ec813,auction,7,761,0.28045913577079773,0.0696563720703125,42433.0,0.3065268099308014,479,1
SLIM*SIG1,676053df-1802-11f0-8423-54a95b9ec813,auction,7,762,0.2804161012172699,0.08765792846679688,41698.0,0.30657243728637695,466,1
SLIM*SIG1,676053df-1802-11f0-8423-54a95b9ec813,auction,7,763,0.2804161012172699,0.06554770469665527,40920.0,0.30657243728637695,466,1
SLIM*SIG1,676053df-1802-11f0-8423-54a95b9ec813,auction,7,764,0.2804161012172699,0.10053277015686035,40927.0,0.30657243728637695,466,1
SLIM*SIG1,676053df-1802-11f0-8423-54a95b9ec813,auction,7,765,0.2804161012172699,0.08556699752807617,41218.0,0.30657243728637695,466,1
SLIM*SIG1,676053df-1802-11f0-8423-54a95b9ec813,auction,7,766,0.2804161012172699,0.07812833786010742,40906.0,0.30657243728637695,466,1
SLIM*SIG1,676053df-1802-11f0-8423-54a95b9ec813,auction,7,767,0.2804161012172699,0.0838921070098877,41228.0,0.30657243728637695,466,1
SLIM*SIG1,676053df-1802-11f0-8423-54a95b9ec813,auction,7,768,0.2804161012172699,0.08712100982666016,40936.0,0.30657243728637695,466,1
SLIM*SIG1,676053df-1802-11f0-8423-54a95b9ec813,auction,7,769,0.2804161012172699,0.09900641441345215,40914.0,0.30657243728637695,466,1
SLIM*SIG1,676053df-1802-11f0-8423-54a95b9ec813,auction,7,770,0.2804161012172699,0.08164286613464355,40563.0,0.30657243728637695,466,1
SLIM*SIG1,676053df-1802-11f0-8423-54a95b9ec813,auction,7,771,0.2804161012172699,0.07814145088195801,40736.0,0.30657243728637695,466,1
SLIM*SIG1,676053df-1802-11f0-8423-54a95b9ec813,auction,7,772,0.2804161012172699,0.08969879150390625,40445.0,0.30657243728637695,466,1
SLIM*SIG1,676053df-1802-11f0-8423-54a95b9ec813,auction,7,773,0.2804161012172699,0.08211660385131836,40769.0,0.30657243728637695,466,1
SLIM*SIG1,676053df-1802-11f0-8423-54a95b9ec813,auction,7,774,0.2804161012172699,0.09935975074768066,40277.0,0.30657243728637695,466,1
SLIM*SIG1,676053df-1802-11f0-8423-54a95b9ec813,auction,7,775,0.2804161012172699,0.09069514274597168,40562.0,0.30657243728637695,466,1
SLIM*SIG1,676053df-1802-11f0-8423-54a95b9ec813,auction,7,776,0.2804161012172699,0.10721802711486816,40801.0,0.30657243728637695,466,1
SLIM*SIG1,676053df-1802-11f0-8423-54a95b9ec813,auction,7,777,0.2804161012172699,0.07812333106994629,40771.0,0.30657243728637695,466,1
SLIM*SIG1,676053df-1802-11f0-8423-54a95b9ec813,auction,7,778,0.2804161012172699,0.10071349143981934,41016.0,0.30657243728637695,466,1
SLIM*SIG1,676053df-1802-11f0-8423-54a95b9ec813,auction,7,779,0.2804161012172699,0.10824251174926758,40593.0,0.30657243728637695,466,1
SLIM*SIG1,676053df-1802-11f0-8423-54a95b9ec813,auction,7,780,0.2804161012172699,0.09934163093566895,39000.0,0.30657243728637695,466,1
SLIM*SIG1,676053df-1802-11f0-8423-54a95b9ec813,auction,7,781,0.2804161012172699,0.08546733856201172,38577.0,0.30657243728637695,466,1
SLIM*SIG1,676053df-1802-11f0-8423-54a95b9ec813,auction,7,782,0.2804161012172699,0.07812786102294922,38375.0,0.30657243728637695,466,1
SLIM*SIG1,676053df-1802-11f0-8423-54a95b9ec813,auction,7,783,0.2804161012172699,0.11931061744689941,38229.0,0.30657243728637695,466,1
SLIM*SIG1,676053df-1802-11f0-8423-54a95b9ec813,auction,7,784,0.2804161012172699,0.0945441722869873,38973.0,0.30657243728637695,466,1
SLIM*SIG1,676053df-1802-11f0-8423-54a95b9ec813,auction,7,785,0.2804161012172699,0.06294488906860352,39232.0,0.30657243728637695,466,1
SLIM*SIG1,676053df-1802-11f0-8423-54a95b9ec813,auction,7,786,0.2804161012172699,0.10549068450927734,39346.0,0.30657243728637695,466,1
SLIM*SIG1,676053df-1802-11f0-8423-54a95b9ec813,auction,7,787,0.2804161012172699,0.08427119255065918,39480.0,0.30657243728637695,466,1
SLIM*SIG1,676053df-1802-11f0-8423-54a95b9ec813,auction,7,788,0.2804161012172699,0.0809621810913086,39399.0,0.30657243728637695,466,1
SLIM*SIG1,676053df-1802-11f0-8423-54a95b9ec813,auction,7,789,0.2804161012172699,0.09753251075744629,39141.0,0.30657243728637695,466,1
SLIM*SIG1,676053df-1802-11f0-8423-54a95b9ec813,auction,7,790,0.2804161012172699,0.11300969123840332,39669.0,0.30657243728637695,466,1
SLIM*SIG1,676053df-1802-11f0-8423-54a95b9ec813,auction,7,791,0.2804161012172699,0.08173322677612305,40133.0,0.30657243728637695,466,1
SLIM*SIG1,676053df-1802-11f0-8423-54a95b9ec813,auction,7,792,0.2804161012172699,0.08727169036865234,40700.0,0.30657243728637695,466,1
SLIM*SIG1,676053df-1802-11f0-8423-54a95b9ec813,auction,7,793,0.2804161012172699,0.09814214706420898,41023.0,0.30657243728637695,466,1
SLIM*SIG1,676053df-1802-11f0-8423-54a95b9ec813,auction,7,794,0.2804161012172699,0.10060930252075195,41083.0,0.30657243728637695,466,1
SLIM*SIG1,676053df-1802-11f0-8423-54a95b9ec813,auction,7,795,0.2804161012172699,0.0848841667175293,41322.0,0.30657243728637695,466,1
SLIM*SIG1,676053df-1802-11f0-8423-54a95b9ec813,auction,7,796,0.2804161012172699,0.05184316635131836,41244.0,0.30657243728637695,466,1
SLIM*SIG1,676053df-1802-11f0-8423-54a95b9ec813,auction,7,797,0.2804161012172699,0.07812905311584473,40888.0,0.30657243728637695,466,1
SLIM*SIG1,676053df-1802-11f0-8423-54a95b9ec813,auction,7,798,0.2803613841533661,0.09956669807434082,40100.0,0.30553239583969116,479,1
SLIM*SIG1,676053df-1802-11f0-8423-54a95b9ec813,auction,7,799,0.2803613841533661,0.12427711486816406,39449.0,0.30553239583969116,479,1
SLIM*SIG1,676053df-1802-11f0-8423-54a95b9ec813,auction,7,800,0.2803613841533661,0.11297345161437988,39052.0,0.30553239583969116,479,1
SLIM*SIG1,676053df-1802-11f0-8423-54a95b9ec813,auction,7,801,0.2803613841533661,0.0937492847442627,39920.0,0.30553239583969116,479,1
SLIM*SIG1,676053df-1802-11f0-8423-54a95b9ec813,auction,7,802,0.2803613841533661,0.07153487205505371,40998.0,0.30553239583969116,479,1
SLIM*SIG1,676053df-1802-11f0-8423-54a95b9ec813,auction,7,803,0.28027263283729553,0.0531613826751709,40742.0,0.30736252665519714,466,1
SLIM*SIG1,676053df-1802-11f0-8423-54a95b9ec813,auction,7,804,0.28027263283729553,0.0825200080871582,40997.0,0.30736252665519714,466,1
SLIM*SIG1,676053df-1802-11f0-8423-54a95b9ec813,auction,7,805,0.28027263283729553,0.09364628791809082,41220.0,0.30736252665519714,466,1
SLIM*SIG1,676053df-1802-11f0-8423-54a95b9ec813,auction,7,806,0.28027263283729553,0.06977295875549316,42345.0,0.30736252665519714,466,1
SLIM*SIG1,676053df-1802-11f0-8423-54a95b9ec813,auction,7,807,0.28027263283729553,0.06911730766296387,41256.0,0.30736252665519714,466,1
SLIM*SIG1,676053df-1802-11f0-8423-54a95b9ec813,auction,7,808,0.28027263283729553,0.10004115104675293,41325.0,0.30736252665519714,466,1
SLIM*SIG1,676053df-1802-11f0-8423-54a95b9ec813,auction,7,809,0.28027263283729553,0.06250262260437012,41167.0,0.30736252665519714,466,1
SLIM*SIG1,676053df-1802-11f0-8423-54a95b9ec813,auction,7,810,0.28027263283729553,0.08465313911437988,41605.0,0.30736252665519714,466,1
SLIM*SIG1,676053df-1802-11f0-8423-54a95b9ec813,auction,7,811,0.28027263283729553,0.10246133804321289,41564.0,0.30736252665519714,466,1
SLIM*SIG1,676053df-1802-11f0-8423-54a95b9ec813,auction,7,812,0.28027263283729553,0.08068466186523438,41398.0,0.30736252665519714,466,1
SLIM*SIG1,676053df-1802-11f0-8423-54a95b9ec813,auction,7,813,0.28027263283729553,0.08760380744934082,41646.0,0.30736252665519714,466,1
SLIM*SIG1,676053df-1802-11f0-8423-54a95b9ec813,auction,7,814,0.28027263283729553,0.09530997276306152,41704.0,0.30736252665519714,466,1
SLIM*SIG1,676053df-1802-11f0-8423-54a95b9ec813,auction,7,815,0.28027263283729553,0.09687137603759766,41731.0,0.30736252665519714,466,1
SLIM*SIG1,676053df-1802-11f0-8423-54a95b9ec813,auction,7,816,0.28027263283729553,0.10596990585327148,41552.0,0.30736252665519714,466,1
SLIM*SIG1,676053df-1802-11f0-8423-54a95b9ec813,auction,7,817,0.28027263283729553,0.0923776626586914,41303.0,0.30736252665519714,466,1
SLIM*SIG1,676053df-1802-11f0-8423-54a95b9ec813,auction,7,818,0.28027263283729553,0.0815131664276123,40613.0,0.30736252665519714,466,1
SLIM*SIG1,676053df-1802-11f0-8423-54a95b9ec813,auction,7,819,0.28027263283729553,0.06935358047485352,40763.0,0.30736252665519714,466,1
SLIM*SIG1,676053df-1802-11f0-8423-54a95b9ec813,auction,7,820,0.28027263283729553,0.08638930320739746,40857.0,0.30736252665519714,466,1
SLIM*SIG1,676053df-1802-11f0-8423-54a95b9ec813,auction,7,821,0.28027263283729553,0.07812857627868652,41607.0,0.30736252665519714,466,1
SLIM*SIG1,676053df-1802-11f0-8423-54a95b9ec813,auction,7,822,0.28027263283729553,0.08531379699707031,42224.0,0.30736252665519714,466,1
SLIM*SIG1,676053df-1802-11f0-8423-54a95b9ec813,auction,7,823,0.28027263283729553,0.13584160804748535,42826.0,0.30736252665519714,466,1
SLIM*SIG1,676053df-1802-11f0-8423-54a95b9ec813,auction,7,824,0.28027263283729553,0.11470222473144531,42248.0,0.30736252665519714,466,1
SLIM*SIG1,676053df-1802-11f0-8423-54a95b9ec813,auction,7,825,0.28027263283729553,0.08450174331665039,42156.0,0.30736252665519714,466,1
SLIM*SIG1,676053df-1802-11f0-8423-54a95b9ec813,auction,7,826,0.28027263283729553,0.06250691413879395,41346.0,0.30736252665519714,466,1
SLIM*SIG1,676053df-1802-11f0-8423-54a95b9ec813,auction,7,827,0.28027263283729553,0.08416032791137695,41090.0,0.30736252665519714,466,1
SLIM*SIG1,676053df-1802-11f0-8423-54a95b9ec813,auction,7,828,0.28027263283729553,0.11626791954040527,41624.0,0.30736252665519714,466,1
SLIM*SIG1,676053df-1802-11f0-8423-54a95b9ec813,auction,7,829,0.28027263283729553,0.11369442939758301,41969.0,0.30736252665519714,466,1
SLIM*SIG1,676053df-1802-11f0-8423-54a95b9ec813,auction,7,830,0.28027263283729553,0.08788251876831055,42105.0,0.30736252665519714,466,1
SLIM*SIG1,676053df-1802-11f0-8423-54a95b9ec813,auction,7,831,0.28027263283729553,0.08475804328918457,41158.0,0.30736252665519714,466,1
SLIM*SIG1,676053df-1802-11f0-8423-54a95b9ec813,auction,7,832,0.28027263283729553,0.09997034072875977,41125.0,0.30736252665519714,466,1
SLIM*SIG1,676053df-1802-11f0-8423-54a95b9ec813,auction,7,833,0.28027263283729553,0.07813024520874023,41150.0,0.30736252665519714,466,1
SLIM*SIG1,676053df-1802-11f0-8423-54a95b9ec813,auction,7,834,0.28027263283729553,0.08565354347229004,41143.0,0.30736252665519714,466,1
SLIM*SIG1,676053df-1802-11f0-8423-54a95b9ec813,auction,7,835,0.28027263283729553,0.08490872383117676,40693.0,0.30736252665519714,466,1
SLIM*SIG1,676053df-1802-11f0-8423-54a95b9ec813,auction,7,836,0.28027263283729553,0.0821225643157959,40757.0,0.30736252665519714,466,1
SLIM*SIG1,676053df-1802-11f0-8423-54a95b9ec813,auction,7,837,0.28027263283729553,0.08535408973693848,40847.0,0.30736252665519714,466,1
SLIM*SIG1,676053df-1802-11f0-8423-54a95b9ec813,auction,7,838,0.2801796495914459,0.08568596839904785,40801.0,0.307879775762558,440,1
SLIM*SIG1,676053df-1802-11f0-8423-54a95b9ec813,auction,7,839,0.2801796495914459,0.08309006690979004,39716.0,0.307879775762558,440,1
SLIM*SIG1,676053df-1802-11f0-8423-54a95b9ec813,auction,7,840,0.2801796495914459,0.1010587215423584,39434.0,0.307879775762558,440,1
SLIM*SIG1,676053df-1802-11f0-8423-54a95b9ec813,auction,7,841,0.2801796495914459,0.07812309265136719,39190.0,0.307879775762558,440,1
SLIM*SIG1,676053df-1802-11f0-8423-54a95b9ec813,auction,7,842,0.2801796495914459,0.0834345817565918,38439.0,0.307879775762558,440,1
SLIM*SIG1,676053df-1802-11f0-8423-54a95b9ec813,auction,7,843,0.2801796495914459,0.10309028625488281,38595.0,0.307879775762558,440,1
SLIM*SIG1,676053df-1802-11f0-8423-54a95b9ec813,auction,7,844,0.2801796495914459,0.0826575756072998,38995.0,0.307879775762558,440,1
SLIM*SIG1,676053df-1802-11f0-8423-54a95b9ec813,auction,7,845,0.2801796495914459,0.10177993774414062,38953.0,0.307879775762558,440,1
SLIM*SIG1,676053df-1802-11f0-8423-54a95b9ec813,auction,7,846,0.2801796495914459,0.10026288032531738,38896.0,0.307879775762558,440,1
SLIM*SIG1,676053df-1802-11f0-8423-54a95b9ec813,auction,7,847,0.2801796495914459,0.12289142608642578,37689.0,0.307879775762558,440,1
SLIM*SIG1,676053df-1802-11f0-8423-54a95b9ec813,auction,7,848,0.2801796495914459,0.09049344062805176,37097.0,0.307879775762558,440,1
SLIM*SIG1,676053df-1802-11f0-8423-54a95b9ec813,auction,7,849,0.2801796495914459,0.08773183822631836,36820.0,0.307879775762558,440,1
SLIM*SIG1,676053df-1802-11f0-8423-54a95b9ec813,auction,7,850,0.2801796495914459,0.06349730491638184,36700.0,0.307879775762558,440,1
SLIM*SIG1,676053df-1802-11f0-8423-54a95b9ec813,auction,7,851,0.2801796495914459,0.0889139175415039,36351.0,0.307879775762558,440,1
SLIM*SIG1,676053df-1802-11f0-8423-54a95b9ec813,auction,7,852,0.2801796495914459,0.11591911315917969,36462.0,0.307879775762558,440,1
SLIM*SIG1,676053df-1802-11f0-8423-54a95b9ec813,auction,7,853,0.2801796495914459,0.08292555809020996,37738.0,0.307879775762558,440,1
SLIM*SIG1,676053df-1802-11f0-8423-54a95b9ec813,auction,7,854,0.2801796495914459,0.08370542526245117,38697.0,0.307879775762558,440,1
SLIM*SIG1,676053df-1802-11f0-8423-54a95b9ec813,auction,7,855,0.2801796495914459,0.10942363739013672,39171.0,0.307879775762558,440,1
SLIM*SIG1,676053df-1802-11f0-8423-54a95b9ec813,auction,7,856,0.2801796495914459,0.058023929595947266,40011.0,0.307879775762558,440,1
SLIM*SIG1,676053df-1802-11f0-8423-54a95b9ec813,auction,7,857,0.2801796495914459,0.09840822219848633,39818.0,0.307879775762558,440,1
SLIM*SIG1,676053df-1802-11f0-8423-54a95b9ec813,auction,7,858,0.2801796495914459,0.08105874061584473,39360.0,0.307879775762558,440,1
SLIM*SIG1,676053df-1802-11f0-8423-54a95b9ec813,auction,7,859,0.2801796495914459,0.0624995231628418,39634.0,0.307879775762558,440,1
SLIM*SIG1,676053df-1802-11f0-8423-54a95b9ec813,auction,7,860,0.2801796495914459,0.0731804370880127,39968.0,0.307879775762558,440,1
SLIM*SIG1,676053df-1802-11f0-8423-54a95b9ec813,auction,7,861,0.2801796495914459,0.08488726615905762,39613.0,0.307879775762558,440,1
SLIM*SIG1,676053df-1802-11f0-8423-54a95b9ec813,auction,7,862,0.2801796495914459,0.07811903953552246,39433.0,0.307879775762558,440,1
SLIM*SIG1,676053df-1802-11f0-8423-54a95b9ec813,auction,7,863,0.2801796495914459,0.07816338539123535,38680.0,0.307879775762558,440,1
SLIM*SIG1,676053df-1802-11f0-8423-54a95b9ec813,auction,7,864,0.2801796495914459,0.05419802665710449,38804.0,0.307879775762558,440,1
SLIM*SIG1,676053df-1802-11f0-8423-54a95b9ec813,auction,7,865,0.2801796495914459,0.06749248504638672,38434.0,0.307879775762558,440,1
SLIM*SIG1,676053df-1802-11f0-8423-54a95b9ec813,auction,7,866,0.2801796495914459,0.07812929153442383,38791.0,0.307879775762558,440,1
SLIM*SIG1,676053df-1802-11f0-8423-54a95b9ec813,auction,7,867,0.2801796495914459,0.08497381210327148,39166.0,0.307879775762558,440,1
SLIM*SIG1,676053df-1802-11f0-8423-54a95b9ec813,auction,7,868,0.2801796495914459,0.0688333511352539,38608.0,0.307879775762558,440,1
SLIM*SIG1,676053df-1802-11f0-8423-54a95b9ec813,auction,7,869,0.2801796495914459,0.062499046325683594,38471.0,0.307879775762558,440,1
SLIM*SIG1,676053df-1802-11f0-8423-54a95b9ec813,auction,7,870,0.27973008155822754,0.10208868980407715,37838.0,0.30563464760780334,388,1
SLIM*SIG1,676053df-1802-11f0-8423-54a95b9ec813,auction,7,871,0.27973008155822754,0.09994173049926758,37496.0,0.30563464760780334,388,1
SLIM*SIG1,676053df-1802-11f0-8423-54a95b9ec813,auction,7,872,0.27973008155822754,0.09809088706970215,37514.0,0.30563464760780334,388,1
SLIM*SIG1,676053df-1802-11f0-8423-54a95b9ec813,auction,7,873,0.27973008155822754,0.0946512222290039,37839.0,0.30563464760780334,388,1
SLIM*SIG1,676053df-1802-11f0-8423-54a95b9ec813,auction,7,874,0.27973008155822754,0.1054074764251709,37865.0,0.30563464760780334,388,1
SLIM*SIG1,676053df-1802-11f0-8423-54a95b9ec813,auction,7,875,0.27973008155822754,0.07087254524230957,37812.0,0.30563464760780334,388,1
SLIM*SIG1,676053df-1802-11f0-8423-54a95b9ec813,auction,7,876,0.27973008155822754,0.0986018180847168,37196.0,0.30563464760780334,388,1
SLIM*SIG1,676053df-1802-11f0-8423-54a95b9ec813,auction,7,877,0.27973008155822754,0.0781252384185791,36793.0,0.30563464760780334,388,1
SLIM*SIG1,676053df-1802-11f0-8423-54a95b9ec813,auction,7,878,0.27973008155822754,0.1190497875213623,36315.0,0.30563464760780334,388,1
SLIM*SIG1,676053df-1802-11f0-8423-54a95b9ec813,auction,7,879,0.27973008155822754,0.10309910774230957,35525.0,0.30563464760780334,388,1
SLIM*SIG1,676053df-1802-11f0-8423-54a95b9ec813,auction,7,880,0.27973008155822754,0.09884881973266602,34784.0,0.30563464760780334,388,1
SLIM*SIG1,676053df-1802-11f0-8423-54a95b9ec813,auction,7,881,0.27967333793640137,0.11501908302307129,34013.0,0.3052592873573303,375,1
SLIM*SIG1,676053df-1802-11f0-8423-54a95b9ec813,auction,7,882,0.27967333793640137,0.09911298751831055,34276.0,0.3052592873573303,375,1
SLIM*SIG1,676053df-1802-11f0-8423-54a95b9ec813,auction,7,883,0.27967333793640137,0.06250166893005371,34497.0,0.3052592873573303,375,1
SLIM*SIG1,676053df-1802-11f0-8423-54a95b9ec813,auction,7,884,0.27967333793640137,0.1164848804473877,34312.0,0.3052592873573303,375,1
SLIM*SIG1,676053df-1802-11f0-8423-54a95b9ec813,auction,7,885,0.27967333793640137,0.08628606796264648,34934.0,0.3052592873573303,375,1
SLIM*SIG1,676053df-1802-11f0-8423-54a95b9ec813,auction,7,886,0.27967333793640137,0.09900093078613281,35515.0,0.3052592873573303,375,1
SLIM*SIG1,676053df-1802-11f0-8423-54a95b9ec813,auction,7,887,0.27967333793640137,0.11742353439331055,35297.0,0.3052592873573303,375,1
SLIM*SIG1,676053df-1802-11f0-8423-54a95b9ec813,auction,7,888,0.27967333793640137,0.08455300331115723,35335.0,0.3052592873573303,375,1
SLIM*SIG1,676053df-1802-11f0-8423-54a95b9ec813,auction,7,889,0.27967333793640137,0.14760875701904297,35416.0,0.3052592873573303,375,1
SLIM*SIG1,676053df-1802-11f0-8423-54a95b9ec813,auction,7,890,0.27967333793640137,0.06593942642211914,35412.0,0.3052592873573303,375,1
SLIM*SIG1,676053df-1802-11f0-8423-54a95b9ec813,auction,7,891,0.27967333793640137,0.08445358276367188,35489.0,0.3052592873573303,375,1
SLIM*SIG1,676053df-1802-11f0-8423-54a95b9ec813,auction,7,892,0.27967333793640137,0.0986642837524414,35555.0,0.3052592873573303,375,1
SLIM*SIG1,676053df-1802-11f0-8423-54a95b9ec813,auction,7,893,0.27967333793640137,0.10257339477539062,34781.0,0.3052592873573303,375,1
SLIM*SIG1,676053df-1802-11f0-8423-54a95b9ec813,auction,7,894,0.27967333793640137,0.06918573379516602,34786.0,0.3052592873573303,375,1
SLIM*SIG1,676053df-1802-11f0-8423-54a95b9ec813,auction,7,895,0.27966055274009705,0.09808850288391113,34732.0,0.30776044726371765,349,1
SLIM*SIG1,676053df-1802-11f0-8423-54a95b9ec813,auction,7,896,0.27966055274009705,0.11414957046508789,34755.0,0.30776044726371765,349,1
SLIM*SIG1,676053df-1802-11f0-8423-54a95b9ec813,auction,7,897,0.27966055274009705,0.11184191703796387,34028.0,0.30776044726371765,349,1
SLIM*SIG1,676053df-1802-11f0-8423-54a95b9ec813,auction,7,898,0.2796532213687897,0.06595063209533691,33925.0,0.3077349364757538,349,1
SLIM*SIG1,676053df-1802-11f0-8423-54a95b9ec813,auction,7,899,0.2796532213687897,0.1023256778717041,32995.0,0.3077349364757538,349,1
SLIM*SIG1,676053df-1802-11f0-8423-54a95b9ec813,auction,7,900,0.2796532213687897,0.06807613372802734,32507.0,0.3077349364757538,349,1
SLIM*SIG1,676053df-1802-11f0-8423-54a95b9ec813,auction,7,901,0.2796532213687897,0.06780767440795898,31746.0,0.3077349364757538,349,1
SLIM*SIG1,676053df-1802-11f0-8423-54a95b9ec813,auction,7,902,0.2796532213687897,0.06250596046447754,31786.0,0.3077349364757538,349,1
SLIM*SIG1,676053df-1802-11f0-8423-54a95b9ec813,auction,7,903,0.2796532213687897,0.09840869903564453,31563.0,0.3077349364757538,349,1
SLIM*SIG1,676053df-1802-11f0-8423-54a95b9ec813,auction,7,904,0.2796532213687897,0.08589911460876465,31750.0,0.3077349364757538,349,1
SLIM*SIG1,676053df-1802-11f0-8423-54a95b9ec813,auction,7,905,0.2796532213687897,0.09940028190612793,31530.0,0.3077349364757538,349,1
SLIM*SIG1,676053df-1802-11f0-8423-54a95b9ec813,auction,7,906,0.2796532213687897,0.08661699295043945,31642.0,0.3077349364757538,349,1
SLIM*SIG1,676053df-1802-11f0-8423-54a95b9ec813,auction,7,907,0.2796532213687897,0.0947728157043457,31186.0,0.3077349364757538,349,1
SLIM*SIG1,676053df-1802-11f0-8423-54a95b9ec813,auction,7,908,0.2796532213687897,0.06790947914123535,31291.0,0.3077349364757538,349,1
SLIM*SIG1,676053df-1802-11f0-8423-54a95b9ec813,auction,7,909,0.2796532213687897,0.09914731979370117,31080.0,0.3077349364757538,349,1
SLIM*SIG1,676053df-1802-11f0-8423-54a95b9ec813,auction,7,910,0.2796532213687897,0.0716712474822998,30707.0,0.3077349364757538,349,1
SLIM*SIG1,676053df-1802-11f0-8423-54a95b9ec813,auction,7,911,0.2796532213687897,0.0781257152557373,30834.0,0.3077349364757538,349,1
SLIM*SIG1,676053df-1802-11f0-8423-54a95b9ec813,auction,7,912,0.2796532213687897,0.0812840461730957,31049.0,0.3077349364757538,349,1
SLIM*SIG1,676053df-1802-11f0-8423-54a95b9ec813,auction,7,913,0.2796532213687897,0.05626964569091797,30585.0,0.3077349364757538,349,1
SLIM*SIG1,676053df-1802-11f0-8423-54a95b9ec813,auction,7,914,0.2796532213687897,0.06248736381530762,30616.0,0.3077349364757538,349,1
SLIM*SIG1,676053df-1802-11f0-8423-54a95b9ec813,auction,7,915,0.2796532213687897,0.04688096046447754,30052.0,0.3077349364757538,349,1
SLIM*SIG1,676053df-1802-11f0-8423-54a95b9ec813,auction,7,916,0.2796532213687897,0.058818817138671875,29450.0,0.3077349364757538,349,1
SLIM*SIG1,676053df-1802-11f0-8423-54a95b9ec813,auction,7,917,0.2796532213687897,0.07812142372131348,29550.0,0.3077349364757538,349,1
SLIM*SIG1,676053df-1802-11f0-8423-54a95b9ec813,auction,7,918,0.2796532213687897,0.07071280479431152,29782.0,0.3077349364757538,349,1
SLIM*SIG1,676053df-1802-11f0-8423-54a95b9ec813,auction,7,919,0.2796532213687897,0.06927371025085449,30039.0,0.3077349364757538,349,1
SLIM*SIG1,676053df-1802-11f0-8423-54a95b9ec813,auction,7,920,0.2796532213687897,0.11246228218078613,30104.0,0.3077349364757538,349,1
SLIM*SIG1,676053df-1802-11f0-8423-54a95b9ec813,auction,7,921,0.2796532213687897,0.11443424224853516,29513.0,0.3077349364757538,349,1
SLIM*SIG1,676053df-1802-11f0-8423-54a95b9ec813,auction,7,922,0.2796532213687897,0.17139029502868652,30376.0,0.3077349364757538,349,1
SLIM*SIG1,676053df-1802-11f0-8423-54a95b9ec813,auction,7,923,0.2796532213687897,0.09339284896850586,30817.0,0.3077349364757538,349,1
SLIM*SIG1,676053df-1802-11f0-8423-54a95b9ec813,auction,7,924,0.2796532213687897,0.09451699256896973,31284.0,0.3077349364757538,349,1
SLIM*SIG1,676053df-1802-11f0-8423-54a95b9ec813,auction,7,925,0.2796532213687897,0.0983431339263916,31562.0,0.3077349364757538,349,1
SLIM*SIG1,676053df-1802-11f0-8423-54a95b9ec813,auction,7,926,0.2796532213687897,0.10565662384033203,31176.0,0.3077349364757538,349,1
SLIM*SIG1,676053df-1802-11f0-8423-54a95b9ec813,auction,7,927,0.27964669466018677,0.08301353454589844,31131.0,0.30769187211990356,336,1
SLIM*SIG1,676053df-1802-11f0-8423-54a95b9ec813,auction,7,928,0.27964669466018677,0.08771848678588867,31937.0,0.30769187211990356,336,1
SLIM*SIG1,676053df-1802-11f0-8423-54a95b9ec813,auction,7,929,0.2795035243034363,0.1093742847442627,32163.0,0.3077963590621948,349,1
SLIM*SIG1,676053df-1802-11f0-8423-54a95b9ec813,auction,7,930,0.2795035243034363,0.07264161109924316,32178.0,0.3077963590621948,349,1
SLIM*SIG1,676053df-1802-11f0-8423-54a95b9ec813,auction,7,931,0.2795035243034363,0.08379554748535156,32239.0,0.3077963590621948,349,1
SLIM*SIG1,676053df-1802-11f0-8423-54a95b9ec813,auction,7,932,0.2795035243034363,0.07812952995300293,32090.0,0.3077963590621948,349,1
SLIM*SIG1,676053df-1802-11f0-8423-54a95b9ec813,auction,7,933,0.2795035243034363,0.08597755432128906,32682.0,0.3077963590621948,349,1
SLIM*SIG1,676053df-1802-11f0-8423-54a95b9ec813,auction,7,934,0.2795035243034363,0.05107545852661133,32240.0,0.3077963590621948,349,1
SLIM*SIG1,676053df-1802-11f0-8423-54a95b9ec813,auction,7,935,0.2795035243034363,0.06248879432678223,31778.0,0.3077963590621948,349,1
SLIM*SIG1,676053df-1802-11f0-8423-54a95b9ec813,auction,7,936,0.2795035243034363,0.08574390411376953,32314.0,0.3077963590621948,349,1
SLIM*SIG1,676053df-1802-11f0-8423-54a95b9ec813,auction,7,937,0.2795035243034363,0.06691217422485352,32128.0,0.3077963590621948,349,1
SLIM*SIG1,676053df-1802-11f0-8423-54a95b9ec813,auction,7,938,0.2795035243034363,0.04687094688415527,31545.0,0.3077963590621948,349,1
SLIM*SIG1,676053df-1802-11f0-8423-54a95b9ec813,auction,7,939,0.2795035243034363,0.08625245094299316,31576.0,0.3077963590621948,349,1
SLIM*SIG1,676053df-1802-11f0-8423-54a95b9ec813,auction,7,940,0.2794961929321289,0.10231328010559082,31651.0,0.3078514337539673,362,1
SLIM*SIG1,676053df-1802-11f0-8423-54a95b9ec813,auction,7,941,0.2794961929321289,0.09972262382507324,32025.0,0.3078514337539673,362,1
SLIM*SIG1,676053df-1802-11f0-8423-54a95b9ec813,auction,7,942,0.2794961929321289,0.06639671325683594,32013.0,0.3078514337539673,362,1
SLIM*SIG1,676053df-1802-11f0-8423-54a95b9ec813,auction,7,943,0.279494971036911,0.07826471328735352,32021.0,0.30781078338623047,375,1
SLIM*SIG1,676053df-1802-11f0-8423-54a95b9ec813,auction,7,944,0.279494971036911,0.0747983455657959,32535.0,0.30781078338623047,375,1
SLIM*SIG1,676053df-1802-11f0-8423-54a95b9ec813,auction,7,945,0.279494971036911,0.06530952453613281,32754.0,0.30781078338623047,375,1
SLIM*SIG1,676053df-1802-11f0-8423-54a95b9ec813,auction,7,946,0.27934885025024414,0.08285808563232422,32930.0,0.3072550892829895,388,1
SLIM*SIG1,676053df-1802-11f0-8423-54a95b9ec813,auction,7,947,0.27928709983825684,0.046869516372680664,33766.0,0.3077413737773895,401,1
SLIM*SIG1,676053df-1802-11f0-8423-54a95b9ec813,auction,7,948,0.2792719006538391,0.07057714462280273,33751.0,0.3076922595500946,414,1
SLIM*SIG1,676053df-1802-11f0-8423-54a95b9ec813,auction,7,949,0.2792147696018219,0.11420536041259766,34744.0,0.3069112300872803,427,1
SLIM*SIG1,676053df-1802-11f0-8423-54a95b9ec813,auction,7,950,0.2792147696018219,0.10419416427612305,35083.0,0.3069112300872803,427,1
SLIM*SIG1,676053df-1802-11f0-8423-54a95b9ec813,auction,7,951,0.2792147696018219,0.0821373462677002,35208.0,0.3069112300872803,427,1
SLIM*SIG1,676053df-1802-11f0-8423-54a95b9ec813,auction,7,952,0.2792147696018219,0.062493085861206055,36354.0,0.3069112300872803,427,1
SLIM*SIG1,676053df-1802-11f0-8423-54a95b9ec813,auction,7,953,0.2792147696018219,0.08690357208251953,35980.0,0.3069112300872803,427,1
SLIM*SIG1,676053df-1802-11f0-8423-54a95b9ec813,auction,7,954,0.2791788578033447,0.06944417953491211,35475.0,0.306855171918869,414,1
SLIM*SIG1,676053df-1802-11f0-8423-54a95b9ec813,auction,7,955,0.2790958881378174,0.09662723541259766,35582.0,0.306630939245224,440,1
SLIM*SIG1,676053df-1802-11f0-8423-54a95b9ec813,auction,7,956,0.2790958881378174,0.09567594528198242,35261.0,0.306630939245224,440,1
SLIM*SIG1,676053df-1802-11f0-8423-54a95b9ec813,auction,7,957,0.2790958881378174,0.09718942642211914,35297.0,0.306630939245224,440,1
SLIM*SIG1,676053df-1802-11f0-8423-54a95b9ec813,auction,7,958,0.2790958881378174,0.09479951858520508,35462.0,0.306630939245224,440,1
SLIM*SIG1,676053df-1802-11f0-8423-54a95b9ec813,auction,7,959,0.2790958881378174,0.09825372695922852,34999.0,0.306630939245224,440,1
SLIM*SIG1,676053df-1802-11f0-8423-54a95b9ec813,auction,7,960,0.2790958881378174,0.07096672058105469,34743.0,0.306630939245224,440,1
SLIM*SIG1,676053df-1802-11f0-8423-54a95b9ec813,auction,7,961,0.2790958881378174,0.0644376277923584,34303.0,0.306630939245224,440,1
SLIM*SIG1,676053df-1802-11f0-8423-54a95b9ec813,auction,7,962,0.2790958881378174,0.07812809944152832,34731.0,0.306630939245224,440,1
SLIM*SIG1,676053df-1802-11f0-8423-54a95b9ec813,auction,7,963,0.2790958881378174,0.10013294219970703,35967.0,0.306630939245224,440,1
SLIM*SIG1,676053df-1802-11f0-8423-54a95b9ec813,auction,7,964,0.2790958881378174,0.05474662780761719,36740.0,0.306630939245224,440,1
SLIM*SIG1,676053df-1802-11f0-8423-54a95b9ec813,auction,7,965,0.2790958881378174,0.08214426040649414,38220.0,0.306630939245224,440,1
SLIM*SIG1,676053df-1802-11f0-8423-54a95b9ec813,auction,7,966,0.27895963191986084,0.0996856689453125,39605.0,0.3074781894683838,455,1
SLIM*SIG1,676053df-1802-11f0-8423-54a95b9ec813,auction,7,967,0.27895963191986084,0.047835350036621094,40439.0,0.3074781894683838,455,1
SLIM*SIG1,676053df-1802-11f0-8423-54a95b9ec813,auction,7,968,0.27895963191986084,0.10058927536010742,41113.0,0.3074781894683838,455,1
SLIM*SIG1,676053df-1802-11f0-8423-54a95b9ec813,auction,7,969,0.27895963191986084,0.11539912223815918,41186.0,0.3074781894683838,455,1
SLIM*SIG1,676053df-1802-11f0-8423-54a95b9ec813,auction,7,970,0.27895963191986084,0.09918618202209473,41575.0,0.3074781894683838,455,1
SLIM*SIG1,676053df-1802-11f0-8423-54a95b9ec813,auction,7,971,0.27895963191986084,0.10222244262695312,42363.0,0.3074781894683838,455,1
SLIM*SIG1,676053df-1802-11f0-8423-54a95b9ec813,auction,7,972,0.27895963191986084,0.10082817077636719,42082.0,0.3074781894683838,455,1
SLIM*SIG1,676053df-1802-11f0-8423-54a95b9ec813,auction,7,973,0.27895963191986084,0.08388042449951172,42010.0,0.3074781894683838,455,1
SLIM*SIG1,676053df-1802-11f0-8423-54a95b9ec813,auction,7,974,0.27895963191986084,0.09024333953857422,41830.0,0.3074781894683838,455,1
SLIM*SIG1,676053df-1802-11f0-8423-54a95b9ec813,auction,7,975,0.27884742617607117,0.1063232421875,41934.0,0.30694764852523804,468,1
SLIM*SIG1,676053df-1802-11f0-8423-54a95b9ec813,auction,7,976,0.27884742617607117,0.07959365844726562,41696.0,0.30694764852523804,468,1
SLIM*SIG1,676053df-1802-11f0-8423-54a95b9ec813,auction,7,977,0.27884742617607117,0.09809207916259766,41259.0,0.30694764852523804,468,1
SLIM*SIG1,676053df-1802-11f0-8423-54a95b9ec813,auction,7,978,0.27884742617607117,0.08526444435119629,40774.0,0.30694764852523804,468,1
SLIM*SIG1,676053df-1802-11f0-8423-54a95b9ec813,auction,7,979,0.27884742617607117,0.06844615936279297,40495.0,0.30694764852523804,468,1
SLIM*SIG1,676053df-1802-11f0-8423-54a95b9ec813,auction,7,980,0.27884742617607117,0.06249856948852539,40975.0,0.30694764852523804,468,1
SLIM*SIG1,676053df-1802-11f0-8423-54a95b9ec813,auction,7,981,0.27884742617607117,0.10085701942443848,40502.0,0.30694764852523804,468,1
SLIM*SIG1,676053df-1802-11f0-8423-54a95b9ec813,auction,7,982,0.27884742617607117,0.08736753463745117,40156.0,0.30694764852523804,468,1
SLIM*SIG1,676053df-1802-11f0-8423-54a95b9ec813,auction,7,983,0.27884742617607117,0.06773734092712402,39914.0,0.30694764852523804,468,1
SLIM*SIG1,676053df-1802-11f0-8423-54a95b9ec813,auction,7,984,0.27884742617607117,0.06289553642272949,39907.0,0.30694764852523804,468,1
SLIM*SIG1,676053df-1802-11f0-8423-54a95b9ec813,auction,7,985,0.27884742617607117,0.06819319725036621,40327.0,0.30694764852523804,468,1
SLIM*SIG1,676053df-1802-11f0-8423-54a95b9ec813,auction,7,986,0.27884742617607117,0.0781247615814209,39988.0,0.30694764852523804,468,1
SLIM*SIG1,676053df-1802-11f0-8423-54a95b9ec813,auction,7,987,0.27884742617607117,0.07203388214111328,39206.0,0.30694764852523804,468,1
SLIM*SIG1,676053df-1802-11f0-8423-54a95b9ec813,auction,7,988,0.27884742617607117,0.10031461715698242,39101.0,0.30694764852523804,468,1
SLIM*SIG1,676053df-1802-11f0-8423-54a95b9ec813,auction,7,989,0.27884742617607117,0.09958720207214355,39128.0,0.30694764852523804,468,1
SLIM*SIG1,676053df-1802-11f0-8423-54a95b9ec813,auction,7,990,0.27884742617607117,0.1152493953704834,38847.0,0.30694764852523804,468,1
SLIM*SIG1,676053df-1802-11f0-8423-54a95b9ec813,auction,7,991,0.27884742617607117,0.0681912899017334,38960.0,0.30694764852523804,468,1
SLIM*SIG1,676053df-1802-11f0-8423-54a95b9ec813,auction,7,992,0.27884742617607117,0.11815023422241211,39555.0,0.30694764852523804,468,1
SLIM*SIG1,676053df-1802-11f0-8423-54a95b9ec813,auction,7,993,0.2787942886352539,0.08496546745300293,40680.0,0.3080725073814392,481,1
SLIM*SIG1,676053df-1802-11f0-8423-54a95b9ec813,auction,7,994,0.2787942886352539,0.10034584999084473,41420.0,0.3080725073814392,481,1
SLIM*SIG1,676053df-1802-11f0-8423-54a95b9ec813,auction,7,995,0.2787942886352539,0.07547998428344727,41651.0,0.3080725073814392,481,1
SLIM*SIG1,676053df-1802-11f0-8423-54a95b9ec813,auction,7,996,0.2787942886352539,0.09774589538574219,41013.0,0.3080725073814392,481,1
SLIM*SIG1,676053df-1802-11f0-8423-54a95b9ec813,auction,7,997,0.2787942886352539,0.08487844467163086,40804.0,0.3080725073814392,481,1
SLIM*SIG1,676053df-1802-11f0-8423-54a95b9ec813,auction,7,998,0.2787942886352539,0.0836489200592041,40355.0,0.3080725073814392,481,1
SLIM*SIG1,676053df-1802-11f0-8423-54a95b9ec813,auction,7,999,0.2787942886352539,0.1157069206237793,40469.0,0.3080725073814392,481,1
SLIM*SIG1,676053df-1802-11f0-8423-54a95b9ec813,auction,7,1000,0.2787942886352539,0.12919306755065918,41529.0,0.3080725073814392,481,1
SLIM*SIG1,676053df-1802-11f0-8423-54a95b9ec813,auction,8,0,0.34881770610809326,0.08795905113220215,1342.0,0.3477856516838074,3,1
SLIM*SIG1,676053df-1802-11f0-8423-54a95b9ec813,auction,8,1,0.34881770610809326,0.031327009201049805,1377.0,0.3477856516838074,3,1
SLIM*SIG1,676053df-1802-11f0-8423-54a95b9ec813,auction,8,2,0.34881770610809326,0.01704859733581543,1163.0,0.3477856516838074,3,1
SLIM*SIG1,676053df-1802-11f0-8423-54a95b9ec813,auction,8,3,0.34322085976600647,0.03342175483703613,1342.0,0.34278833866119385,16,1
SLIM*SIG1,676053df-1802-11f0-8423-54a95b9ec813,auction,8,4,0.34322085976600647,0.02105116844177246,1361.0,0.34278833866119385,16,1
SLIM*SIG1,676053df-1802-11f0-8423-54a95b9ec813,auction,8,5,0.3404286801815033,0.021484851837158203,1264.0,0.33999601006507874,29,1
SLIM*SIG1,676053df-1802-11f0-8423-54a95b9ec813,auction,8,6,0.34010690450668335,0.020032167434692383,1290.0,0.34040966629981995,42,1
SLIM*SIG1,676053df-1802-11f0-8423-54a95b9ec813,auction,8,7,0.33512723445892334,0.01555013656616211,1288.0,0.3322767913341522,42,1
SLIM*SIG1,676053df-1802-11f0-8423-54a95b9ec813,auction,8,8,0.33512723445892334,0.028290748596191406,1505.0,0.3322767913341522,42,1
SLIM*SIG1,676053df-1802-11f0-8423-54a95b9ec813,auction,8,9,0.33512723445892334,0.015628814697265625,1441.0,0.3322767913341522,42,1
SLIM*SIG1,676053df-1802-11f0-8423-54a95b9ec813,auction,8,10,0.33512723445892334,0.015623331069946289,1995.0,0.3322767913341522,42,1
SLIM*SIG1,676053df-1802-11f0-8423-54a95b9ec813,auction,8,11,0.33512723445892334,0.023927927017211914,2255.0,0.3322767913341522,42,1
SLIM*SIG1,676053df-1802-11f0-8423-54a95b9ec813,auction,8,12,0.33512723445892334,0.03125953674316406,2548.0,0.3322767913341522,42,1
SLIM*SIG1,676053df-1802-11f0-8423-54a95b9ec813,auction,8,13,0.33061379194259644,0.01622605323791504,2746.0,0.33070895075798035,68,1
SLIM*SIG1,676053df-1802-11f0-8423-54a95b9ec813,auction,8,14,0.33061379194259644,0.015681743621826172,2960.0,0.33070895075798035,68,1
SLIM*SIG1,676053df-1802-11f0-8423-54a95b9ec813,auction,8,15,0.33061379194259644,0.03859448432922363,2995.0,0.33070895075798035,68,1
SLIM*SIG1,676053df-1802-11f0-8423-54a95b9ec813,auction,8,16,0.3300493359565735,0.015740633010864258,3862.0,0.33037233352661133,55,1
SLIM*SIG1,676053df-1802-11f0-8423-54a95b9ec813,auction,8,17,0.32945090532302856,0.03346133232116699,4345.0,0.3303698003292084,42,1
SLIM*SIG1,676053df-1802-11f0-8423-54a95b9ec813,auction,8,18,0.32945090532302856,0.015773773193359375,4865.0,0.3303698003292084,42,1
SLIM*SIG1,676053df-1802-11f0-8423-54a95b9ec813,auction,8,19,0.32772788405418396,0.015594482421875,4722.0,0.32842501997947693,42,1
SLIM*SIG1,676053df-1802-11f0-8423-54a95b9ec813,auction,8,20,0.3271756172180176,0.015625,4891.0,0.3253880441188812,42,1
SLIM*SIG1,676053df-1802-11f0-8423-54a95b9ec813,auction,8,21,0.3271756172180176,0.02067255973815918,4397.0,0.3253880441188812,42,1
SLIM*SIG1,676053df-1802-11f0-8423-54a95b9ec813,auction,8,22,0.3265098035335541,0.03136110305786133,4418.0,0.323154091835022,94,1
SLIM*SIG1,676053df-1802-11f0-8423-54a95b9ec813,auction,8,23,0.32607755064964294,0.015631914138793945,4266.0,0.32246845960617065,55,1
SLIM*SIG1,676053df-1802-11f0-8423-54a95b9ec813,auction,8,24,0.3226906955242157,0.031237363815307617,3839.0,0.3221278488636017,29,1
SLIM*SIG1,676053df-1802-11f0-8423-54a95b9ec813,auction,8,25,0.3226906955242157,0.020969867706298828,3846.0,0.3221278488636017,29,1
SLIM*SIG1,676053df-1802-11f0-8423-54a95b9ec813,auction,8,26,0.3216770589351654,0.015737533569335938,3755.0,0.3214457631111145,42,1
SLIM*SIG1,676053df-1802-11f0-8423-54a95b9ec813,auction,8,27,0.3203926086425781,0.031142473220825195,3811.0,0.32410943508148193,55,1
SLIM*SIG1,676053df-1802-11f0-8423-54a95b9ec813,auction,8,28,0.3201802968978882,0.015625715255737305,4272.0,0.32518041133880615,42,1
SLIM*SIG1,676053df-1802-11f0-8423-54a95b9ec813,auction,8,29,0.3201802968978882,0.015724897384643555,4487.0,0.32518041133880615,42,1
SLIM*SIG1,676053df-1802-11f0-8423-54a95b9ec813,auction,8,30,0.3201802968978882,0.02232050895690918,4474.0,0.32518041133880615,42,1
SLIM*SIG1,676053df-1802-11f0-8423-54a95b9ec813,auction,8,31,0.3201802968978882,0.03135800361633301,4270.0,0.32518041133880615,42,1
SLIM*SIG1,676053df-1802-11f0-8423-54a95b9ec813,auction,8,32,0.3201802968978882,0.01563405990600586,4402.0,0.32518041133880615,42,1
SLIM*SIG1,676053df-1802-11f0-8423-54a95b9ec813,auction,8,33,0.3201802968978882,0.03116440773010254,3523.0,0.32518041133880615,42,1
SLIM*SIG1,676053df-1802-11f0-8423-54a95b9ec813,auction,8,34,0.3201802968978882,0.0214693546295166,3425.0,0.32518041133880615,42,1
SLIM*SIG1,676053df-1802-11f0-8423-54a95b9ec813,auction,8,35,0.3178262412548065,0.031279802322387695,3670.0,0.3150838315486908,94,1
SLIM*SIG1,676053df-1802-11f0-8423-54a95b9ec813,auction,8,36,0.3178262412548065,0.015600919723510742,3655.0,0.3150838315486908,94,1
SLIM*SIG1,676053df-1802-11f0-8423-54a95b9ec813,auction,8,37,0.3178262412548065,0.01562356948852539,3400.0,0.3150838315486908,94,1
SLIM*SIG1,676053df-1802-11f0-8423-54a95b9ec813,auction,8,38,0.3178262412548065,0.022288799285888672,3903.0,0.3150838315486908,94,1
SLIM*SIG1,676053df-1802-11f0-8423-54a95b9ec813,auction,8,39,0.3178262412548065,0.031184911727905273,3859.0,0.3150838315486908,94,1
SLIM*SIG1,676053df-1802-11f0-8423-54a95b9ec813,auction,8,40,0.3178262412548065,0.031252384185791016,4364.0,0.3150838315486908,94,1
SLIM*SIG1,676053df-1802-11f0-8423-54a95b9ec813,auction,8,41,0.3178262412548065,0.015626907348632812,5096.0,0.3150838315486908,94,1
SLIM*SIG1,676053df-1802-11f0-8423-54a95b9ec813,auction,8,42,0.3145417273044586,0.039338111877441406,5712.0,0.32018643617630005,94,1
SLIM*SIG1,676053df-1802-11f0-8423-54a95b9ec813,auction,8,43,0.31361037492752075,0.015594720840454102,5482.0,0.3198084533214569,81,1
SLIM*SIG1,676053df-1802-11f0-8423-54a95b9ec813,auction,8,44,0.31361037492752075,0.031348466873168945,5905.0,0.3198084533214569,81,1
SLIM*SIG1,676053df-1802-11f0-8423-54a95b9ec813,auction,8,45,0.31361037492752075,0.015568733215332031,6295.0,0.3198084533214569,81,1
SLIM*SIG1,676053df-1802-11f0-8423-54a95b9ec813,auction,8,46,0.31361037492752075,0.03484177589416504,6067.0,0.3198084533214569,81,1
SLIM*SIG1,676053df-1802-11f0-8423-54a95b9ec813,auction,8,47,0.31361037492752075,0.01562356948852539,5755.0,0.3198084533214569,81,1
SLIM*SIG1,676053df-1802-11f0-8423-54a95b9ec813,auction,8,48,0.31361037492752075,0.031145095825195312,5270.0,0.3198084533214569,81,1
SLIM*SIG1,676053df-1802-11f0-8423-54a95b9ec813,auction,8,49,0.3079815208911896,0.015719175338745117,5285.0,0.31503036618232727,55,1
SLIM*SIG1,676053df-1802-11f0-8423-54a95b9ec813,auction,8,50,0.3079815208911896,0.022753238677978516,5449.0,0.31503036618232727,55,1
SLIM*SIG1,676053df-1802-11f0-8423-54a95b9ec813,auction,8,51,0.3079815208911896,0.03137373924255371,5660.0,0.31503036618232727,55,1
SLIM*SIG1,676053df-1802-11f0-8423-54a95b9ec813,auction,8,52,0.30467724800109863,0.015635251998901367,5646.0,0.3120952844619751,68,1
SLIM*SIG1,676053df-1802-11f0-8423-54a95b9ec813,auction,8,53,0.30467724800109863,0.015513420104980469,6050.0,0.3120952844619751,68,1
SLIM*SIG1,676053df-1802-11f0-8423-54a95b9ec813,auction,8,54,0.30467724800109863,0.01572728157043457,5832.0,0.3120952844619751,68,1
SLIM*SIG1,676053df-1802-11f0-8423-54a95b9ec813,auction,8,55,0.30467724800109863,0.02114129066467285,5744.0,0.3120952844619751,68,1
SLIM*SIG1,676053df-1802-11f0-8423-54a95b9ec813,auction,8,56,0.30467724800109863,0.01563119888305664,5469.0,0.3120952844619751,68,1
SLIM*SIG1,676053df-1802-11f0-8423-54a95b9ec813,auction,8,57,0.30467724800109863,0.015619277954101562,5753.0,0.3120952844619751,68,1
SLIM*SIG1,676053df-1802-11f0-8423-54a95b9ec813,auction,8,58,0.30467724800109863,0.01572251319885254,5030.0,0.3120952844619751,68,1
SLIM*SIG1,676053df-1802-11f0-8423-54a95b9ec813,auction,8,59,0.30467724800109863,0.031262874603271484,5289.0,0.3120952844619751,68,1
SLIM*SIG1,676053df-1802-11f0-8423-54a95b9ec813,auction,8,60,0.30467724800109863,0.023090362548828125,5790.0,0.3120952844619751,68,1
SLIM*SIG1,676053df-1802-11f0-8423-54a95b9ec813,auction,8,61,0.30467724800109863,0.01564478874206543,6299.0,0.3120952844619751,68,1
SLIM*SIG1,676053df-1802-11f0-8423-54a95b9ec813,auction,8,62,0.304519921541214,0.01562356948852539,7125.0,0.31454548239707947,94,1
SLIM*SIG1,676053df-1802-11f0-8423-54a95b9ec813,auction,8,63,0.30424264073371887,0.031252145767211914,7233.0,0.3131556808948517,107,1
SLIM*SIG1,676053df-1802-11f0-8423-54a95b9ec813,auction,8,64,0.30423226952552795,0.015625,7402.0,0.3130972683429718,120,1
SLIM*SIG1,676053df-1802-11f0-8423-54a95b9ec813,auction,8,65,0.30423226952552795,0.022164583206176758,7694.0,0.3130972683429718,120,1
SLIM*SIG1,676053df-1802-11f0-8423-54a95b9ec813,auction,8,66,0.30423226952552795,0.03125429153442383,7820.0,0.3130972683429718,120,1
SLIM*SIG1,676053df-1802-11f0-8423-54a95b9ec813,auction,8,67,0.3028786778450012,0.03125119209289551,8143.0,0.3128946125507355,120,1
SLIM*SIG1,676053df-1802-11f0-8423-54a95b9ec813,auction,8,68,0.30277764797210693,0.03629493713378906,8767.0,0.3130665123462677,133,1
SLIM*SIG1,676053df-1802-11f0-8423-54a95b9ec813,auction,8,69,0.30204182863235474,0.017836809158325195,9564.0,0.3057224452495575,107,1
SLIM*SIG1,676053df-1802-11f0-8423-54a95b9ec813,auction,8,70,0.3002219498157501,0.03127312660217285,10106.0,0.30889806151390076,94,1
SLIM*SIG1,676053df-1802-11f0-8423-54a95b9ec813,auction,8,71,0.2974478006362915,0.03123021125793457,10327.0,0.3025205433368683,107,1
SLIM*SIG1,676053df-1802-11f0-8423-54a95b9ec813,auction,8,72,0.2974478006362915,0.021767377853393555,10333.0,0.3025205433368683,107,1
SLIM*SIG1,676053df-1802-11f0-8423-54a95b9ec813,auction,8,73,0.2974478006362915,0.04687952995300293,10444.0,0.3025205433368683,107,1
SLIM*SIG1,676053df-1802-11f0-8423-54a95b9ec813,auction,8,74,0.2974478006362915,0.015622138977050781,10364.0,0.3025205433368683,107,1
SLIM*SIG1,676053df-1802-11f0-8423-54a95b9ec813,auction,8,75,0.2973688244819641,0.11764717102050781,10002.0,0.30827850103378296,109,1
SLIM*SIG1,676053df-1802-11f0-8423-54a95b9ec813,auction,8,76,0.2973688244819641,0.031250953674316406,9685.0,0.30827850103378296,109,1
SLIM*SIG1,676053df-1802-11f0-8423-54a95b9ec813,auction,8,77,0.29695290327072144,0.04225420951843262,9196.0,0.30969420075416565,122,1
SLIM*SIG1,676053df-1802-11f0-8423-54a95b9ec813,auction,8,78,0.29695290327072144,0.031276702880859375,9466.0,0.30969420075416565,122,1
SLIM*SIG1,676053df-1802-11f0-8423-54a95b9ec813,auction,8,79,0.2956736087799072,0.032826900482177734,8639.0,0.30212661623954773,81,1
SLIM*SIG1,676053df-1802-11f0-8423-54a95b9ec813,auction,8,80,0.2956736087799072,0.03029656410217285,8230.0,0.30212661623954773,81,1
SLIM*SIG1,676053df-1802-11f0-8423-54a95b9ec813,auction,8,81,0.2956736087799072,0.02771902084350586,8871.0,0.30212661623954773,81,1
SLIM*SIG1,676053df-1802-11f0-8423-54a95b9ec813,auction,8,82,0.29562124609947205,0.015559673309326172,9167.0,0.300997257232666,120,1
SLIM*SIG1,676053df-1802-11f0-8423-54a95b9ec813,auction,8,83,0.29562124609947205,0.03116631507873535,9066.0,0.300997257232666,120,1
SLIM*SIG1,676053df-1802-11f0-8423-54a95b9ec813,auction,8,84,0.2953055799007416,0.03127884864807129,8711.0,0.30217888951301575,107,1
SLIM*SIG1,676053df-1802-11f0-8423-54a95b9ec813,auction,8,85,0.2953055799007416,0.031245708465576172,8743.0,0.30217888951301575,107,1
SLIM*SIG1,676053df-1802-11f0-8423-54a95b9ec813,auction,8,86,0.29500311613082886,0.015689373016357422,9159.0,0.3028078079223633,122,1
SLIM*SIG1,676053df-1802-11f0-8423-54a95b9ec813,auction,8,87,0.2947600483894348,0.0262298583984375,10102.0,0.3028102219104767,107,1
SLIM*SIG1,676053df-1802-11f0-8423-54a95b9ec813,auction,8,88,0.2947600483894348,0.03125119209289551,11145.0,0.3028102219104767,107,1
SLIM*SIG1,676053df-1802-11f0-8423-54a95b9ec813,auction,8,89,0.2947600483894348,0.0311431884765625,11783.0,0.3028102219104767,107,1
SLIM*SIG1,676053df-1802-11f0-8423-54a95b9ec813,auction,8,90,0.2945101261138916,0.015718460083007812,11728.0,0.3012915551662445,133,1
SLIM*SIG1,676053df-1802-11f0-8423-54a95b9ec813,auction,8,91,0.2945040464401245,0.02209782600402832,11610.0,0.30083632469177246,120,1
SLIM*SIG1,676053df-1802-11f0-8423-54a95b9ec813,auction,8,92,0.2945040464401245,0.015635967254638672,10848.0,0.30083632469177246,120,1
SLIM*SIG1,676053df-1802-11f0-8423-54a95b9ec813,auction,8,93,0.29433801770210266,0.031239748001098633,10176.0,0.30187076330184937,133,1
SLIM*SIG1,676053df-1802-11f0-8423-54a95b9ec813,auction,8,94,0.29433801770210266,0.015719175338745117,10328.0,0.30187076330184937,133,1
SLIM*SIG1,676053df-1802-11f0-8423-54a95b9ec813,auction,8,95,0.29433801770210266,0.021735668182373047,9815.0,0.30187076330184937,133,1
SLIM*SIG1,676053df-1802-11f0-8423-54a95b9ec813,auction,8,96,0.29433801770210266,0.01562786102294922,10010.0,0.30187076330184937,133,1
SLIM*SIG1,676053df-1802-11f0-8423-54a95b9ec813,auction,8,97,0.29433801770210266,0.015617847442626953,10185.0,0.30187076330184937,133,1
SLIM*SIG1,676053df-1802-11f0-8423-54a95b9ec813,auction,8,98,0.29433801770210266,0.03126049041748047,10920.0,0.30187076330184937,133,1
SLIM*SIG1,676053df-1802-11f0-8423-54a95b9ec813,auction,8,99,0.29433801770210266,0.031244754791259766,11455.0,0.30187076330184937,133,1
SLIM*SIG1,676053df-1802-11f0-8423-54a95b9ec813,auction,8,100,0.29433801770210266,0.02358722686767578,11212.0,0.30187076330184937,133,1
SLIM*SIG1,676053df-1802-11f0-8423-54a95b9ec813,auction,8,101,0.29433801770210266,0.01563429832458496,11484.0,0.30187076330184937,133,1
SLIM*SIG1,676053df-1802-11f0-8423-54a95b9ec813,auction,8,102,0.29433801770210266,0.03134274482727051,11718.0,0.30187076330184937,133,1
SLIM*SIG1,676053df-1802-11f0-8423-54a95b9ec813,auction,8,103,0.29433801770210266,0.03125309944152832,12058.0,0.30187076330184937,133,1
SLIM*SIG1,676053df-1802-11f0-8423-54a95b9ec813,auction,8,104,0.29433801770210266,0.022168874740600586,12071.0,0.30187076330184937,133,1
SLIM*SIG1,676053df-1802-11f0-8423-54a95b9ec813,auction,8,105,0.29433801770210266,0.03135800361633301,12387.0,0.30187076330184937,133,1
SLIM*SIG1,676053df-1802-11f0-8423-54a95b9ec813,auction,8,106,0.29433801770210266,0.015621423721313477,12044.0,0.30187076330184937,133,1
SLIM*SIG1,676053df-1802-11f0-8423-54a95b9ec813,auction,8,107,0.29433801770210266,0.015530824661254883,12074.0,0.30187076330184937,133,1
SLIM*SIG1,676053df-1802-11f0-8423-54a95b9ec813,auction,8,108,0.2939871549606323,0.021253347396850586,11627.0,0.3015609085559845,135,1
SLIM*SIG1,676053df-1802-11f0-8423-54a95b9ec813,auction,8,109,0.2939871549606323,0.02499866485595703,11368.0,0.3015609085559845,135,1
SLIM*SIG1,676053df-1802-11f0-8423-54a95b9ec813,auction,8,110,0.2939871549606323,0.014291763305664062,11210.0,0.3015609085559845,135,1
SLIM*SIG1,676053df-1802-11f0-8423-54a95b9ec813,auction,8,111,0.2939871549606323,0.031351566314697266,10739.0,0.3015609085559845,135,1
SLIM*SIG1,676053df-1802-11f0-8423-54a95b9ec813,auction,8,112,0.2939871549606323,0.015631914138793945,10883.0,0.3015609085559845,135,1
SLIM*SIG1,676053df-1802-11f0-8423-54a95b9ec813,auction,8,113,0.2939871549606323,0.02096843719482422,10633.0,0.3015609085559845,135,1
SLIM*SIG1,676053df-1802-11f0-8423-54a95b9ec813,auction,8,114,0.2939871549606323,0.0312504768371582,10812.0,0.3015609085559845,135,1
SLIM*SIG1,676053df-1802-11f0-8423-54a95b9ec813,auction,8,115,0.2939871549606323,0.01566028594970703,10301.0,0.3015609085559845,135,1
SLIM*SIG1,676053df-1802-11f0-8423-54a95b9ec813,auction,8,116,0.2939871549606323,0.0403287410736084,10400.0,0.3015609085559845,135,1
SLIM*SIG1,676053df-1802-11f0-8423-54a95b9ec813,auction,8,117,0.2939871549606323,0.024979829788208008,10084.0,0.3015609085559845,135,1
SLIM*SIG1,676053df-1802-11f0-8423-54a95b9ec813,auction,8,118,0.2939871549606323,0.016108989715576172,10186.0,0.3015609085559845,135,1
SLIM*SIG1,676053df-1802-11f0-8423-54a95b9ec813,auction,8,119,0.2939801514148712,0.03125190734863281,9954.0,0.3015781044960022,135,1
SLIM*SIG1,676053df-1802-11f0-8423-54a95b9ec813,auction,8,120,0.2920922040939331,0.015523910522460938,9993.0,0.3018593490123749,148,1
SLIM*SIG1,676053df-1802-11f0-8423-54a95b9ec813,auction,8,121,0.2920922040939331,0.031250953674316406,9987.0,0.3018593490123749,148,1
SLIM*SIG1,676053df-1802-11f0-8423-54a95b9ec813,auction,8,122,0.2920922040939331,0.015720129013061523,9738.0,0.3018593490123749,148,1
SLIM*SIG1,676053df-1802-11f0-8423-54a95b9ec813,auction,8,123,0.2920922040939331,0.031249523162841797,9227.0,0.3018593490123749,148,1
SLIM*SIG1,676053df-1802-11f0-8423-54a95b9ec813,auction,8,124,0.2920922040939331,0.015533208847045898,9712.0,0.3018593490123749,148,1
SLIM*SIG1,676053df-1802-11f0-8423-54a95b9ec813,auction,8,125,0.2920922040939331,0.015624284744262695,10022.0,0.3018593490123749,148,1
SLIM*SIG1,676053df-1802-11f0-8423-54a95b9ec813,auction,8,126,0.2920922040939331,0.028850078582763672,10141.0,0.3018593490123749,148,1
SLIM*SIG1,676053df-1802-11f0-8423-54a95b9ec813,auction,8,127,0.2920922040939331,0.03125762939453125,10326.0,0.3018593490123749,148,1
SLIM*SIG1,676053df-1802-11f0-8423-54a95b9ec813,auction,8,128,0.2920922040939331,0.015624523162841797,10906.0,0.3018593490123749,148,1
SLIM*SIG1,676053df-1802-11f0-8423-54a95b9ec813,auction,8,129,0.2920922040939331,0.03125190734863281,11245.0,0.3018593490123749,148,1
SLIM*SIG1,676053df-1802-11f0-8423-54a95b9ec813,auction,8,130,0.2920922040939331,0.022214412689208984,10694.0,0.3018593490123749,148,1
SLIM*SIG1,676053df-1802-11f0-8423-54a95b9ec813,auction,8,131,0.2920922040939331,0.015548944473266602,10850.0,0.3018593490123749,148,1
SLIM*SIG1,676053df-1802-11f0-8423-54a95b9ec813,auction,8,132,0.2920922040939331,0.031294822692871094,10971.0,0.3018593490123749,148,1
SLIM*SIG1,676053df-1802-11f0-8423-54a95b9ec813,auction,8,133,0.2920922040939331,0.031249523162841797,10985.0,0.3018593490123749,148,1
SLIM*SIG1,676053df-1802-11f0-8423-54a95b9ec813,auction,8,134,0.2920922040939331,0.02121114730834961,11438.0,0.3018593490123749,148,1
SLIM*SIG1,676053df-1802-11f0-8423-54a95b9ec813,auction,8,135,0.2920922040939331,0.03135538101196289,11456.0,0.3018593490123749,148,1
SLIM*SIG1,676053df-1802-11f0-8423-54a95b9ec813,auction,8,136,0.2920922040939331,0.015529394149780273,12109.0,0.3018593490123749,148,1
SLIM*SIG1,676053df-1802-11f0-8423-54a95b9ec813,auction,8,137,0.2918233871459961,0.0312807559967041,12274.0,0.30197107791900635,161,1
SLIM*SIG1,676053df-1802-11f0-8423-54a95b9ec813,auction,8,138,0.2918233871459961,0.015593767166137695,12567.0,0.30197107791900635,161,1
SLIM*SIG1,676053df-1802-11f0-8423-54a95b9ec813,auction,8,139,0.2918233871459961,0.031284332275390625,11383.0,0.30197107791900635,161,1
SLIM*SIG1,676053df-1802-11f0-8423-54a95b9ec813,auction,8,140,0.2918233871459961,0.018366098403930664,11591.0,0.30197107791900635,161,1
SLIM*SIG1,676053df-1802-11f0-8423-54a95b9ec813,auction,8,141,0.2918233871459961,0.01569080352783203,12163.0,0.30197107791900635,161,1
SLIM*SIG1,676053df-1802-11f0-8423-54a95b9ec813,auction,8,142,0.2918233871459961,0.03119182586669922,12448.0,0.30197107791900635,161,1
SLIM*SIG1,676053df-1802-11f0-8423-54a95b9ec813,auction,8,143,0.2918233871459961,0.015588045120239258,13070.0,0.30197107791900635,161,1
SLIM*SIG1,676053df-1802-11f0-8423-54a95b9ec813,auction,8,144,0.2918233871459961,0.02176380157470703,13962.0,0.30197107791900635,161,1
SLIM*SIG1,676053df-1802-11f0-8423-54a95b9ec813,auction,8,145,0.2918233871459961,0.03128933906555176,15038.0,0.30197107791900635,161,1
SLIM*SIG1,676053df-1802-11f0-8423-54a95b9ec813,auction,8,146,0.2918233871459961,0.0312192440032959,14364.0,0.30197107791900635,161,1
SLIM*SIG1,676053df-1802-11f0-8423-54a95b9ec813,auction,8,147,0.2918233871459961,0.015657663345336914,14149.0,0.30197107791900635,161,1
SLIM*SIG1,676053df-1802-11f0-8423-54a95b9ec813,auction,8,148,0.2918233871459961,0.0379490852355957,13872.0,0.30197107791900635,161,1
SLIM*SIG1,676053df-1802-11f0-8423-54a95b9ec813,auction,8,149,0.2918168604373932,0.015594482421875,13742.0,0.30196893215179443,174,1
SLIM*SIG1,676053df-1802-11f0-8423-54a95b9ec813,auction,8,150,0.2918168604373932,0.031249046325683594,13721.0,0.30196893215179443,174,1
SLIM*SIG1,676053df-1802-11f0-8423-54a95b9ec813,auction,8,151,0.2918168604373932,0.01566028594970703,13563.0,0.30196893215179443,174,1
SLIM*SIG1,676053df-1802-11f0-8423-54a95b9ec813,auction,8,152,0.29179829359054565,0.021839380264282227,13231.0,0.30227991938591003,187,1
SLIM*SIG1,676053df-1802-11f0-8423-54a95b9ec813,auction,8,153,0.29179829359054565,0.015718936920166016,13181.0,0.30227991938591003,187,1
SLIM*SIG1,676053df-1802-11f0-8423-54a95b9ec813,auction,8,154,0.29179829359054565,0.031157970428466797,13271.0,0.30227991938591003,187,1
SLIM*SIG1,676053df-1802-11f0-8423-54a95b9ec813,auction,8,155,0.29179829359054565,0.03134346008300781,12905.0,0.30227991938591003,187,1
SLIM*SIG1,676053df-1802-11f0-8423-54a95b9ec813,auction,8,156,0.29179829359054565,0.015563726425170898,11900.0,0.30227991938591003,187,1
SLIM*SIG1,676053df-1802-11f0-8423-54a95b9ec813,auction,8,157,0.29179829359054565,0.024294137954711914,11276.0,0.30227991938591003,187,1
SLIM*SIG1,676053df-1802-11f0-8423-54a95b9ec813,auction,8,158,0.29179829359054565,0.01572728157043457,11376.0,0.30227991938591003,187,1
SLIM*SIG1,676053df-1802-11f0-8423-54a95b9ec813,auction,8,159,0.29179829359054565,0.03115248680114746,11254.0,0.30227991938591003,187,1
SLIM*SIG1,676053df-1802-11f0-8423-54a95b9ec813,auction,8,160,0.29179829359054565,0.015623092651367188,11399.0,0.30227991938591003,187,1
SLIM*SIG1,676053df-1802-11f0-8423-54a95b9ec813,auction,8,161,0.29179829359054565,0.02138376235961914,11538.0,0.30227991938591003,187,1
SLIM*SIG1,676053df-1802-11f0-8423-54a95b9ec813,auction,8,162,0.29179829359054565,0.03126072883605957,12401.0,0.30227991938591003,187,1
SLIM*SIG1,676053df-1802-11f0-8423-54a95b9ec813,auction,8,163,0.29179829359054565,0.03914666175842285,12887.0,0.30227991938591003,187,1
SLIM*SIG1,676053df-1802-11f0-8423-54a95b9ec813,auction,8,164,0.29179829359054565,0.029619932174682617,13557.0,0.30227991938591003,187,1
SLIM*SIG1,676053df-1802-11f0-8423-54a95b9ec813,auction,8,165,0.29179829359054565,0.03714871406555176,14047.0,0.30227991938591003,187,1
SLIM*SIG1,676053df-1802-11f0-8423-54a95b9ec813,auction,8,166,0.29179829359054565,0.03575897216796875,13686.0,0.30227991938591003,187,1
SLIM*SIG1,676053df-1802-11f0-8423-54a95b9ec813,auction,8,167,0.29179829359054565,0.023203134536743164,13900.0,0.30227991938591003,187,1
SLIM*SIG1,676053df-1802-11f0-8423-54a95b9ec813,auction,8,168,0.29179829359054565,0.031430721282958984,13940.0,0.30227991938591003,187,1
SLIM*SIG1,676053df-1802-11f0-8423-54a95b9ec813,auction,8,169,0.29179829359054565,0.015654325485229492,14255.0,0.30227991938591003,187,1
SLIM*SIG1,676053df-1802-11f0-8423-54a95b9ec813,auction,8,170,0.29179829359054565,0.015657663345336914,14698.0,0.30227991938591003,187,1
SLIM*SIG1,676053df-1802-11f0-8423-54a95b9ec813,auction,8,171,0.2917924225330353,0.036699533462524414,15095.0,0.3009379804134369,172,1
SLIM*SIG1,676053df-1802-11f0-8423-54a95b9ec813,auction,8,172,0.2915475070476532,0.015616416931152344,15104.0,0.3007281720638275,185,1
SLIM*SIG1,676053df-1802-11f0-8423-54a95b9ec813,auction,8,173,0.2915475070476532,0.01562047004699707,15382.0,0.3007281720638275,185,1
SLIM*SIG1,676053df-1802-11f0-8423-54a95b9ec813,auction,8,174,0.2915475070476532,0.03803443908691406,15400.0,0.3007281720638275,185,1
SLIM*SIG1,676053df-1802-11f0-8423-54a95b9ec813,auction,8,175,0.2915475070476532,0.01563739776611328,15252.0,0.3007281720638275,185,1
SLIM*SIG1,676053df-1802-11f0-8423-54a95b9ec813,auction,8,176,0.2915475070476532,0.031248807907104492,14718.0,0.3007281720638275,185,1
SLIM*SIG1,676053df-1802-11f0-8423-54a95b9ec813,auction,8,177,0.2915475070476532,0.031239032745361328,14766.0,0.3007281720638275,185,1
SLIM*SIG1,676053df-1802-11f0-8423-54a95b9ec813,auction,8,178,0.2915475070476532,0.021713733673095703,14803.0,0.3007281720638275,185,1
SLIM*SIG1,676053df-1802-11f0-8423-54a95b9ec813,auction,8,179,0.2915475070476532,0.03135323524475098,14750.0,0.3007281720638275,185,1
SLIM*SIG1,676053df-1802-11f0-8423-54a95b9ec813,auction,8,180,0.2915475070476532,0.03114771842956543,13949.0,0.3007281720638275,185,1
SLIM*SIG1,676053df-1802-11f0-8423-54a95b9ec813,auction,8,181,0.2915475070476532,0.03135490417480469,13573.0,0.3007281720638275,185,1
SLIM*SIG1,676053df-1802-11f0-8423-54a95b9ec813,auction,8,182,0.2915475070476532,0.031147480010986328,13918.0,0.3007281720638275,185,1
SLIM*SIG1,676053df-1802-11f0-8423-54a95b9ec813,auction,8,183,0.2915475070476532,0.023473501205444336,14196.0,0.3007281720638275,185,1
SLIM*SIG1,676053df-1802-11f0-8423-54a95b9ec813,auction,8,184,0.2915475070476532,0.031163454055786133,14186.0,0.3007281720638275,185,1
SLIM*SIG1,676053df-1802-11f0-8423-54a95b9ec813,auction,8,185,0.2915475070476532,0.01561284065246582,13583.0,0.3007281720638275,185,1
SLIM*SIG1,676053df-1802-11f0-8423-54a95b9ec813,auction,8,186,0.2915475070476532,0.03620576858520508,13154.0,0.3007281720638275,185,1
SLIM*SIG1,676053df-1802-11f0-8423-54a95b9ec813,auction,8,187,0.2915475070476532,0.016199827194213867,12931.0,0.3007281720638275,185,1
SLIM*SIG1,676053df-1802-11f0-8423-54a95b9ec813,auction,8,188,0.2915475070476532,0.03125429153442383,13143.0,0.3007281720638275,185,1
SLIM*SIG1,676053df-1802-11f0-8423-54a95b9ec813,auction,8,189,0.2915475070476532,0.015517950057983398,12707.0,0.3007281720638275,185,1
SLIM*SIG1,676053df-1802-11f0-8423-54a95b9ec813,auction,8,190,0.2915475070476532,0.03125119209289551,12384.0,0.3007281720638275,185,1
SLIM*SIG1,676053df-1802-11f0-8423-54a95b9ec813,auction,8,191,0.2915475070476532,0.019798755645751953,12027.0,0.3007281720638275,185,1
SLIM*SIG1,676053df-1802-11f0-8423-54a95b9ec813,auction,8,192,0.2915475070476532,0.03115224838256836,12648.0,0.3007281720638275,185,1
SLIM*SIG1,676053df-1802-11f0-8423-54a95b9ec813,auction,8,193,0.2915475070476532,0.03124856948852539,12763.0,0.3007281720638275,185,1
SLIM*SIG1,676053df-1802-11f0-8423-54a95b9ec813,auction,8,194,0.29059967398643494,0.021613359451293945,13253.0,0.3025003969669342,198,1
SLIM*SIG1,676053df-1802-11f0-8423-54a95b9ec813,auction,8,195,0.29059967398643494,0.03133392333984375,13273.0,0.3025003969669342,198,1
SLIM*SIG1,676053df-1802-11f0-8423-54a95b9ec813,auction,8,196,0.29059967398643494,0.03125953674316406,14513.0,0.3025003969669342,198,1
SLIM*SIG1,676053df-1802-11f0-8423-54a95b9ec813,auction,8,197,0.29059967398643494,0.015584707260131836,14719.0,0.3025003969669342,198,1
SLIM*SIG1,676053df-1802-11f0-8423-54a95b9ec813,auction,8,198,0.29059967398643494,0.03619527816772461,14799.0,0.3025003969669342,198,1
SLIM*SIG1,676053df-1802-11f0-8423-54a95b9ec813,auction,8,199,0.29059967398643494,0.015623807907104492,14795.0,0.3025003969669342,198,1
SLIM*SIG1,676053df-1802-11f0-8423-54a95b9ec813,auction,8,200,0.29059967398643494,0.03125143051147461,15211.0,0.3025003969669342,198,1
SLIM*SIG1,676053df-1802-11f0-8423-54a95b9ec813,auction,8,201,0.29059967398643494,0.03127622604370117,15215.0,0.3025003969669342,198,1
SLIM*SIG1,676053df-1802-11f0-8423-54a95b9ec813,auction,8,202,0.29059967398643494,0.02322101593017578,15679.0,0.3025003969669342,198,1
SLIM*SIG1,676053df-1802-11f0-8423-54a95b9ec813,auction,8,203,0.29059967398643494,0.03134751319885254,16231.0,0.3025003969669342,198,1
SLIM*SIG1,676053df-1802-11f0-8423-54a95b9ec813,auction,8,204,0.29059967398643494,0.015565633773803711,15969.0,0.3025003969669342,198,1
SLIM*SIG1,676053df-1802-11f0-8423-54a95b9ec813,auction,8,205,0.29059967398643494,0.031235694885253906,15540.0,0.3025003969669342,198,1
SLIM*SIG1,676053df-1802-11f0-8423-54a95b9ec813,auction,8,206,0.29059967398643494,0.015744686126708984,15960.0,0.3025003969669342,198,1
SLIM*SIG1,676053df-1802-11f0-8423-54a95b9ec813,auction,8,207,0.29059967398643494,0.031152963638305664,16125.0,0.3025003969669342,198,1
SLIM*SIG1,676053df-1802-11f0-8423-54a95b9ec813,auction,8,208,0.29059967398643494,0.03135037422180176,15913.0,0.3025003969669342,198,1
SLIM*SIG1,676053df-1802-11f0-8423-54a95b9ec813,auction,8,209,0.29059967398643494,0.015526771545410156,15265.0,0.3025003969669342,198,1
SLIM*SIG1,676053df-1802-11f0-8423-54a95b9ec813,auction,8,210,0.29059967398643494,0.022889137268066406,15191.0,0.3025003969669342,198,1
SLIM*SIG1,676053df-1802-11f0-8423-54a95b9ec813,auction,8,211,0.29059967398643494,0.03125,15893.0,0.3025003969669342,198,1
SLIM*SIG1,676053df-1802-11f0-8423-54a95b9ec813,auction,8,212,0.29059967398643494,0.015633106231689453,16671.0,0.3025003969669342,198,1
SLIM*SIG1,676053df-1802-11f0-8423-54a95b9ec813,auction,8,213,0.29059967398643494,0.031348466873168945,17732.0,0.3025003969669342,198,1
SLIM*SIG1,676053df-1802-11f0-8423-54a95b9ec813,auction,8,214,0.29059967398643494,0.022315263748168945,18202.0,0.3025003969669342,198,1
SLIM*SIG1,676053df-1802-11f0-8423-54a95b9ec813,auction,8,215,0.29059967398643494,0.015725374221801758,17651.0,0.3025003969669342,198,1
SLIM*SIG1,676053df-1802-11f0-8423-54a95b9ec813,auction,8,216,0.29059967398643494,0.04678535461425781,17361.0,0.3025003969669342,198,1
SLIM*SIG1,676053df-1802-11f0-8423-54a95b9ec813,auction,8,217,0.29059967398643494,0.02134418487548828,17298.0,0.3025003969669342,198,1
SLIM*SIG1,676053df-1802-11f0-8423-54a95b9ec813,auction,8,218,0.29059967398643494,0.031253814697265625,17462.0,0.3025003969669342,198,1
SLIM*SIG1,676053df-1802-11f0-8423-54a95b9ec813,auction,8,219,0.29059967398643494,0.015726089477539062,17014.0,0.3025003969669342,198,1
SLIM*SIG1,676053df-1802-11f0-8423-54a95b9ec813,auction,8,220,0.29059967398643494,0.03124547004699707,16782.0,0.3025003969669342,198,1
SLIM*SIG1,676053df-1802-11f0-8423-54a95b9ec813,auction,8,221,0.29059967398643494,0.02310967445373535,15942.0,0.3025003969669342,198,1
SLIM*SIG1,676053df-1802-11f0-8423-54a95b9ec813,auction,8,222,0.29059967398643494,0.031359195709228516,15288.0,0.3025003969669342,198,1
SLIM*SIG1,676053df-1802-11f0-8423-54a95b9ec813,auction,8,223,0.29059967398643494,0.03114938735961914,14531.0,0.3025003969669342,198,1
SLIM*SIG1,676053df-1802-11f0-8423-54a95b9ec813,auction,8,224,0.29059967398643494,0.015717506408691406,13920.0,0.3025003969669342,198,1
SLIM*SIG1,676053df-1802-11f0-8423-54a95b9ec813,auction,8,225,0.29059967398643494,0.035741567611694336,13597.0,0.3025003969669342,198,1
SLIM*SIG1,676053df-1802-11f0-8423-54a95b9ec813,auction,8,226,0.29059967398643494,0.015697240829467773,14081.0,0.3025003969669342,198,1
SLIM*SIG1,676053df-1802-11f0-8423-54a95b9ec813,auction,8,227,0.29059967398643494,0.015625,15032.0,0.3025003969669342,198,1
SLIM*SIG1,676053df-1802-11f0-8423-54a95b9ec813,auction,8,228,0.29059967398643494,0.03772234916687012,15301.0,0.3025003969669342,198,1
SLIM*SIG1,676053df-1802-11f0-8423-54a95b9ec813,auction,8,229,0.29059967398643494,0.015729427337646484,16187.0,0.3025003969669342,198,1
SLIM*SIG1,676053df-1802-11f0-8423-54a95b9ec813,auction,8,230,0.29059967398643494,0.03125429153442383,17006.0,0.3025003969669342,198,1
SLIM*SIG1,676053df-1802-11f0-8423-54a95b9ec813,auction,8,231,0.29059967398643494,0.031244754791259766,16978.0,0.3025003969669342,198,1
SLIM*SIG1,676053df-1802-11f0-8423-54a95b9ec813,auction,8,232,0.29059967398643494,0.03875279426574707,17106.0,0.3025003969669342,198,1
SLIM*SIG1,676053df-1802-11f0-8423-54a95b9ec813,auction,8,233,0.29059967398643494,0.015721559524536133,17176.0,0.3025003969669342,198,1
SLIM*SIG1,676053df-1802-11f0-8423-54a95b9ec813,auction,8,234,0.29059967398643494,0.029453516006469727,17241.0,0.3025003969669342,198,1
SLIM*SIG1,676053df-1802-11f0-8423-54a95b9ec813,auction,8,235,0.29059967398643494,0.0348963737487793,17371.0,0.3025003969669342,198,1
SLIM*SIG1,676053df-1802-11f0-8423-54a95b9ec813,auction,8,236,0.29059967398643494,0.017107725143432617,17945.0,0.3025003969669342,198,1
SLIM*SIG1,676053df-1802-11f0-8423-54a95b9ec813,auction,8,237,0.2904885411262512,0.0313568115234375,17871.0,0.30161890387535095,211,1
SLIM*SIG1,676053df-1802-11f0-8423-54a95b9ec813,auction,8,238,0.2904885411262512,0.0312504768371582,17587.0,0.30161890387535095,211,1
SLIM*SIG1,676053df-1802-11f0-8423-54a95b9ec813,auction,8,239,0.2904885411262512,0.015532970428466797,18248.0,0.30161890387535095,211,1
SLIM*SIG1,676053df-1802-11f0-8423-54a95b9ec813,auction,8,240,0.2904885411262512,0.03896975517272949,18777.0,0.30161890387535095,211,1
SLIM*SIG1,676053df-1802-11f0-8423-54a95b9ec813,auction,8,241,0.2904885411262512,0.036605119705200195,19115.0,0.30161890387535095,211,1
SLIM*SIG1,676053df-1802-11f0-8423-54a95b9ec813,auction,8,242,0.29045915603637695,0.03935575485229492,19386.0,0.3016603887081146,211,1
SLIM*SIG1,676053df-1802-11f0-8423-54a95b9ec813,auction,8,243,0.29045915603637695,0.034507036209106445,19082.0,0.3016603887081146,211,1
SLIM*SIG1,676053df-1802-11f0-8423-54a95b9ec813,auction,8,244,0.29045915603637695,0.04026031494140625,19238.0,0.3016603887081146,211,1
SLIM*SIG1,676053df-1802-11f0-8423-54a95b9ec813,auction,8,245,0.29045915603637695,0.02228403091430664,18973.0,0.3016603887081146,211,1
SLIM*SIG1,676053df-1802-11f0-8423-54a95b9ec813,auction,8,246,0.29045915603637695,0.038794517517089844,18698.0,0.3016603887081146,211,1
SLIM*SIG1,676053df-1802-11f0-8423-54a95b9ec813,auction,8,247,0.29045915603637695,0.031243085861206055,18452.0,0.3016603887081146,211,1
SLIM*SIG1,676053df-1802-11f0-8423-54a95b9ec813,auction,8,248,0.29045915603637695,0.03125,19428.0,0.3016603887081146,211,1
SLIM*SIG1,676053df-1802-11f0-8423-54a95b9ec813,auction,8,249,0.29045915603637695,0.021362781524658203,19188.0,0.3016603887081146,211,1
SLIM*SIG1,676053df-1802-11f0-8423-54a95b9ec813,auction,8,250,0.29045915603637695,0.03133749961853027,19964.0,0.3016603887081146,211,1
SLIM*SIG1,676053df-1802-11f0-8423-54a95b9ec813,auction,8,251,0.29045915603637695,0.031214475631713867,20196.0,0.3016603887081146,211,1
SLIM*SIG1,676053df-1802-11f0-8423-54a95b9ec813,auction,8,252,0.29045915603637695,0.031340837478637695,19873.0,0.3016603887081146,211,1
SLIM*SIG1,676053df-1802-11f0-8423-54a95b9ec813,auction,8,253,0.29045915603637695,0.031253814697265625,19271.0,0.3016603887081146,211,1
SLIM*SIG1,676053df-1802-11f0-8423-54a95b9ec813,auction,8,254,0.29045915603637695,0.023453950881958008,19158.0,0.3016603887081146,211,1
SLIM*SIG1,676053df-1802-11f0-8423-54a95b9ec813,auction,8,255,0.2901724576950073,0.029079198837280273,18700.0,0.30023810267448425,224,1
SLIM*SIG1,676053df-1802-11f0-8423-54a95b9ec813,auction,8,256,0.2901724576950073,0.031248807907104492,18370.0,0.30023810267448425,224,1
SLIM*SIG1,676053df-1802-11f0-8423-54a95b9ec813,auction,8,257,0.2901724576950073,0.0869896411895752,18092.0,0.30023810267448425,224,1
SLIM*SIG1,676053df-1802-11f0-8423-54a95b9ec813,auction,8,258,0.2901724576950073,0.03136086463928223,18585.0,0.30023810267448425,224,1
SLIM*SIG1,676053df-1802-11f0-8423-54a95b9ec813,auction,8,259,0.2901724576950073,0.01867842674255371,18479.0,0.30023810267448425,224,1
SLIM*SIG1,676053df-1802-11f0-8423-54a95b9ec813,auction,8,260,0.2901724576950073,0.03124547004699707,18108.0,0.30023810267448425,224,1
SLIM*SIG1,676053df-1802-11f0-8423-54a95b9ec813,auction,8,261,0.2901724576950073,0.031249046325683594,17540.0,0.30023810267448425,224,1
SLIM*SIG1,676053df-1802-11f0-8423-54a95b9ec813,auction,8,262,0.2901724576950073,0.021936655044555664,16737.0,0.30023810267448425,224,1
SLIM*SIG1,676053df-1802-11f0-8423-54a95b9ec813,auction,8,263,0.2901724576950073,0.03135085105895996,16969.0,0.30023810267448425,224,1
SLIM*SIG1,676053df-1802-11f0-8423-54a95b9ec813,auction,8,264,0.2901360094547272,0.031147480010986328,16328.0,0.3002917766571045,237,1
SLIM*SIG1,676053df-1802-11f0-8423-54a95b9ec813,auction,8,265,0.2901360094547272,0.016025543212890625,17131.0,0.3002917766571045,237,1
SLIM*SIG1,676053df-1802-11f0-8423-54a95b9ec813,auction,8,266,0.2901360094547272,0.02115774154663086,16702.0,0.3002917766571045,237,1
SLIM*SIG1,676053df-1802-11f0-8423-54a95b9ec813,auction,8,267,0.2901360094547272,0.015538215637207031,16984.0,0.3002917766571045,237,1
SLIM*SIG1,676053df-1802-11f0-8423-54a95b9ec813,auction,8,268,0.2901360094547272,0.031245946884155273,17222.0,0.3002917766571045,237,1
SLIM*SIG1,676053df-1802-11f0-8423-54a95b9ec813,auction,8,269,0.2901360094547272,0.01571798324584961,17256.0,0.3002917766571045,237,1
SLIM*SIG1,676053df-1802-11f0-8423-54a95b9ec813,auction,8,270,0.2901360094547272,0.015615701675415039,17762.0,0.3002917766571045,237,1
SLIM*SIG1,676053df-1802-11f0-8423-54a95b9ec813,auction,8,271,0.2901360094547272,0.04026937484741211,18074.0,0.3002917766571045,237,1
SLIM*SIG1,676053df-1802-11f0-8423-54a95b9ec813,auction,8,272,0.2901360094547272,0.031247854232788086,18819.0,0.3002917766571045,237,1
SLIM*SIG1,676053df-1802-11f0-8423-54a95b9ec813,auction,8,273,0.2901360094547272,0.015629291534423828,19649.0,0.3002917766571045,237,1
SLIM*SIG1,676053df-1802-11f0-8423-54a95b9ec813,auction,8,274,0.2901360094547272,0.03455543518066406,19377.0,0.3002917766571045,237,1
SLIM*SIG1,676053df-1802-11f0-8423-54a95b9ec813,auction,8,275,0.2901360094547272,0.017319679260253906,19177.0,0.3002917766571045,237,1
SLIM*SIG1,676053df-1802-11f0-8423-54a95b9ec813,auction,8,276,0.2901360094547272,0.0313565731048584,19221.0,0.3002917766571045,237,1
SLIM*SIG1,676053df-1802-11f0-8423-54a95b9ec813,auction,8,277,0.2901360094547272,0.015514135360717773,19284.0,0.3002917766571045,237,1
SLIM*SIG1,676053df-1802-11f0-8423-54a95b9ec813,auction,8,278,0.2901360094547272,0.03666210174560547,18793.0,0.3002917766571045,237,1
SLIM*SIG1,676053df-1802-11f0-8423-54a95b9ec813,auction,8,279,0.2901360094547272,0.015633583068847656,18483.0,0.3002917766571045,237,1
SLIM*SIG1,676053df-1802-11f0-8423-54a95b9ec813,auction,8,280,0.2901360094547272,0.031362056732177734,19406.0,0.3002917766571045,237,1
SLIM*SIG1,676053df-1802-11f0-8423-54a95b9ec813,auction,8,281,0.2901360094547272,0.0312504768371582,19274.0,0.3002917766571045,237,1
SLIM*SIG1,676053df-1802-11f0-8423-54a95b9ec813,auction,8,282,0.2901360094547272,0.0382993221282959,18761.0,0.3002917766571045,237,1
SLIM*SIG1,676053df-1802-11f0-8423-54a95b9ec813,auction,8,283,0.2901296615600586,0.0311586856842041,17745.0,0.3003094494342804,250,1
SLIM*SIG1,676053df-1802-11f0-8423-54a95b9ec813,auction,8,284,0.2901296615600586,0.03134918212890625,18044.0,0.3003094494342804,250,1
SLIM*SIG1,676053df-1802-11f0-8423-54a95b9ec813,auction,8,285,0.2901296615600586,0.021584272384643555,17817.0,0.3003094494342804,250,1
SLIM*SIG1,676053df-1802-11f0-8423-54a95b9ec813,auction,8,286,0.2901296615600586,0.03134965896606445,18101.0,0.3003094494342804,250,1
SLIM*SIG1,676053df-1802-11f0-8423-54a95b9ec813,auction,8,287,0.2901296615600586,0.031155824661254883,18231.0,0.3003094494342804,250,1
SLIM*SIG1,676053df-1802-11f0-8423-54a95b9ec813,auction,8,288,0.2901296615600586,0.03125166893005371,18504.0,0.3003094494342804,250,1
SLIM*SIG1,676053df-1802-11f0-8423-54a95b9ec813,auction,8,289,0.2901296615600586,0.015630006790161133,18770.0,0.3003094494342804,250,1
SLIM*SIG1,676053df-1802-11f0-8423-54a95b9ec813,auction,8,290,0.2901296615600586,0.039429664611816406,18688.0,0.3003094494342804,250,1
SLIM*SIG1,676053df-1802-11f0-8423-54a95b9ec813,auction,8,291,0.2901296615600586,0.015633583068847656,19340.0,0.3003094494342804,250,1
SLIM*SIG1,676053df-1802-11f0-8423-54a95b9ec813,auction,8,292,0.2901296615600586,0.015524148941040039,19901.0,0.3003094494342804,250,1
SLIM*SIG1,676053df-1802-11f0-8423-54a95b9ec813,auction,8,293,0.2901296615600586,0.0557408332824707,20139.0,0.3003094494342804,250,1
SLIM*SIG1,676053df-1802-11f0-8423-54a95b9ec813,auction,8,294,0.2901296615600586,0.04686856269836426,20332.0,0.3003094494342804,250,1
SLIM*SIG1,676053df-1802-11f0-8423-54a95b9ec813,auction,8,295,0.2901296615600586,0.054284095764160156,19480.0,0.3003094494342804,250,1
SLIM*SIG1,676053df-1802-11f0-8423-54a95b9ec813,auction,8,296,0.2901296615600586,0.06956744194030762,19584.0,0.3003094494342804,250,1
SLIM*SIG1,676053df-1802-11f0-8423-54a95b9ec813,auction,8,297,0.2901296615600586,0.031280517578125,19672.0,0.3003094494342804,250,1
SLIM*SIG1,676053df-1802-11f0-8423-54a95b9ec813,auction,8,298,0.2901296615600586,0.015657663345336914,18933.0,0.3003094494342804,250,1
SLIM*SIG1,676053df-1802-11f0-8423-54a95b9ec813,auction,8,299,0.2901296615600586,0.03371477127075195,18887.0,0.3003094494342804,250,1
SLIM*SIG1,676053df-1802-11f0-8423-54a95b9ec813,auction,8,300,0.2901296615600586,0.015658855438232422,18991.0,0.3003094494342804,250,1
SLIM*SIG1,676053df-1802-11f0-8423-54a95b9ec813,auction,8,301,0.2901296615600586,0.031217336654663086,18849.0,0.3003094494342804,250,1
SLIM*SIG1,676053df-1802-11f0-8423-54a95b9ec813,auction,8,302,0.2901296615600586,0.03873586654663086,19721.0,0.3003094494342804,250,1
SLIM*SIG1,676053df-1802-11f0-8423-54a95b9ec813,auction,8,303,0.2901296615600586,0.031221866607666016,19903.0,0.3003094494342804,250,1
SLIM*SIG1,676053df-1802-11f0-8423-54a95b9ec813,auction,8,304,0.2901296615600586,0.03134632110595703,20750.0,0.3003094494342804,250,1
SLIM*SIG1,676053df-1802-11f0-8423-54a95b9ec813,auction,8,305,0.2901296615600586,0.015625,20992.0,0.3003094494342804,250,1
SLIM*SIG1,676053df-1802-11f0-8423-54a95b9ec813,auction,8,306,0.2901296615600586,0.035009145736694336,20892.0,0.3003094494342804,250,1
SLIM*SIG1,676053df-1802-11f0-8423-54a95b9ec813,auction,8,307,0.2901296615600586,0.015589714050292969,20938.0,0.3003094494342804,250,1
SLIM*SIG1,676053df-1802-11f0-8423-54a95b9ec813,auction,8,308,0.2901296615600586,0.05877089500427246,20659.0,0.3003094494342804,250,1
SLIM*SIG1,676053df-1802-11f0-8423-54a95b9ec813,auction,8,309,0.2901296615600586,0.07085680961608887,21245.0,0.3003094494342804,250,1
SLIM*SIG1,676053df-1802-11f0-8423-54a95b9ec813,auction,8,310,0.2901296615600586,0.040077924728393555,20426.0,0.3003094494342804,250,1
SLIM*SIG1,676053df-1802-11f0-8423-54a95b9ec813,auction,8,311,0.2901296615600586,0.041068077087402344,20472.0,0.3003094494342804,250,1
SLIM*SIG1,676053df-1802-11f0-8423-54a95b9ec813,auction,8,312,0.2901296615600586,0.03605484962463379,20568.0,0.3003094494342804,250,1
SLIM*SIG1,676053df-1802-11f0-8423-54a95b9ec813,auction,8,313,0.2901296615600586,0.07051348686218262,20928.0,0.3003094494342804,250,1
SLIM*SIG1,676053df-1802-11f0-8423-54a95b9ec813,auction,8,314,0.2901296615600586,0.04690384864807129,19780.0,0.3003094494342804,250,1
SLIM*SIG1,676053df-1802-11f0-8423-54a95b9ec813,auction,8,315,0.2901296615600586,0.0324399471282959,19522.0,0.3003094494342804,250,1
SLIM*SIG1,676053df-1802-11f0-8423-54a95b9ec813,auction,8,316,0.2901296615600586,0.03135251998901367,19763.0,0.3003094494342804,250,1
SLIM*SIG1,676053df-1802-11f0-8423-54a95b9ec813,auction,8,317,0.2901296615600586,0.015531301498413086,19312.0,0.3003094494342804,250,1
SLIM*SIG1,676053df-1802-11f0-8423-54a95b9ec813,auction,8,318,0.2901168465614319,0.05114340782165527,19106.0,0.30062946677207947,250,1
SLIM*SIG1,676053df-1802-11f0-8423-54a95b9ec813,auction,8,319,0.2901168465614319,0.04917001724243164,19022.0,0.30062946677207947,250,1
SLIM*SIG1,676053df-1802-11f0-8423-54a95b9ec813,auction,8,320,0.2901168465614319,0.06763720512390137,18870.0,0.30062946677207947,250,1
SLIM*SIG1,676053df-1802-11f0-8423-54a95b9ec813,auction,8,321,0.2901168465614319,0.062499284744262695,18798.0,0.30062946677207947,250,1
SLIM*SIG1,676053df-1802-11f0-8423-54a95b9ec813,auction,8,322,0.2901168465614319,0.05472397804260254,19401.0,0.30062946677207947,250,1
SLIM*SIG1,676053df-1802-11f0-8423-54a95b9ec813,auction,8,323,0.2901168465614319,0.04691267013549805,19615.0,0.30062946677207947,250,1
SLIM*SIG1,676053df-1802-11f0-8423-54a95b9ec813,auction,8,324,0.2901168465614319,0.031319618225097656,19069.0,0.30062946677207947,250,1
SLIM*SIG1,676053df-1802-11f0-8423-54a95b9ec813,auction,8,325,0.2901168465614319,0.017316579818725586,19103.0,0.30062946677207947,250,1
SLIM*SIG1,676053df-1802-11f0-8423-54a95b9ec813,auction,8,326,0.2901168465614319,0.03132343292236328,19521.0,0.30062946677207947,250,1
SLIM*SIG1,676053df-1802-11f0-8423-54a95b9ec813,auction,8,327,0.2901168465614319,0.031185626983642578,18850.0,0.30062946677207947,250,1
SLIM*SIG1,676053df-1802-11f0-8423-54a95b9ec813,auction,8,328,0.2901168465614319,0.060019493103027344,18597.0,0.30062946677207947,250,1
SLIM*SIG1,676053df-1802-11f0-8423-54a95b9ec813,auction,8,329,0.2901168465614319,0.04697465896606445,18677.0,0.30062946677207947,250,1
SLIM*SIG1,676053df-1802-11f0-8423-54a95b9ec813,auction,8,330,0.2901168465614319,0.031209468841552734,18963.0,0.30062946677207947,250,1
SLIM*SIG1,676053df-1802-11f0-8423-54a95b9ec813,auction,8,331,0.2900208532810211,0.015657663345336914,18751.0,0.3000786304473877,250,1
SLIM*SIG1,676053df-1802-11f0-8423-54a95b9ec813,auction,8,332,0.2900208532810211,0.031217575073242188,18939.0,0.3000786304473877,250,1
SLIM*SIG1,676053df-1802-11f0-8423-54a95b9ec813,auction,8,333,0.2900208532810211,0.03746390342712402,19235.0,0.3000786304473877,250,1
SLIM*SIG1,676053df-1802-11f0-8423-54a95b9ec813,auction,8,334,0.2900208532810211,0.03135275840759277,19594.0,0.3000786304473877,250,1
SLIM*SIG1,676053df-1802-11f0-8423-54a95b9ec813,auction,8,335,0.2900208532810211,0.06239438056945801,19203.0,0.3000786304473877,250,1
SLIM*SIG1,676053df-1802-11f0-8423-54a95b9ec813,auction,8,336,0.28999316692352295,0.07202386856079102,19049.0,0.30133116245269775,250,1
SLIM*SIG1,676053df-1802-11f0-8423-54a95b9ec813,auction,8,337,0.28999316692352295,0.015624761581420898,19814.0,0.30133116245269775,250,1
SLIM*SIG1,676053df-1802-11f0-8423-54a95b9ec813,auction,8,338,0.28999316692352295,0.015646934509277344,20777.0,0.30133116245269775,250,1
SLIM*SIG1,676053df-1802-11f0-8423-54a95b9ec813,auction,8,339,0.28999316692352295,0.03592419624328613,19988.0,0.30133116245269775,250,1
SLIM*SIG1,676053df-1802-11f0-8423-54a95b9ec813,auction,8,340,0.28974705934524536,0.08889174461364746,19748.0,0.3009827733039856,237,1
SLIM*SIG1,676053df-1802-11f0-8423-54a95b9ec813,auction,8,341,0.28974705934524536,0.09185171127319336,19831.0,0.3009827733039856,237,1
SLIM*SIG1,676053df-1802-11f0-8423-54a95b9ec813,auction,8,342,0.28974705934524536,0.05363178253173828,19801.0,0.3009827733039856,237,1
SLIM*SIG1,676053df-1802-11f0-8423-54a95b9ec813,auction,8,343,0.2895680069923401,0.048712968826293945,19086.0,0.30070310831069946,224,1
SLIM*SIG1,676053df-1802-11f0-8423-54a95b9ec813,auction,8,344,0.2895680069923401,0.030712127685546875,18668.0,0.30070310831069946,224,1
SLIM*SIG1,676053df-1802-11f0-8423-54a95b9ec813,auction,8,345,0.2895680069923401,0.015741825103759766,18343.0,0.30070310831069946,224,1
SLIM*SIG1,676053df-1802-11f0-8423-54a95b9ec813,auction,8,346,0.2895680069923401,0.03125119209289551,18806.0,0.30070310831069946,224,1
SLIM*SIG1,676053df-1802-11f0-8423-54a95b9ec813,auction,8,347,0.2895680069923401,0.03125166893005371,19077.0,0.30070310831069946,224,1
SLIM*SIG1,676053df-1802-11f0-8423-54a95b9ec813,auction,8,348,0.2895680069923401,0.03761911392211914,18523.0,0.30070310831069946,224,1
SLIM*SIG1,676053df-1802-11f0-8423-54a95b9ec813,auction,8,349,0.2895680069923401,0.015734434127807617,18375.0,0.30070310831069946,224,1
SLIM*SIG1,676053df-1802-11f0-8423-54a95b9ec813,auction,8,350,0.2895680069923401,0.038770198822021484,18989.0,0.30070310831069946,224,1
SLIM*SIG1,676053df-1802-11f0-8423-54a95b9ec813,auction,8,351,0.2895680069923401,0.029312610626220703,19141.0,0.30070310831069946,224,1
SLIM*SIG1,676053df-1802-11f0-8423-54a95b9ec813,auction,8,352,0.2895680069923401,0.01563262939453125,19433.0,0.30070310831069946,224,1
SLIM*SIG1,676053df-1802-11f0-8423-54a95b9ec813,auction,8,353,0.2895680069923401,0.03125190734863281,19610.0,0.30070310831069946,224,1
SLIM*SIG1,676053df-1802-11f0-8423-54a95b9ec813,auction,8,354,0.2895680069923401,0.015623807907104492,18998.0,0.30070310831069946,224,1
SLIM*SIG1,676053df-1802-11f0-8423-54a95b9ec813,auction,8,355,0.2895680069923401,0.037503719329833984,18144.0,0.30070310831069946,224,1
SLIM*SIG1,676053df-1802-11f0-8423-54a95b9ec813,auction,8,356,0.2895680069923401,0.015765666961669922,17735.0,0.30070310831069946,224,1
SLIM*SIG1,676053df-1802-11f0-8423-54a95b9ec813,auction,8,357,0.2895680069923401,0.031249046325683594,16910.0,0.30070310831069946,224,1
SLIM*SIG1,676053df-1802-11f0-8423-54a95b9ec813,auction,8,358,0.2895680069923401,0.03125333786010742,17206.0,0.30070310831069946,224,1
SLIM*SIG1,676053df-1802-11f0-8423-54a95b9ec813,auction,8,359,0.2895680069923401,0.0222320556640625,17025.0,0.30070310831069946,224,1
SLIM*SIG1,676053df-1802-11f0-8423-54a95b9ec813,auction,8,360,0.2895680069923401,0.03125929832458496,16853.0,0.30070310831069946,224,1
SLIM*SIG1,676053df-1802-11f0-8423-54a95b9ec813,auction,8,361,0.2895680069923401,0.04686903953552246,18373.0,0.30070310831069946,224,1
SLIM*SIG1,676053df-1802-11f0-8423-54a95b9ec813,auction,8,362,0.2895680069923401,0.08661127090454102,19082.0,0.30070310831069946,224,1
SLIM*SIG1,676053df-1802-11f0-8423-54a95b9ec813,auction,8,363,0.2895680069923401,0.07353949546813965,19130.0,0.30070310831069946,224,1
SLIM*SIG1,676053df-1802-11f0-8423-54a95b9ec813,auction,8,364,0.2895680069923401,0.0631415843963623,19680.0,0.30070310831069946,224,1
SLIM*SIG1,676053df-1802-11f0-8423-54a95b9ec813,auction,8,365,0.2895680069923401,0.07185006141662598,19393.0,0.30070310831069946,224,1
SLIM*SIG1,676053df-1802-11f0-8423-54a95b9ec813,auction,8,366,0.2895680069923401,0.08265256881713867,19267.0,0.30070310831069946,224,1
SLIM*SIG1,676053df-1802-11f0-8423-54a95b9ec813,auction,8,367,0.2895680069923401,0.053034067153930664,18091.0,0.30070310831069946,224,1
SLIM*SIG1,676053df-1802-11f0-8423-54a95b9ec813,auction,8,368,0.2895680069923401,0.07812166213989258,17738.0,0.30070310831069946,224,1
SLIM*SIG1,676053df-1802-11f0-8423-54a95b9ec813,auction,8,369,0.2895680069923401,0.08502388000488281,17627.0,0.30070310831069946,224,1
SLIM*SIG1,676053df-1802-11f0-8423-54a95b9ec813,auction,8,370,0.2895680069923401,0.08753824234008789,17891.0,0.30070310831069946,224,1
SLIM*SIG1,676053df-1802-11f0-8423-54a95b9ec813,auction,8,371,0.28942227363586426,0.09795045852661133,18173.0,0.30075234174728394,237,1
SLIM*SIG1,676053df-1802-11f0-8423-54a95b9ec813,auction,8,372,0.28942227363586426,0.06973528861999512,17764.0,0.30075234174728394,237,1
SLIM*SIG1,676053df-1802-11f0-8423-54a95b9ec813,auction,8,373,0.28942227363586426,0.03128361701965332,17831.0,0.30075234174728394,237,1
SLIM*SIG1,676053df-1802-11f0-8423-54a95b9ec813,auction,8,374,0.28942227363586426,0.031271934509277344,18093.0,0.30075234174728394,237,1
SLIM*SIG1,676053df-1802-11f0-8423-54a95b9ec813,auction,8,375,0.28942227363586426,0.03385305404663086,17581.0,0.30075234174728394,237,1
SLIM*SIG1,676053df-1802-11f0-8423-54a95b9ec813,auction,8,376,0.28942227363586426,0.031147003173828125,17610.0,0.30075234174728394,237,1
SLIM*SIG1,676053df-1802-11f0-8423-54a95b9ec813,auction,8,377,0.28942227363586426,0.046874046325683594,16826.0,0.30075234174728394,237,1
SLIM*SIG1,676053df-1802-11f0-8423-54a95b9ec813,auction,8,378,0.28942227363586426,0.05573701858520508,16499.0,0.30075234174728394,237,1
SLIM*SIG1,676053df-1802-11f0-8423-54a95b9ec813,auction,8,379,0.28942227363586426,0.03128361701965332,16772.0,0.30075234174728394,237,1
SLIM*SIG1,676053df-1802-11f0-8423-54a95b9ec813,auction,8,380,0.28942227363586426,0.04683947563171387,17548.0,0.30075234174728394,237,1
SLIM*SIG1,676053df-1802-11f0-8423-54a95b9ec813,auction,8,381,0.28942227363586426,0.04079294204711914,18120.0,0.30075234174728394,237,1
SLIM*SIG1,676053df-1802-11f0-8423-54a95b9ec813,auction,8,382,0.28942227363586426,0.062494516372680664,17771.0,0.30075234174728394,237,1
SLIM*SIG1,676053df-1802-11f0-8423-54a95b9ec813,auction,8,383,0.28942227363586426,0.0997157096862793,17586.0,0.30075234174728394,237,1
SLIM*SIG1,676053df-1802-11f0-8423-54a95b9ec813,auction,8,384,0.28942227363586426,0.03358793258666992,16948.0,0.30075234174728394,237,1
SLIM*SIG1,676053df-1802-11f0-8423-54a95b9ec813,auction,8,385,0.28942227363586426,0.015647172927856445,16887.0,0.30075234174728394,237,1
SLIM*SIG1,676053df-1802-11f0-8423-54a95b9ec813,auction,8,386,0.28942227363586426,0.03127789497375488,17041.0,0.30075234174728394,237,1
SLIM*SIG1,676053df-1802-11f0-8423-54a95b9ec813,auction,8,387,0.28942227363586426,0.033716440200805664,18158.0,0.30075234174728394,237,1
SLIM*SIG1,676053df-1802-11f0-8423-54a95b9ec813,auction,8,388,0.28942227363586426,0.01755070686340332,18351.0,0.30075234174728394,237,1
SLIM*SIG1,676053df-1802-11f0-8423-54a95b9ec813,auction,8,389,0.28942227363586426,0.03131556510925293,17669.0,0.30075234174728394,237,1
SLIM*SIG1,676053df-1802-11f0-8423-54a95b9ec813,auction,8,390,0.28942227363586426,0.031258583068847656,18656.0,0.30075234174728394,237,1
SLIM*SIG1,676053df-1802-11f0-8423-54a95b9ec813,auction,8,391,0.28942227363586426,0.0912320613861084,18766.0,0.30075234174728394,237,1
SLIM*SIG1,676053df-1802-11f0-8423-54a95b9ec813,auction,8,392,0.28942227363586426,0.03136253356933594,18982.0,0.30075234174728394,237,1
SLIM*SIG1,676053df-1802-11f0-8423-54a95b9ec813,auction,8,393,0.28942227363586426,0.04988813400268555,19765.0,0.30075234174728394,237,1
SLIM*SIG1,676053df-1802-11f0-8423-54a95b9ec813,auction,8,394,0.28942227363586426,0.06249642372131348,20313.0,0.30075234174728394,237,1
SLIM*SIG1,676053df-1802-11f0-8423-54a95b9ec813,auction,8,395,0.28942227363586426,0.0368046760559082,20590.0,0.30075234174728394,237,1
SLIM*SIG1,676053df-1802-11f0-8423-54a95b9ec813,auction,8,396,0.28942227363586426,0.04684090614318848,20752.0,0.30075234174728394,237,1
SLIM*SIG1,676053df-1802-11f0-8423-54a95b9ec813,auction,8,397,0.28942227363586426,0.05710124969482422,20837.0,0.30075234174728394,237,1
SLIM*SIG1,676053df-1802-11f0-8423-54a95b9ec813,auction,8,398,0.28942227363586426,0.03127694129943848,21152.0,0.30075234174728394,237,1
SLIM*SIG1,676053df-1802-11f0-8423-54a95b9ec813,auction,8,399,0.28942227363586426,0.031250953674316406,20916.0,0.30075234174728394,237,1
SLIM*SIG1,676053df-1802-11f0-8423-54a95b9ec813,auction,8,400,0.28942227363586426,0.03321957588195801,19970.0,0.30075234174728394,237,1
SLIM*SIG1,676053df-1802-11f0-8423-54a95b9ec813,auction,8,401,0.28942227363586426,0.015727996826171875,20031.0,0.30075234174728394,237,1
SLIM*SIG1,676053df-1802-11f0-8423-54a95b9ec813,auction,8,402,0.28942227363586426,0.03114628791809082,19451.0,0.30075234174728394,237,1
SLIM*SIG1,676053df-1802-11f0-8423-54a95b9ec813,auction,8,403,0.28942227363586426,0.05744624137878418,19836.0,0.30075234174728394,237,1
SLIM*SIG1,676053df-1802-11f0-8423-54a95b9ec813,auction,8,404,0.28942227363586426,0.046872854232788086,19297.0,0.30075234174728394,237,1
SLIM*SIG1,676053df-1802-11f0-8423-54a95b9ec813,auction,8,405,0.28942227363586426,0.03128814697265625,18242.0,0.30075234174728394,237,1
SLIM*SIG1,676053df-1802-11f0-8423-54a95b9ec813,auction,8,406,0.28942227363586426,0.03520965576171875,18229.0,0.30075234174728394,237,1
SLIM*SIG1,676053df-1802-11f0-8423-54a95b9ec813,auction,8,407,0.28942227363586426,0.0625009536743164,18034.0,0.30075234174728394,237,1
SLIM*SIG1,676053df-1802-11f0-8423-54a95b9ec813,auction,8,408,0.28942227363586426,0.06291961669921875,17828.0,0.30075234174728394,237,1
SLIM*SIG1,676053df-1802-11f0-8423-54a95b9ec813,auction,8,409,0.28893375396728516,0.03518533706665039,17787.0,0.30002519488334656,250,1
SLIM*SIG1,676053df-1802-11f0-8423-54a95b9ec813,auction,8,410,0.28893375396728516,0.03559398651123047,17891.0,0.30002519488334656,250,1
SLIM*SIG1,676053df-1802-11f0-8423-54a95b9ec813,auction,8,411,0.28893375396728516,0.034975528717041016,17642.0,0.30002519488334656,250,1
SLIM*SIG1,676053df-1802-11f0-8423-54a95b9ec813,auction,8,412,0.28893375396728516,0.02427530288696289,17512.0,0.30002519488334656,250,1
SLIM*SIG1,676053df-1802-11f0-8423-54a95b9ec813,auction,8,413,0.28893375396728516,0.04048442840576172,18062.0,0.30002519488334656,250,1
SLIM*SIG1,676053df-1802-11f0-8423-54a95b9ec813,auction,8,414,0.28893375396728516,0.03135871887207031,17713.0,0.30002519488334656,250,1
SLIM*SIG1,676053df-1802-11f0-8423-54a95b9ec813,auction,8,415,0.28893375396728516,0.031194686889648438,18460.0,0.30002519488334656,250,1
SLIM*SIG1,676053df-1802-11f0-8423-54a95b9ec813,auction,8,416,0.28893375396728516,0.031211376190185547,18776.0,0.30002519488334656,250,1
SLIM*SIG1,676053df-1802-11f0-8423-54a95b9ec813,auction,8,417,0.28893375396728516,0.0181272029876709,19400.0,0.30002519488334656,250,1
SLIM*SIG1,676053df-1802-11f0-8423-54a95b9ec813,auction,8,418,0.28893375396728516,0.0312652587890625,19341.0,0.30002519488334656,250,1
SLIM*SIG1,676053df-1802-11f0-8423-54a95b9ec813,auction,8,419,0.28893375396728516,0.03136014938354492,20407.0,0.30002519488334656,250,1
SLIM*SIG1,676053df-1802-11f0-8423-54a95b9ec813,auction,8,420,0.28893375396728516,0.038649559020996094,21103.0,0.30002519488334656,250,1
SLIM*SIG1,676053df-1802-11f0-8423-54a95b9ec813,auction,8,421,0.28893375396728516,0.03136277198791504,21293.0,0.30002519488334656,250,1
SLIM*SIG1,676053df-1802-11f0-8423-54a95b9ec813,auction,8,422,0.28893375396728516,0.015523433685302734,21040.0,0.30002519488334656,250,1
SLIM*SIG1,676053df-1802-11f0-8423-54a95b9ec813,auction,8,423,0.28893375396728516,0.03687238693237305,20711.0,0.30002519488334656,250,1
SLIM*SIG1,676053df-1802-11f0-8423-54a95b9ec813,auction,8,424,0.28893375396728516,0.0312502384185791,20561.0,0.30002519488334656,250,1
SLIM*SIG1,676053df-1802-11f0-8423-54a95b9ec813,auction,8,425,0.28893375396728516,0.015627145767211914,20769.0,0.30002519488334656,250,1
SLIM*SIG1,676053df-1802-11f0-8423-54a95b9ec813,auction,8,426,0.28893375396728516,0.03136157989501953,20257.0,0.30002519488334656,250,1
SLIM*SIG1,676053df-1802-11f0-8423-54a95b9ec813,auction,8,427,0.28893375396728516,0.031137466430664062,20352.0,0.30002519488334656,250,1
SLIM*SIG1,676053df-1802-11f0-8423-54a95b9ec813,auction,8,428,0.28893375396728516,0.08742213249206543,20218.0,0.30002519488334656,250,1
SLIM*SIG1,676053df-1802-11f0-8423-54a95b9ec813,auction,8,429,0.28893375396728516,0.03640913963317871,20216.0,0.30002519488334656,250,1
SLIM*SIG1,676053df-1802-11f0-8423-54a95b9ec813,auction,8,430,0.28893375396728516,0.015642166137695312,21011.0,0.30002519488334656,250,1
SLIM*SIG1,676053df-1802-11f0-8423-54a95b9ec813,auction,8,431,0.28893375396728516,0.03136110305786133,20855.0,0.30002519488334656,250,1
SLIM*SIG1,676053df-1802-11f0-8423-54a95b9ec813,auction,8,432,0.28893375396728516,0.054949283599853516,20651.0,0.30002519488334656,250,1
SLIM*SIG1,676053df-1802-11f0-8423-54a95b9ec813,auction,8,433,0.28893375396728516,0.06250381469726562,21355.0,0.30002519488334656,250,1
SLIM*SIG1,676053df-1802-11f0-8423-54a95b9ec813,auction,8,434,0.28893375396728516,0.056534528732299805,21104.0,0.30002519488334656,250,1
SLIM*SIG1,676053df-1802-11f0-8423-54a95b9ec813,auction,8,435,0.28893375396728516,0.06249594688415527,20634.0,0.30002519488334656,250,1
SLIM*SIG1,676053df-1802-11f0-8423-54a95b9ec813,auction,8,436,0.28893375396728516,0.036520957946777344,20595.0,0.30002519488334656,250,1
SLIM*SIG1,676053df-1802-11f0-8423-54a95b9ec813,auction,8,437,0.28893375396728516,0.031279802322387695,19708.0,0.30002519488334656,250,1
SLIM*SIG1,676053df-1802-11f0-8423-54a95b9ec813,auction,8,438,0.28893375396728516,0.09792518615722656,19634.0,0.30002519488334656,250,1
SLIM*SIG1,676053df-1802-11f0-8423-54a95b9ec813,auction,8,439,0.28893375396728516,0.01573777198791504,19038.0,0.30002519488334656,250,1
SLIM*SIG1,676053df-1802-11f0-8423-54a95b9ec813,auction,8,440,0.28893375396728516,0.015530109405517578,18699.0,0.30002519488334656,250,1
SLIM*SIG1,676053df-1802-11f0-8423-54a95b9ec813,auction,8,441,0.28893375396728516,0.037064313888549805,18573.0,0.30002519488334656,250,1
SLIM*SIG1,676053df-1802-11f0-8423-54a95b9ec813,auction,8,442,0.28893375396728516,0.03135514259338379,18856.0,0.30002519488334656,250,1
SLIM*SIG1,676053df-1802-11f0-8423-54a95b9ec813,auction,8,443,0.28893375396728516,0.031150341033935547,18685.0,0.30002519488334656,250,1
SLIM*SIG1,676053df-1802-11f0-8423-54a95b9ec813,auction,8,444,0.28893375396728516,0.03912067413330078,18154.0,0.30002519488334656,250,1
SLIM*SIG1,676053df-1802-11f0-8423-54a95b9ec813,auction,8,445,0.28893375396728516,0.046875715255737305,17838.0,0.30002519488334656,250,1
SLIM*SIG1,676053df-1802-11f0-8423-54a95b9ec813,auction,8,446,0.28893375396728516,0.015730619430541992,17168.0,0.30002519488334656,250,1
SLIM*SIG1,676053df-1802-11f0-8423-54a95b9ec813,auction,8,447,0.28893375396728516,0.03548693656921387,15905.0,0.30002519488334656,250,1
SLIM*SIG1,676053df-1802-11f0-8423-54a95b9ec813,auction,8,448,0.28893375396728516,0.015738964080810547,16883.0,0.30002519488334656,250,1
SLIM*SIG1,676053df-1802-11f0-8423-54a95b9ec813,auction,8,449,0.28893375396728516,0.031151294708251953,17676.0,0.30002519488334656,250,1
SLIM*SIG1,676053df-1802-11f0-8423-54a95b9ec813,auction,8,450,0.28893375396728516,0.031347036361694336,17902.0,0.30002519488334656,250,1
SLIM*SIG1,676053df-1802-11f0-8423-54a95b9ec813,auction,8,451,0.28893375396728516,0.021921873092651367,17902.0,0.30002519488334656,250,1
SLIM*SIG1,676053df-1802-11f0-8423-54a95b9ec813,auction,8,452,0.28893375396728516,0.015720367431640625,17785.0,0.30002519488334656,250,1
SLIM*SIG1,676053df-1802-11f0-8423-54a95b9ec813,auction,8,453,0.28893375396728516,0.015526533126831055,17785.0,0.30002519488334656,250,1
SLIM*SIG1,676053df-1802-11f0-8423-54a95b9ec813,auction,8,454,0.28893375396728516,0.03135228157043457,17503.0,0.30002519488334656,250,1
SLIM*SIG1,676053df-1802-11f0-8423-54a95b9ec813,auction,8,455,0.28893375396728516,0.02204155921936035,18716.0,0.30002519488334656,250,1
SLIM*SIG1,676053df-1802-11f0-8423-54a95b9ec813,auction,8,456,0.28893375396728516,0.03125786781311035,19767.0,0.30002519488334656,250,1
SLIM*SIG1,676053df-1802-11f0-8423-54a95b9ec813,auction,8,457,0.28893375396728516,0.031234025955200195,20512.0,0.30002519488334656,250,1
SLIM*SIG1,676053df-1802-11f0-8423-54a95b9ec813,auction,8,458,0.28893375396728516,0.03125715255737305,21068.0,0.30002519488334656,250,1
SLIM*SIG1,676053df-1802-11f0-8423-54a95b9ec813,auction,8,459,0.28893375396728516,0.02455592155456543,21129.0,0.30002519488334656,250,1
SLIM*SIG1,676053df-1802-11f0-8423-54a95b9ec813,auction,8,460,0.28893375396728516,0.031362056732177734,21019.0,0.30002519488334656,250,1
SLIM*SIG1,676053df-1802-11f0-8423-54a95b9ec813,auction,8,461,0.28893375396728516,0.031147480010986328,21049.0,0.30002519488334656,250,1
SLIM*SIG1,676053df-1802-11f0-8423-54a95b9ec813,auction,8,462,0.28893375396728516,0.08715319633483887,20571.0,0.30002519488334656,250,1
SLIM*SIG1,676053df-1802-11f0-8423-54a95b9ec813,auction,8,463,0.28893375396728516,0.03125786781311035,20183.0,0.30002519488334656,250,1
SLIM*SIG1,676053df-1802-11f0-8423-54a95b9ec813,auction,8,464,0.28893375396728516,0.03522205352783203,19602.0,0.30002519488334656,250,1
SLIM*SIG1,676053df-1802-11f0-8423-54a95b9ec813,auction,8,465,0.28893375396728516,0.03125,18324.0,0.30002519488334656,250,1
SLIM*SIG1,676053df-1802-11f0-8423-54a95b9ec813,auction,8,466,0.28893375396728516,0.05360126495361328,17669.0,0.30002519488334656,250,1
SLIM*SIG1,676053df-1802-11f0-8423-54a95b9ec813,auction,8,467,0.28893375396728516,0.07813048362731934,17795.0,0.30002519488334656,250,1
SLIM*SIG1,676053df-1802-11f0-8423-54a95b9ec813,auction,8,468,0.28893375396728516,0.05489802360534668,18690.0,0.30002519488334656,250,1
SLIM*SIG1,676053df-1802-11f0-8423-54a95b9ec813,auction,8,469,0.28893375396728516,0.03491997718811035,19192.0,0.30002519488334656,250,1
SLIM*SIG1,676053df-1802-11f0-8423-54a95b9ec813,auction,8,470,0.28893375396728516,0.039946556091308594,19553.0,0.30002519488334656,250,1
SLIM*SIG1,676053df-1802-11f0-8423-54a95b9ec813,auction,8,471,0.28893375396728516,0.035213470458984375,19279.0,0.30002519488334656,250,1
SLIM*SIG1,676053df-1802-11f0-8423-54a95b9ec813,auction,8,472,0.28893375396728516,0.01564192771911621,19511.0,0.30002519488334656,250,1
SLIM*SIG1,676053df-1802-11f0-8423-54a95b9ec813,auction,8,473,0.28893375396728516,0.03134918212890625,18956.0,0.30002519488334656,250,1
SLIM*SIG1,676053df-1802-11f0-8423-54a95b9ec813,auction,8,474,0.28893375396728516,0.05640101432800293,18445.0,0.30002519488334656,250,1
SLIM*SIG1,676053df-1802-11f0-8423-54a95b9ec813,auction,8,475,0.28893375396728516,0.04687333106994629,18205.0,0.30002519488334656,250,1
SLIM*SIG1,676053df-1802-11f0-8423-54a95b9ec813,auction,8,476,0.28893375396728516,0.03572821617126465,17878.0,0.30002519488334656,250,1
SLIM*SIG1,676053df-1802-11f0-8423-54a95b9ec813,auction,8,477,0.28893375396728516,0.06288290023803711,17358.0,0.30002519488334656,250,1
SLIM*SIG1,676053df-1802-11f0-8423-54a95b9ec813,auction,8,478,0.28893375396728516,0.038812875747680664,16955.0,0.30002519488334656,250,1
SLIM*SIG1,676053df-1802-11f0-8423-54a95b9ec813,auction,8,479,0.28893375396728516,0.031241178512573242,17605.0,0.30002519488334656,250,1
SLIM*SIG1,676053df-1802-11f0-8423-54a95b9ec813,auction,8,480,0.28893375396728516,0.031328439712524414,17839.0,0.30002519488334656,250,1
SLIM*SIG1,676053df-1802-11f0-8423-54a95b9ec813,auction,8,481,0.28893375396728516,0.01997208595275879,17936.0,0.30002519488334656,250,1
SLIM*SIG1,676053df-1802-11f0-8423-54a95b9ec813,auction,8,482,0.28893375396728516,0.03125596046447754,18114.0,0.30002519488334656,250,1
SLIM*SIG1,676053df-1802-11f0-8423-54a95b9ec813,auction,8,483,0.28893375396728516,0.031248092651367188,18153.0,0.30002519488334656,250,1
SLIM*SIG1,676053df-1802-11f0-8423-54a95b9ec813,auction,8,484,0.28893375396728516,0.015627145767211914,18060.0,0.30002519488334656,250,1
SLIM*SIG1,676053df-1802-11f0-8423-54a95b9ec813,auction,8,485,0.28893375396728516,0.0374143123626709,18292.0,0.30002519488334656,250,1
SLIM*SIG1,676053df-1802-11f0-8423-54a95b9ec813,auction,8,486,0.28893375396728516,0.015722036361694336,18814.0,0.30002519488334656,250,1
SLIM*SIG1,676053df-1802-11f0-8423-54a95b9ec813,auction,8,487,0.28893375396728516,0.031157255172729492,19121.0,0.30002519488334656,250,1
SLIM*SIG1,676053df-1802-11f0-8423-54a95b9ec813,auction,8,488,0.28893375396728516,0.036106109619140625,19502.0,0.30002519488334656,250,1
SLIM*SIG1,676053df-1802-11f0-8423-54a95b9ec813,auction,8,489,0.28893375396728516,0.0781252384185791,19944.0,0.30002519488334656,250,1
SLIM*SIG1,676053df-1802-11f0-8423-54a95b9ec813,auction,8,490,0.28893375396728516,0.05555844306945801,20326.0,0.30002519488334656,250,1
SLIM*SIG1,676053df-1802-11f0-8423-54a95b9ec813,auction,8,491,0.28893375396728516,0.03130698204040527,20924.0,0.30002519488334656,250,1
SLIM*SIG1,676053df-1802-11f0-8423-54a95b9ec813,auction,8,492,0.28893375396728516,0.0156252384185791,21349.0,0.30002519488334656,250,1
SLIM*SIG1,676053df-1802-11f0-8423-54a95b9ec813,auction,8,493,0.28893375396728516,0.05378222465515137,21481.0,0.30002519488334656,250,1
SLIM*SIG1,676053df-1802-11f0-8423-54a95b9ec813,auction,8,494,0.28893375396728516,0.04687380790710449,21297.0,0.30002519488334656,250,1
SLIM*SIG1,676053df-1802-11f0-8423-54a95b9ec813,auction,8,495,0.28893375396728516,0.04074263572692871,22714.0,0.30002519488334656,250,1
SLIM*SIG1,676053df-1802-11f0-8423-54a95b9ec813,auction,8,496,0.28893375396728516,0.04688072204589844,22618.0,0.30002519488334656,250,1
SLIM*SIG1,676053df-1802-11f0-8423-54a95b9ec813,auction,8,497,0.28893375396728516,0.050369977951049805,22642.0,0.30002519488334656,250,1
SLIM*SIG1,676053df-1802-11f0-8423-54a95b9ec813,auction,8,498,0.28893375396728516,0.06249499320983887,22400.0,0.30002519488334656,250,1
SLIM*SIG1,676053df-1802-11f0-8423-54a95b9ec813,auction,8,499,0.28893375396728516,0.05643630027770996,21854.0,0.30002519488334656,250,1
SLIM*SIG1,676053df-1802-11f0-8423-54a95b9ec813,auction,8,500,0.28893375396728516,0.04925227165222168,21635.0,0.30002519488334656,250,1
SLIM*SIG1,676053df-1802-11f0-8423-54a95b9ec813,auction,8,501,0.28893375396728516,0.03129887580871582,21468.0,0.30002519488334656,250,1
SLIM*SIG1,676053df-1802-11f0-8423-54a95b9ec813,auction,8,502,0.28893375396728516,0.031226158142089844,21795.0,0.30002519488334656,250,1
SLIM*SIG1,676053df-1802-11f0-8423-54a95b9ec813,auction,8,503,0.28893375396728516,0.0895378589630127,21478.0,0.30002519488334656,250,1
SLIM*SIG1,676053df-1802-11f0-8423-54a95b9ec813,auction,8,504,0.28893375396728516,0.031260013580322266,21301.0,0.30002519488334656,250,1
SLIM*SIG1,676053df-1802-11f0-8423-54a95b9ec813,auction,8,505,0.28893375396728516,0.033154964447021484,21440.0,0.30002519488334656,250,1
SLIM*SIG1,676053df-1802-11f0-8423-54a95b9ec813,auction,8,506,0.28893375396728516,0.0845024585723877,21132.0,0.30002519488334656,250,1
SLIM*SIG1,676053df-1802-11f0-8423-54a95b9ec813,auction,8,507,0.28893375396728516,0.03242778778076172,20991.0,0.30002519488334656,250,1
SLIM*SIG1,676053df-1802-11f0-8423-54a95b9ec813,auction,8,508,0.28893375396728516,0.03129458427429199,20596.0,0.30002519488334656,250,1
SLIM*SIG1,676053df-1802-11f0-8423-54a95b9ec813,auction,8,509,0.28893375396728516,0.03737211227416992,20756.0,0.30002519488334656,250,1
SLIM*SIG1,676053df-1802-11f0-8423-54a95b9ec813,auction,8,510,0.28893375396728516,0.0781245231628418,20474.0,0.30002519488334656,250,1
SLIM*SIG1,676053df-1802-11f0-8423-54a95b9ec813,auction,8,511,0.28893375396728516,0.03641939163208008,19832.0,0.30002519488334656,250,1
SLIM*SIG1,676053df-1802-11f0-8423-54a95b9ec813,auction,8,512,0.28893375396728516,0.031720638275146484,19799.0,0.30002519488334656,250,1
SLIM*SIG1,676053df-1802-11f0-8423-54a95b9ec813,auction,8,513,0.28893375396728516,0.03135538101196289,20101.0,0.30002519488334656,250,1
SLIM*SIG1,676053df-1802-11f0-8423-54a95b9ec813,auction,8,514,0.28893375396728516,0.031157732009887695,20123.0,0.30002519488334656,250,1
SLIM*SIG1,676053df-1802-11f0-8423-54a95b9ec813,auction,8,515,0.28893375396728516,0.03810882568359375,19959.0,0.30002519488334656,250,1
SLIM*SIG1,676053df-1802-11f0-8423-54a95b9ec813,auction,8,516,0.28893375396728516,0.062491655349731445,19766.0,0.30002519488334656,250,1
SLIM*SIG1,676053df-1802-11f0-8423-54a95b9ec813,auction,8,517,0.28893375396728516,0.054271697998046875,20273.0,0.30002519488334656,250,1
SLIM*SIG1,676053df-1802-11f0-8423-54a95b9ec813,auction,8,518,0.28893375396728516,0.08134675025939941,20131.0,0.30002519488334656,250,1
SLIM*SIG1,676053df-1802-11f0-8423-54a95b9ec813,auction,8,519,0.28893375396728516,0.04182100296020508,20179.0,0.30002519488334656,250,1
SLIM*SIG1,676053df-1802-11f0-8423-54a95b9ec813,auction,8,520,0.28893375396728516,0.0519108772277832,20337.0,0.30002519488334656,250,1
SLIM*SIG1,676053df-1802-11f0-8423-54a95b9ec813,auction,8,521,0.28893375396728516,0.04577469825744629,20428.0,0.30002519488334656,250,1
SLIM*SIG1,676053df-1802-11f0-8423-54a95b9ec813,auction,8,522,0.28893375396728516,0.035028696060180664,20972.0,0.30002519488334656,250,1
SLIM*SIG1,676053df-1802-11f0-8423-54a95b9ec813,auction,8,523,0.28893375396728516,0.046854496002197266,20323.0,0.30002519488334656,250,1
SLIM*SIG1,676053df-1802-11f0-8423-54a95b9ec813,auction,8,524,0.28893375396728516,0.03446173667907715,20982.0,0.30002519488334656,250,1
SLIM*SIG1,676053df-1802-11f0-8423-54a95b9ec813,auction,8,525,0.28893375396728516,0.04687952995300293,21029.0,0.30002519488334656,250,1
SLIM*SIG1,676053df-1802-11f0-8423-54a95b9ec813,auction,8,526,0.28893375396728516,0.06968355178833008,20803.0,0.30002519488334656,250,1
SLIM*SIG1,676053df-1802-11f0-8423-54a95b9ec813,auction,8,527,0.28893375396728516,0.07812047004699707,20920.0,0.30002519488334656,250,1
SLIM*SIG1,676053df-1802-11f0-8423-54a95b9ec813,auction,8,528,0.28893375396728516,0.07392120361328125,21150.0,0.30002519488334656,250,1
SLIM*SIG1,676053df-1802-11f0-8423-54a95b9ec813,auction,8,529,0.28893375396728516,0.0697317123413086,20418.0,0.30002519488334656,250,1
SLIM*SIG1,676053df-1802-11f0-8423-54a95b9ec813,auction,8,530,0.28893375396728516,0.04687786102294922,20624.0,0.30002519488334656,250,1
SLIM*SIG1,676053df-1802-11f0-8423-54a95b9ec813,auction,8,531,0.28893375396728516,0.06494879722595215,20421.0,0.30002519488334656,250,1
SLIM*SIG1,676053df-1802-11f0-8423-54a95b9ec813,auction,8,532,0.28893375396728516,0.06249809265136719,19983.0,0.30002519488334656,250,1
SLIM*SIG1,676053df-1802-11f0-8423-54a95b9ec813,auction,8,533,0.28893375396728516,0.08505678176879883,19701.0,0.30002519488334656,250,1
SLIM*SIG1,676053df-1802-11f0-8423-54a95b9ec813,auction,8,534,0.28893375396728516,0.05605816841125488,19770.0,0.30002519488334656,250,1
SLIM*SIG1,676053df-1802-11f0-8423-54a95b9ec813,auction,8,535,0.28893375396728516,0.04690146446228027,20247.0,0.30002519488334656,250,1
SLIM*SIG1,676053df-1802-11f0-8423-54a95b9ec813,auction,8,536,0.28893375396728516,0.03223443031311035,20193.0,0.30002519488334656,250,1
SLIM*SIG1,676053df-1802-11f0-8423-54a95b9ec813,auction,8,537,0.28893375396728516,0.03139042854309082,20199.0,0.30002519488334656,250,1
SLIM*SIG1,676053df-1802-11f0-8423-54a95b9ec813,auction,8,538,0.28893375396728516,0.031157493591308594,20736.0,0.30002519488334656,250,1
SLIM*SIG1,676053df-1802-11f0-8423-54a95b9ec813,auction,8,539,0.28893375396728516,0.04179811477661133,20441.0,0.30002519488334656,250,1
SLIM*SIG1,676053df-1802-11f0-8423-54a95b9ec813,auction,8,540,0.28893375396728516,0.046869516372680664,20222.0,0.30002519488334656,250,1
SLIM*SIG1,676053df-1802-11f0-8423-54a95b9ec813,auction,8,541,0.28893375396728516,0.07028627395629883,21204.0,0.30002519488334656,250,1
SLIM*SIG1,676053df-1802-11f0-8423-54a95b9ec813,auction,8,542,0.28893375396728516,0.06249880790710449,21764.0,0.30002519488334656,250,1
SLIM*SIG1,676053df-1802-11f0-8423-54a95b9ec813,auction,8,543,0.28893375396728516,0.08079242706298828,21791.0,0.30002519488334656,250,1
SLIM*SIG1,676053df-1802-11f0-8423-54a95b9ec813,auction,8,544,0.28893375396728516,0.0699605941772461,21757.0,0.30002519488334656,250,1
SLIM*SIG1,676053df-1802-11f0-8423-54a95b9ec813,auction,8,545,0.28893375396728516,0.0985422134399414,21227.0,0.30002519488334656,250,1
SLIM*SIG1,676053df-1802-11f0-8423-54a95b9ec813,auction,8,546,0.28893375396728516,0.09374475479125977,20311.0,0.30002519488334656,250,1
SLIM*SIG1,676053df-1802-11f0-8423-54a95b9ec813,auction,8,547,0.28893375396728516,0.03845357894897461,20548.0,0.30002519488334656,250,1
SLIM*SIG1,676053df-1802-11f0-8423-54a95b9ec813,auction,8,548,0.28893375396728516,0.028240680694580078,20838.0,0.30002519488334656,250,1
SLIM*SIG1,676053df-1802-11f0-8423-54a95b9ec813,auction,8,549,0.28893375396728516,0.03125286102294922,20938.0,0.30002519488334656,250,1
SLIM*SIG1,676053df-1802-11f0-8423-54a95b9ec813,auction,8,550,0.28893375396728516,0.025165319442749023,21179.0,0.30002519488334656,250,1
SLIM*SIG1,676053df-1802-11f0-8423-54a95b9ec813,auction,8,551,0.28893375396728516,0.03125619888305664,21233.0,0.30002519488334656,250,1
SLIM*SIG1,676053df-1802-11f0-8423-54a95b9ec813,auction,8,552,0.28893375396728516,0.015720367431640625,21052.0,0.30002519488334656,250,1
SLIM*SIG1,676053df-1802-11f0-8423-54a95b9ec813,auction,8,553,0.28893375396728516,0.031247854232788086,21501.0,0.30002519488334656,250,1
SLIM*SIG1,676053df-1802-11f0-8423-54a95b9ec813,auction,8,554,0.28893375396728516,0.07104969024658203,21727.0,0.30002519488334656,250,1
SLIM*SIG1,676053df-1802-11f0-8423-54a95b9ec813,auction,8,555,0.28893375396728516,0.05021262168884277,21602.0,0.30002519488334656,250,1
SLIM*SIG1,676053df-1802-11f0-8423-54a95b9ec813,auction,8,556,0.28893375396728516,0.03125905990600586,21699.0,0.30002519488334656,250,1
SLIM*SIG1,676053df-1802-11f0-8423-54a95b9ec813,auction,8,557,0.28893375396728516,0.0157163143157959,21584.0,0.30002519488334656,250,1
SLIM*SIG1,676053df-1802-11f0-8423-54a95b9ec813,auction,8,558,0.28893375396728516,0.03125143051147461,21181.0,0.30002519488334656,250,1
SLIM*SIG1,676053df-1802-11f0-8423-54a95b9ec813,auction,8,559,0.28888383507728577,0.03719329833984375,20642.0,0.2985181212425232,250,1
SLIM*SIG1,676053df-1802-11f0-8423-54a95b9ec813,auction,8,560,0.28888383507728577,0.04377341270446777,21311.0,0.2985181212425232,250,1
SLIM*SIG1,676053df-1802-11f0-8423-54a95b9ec813,auction,8,561,0.28888383507728577,0.04247736930847168,21788.0,0.2985181212425232,250,1
SLIM*SIG1,676053df-1802-11f0-8423-54a95b9ec813,auction,8,562,0.28888383507728577,0.07853150367736816,21452.0,0.2985181212425232,250,1
SLIM*SIG1,676053df-1802-11f0-8423-54a95b9ec813,auction,8,563,0.28888383507728577,0.04703664779663086,21151.0,0.2985181212425232,250,1
SLIM*SIG1,676053df-1802-11f0-8423-54a95b9ec813,auction,8,564,0.28888383507728577,0.016051769256591797,20506.0,0.2985181212425232,250,1
SLIM*SIG1,676053df-1802-11f0-8423-54a95b9ec813,auction,8,565,0.28888383507728577,0.03132319450378418,21069.0,0.2985181212425232,250,1
SLIM*SIG1,676053df-1802-11f0-8423-54a95b9ec813,auction,8,566,0.28888383507728577,0.049817800521850586,21847.0,0.2985181212425232,250,1
SLIM*SIG1,676053df-1802-11f0-8423-54a95b9ec813,auction,8,567,0.28888383507728577,0.03584861755371094,22133.0,0.2985181212425232,250,1
SLIM*SIG1,676053df-1802-11f0-8423-54a95b9ec813,auction,8,568,0.28888383507728577,0.05625462532043457,21698.0,0.2985181212425232,250,1
SLIM*SIG1,676053df-1802-11f0-8423-54a95b9ec813,auction,8,569,0.28888383507728577,0.04693126678466797,21212.0,0.2985181212425232,250,1
SLIM*SIG1,676053df-1802-11f0-8423-54a95b9ec813,auction,8,570,0.28888383507728577,0.08186817169189453,20859.0,0.2985181212425232,250,1
SLIM*SIG1,676053df-1802-11f0-8423-54a95b9ec813,auction,8,571,0.28888383507728577,0.0469052791595459,20497.0,0.2985181212425232,250,1
SLIM*SIG1,676053df-1802-11f0-8423-54a95b9ec813,auction,8,572,0.28888383507728577,0.031684160232543945,20140.0,0.2985181212425232,250,1
SLIM*SIG1,676053df-1802-11f0-8423-54a95b9ec813,auction,8,573,0.28888383507728577,0.01930379867553711,19802.0,0.2985181212425232,250,1
SLIM*SIG1,676053df-1802-11f0-8423-54a95b9ec813,auction,8,574,0.28888383507728577,0.031397104263305664,19594.0,0.2985181212425232,250,1
SLIM*SIG1,676053df-1802-11f0-8423-54a95b9ec813,auction,8,575,0.28888383507728577,0.015625476837158203,19698.0,0.2985181212425232,250,1
SLIM*SIG1,676053df-1802-11f0-8423-54a95b9ec813,auction,8,576,0.2887345850467682,0.031186342239379883,18978.0,0.29770272970199585,265,1
SLIM*SIG1,676053df-1802-11f0-8423-54a95b9ec813,auction,8,577,0.2887345850467682,0.022194862365722656,19500.0,0.29770272970199585,265,1
SLIM*SIG1,676053df-1802-11f0-8423-54a95b9ec813,auction,8,578,0.2887345850467682,0.03677678108215332,19837.0,0.29770272970199585,265,1
SLIM*SIG1,676053df-1802-11f0-8423-54a95b9ec813,auction,8,579,0.2887345850467682,0.02614903450012207,20449.0,0.29770272970199585,265,1
SLIM*SIG1,676053df-1802-11f0-8423-54a95b9ec813,auction,8,580,0.2887345850467682,0.03870701789855957,20679.0,0.29770272970199585,265,1
SLIM*SIG1,676053df-1802-11f0-8423-54a95b9ec813,auction,8,581,0.2887345850467682,0.0468754768371582,21027.0,0.29770272970199585,265,1
SLIM*SIG1,676053df-1802-11f0-8423-54a95b9ec813,auction,8,582,0.2887345850467682,0.051828622817993164,20327.0,0.29770272970199585,265,1
SLIM*SIG1,676053df-1802-11f0-8423-54a95b9ec813,auction,8,583,0.2887345850467682,0.03139519691467285,20876.0,0.29770272970199585,265,1
SLIM*SIG1,676053df-1802-11f0-8423-54a95b9ec813,auction,8,584,0.2887345850467682,0.015531063079833984,19766.0,0.29770272970199585,265,1
SLIM*SIG1,676053df-1802-11f0-8423-54a95b9ec813,auction,8,585,0.2887345850467682,0.031247615814208984,19678.0,0.29770272970199585,265,1
SLIM*SIG1,676053df-1802-11f0-8423-54a95b9ec813,auction,8,586,0.2887345850467682,0.021212339401245117,19567.0,0.29770272970199585,265,1
SLIM*SIG1,676053df-1802-11f0-8423-54a95b9ec813,auction,8,587,0.2887345850467682,0.03128862380981445,20200.0,0.29770272970199585,265,1
SLIM*SIG1,676053df-1802-11f0-8423-54a95b9ec813,auction,8,588,0.2887345850467682,0.07170486450195312,20605.0,0.29770272970199585,265,1
SLIM*SIG1,676053df-1802-11f0-8423-54a95b9ec813,auction,8,589,0.2887345850467682,0.07812833786010742,20138.0,0.29770272970199585,265,1
SLIM*SIG1,676053df-1802-11f0-8423-54a95b9ec813,auction,8,590,0.2887345850467682,0.0854039192199707,21234.0,0.29770272970199585,265,1
SLIM*SIG1,676053df-1802-11f0-8423-54a95b9ec813,auction,8,591,0.2887345850467682,0.068206787109375,21695.0,0.29770272970199585,265,1
SLIM*SIG1,676053df-1802-11f0-8423-54a95b9ec813,auction,8,592,0.2887345850467682,0.06249499320983887,21460.0,0.29770272970199585,265,1
SLIM*SIG1,676053df-1802-11f0-8423-54a95b9ec813,auction,8,593,0.2887345850467682,0.06901097297668457,20917.0,0.29770272970199585,265,1
SLIM*SIG1,676053df-1802-11f0-8423-54a95b9ec813,auction,8,594,0.2887345850467682,0.08837199211120605,22194.0,0.29770272970199585,265,1
SLIM*SIG1,676053df-1802-11f0-8423-54a95b9ec813,auction,8,595,0.2887345850467682,0.06251215934753418,22463.0,0.29770272970199585,265,1
SLIM*SIG1,676053df-1802-11f0-8423-54a95b9ec813,auction,8,596,0.2887345850467682,0.06798028945922852,22472.0,0.29770272970199585,265,1
SLIM*SIG1,676053df-1802-11f0-8423-54a95b9ec813,auction,8,597,0.2887345850467682,0.0708014965057373,23072.0,0.29770272970199585,265,1
SLIM*SIG1,676053df-1802-11f0-8423-54a95b9ec813,auction,8,598,0.2887345850467682,0.06250119209289551,22701.0,0.29770272970199585,265,1
SLIM*SIG1,676053df-1802-11f0-8423-54a95b9ec813,auction,8,599,0.2887345850467682,0.04686999320983887,22241.0,0.29770272970199585,265,1
SLIM*SIG1,676053df-1802-11f0-8423-54a95b9ec813,auction,8,600,0.2887345850467682,0.058484554290771484,22428.0,0.29770272970199585,265,1
SLIM*SIG1,676053df-1802-11f0-8423-54a95b9ec813,auction,8,601,0.2887345850467682,0.06250190734863281,22041.0,0.29770272970199585,265,1
SLIM*SIG1,676053df-1802-11f0-8423-54a95b9ec813,auction,8,602,0.2887345850467682,0.056156158447265625,21760.0,0.29770272970199585,265,1
SLIM*SIG1,676053df-1802-11f0-8423-54a95b9ec813,auction,8,603,0.2887345850467682,0.09167265892028809,21711.0,0.29770272970199585,265,1
SLIM*SIG1,676053df-1802-11f0-8423-54a95b9ec813,auction,8,604,0.2887345850467682,0.10639238357543945,22623.0,0.29770272970199585,265,1
SLIM*SIG1,676053df-1802-11f0-8423-54a95b9ec813,auction,8,605,0.2887345850467682,0.07195615768432617,22913.0,0.29770272970199585,265,1
SLIM*SIG1,676053df-1802-11f0-8423-54a95b9ec813,auction,8,606,0.2887345850467682,0.07069683074951172,23283.0,0.29770272970199585,265,1
SLIM*SIG1,676053df-1802-11f0-8423-54a95b9ec813,auction,8,607,0.2887345850467682,0.05147361755371094,23025.0,0.29770272970199585,265,1
SLIM*SIG1,676053df-1802-11f0-8423-54a95b9ec813,auction,8,608,0.2887345850467682,0.04688620567321777,22756.0,0.29770272970199585,265,1
SLIM*SIG1,676053df-1802-11f0-8423-54a95b9ec813,auction,8,609,0.2887345850467682,0.08739447593688965,22673.0,0.29770272970199585,265,1
SLIM*SIG1,676053df-1802-11f0-8423-54a95b9ec813,auction,8,610,0.2887345850467682,0.06250166893005371,22777.0,0.29770272970199585,265,1
SLIM*SIG1,676053df-1802-11f0-8423-54a95b9ec813,auction,8,611,0.2887345850467682,0.052880048751831055,22658.0,0.29770272970199585,265,1
SLIM*SIG1,676053df-1802-11f0-8423-54a95b9ec813,auction,8,612,0.2887345850467682,0.04687786102294922,22090.0,0.29770272970199585,265,1
SLIM*SIG1,676053df-1802-11f0-8423-54a95b9ec813,auction,8,613,0.2887345850467682,0.05248451232910156,21995.0,0.29770272970199585,265,1
SLIM*SIG1,676053df-1802-11f0-8423-54a95b9ec813,auction,8,614,0.2887345850467682,0.06871318817138672,21880.0,0.29770272970199585,265,1
SLIM*SIG1,676053df-1802-11f0-8423-54a95b9ec813,auction,8,615,0.2887345850467682,0.0625009536743164,21894.0,0.29770272970199585,265,1
SLIM*SIG1,676053df-1802-11f0-8423-54a95b9ec813,auction,8,616,0.2887345850467682,0.07160234451293945,22011.0,0.29770272970199585,265,1
SLIM*SIG1,676053df-1802-11f0-8423-54a95b9ec813,auction,8,617,0.2887345850467682,0.09079194068908691,21634.0,0.29770272970199585,265,1
SLIM*SIG1,676053df-1802-11f0-8423-54a95b9ec813,auction,8,618,0.2887345850467682,0.05493307113647461,22174.0,0.29770272970199585,265,1
SLIM*SIG1,676053df-1802-11f0-8423-54a95b9ec813,auction,8,619,0.2887345850467682,0.04802417755126953,21649.0,0.29770272970199585,265,1
SLIM*SIG1,676053df-1802-11f0-8423-54a95b9ec813,auction,8,620,0.2887345850467682,0.03115367889404297,20996.0,0.29770272970199585,265,1
SLIM*SIG1,676053df-1802-11f0-8423-54a95b9ec813,auction,8,621,0.2887345850467682,0.0855257511138916,20499.0,0.29770272970199585,265,1
SLIM*SIG1,676053df-1802-11f0-8423-54a95b9ec813,auction,8,622,0.2887345850467682,0.03128647804260254,20371.0,0.29770272970199585,265,1
SLIM*SIG1,676053df-1802-11f0-8423-54a95b9ec813,auction,8,623,0.2887345850467682,0.0992274284362793,20405.0,0.29770272970199585,265,1
SLIM*SIG1,676053df-1802-11f0-8423-54a95b9ec813,auction,8,624,0.2887345850467682,0.015576839447021484,20344.0,0.29770272970199585,265,1
SLIM*SIG1,676053df-1802-11f0-8423-54a95b9ec813,auction,8,625,0.2887345850467682,0.036902427673339844,20725.0,0.29770272970199585,265,1
SLIM*SIG1,676053df-1802-11f0-8423-54a95b9ec813,auction,8,626,0.2887345850467682,0.031225919723510742,20868.0,0.29770272970199585,265,1
SLIM*SIG1,676053df-1802-11f0-8423-54a95b9ec813,auction,8,627,0.2887345850467682,0.03125,20617.0,0.29770272970199585,265,1
SLIM*SIG1,676053df-1802-11f0-8423-54a95b9ec813,auction,8,628,0.2887345850467682,0.031247615814208984,20162.0,0.29770272970199585,265,1
SLIM*SIG1,676053df-1802-11f0-8423-54a95b9ec813,auction,8,629,0.2887345850467682,0.04101109504699707,20250.0,0.29770272970199585,265,1
SLIM*SIG1,676053df-1802-11f0-8423-54a95b9ec813,auction,8,630,0.2887345850467682,0.062499284744262695,19641.0,0.29770272970199585,265,1
SLIM*SIG1,676053df-1802-11f0-8423-54a95b9ec813,auction,8,631,0.2887345850467682,0.09762954711914062,19507.0,0.29770272970199585,265,1
SLIM*SIG1,676053df-1802-11f0-8423-54a95b9ec813,auction,8,632,0.2887345850467682,0.07205557823181152,20186.0,0.29770272970199585,265,1
SLIM*SIG1,676053df-1802-11f0-8423-54a95b9ec813,auction,8,633,0.2887345850467682,0.03128695487976074,21032.0,0.29770272970199585,265,1
SLIM*SIG1,676053df-1802-11f0-8423-54a95b9ec813,auction,8,634,0.2887345850467682,0.05014514923095703,21772.0,0.29770272970199585,265,1
SLIM*SIG1,676053df-1802-11f0-8423-54a95b9ec813,auction,8,635,0.2887345850467682,0.04686594009399414,22497.0,0.29770272970199585,265,1
SLIM*SIG1,676053df-1802-11f0-8423-54a95b9ec813,auction,8,636,0.2887345850467682,0.07308578491210938,22277.0,0.29770272970199585,265,1
SLIM*SIG1,676053df-1802-11f0-8423-54a95b9ec813,auction,8,637,0.2887345850467682,0.06250214576721191,22478.0,0.29770272970199585,265,1
SLIM*SIG1,676053df-1802-11f0-8423-54a95b9ec813,auction,8,638,0.2887345850467682,0.05318760871887207,21677.0,0.29770272970199585,265,1
SLIM*SIG1,676053df-1802-11f0-8423-54a95b9ec813,auction,8,639,0.2887345850467682,0.06287622451782227,20951.0,0.29770272970199585,265,1
SLIM*SIG1,676053df-1802-11f0-8423-54a95b9ec813,auction,8,640,0.2887345850467682,0.06883788108825684,21183.0,0.29770272970199585,265,1
SLIM*SIG1,676053df-1802-11f0-8423-54a95b9ec813,auction,8,641,0.2887345850467682,0.09096884727478027,20274.0,0.29770272970199585,265,1
SLIM*SIG1,676053df-1802-11f0-8423-54a95b9ec813,auction,8,642,0.2887345850467682,0.09549975395202637,20117.0,0.29770272970199585,265,1
SLIM*SIG1,676053df-1802-11f0-8423-54a95b9ec813,auction,8,643,0.2887345850467682,0.09642577171325684,20268.0,0.29770272970199585,265,1
SLIM*SIG1,676053df-1802-11f0-8423-54a95b9ec813,auction,8,644,0.2887345850467682,0.09669303894042969,21038.0,0.29770272970199585,265,1
SLIM*SIG1,676053df-1802-11f0-8423-54a95b9ec813,auction,8,645,0.2887345850467682,0.046919822692871094,21917.0,0.29770272970199585,265,1
SLIM*SIG1,676053df-1802-11f0-8423-54a95b9ec813,auction,8,646,0.2887345850467682,0.062499046325683594,22173.0,0.29770272970199585,265,1
SLIM*SIG1,676053df-1802-11f0-8423-54a95b9ec813,auction,8,647,0.2887345850467682,0.05354571342468262,21797.0,0.29770272970199585,265,1
SLIM*SIG1,676053df-1802-11f0-8423-54a95b9ec813,auction,8,648,0.2887345850467682,0.07173037528991699,21924.0,0.29770272970199585,265,1
SLIM*SIG1,676053df-1802-11f0-8423-54a95b9ec813,auction,8,649,0.2887345850467682,0.046874046325683594,22300.0,0.29770272970199585,265,1
SLIM*SIG1,676053df-1802-11f0-8423-54a95b9ec813,auction,8,650,0.2887345850467682,0.05042695999145508,22041.0,0.29770272970199585,265,1
SLIM*SIG1,676053df-1802-11f0-8423-54a95b9ec813,auction,8,651,0.2887345850467682,0.0624995231628418,21755.0,0.29770272970199585,265,1
SLIM*SIG1,676053df-1802-11f0-8423-54a95b9ec813,auction,8,652,0.2887345850467682,0.05602526664733887,21097.0,0.29770272970199585,265,1
SLIM*SIG1,676053df-1802-11f0-8423-54a95b9ec813,auction,8,653,0.2887345850467682,0.068115234375,20909.0,0.29770272970199585,265,1
SLIM*SIG1,676053df-1802-11f0-8423-54a95b9ec813,auction,8,654,0.2887345850467682,0.04687833786010742,21250.0,0.29770272970199585,265,1
SLIM*SIG1,676053df-1802-11f0-8423-54a95b9ec813,auction,8,655,0.2887345850467682,0.06953310966491699,20775.0,0.29770272970199585,265,1
SLIM*SIG1,676053df-1802-11f0-8423-54a95b9ec813,auction,8,656,0.2887345850467682,0.04688072204589844,19770.0,0.29770272970199585,265,1
SLIM*SIG1,676053df-1802-11f0-8423-54a95b9ec813,auction,8,657,0.2887345850467682,0.03165149688720703,19752.0,0.29770272970199585,265,1
SLIM*SIG1,676053df-1802-11f0-8423-54a95b9ec813,auction,8,658,0.2887345850467682,0.03713798522949219,19482.0,0.29770272970199585,265,1
SLIM*SIG1,676053df-1802-11f0-8423-54a95b9ec813,auction,8,659,0.2887345850467682,0.03129100799560547,19441.0,0.29770272970199585,265,1
SLIM*SIG1,676053df-1802-11f0-8423-54a95b9ec813,auction,8,660,0.28866147994995117,0.03121042251586914,19361.0,0.2973344326019287,263,1
SLIM*SIG1,676053df-1802-11f0-8423-54a95b9ec813,auction,8,661,0.28866147994995117,0.0546875,18817.0,0.2973344326019287,263,1
SLIM*SIG1,676053df-1802-11f0-8423-54a95b9ec813,auction,8,662,0.28866147994995117,0.06249070167541504,19488.0,0.2973344326019287,263,1
SLIM*SIG1,676053df-1802-11f0-8423-54a95b9ec813,auction,8,663,0.28866147994995117,0.05076241493225098,19567.0,0.2973344326019287,263,1
SLIM*SIG1,676053df-1802-11f0-8423-54a95b9ec813,auction,8,664,0.28866147994995117,0.046869516372680664,20357.0,0.2973344326019287,263,1
SLIM*SIG1,676053df-1802-11f0-8423-54a95b9ec813,auction,8,665,0.28866147994995117,0.08587884902954102,21241.0,0.2973344326019287,263,1
SLIM*SIG1,676053df-1802-11f0-8423-54a95b9ec813,auction,8,666,0.28866147994995117,0.08449959754943848,21628.0,0.2973344326019287,263,1
SLIM*SIG1,676053df-1802-11f0-8423-54a95b9ec813,auction,8,667,0.28866147994995117,0.08632397651672363,21983.0,0.2973344326019287,263,1
SLIM*SIG1,676053df-1802-11f0-8423-54a95b9ec813,auction,8,668,0.28866147994995117,0.08327841758728027,22312.0,0.2973344326019287,263,1
SLIM*SIG1,676053df-1802-11f0-8423-54a95b9ec813,auction,8,669,0.28857818245887756,0.046875,22346.0,0.2973957359790802,276,1
SLIM*SIG1,676053df-1802-11f0-8423-54a95b9ec813,auction,8,670,0.28857818245887756,0.06955981254577637,22909.0,0.2973957359790802,276,1
SLIM*SIG1,676053df-1802-11f0-8423-54a95b9ec813,auction,8,671,0.28857818245887756,0.06762886047363281,22472.0,0.2973957359790802,276,1
SLIM*SIG1,676053df-1802-11f0-8423-54a95b9ec813,auction,8,672,0.28857818245887756,0.062496185302734375,22983.0,0.2973957359790802,276,1
SLIM*SIG1,676053df-1802-11f0-8423-54a95b9ec813,auction,8,673,0.28857818245887756,0.07153201103210449,22175.0,0.2973957359790802,276,1
SLIM*SIG1,676053df-1802-11f0-8423-54a95b9ec813,auction,8,674,0.28857818245887756,0.05078458786010742,21945.0,0.2973957359790802,276,1
SLIM*SIG1,676053df-1802-11f0-8423-54a95b9ec813,auction,8,675,0.28857818245887756,0.062499284744262695,23093.0,0.2973957359790802,276,1
SLIM*SIG1,676053df-1802-11f0-8423-54a95b9ec813,auction,8,676,0.28857818245887756,0.09139895439147949,22765.0,0.2973957359790802,276,1
SLIM*SIG1,676053df-1802-11f0-8423-54a95b9ec813,auction,8,677,0.28857818245887756,0.09414887428283691,22669.0,0.2973957359790802,276,1
SLIM*SIG1,676053df-1802-11f0-8423-54a95b9ec813,auction,8,678,0.28857818245887756,0.09703516960144043,23086.0,0.2973957359790802,276,1
SLIM*SIG1,676053df-1802-11f0-8423-54a95b9ec813,auction,8,679,0.28857818245887756,0.08504462242126465,22985.0,0.2973957359790802,276,1
SLIM*SIG1,676053df-1802-11f0-8423-54a95b9ec813,auction,8,680,0.28857818245887756,0.10066604614257812,23087.0,0.2973957359790802,276,1
SLIM*SIG1,676053df-1802-11f0-8423-54a95b9ec813,auction,8,681,0.28857818245887756,0.07812666893005371,23557.0,0.2973957359790802,276,1
SLIM*SIG1,676053df-1802-11f0-8423-54a95b9ec813,auction,8,682,0.28857818245887756,0.08433294296264648,23804.0,0.2973957359790802,276,1
SLIM*SIG1,676053df-1802-11f0-8423-54a95b9ec813,auction,8,683,0.28857818245887756,0.08311176300048828,23444.0,0.2973957359790802,276,1
SLIM*SIG1,676053df-1802-11f0-8423-54a95b9ec813,auction,8,684,0.28857818245887756,0.04687619209289551,22632.0,0.2973957359790802,276,1
SLIM*SIG1,676053df-1802-11f0-8423-54a95b9ec813,auction,8,685,0.28857818245887756,0.08754777908325195,22322.0,0.2973957359790802,276,1
SLIM*SIG1,676053df-1802-11f0-8423-54a95b9ec813,auction,8,686,0.28857818245887756,0.06753826141357422,22861.0,0.2973957359790802,276,1
SLIM*SIG1,676053df-1802-11f0-8423-54a95b9ec813,auction,8,687,0.28857818245887756,0.04688310623168945,23601.0,0.2973957359790802,276,1
SLIM*SIG1,676053df-1802-11f0-8423-54a95b9ec813,auction,8,688,0.28857818245887756,0.08345913887023926,23751.0,0.2973957359790802,276,1
SLIM*SIG1,676053df-1802-11f0-8423-54a95b9ec813,auction,8,689,0.28857818245887756,0.08693480491638184,23524.0,0.2973957359790802,276,1
SLIM*SIG1,676053df-1802-11f0-8423-54a95b9ec813,auction,8,690,0.28857818245887756,0.04688882827758789,22989.0,0.2973957359790802,276,1
SLIM*SIG1,676053df-1802-11f0-8423-54a95b9ec813,auction,8,691,0.28857818245887756,0.05243206024169922,23062.0,0.2973957359790802,276,1
SLIM*SIG1,676053df-1802-11f0-8423-54a95b9ec813,auction,8,692,0.28857818245887756,0.08029603958129883,23061.0,0.2973957359790802,276,1
SLIM*SIG1,676053df-1802-11f0-8423-54a95b9ec813,auction,8,693,0.28857818245887756,0.0673213005065918,22887.0,0.2973957359790802,276,1
SLIM*SIG1,676053df-1802-11f0-8423-54a95b9ec813,auction,8,694,0.28857818245887756,0.067779541015625,22409.0,0.2973957359790802,276,1
SLIM*SIG1,676053df-1802-11f0-8423-54a95b9ec813,auction,8,695,0.28857818245887756,0.0630333423614502,22105.0,0.2973957359790802,276,1
SLIM*SIG1,676053df-1802-11f0-8423-54a95b9ec813,auction,8,696,0.28857818245887756,0.04824542999267578,22033.0,0.2973957359790802,276,1
SLIM*SIG1,676053df-1802-11f0-8423-54a95b9ec813,auction,8,697,0.28857818245887756,0.0624995231628418,21483.0,0.2973957359790802,276,1
SLIM*SIG1,676053df-1802-11f0-8423-54a95b9ec813,auction,8,698,0.28857818245887756,0.07349419593811035,21309.0,0.2973957359790802,276,1
SLIM*SIG1,676053df-1802-11f0-8423-54a95b9ec813,auction,8,699,0.28857818245887756,0.10023164749145508,21329.0,0.2973957359790802,276,1
SLIM*SIG1,676053df-1802-11f0-8423-54a95b9ec813,auction,8,700,0.28857818245887756,0.05176353454589844,21257.0,0.2973957359790802,276,1
SLIM*SIG1,676053df-1802-11f0-8423-54a95b9ec813,auction,8,701,0.28857818245887756,0.046877384185791016,20381.0,0.2973957359790802,276,1
SLIM*SIG1,676053df-1802-11f0-8423-54a95b9ec813,auction,8,702,0.28857818245887756,0.08545660972595215,20311.0,0.2973957359790802,276,1
SLIM*SIG1,676053df-1802-11f0-8423-54a95b9ec813,auction,8,703,0.28857818245887756,0.08312273025512695,20875.0,0.2973957359790802,276,1
SLIM*SIG1,676053df-1802-11f0-8423-54a95b9ec813,auction,8,704,0.28857818245887756,0.062494754791259766,20310.0,0.2973957359790802,276,1
SLIM*SIG1,676053df-1802-11f0-8423-54a95b9ec813,auction,8,705,0.28857818245887756,0.053736209869384766,20952.0,0.2973957359790802,276,1
SLIM*SIG1,676053df-1802-11f0-8423-54a95b9ec813,auction,8,706,0.28857818245887756,0.046869516372680664,21977.0,0.2973957359790802,276,1
SLIM*SIG1,676053df-1802-11f0-8423-54a95b9ec813,auction,8,707,0.28857818245887756,0.056172847747802734,23186.0,0.2973957359790802,276,1
SLIM*SIG1,676053df-1802-11f0-8423-54a95b9ec813,auction,8,708,0.28857818245887756,0.07358741760253906,23585.0,0.2973957359790802,276,1
SLIM*SIG1,676053df-1802-11f0-8423-54a95b9ec813,auction,8,709,0.28857818245887756,0.07273030281066895,24235.0,0.2973957359790802,276,1
SLIM*SIG1,676053df-1802-11f0-8423-54a95b9ec813,auction,8,710,0.28857818245887756,0.08112978935241699,24443.0,0.2973957359790802,276,1
SLIM*SIG1,676053df-1802-11f0-8423-54a95b9ec813,auction,8,711,0.28857818245887756,0.08215570449829102,24870.0,0.2973957359790802,276,1
SLIM*SIG1,676053df-1802-11f0-8423-54a95b9ec813,auction,8,712,0.28857818245887756,0.09374690055847168,24755.0,0.2973957359790802,276,1
SLIM*SIG1,676053df-1802-11f0-8423-54a95b9ec813,auction,8,713,0.28857818245887756,0.07411742210388184,24324.0,0.2973957359790802,276,1
SLIM*SIG1,676053df-1802-11f0-8423-54a95b9ec813,auction,8,714,0.28857818245887756,0.09959578514099121,23702.0,0.2973957359790802,276,1
SLIM*SIG1,676053df-1802-11f0-8423-54a95b9ec813,auction,8,715,0.28857818245887756,0.08412551879882812,23598.0,0.2973957359790802,276,1
SLIM*SIG1,676053df-1802-11f0-8423-54a95b9ec813,auction,8,716,0.28857818245887756,0.07867074012756348,23312.0,0.2973957359790802,276,1
SLIM*SIG1,676053df-1802-11f0-8423-54a95b9ec813,auction,8,717,0.28857818245887756,0.05222034454345703,23403.0,0.2973957359790802,276,1
SLIM*SIG1,676053df-1802-11f0-8423-54a95b9ec813,auction,8,718,0.28857818245887756,0.05229687690734863,22894.0,0.2973957359790802,276,1
SLIM*SIG1,676053df-1802-11f0-8423-54a95b9ec813,auction,8,719,0.28857818245887756,0.0624997615814209,22335.0,0.2973957359790802,276,1
SLIM*SIG1,676053df-1802-11f0-8423-54a95b9ec813,auction,8,720,0.28857818245887756,0.08428668975830078,21962.0,0.2973957359790802,276,1
SLIM*SIG1,676053df-1802-11f0-8423-54a95b9ec813,auction,8,721,0.28857818245887756,0.04687619209289551,21951.0,0.2973957359790802,276,1
SLIM*SIG1,676053df-1802-11f0-8423-54a95b9ec813,auction,8,722,0.28857818245887756,0.08802318572998047,21680.0,0.2973957359790802,276,1
SLIM*SIG1,676053df-1802-11f0-8423-54a95b9ec813,auction,8,723,0.28857818245887756,0.0834808349609375,21392.0,0.2973957359790802,276,1
SLIM*SIG1,676053df-1802-11f0-8423-54a95b9ec813,auction,8,724,0.28857818245887756,0.08646631240844727,21230.0,0.2973957359790802,276,1
SLIM*SIG1,676053df-1802-11f0-8423-54a95b9ec813,auction,8,725,0.28857818245887756,0.09995245933532715,21752.0,0.2973957359790802,276,1
SLIM*SIG1,676053df-1802-11f0-8423-54a95b9ec813,auction,8,726,0.28857818245887756,0.09901571273803711,21334.0,0.2973957359790802,276,1
SLIM*SIG1,676053df-1802-11f0-8423-54a95b9ec813,auction,8,727,0.28857818245887756,0.046875715255737305,21633.0,0.2973957359790802,276,1
SLIM*SIG1,676053df-1802-11f0-8423-54a95b9ec813,auction,8,728,0.28857818245887756,0.07266688346862793,21204.0,0.2973957359790802,276,1
SLIM*SIG1,676053df-1802-11f0-8423-54a95b9ec813,auction,8,729,0.28857818245887756,0.08269405364990234,21893.0,0.2973957359790802,276,1
SLIM*SIG1,676053df-1802-11f0-8423-54a95b9ec813,auction,8,730,0.28857818245887756,0.04687333106994629,22651.0,0.2973957359790802,276,1
SLIM*SIG1,676053df-1802-11f0-8423-54a95b9ec813,auction,8,731,0.28857818245887756,0.08298659324645996,22220.0,0.2973957359790802,276,1
SLIM*SIG1,676053df-1802-11f0-8423-54a95b9ec813,auction,8,732,0.28857818245887756,0.04687857627868652,22597.0,0.2973957359790802,276,1
SLIM*SIG1,676053df-1802-11f0-8423-54a95b9ec813,auction,8,733,0.28857818245887756,0.05393624305725098,23130.0,0.2973957359790802,276,1
SLIM*SIG1,676053df-1802-11f0-8423-54a95b9ec813,auction,8,734,0.28857818245887756,0.08386087417602539,22621.0,0.2973957359790802,276,1
SLIM*SIG1,676053df-1802-11f0-8423-54a95b9ec813,auction,8,735,0.28857818245887756,0.09713459014892578,22675.0,0.2973957359790802,276,1
SLIM*SIG1,676053df-1802-11f0-8423-54a95b9ec813,auction,8,736,0.28857818245887756,0.07909226417541504,23481.0,0.2973957359790802,276,1
SLIM*SIG1,676053df-1802-11f0-8423-54a95b9ec813,auction,8,737,0.28857818245887756,0.09307026863098145,22998.0,0.2973957359790802,276,1
SLIM*SIG1,676053df-1802-11f0-8423-54a95b9ec813,auction,8,738,0.28857818245887756,0.06794023513793945,23611.0,0.2973957359790802,276,1
SLIM*SIG1,676053df-1802-11f0-8423-54a95b9ec813,auction,8,739,0.28857818245887756,0.059560298919677734,23678.0,0.2973957359790802,276,1
SLIM*SIG1,676053df-1802-11f0-8423-54a95b9ec813,auction,8,740,0.28857818245887756,0.07751679420471191,23913.0,0.2973957359790802,276,1
SLIM*SIG1,676053df-1802-11f0-8423-54a95b9ec813,auction,8,741,0.2884669303894043,0.09894871711730957,24090.0,0.2982071042060852,289,1
SLIM*SIG1,676053df-1802-11f0-8423-54a95b9ec813,auction,8,742,0.2884669303894043,0.05735516548156738,23693.0,0.2982071042060852,289,1
SLIM*SIG1,676053df-1802-11f0-8423-54a95b9ec813,auction,8,743,0.2884669303894043,0.0468745231628418,23178.0,0.2982071042060852,289,1
SLIM*SIG1,676053df-1802-11f0-8423-54a95b9ec813,auction,8,744,0.2884669303894043,0.09858083724975586,22715.0,0.2982071042060852,289,1
SLIM*SIG1,676053df-1802-11f0-8423-54a95b9ec813,auction,8,745,0.2884669303894043,0.05248522758483887,22597.0,0.2982071042060852,289,1
SLIM*SIG1,676053df-1802-11f0-8423-54a95b9ec813,auction,8,746,0.2884669303894043,0.09374356269836426,22976.0,0.2982071042060852,289,1
SLIM*SIG1,676053df-1802-11f0-8423-54a95b9ec813,auction,8,747,0.2884669303894043,0.10359764099121094,22740.0,0.2982071042060852,289,1
SLIM*SIG1,676053df-1802-11f0-8423-54a95b9ec813,auction,8,748,0.2884669303894043,0.0513608455657959,22811.0,0.2982071042060852,289,1
SLIM*SIG1,676053df-1802-11f0-8423-54a95b9ec813,auction,8,749,0.2884669303894043,0.0698847770690918,23310.0,0.2982071042060852,289,1
SLIM*SIG1,676053df-1802-11f0-8423-54a95b9ec813,auction,8,750,0.28837743401527405,0.0781245231628418,23618.0,0.29798510670661926,276,1
SLIM*SIG1,676053df-1802-11f0-8423-54a95b9ec813,auction,8,751,0.28837743401527405,0.0688469409942627,23313.0,0.29798510670661926,276,1
SLIM*SIG1,676053df-1802-11f0-8423-54a95b9ec813,auction,8,752,0.28837743401527405,0.08801150321960449,23924.0,0.29798510670661926,276,1
SLIM*SIG1,676053df-1802-11f0-8423-54a95b9ec813,auction,8,753,0.28837743401527405,0.062499284744262695,24169.0,0.29798510670661926,276,1
SLIM*SIG1,676053df-1802-11f0-8423-54a95b9ec813,auction,8,754,0.28837743401527405,0.052461862564086914,22975.0,0.29798510670661926,276,1
SLIM*SIG1,676053df-1802-11f0-8423-54a95b9ec813,auction,8,755,0.2881232798099518,0.08244705200195312,23621.0,0.29895246028900146,276,1
SLIM*SIG1,676053df-1802-11f0-8423-54a95b9ec813,auction,8,756,0.2881232798099518,0.046877145767211914,22880.0,0.29895246028900146,276,1
SLIM*SIG1,676053df-1802-11f0-8423-54a95b9ec813,auction,8,757,0.28811749815940857,0.046875,23123.0,0.2991512715816498,263,1
SLIM*SIG1,676053df-1802-11f0-8423-54a95b9ec813,auction,8,758,0.28811749815940857,0.05543971061706543,22757.0,0.2991512715816498,263,1
SLIM*SIG1,676053df-1802-11f0-8423-54a95b9ec813,auction,8,759,0.28811749815940857,0.08571672439575195,22579.0,0.2991512715816498,263,1
SLIM*SIG1,676053df-1802-11f0-8423-54a95b9ec813,auction,8,760,0.28811749815940857,0.10007095336914062,22885.0,0.2991512715816498,263,1
SLIM*SIG1,676053df-1802-11f0-8423-54a95b9ec813,auction,8,761,0.28811749815940857,0.07616400718688965,23539.0,0.2991512715816498,263,1
SLIM*SIG1,676053df-1802-11f0-8423-54a95b9ec813,auction,8,762,0.28811749815940857,0.05393409729003906,23416.0,0.2991512715816498,263,1
SLIM*SIG1,676053df-1802-11f0-8423-54a95b9ec813,auction,8,763,0.28811749815940857,0.08001422882080078,23849.0,0.2991512715816498,263,1
SLIM*SIG1,676053df-1802-11f0-8423-54a95b9ec813,auction,8,764,0.28811749815940857,0.08092617988586426,24332.0,0.2991512715816498,263,1
SLIM*SIG1,676053df-1802-11f0-8423-54a95b9ec813,auction,8,765,0.28811749815940857,0.08621716499328613,23545.0,0.2991512715816498,263,1
SLIM*SIG1,676053df-1802-11f0-8423-54a95b9ec813,auction,8,766,0.28811749815940857,0.08173012733459473,22553.0,0.2991512715816498,263,1
SLIM*SIG1,676053df-1802-11f0-8423-54a95b9ec813,auction,8,767,0.28811749815940857,0.10173392295837402,22612.0,0.2991512715816498,263,1
SLIM*SIG1,676053df-1802-11f0-8423-54a95b9ec813,auction,8,768,0.28811749815940857,0.07893204689025879,22129.0,0.2991512715816498,263,1
SLIM*SIG1,676053df-1802-11f0-8423-54a95b9ec813,auction,8,769,0.28811749815940857,0.11679768562316895,21596.0,0.2991512715816498,263,1
SLIM*SIG1,676053df-1802-11f0-8423-54a95b9ec813,auction,8,770,0.28811749815940857,0.06584048271179199,22168.0,0.2991512715816498,263,1
SLIM*SIG1,676053df-1802-11f0-8423-54a95b9ec813,auction,8,771,0.28811749815940857,0.10354733467102051,22896.0,0.2991512715816498,263,1
SLIM*SIG1,676053df-1802-11f0-8423-54a95b9ec813,auction,8,772,0.2880869507789612,0.09573554992675781,22272.0,0.2985024154186249,276,1
SLIM*SIG1,676053df-1802-11f0-8423-54a95b9ec813,auction,8,773,0.2880869507789612,0.0639803409576416,22753.0,0.2985024154186249,276,1
SLIM*SIG1,676053df-1802-11f0-8423-54a95b9ec813,auction,8,774,0.2880869507789612,0.06871271133422852,22636.0,0.2985024154186249,276,1
SLIM*SIG1,676053df-1802-11f0-8423-54a95b9ec813,auction,8,775,0.2880869507789612,0.09868979454040527,22558.0,0.2985024154186249,276,1
SLIM*SIG1,676053df-1802-11f0-8423-54a95b9ec813,auction,8,776,0.2880869507789612,0.048768043518066406,22285.0,0.2985024154186249,276,1
SLIM*SIG1,676053df-1802-11f0-8423-54a95b9ec813,auction,8,777,0.2880869507789612,0.06714057922363281,22911.0,0.2985024154186249,276,1
SLIM*SIG1,676053df-1802-11f0-8423-54a95b9ec813,auction,8,778,0.2880641222000122,0.08523344993591309,23405.0,0.2985067665576935,289,1
SLIM*SIG1,676053df-1802-11f0-8423-54a95b9ec813,auction,8,779,0.2880641222000122,0.08380579948425293,24185.0,0.2985067665576935,289,1
SLIM*SIG1,676053df-1802-11f0-8423-54a95b9ec813,auction,8,780,0.2880641222000122,0.0937504768371582,24555.0,0.2985067665576935,289,1
SLIM*SIG1,676053df-1802-11f0-8423-54a95b9ec813,auction,8,781,0.28805452585220337,0.09995818138122559,24705.0,0.2979225218296051,289,1
SLIM*SIG1,676053df-1802-11f0-8423-54a95b9ec813,auction,8,782,0.28805452585220337,0.0715951919555664,25212.0,0.2979225218296051,289,1
SLIM*SIG1,676053df-1802-11f0-8423-54a95b9ec813,auction,8,783,0.2879604399204254,0.10004901885986328,25764.0,0.30128049850463867,263,1
SLIM*SIG1,676053df-1802-11f0-8423-54a95b9ec813,auction,8,784,0.2879604399204254,0.06793665885925293,25240.0,0.30128049850463867,263,1
SLIM*SIG1,676053df-1802-11f0-8423-54a95b9ec813,auction,8,785,0.2879604399204254,0.0468745231628418,25162.0,0.30128049850463867,263,1
SLIM*SIG1,676053df-1802-11f0-8423-54a95b9ec813,auction,8,786,0.2879604399204254,0.08707118034362793,24858.0,0.30128049850463867,263,1
SLIM*SIG1,676053df-1802-11f0-8423-54a95b9ec813,auction,8,787,0.2879604399204254,0.10099315643310547,24680.0,0.30128049850463867,263,1
SLIM*SIG1,676053df-1802-11f0-8423-54a95b9ec813,auction,8,788,0.2879604399204254,0.06250381469726562,24032.0,0.30128049850463867,263,1
SLIM*SIG1,676053df-1802-11f0-8423-54a95b9ec813,auction,8,789,0.2879604399204254,0.06632208824157715,23171.0,0.30128049850463867,263,1
SLIM*SIG1,676053df-1802-11f0-8423-54a95b9ec813,auction,8,790,0.2879604399204254,0.06987357139587402,22646.0,0.30128049850463867,263,1
SLIM*SIG1,676053df-1802-11f0-8423-54a95b9ec813,auction,8,791,0.2879604399204254,0.0625007152557373,22800.0,0.30128049850463867,263,1
SLIM*SIG1,676053df-1802-11f0-8423-54a95b9ec813,auction,8,792,0.2879604399204254,0.08441567420959473,22564.0,0.30128049850463867,263,1
SLIM*SIG1,676053df-1802-11f0-8423-54a95b9ec813,auction,8,793,0.2879604399204254,0.04688072204589844,22859.0,0.30128049850463867,263,1
SLIM*SIG1,676053df-1802-11f0-8423-54a95b9ec813,auction,8,794,0.2879604399204254,0.0547938346862793,23078.0,0.30128049850463867,263,1
SLIM*SIG1,676053df-1802-11f0-8423-54a95b9ec813,auction,8,795,0.2879604399204254,0.06249380111694336,21934.0,0.30128049850463867,263,1
SLIM*SIG1,676053df-1802-11f0-8423-54a95b9ec813,auction,8,796,0.2879604399204254,0.06682753562927246,22053.0,0.30128049850463867,263,1
SLIM*SIG1,676053df-1802-11f0-8423-54a95b9ec813,auction,8,797,0.2879604399204254,0.07518768310546875,21273.0,0.30128049850463867,263,1
SLIM*SIG1,676053df-1802-11f0-8423-54a95b9ec813,auction,8,798,0.2879604399204254,0.0750892162322998,20988.0,0.30128049850463867,263,1
SLIM*SIG1,676053df-1802-11f0-8423-54a95b9ec813,auction,8,799,0.2879604399204254,0.046914100646972656,20909.0,0.30128049850463867,263,1
SLIM*SIG1,676053df-1802-11f0-8423-54a95b9ec813,auction,8,800,0.2879604399204254,0.03124713897705078,21581.0,0.30128049850463867,263,1
SLIM*SIG1,676053df-1802-11f0-8423-54a95b9ec813,auction,8,801,0.2879604399204254,0.031222105026245117,21776.0,0.30128049850463867,263,1
SLIM*SIG1,676053df-1802-11f0-8423-54a95b9ec813,auction,8,802,0.2879604399204254,0.08779263496398926,21583.0,0.30128049850463867,263,1
SLIM*SIG1,676053df-1802-11f0-8423-54a95b9ec813,auction,8,803,0.2879604399204254,0.0376124382019043,21425.0,0.30128049850463867,263,1
SLIM*SIG1,676053df-1802-11f0-8423-54a95b9ec813,auction,8,804,0.2879604399204254,0.08168983459472656,21544.0,0.30128049850463867,263,1
SLIM*SIG1,676053df-1802-11f0-8423-54a95b9ec813,auction,8,805,0.2879604399204254,0.03125786781311035,21453.0,0.30128049850463867,263,1
SLIM*SIG1,676053df-1802-11f0-8423-54a95b9ec813,auction,8,806,0.2879604399204254,0.031250953674316406,21871.0,0.30128049850463867,263,1
SLIM*SIG1,676053df-1802-11f0-8423-54a95b9ec813,auction,8,807,0.2879604399204254,0.0728297233581543,21077.0,0.30128049850463867,263,1
SLIM*SIG1,676053df-1802-11f0-8423-54a95b9ec813,auction,8,808,0.2878902554512024,0.09391045570373535,21503.0,0.30147087574005127,276,1
SLIM*SIG1,676053df-1802-11f0-8423-54a95b9ec813,auction,8,809,0.2878902554512024,0.049388885498046875,21538.0,0.30147087574005127,276,1
SLIM*SIG1,676053df-1802-11f0-8423-54a95b9ec813,auction,8,810,0.2878902554512024,0.07057023048400879,22189.0,0.30147087574005127,276,1
SLIM*SIG1,676053df-1802-11f0-8423-54a95b9ec813,auction,8,811,0.2878902554512024,0.08342552185058594,22386.0,0.30147087574005127,276,1
SLIM*SIG1,676053df-1802-11f0-8423-54a95b9ec813,auction,8,812,0.2878902554512024,0.09850168228149414,21985.0,0.30147087574005127,276,1
SLIM*SIG1,676053df-1802-11f0-8423-54a95b9ec813,auction,8,813,0.2878902554512024,0.06251645088195801,22499.0,0.30147087574005127,276,1
SLIM*SIG1,676053df-1802-11f0-8423-54a95b9ec813,auction,8,814,0.2878902554512024,0.07078075408935547,22664.0,0.30147087574005127,276,1
SLIM*SIG1,676053df-1802-11f0-8423-54a95b9ec813,auction,8,815,0.2878902554512024,0.08480691909790039,22040.0,0.30147087574005127,276,1
SLIM*SIG1,676053df-1802-11f0-8423-54a95b9ec813,auction,8,816,0.2878902554512024,0.04186296463012695,21973.0,0.30147087574005127,276,1
SLIM*SIG1,676053df-1802-11f0-8423-54a95b9ec813,auction,8,817,0.2878902554512024,0.06250190734863281,22432.0,0.30147087574005127,276,1
SLIM*SIG1,676053df-1802-11f0-8423-54a95b9ec813,auction,8,818,0.2878902554512024,0.05011343955993652,21533.0,0.30147087574005127,276,1
SLIM*SIG1,676053df-1802-11f0-8423-54a95b9ec813,auction,8,819,0.2878902554512024,0.1318371295928955,21481.0,0.30147087574005127,276,1
SLIM*SIG1,676053df-1802-11f0-8423-54a95b9ec813,auction,8,820,0.2878902554512024,0.052195072174072266,21128.0,0.30147087574005127,276,1
SLIM*SIG1,676053df-1802-11f0-8423-54a95b9ec813,auction,8,821,0.2878902554512024,0.09941315650939941,20935.0,0.30147087574005127,276,1
SLIM*SIG1,676053df-1802-11f0-8423-54a95b9ec813,auction,8,822,0.2878902554512024,0.07851910591125488,21147.0,0.30147087574005127,276,1
SLIM*SIG1,676053df-1802-11f0-8423-54a95b9ec813,auction,8,823,0.2878902554512024,0.05554342269897461,21667.0,0.30147087574005127,276,1
SLIM*SIG1,676053df-1802-11f0-8423-54a95b9ec813,auction,8,824,0.2878902554512024,0.04687190055847168,21524.0,0.30147087574005127,276,1
SLIM*SIG1,676053df-1802-11f0-8423-54a95b9ec813,auction,8,825,0.2878902554512024,0.082275390625,21180.0,0.30147087574005127,276,1
SLIM*SIG1,676053df-1802-11f0-8423-54a95b9ec813,auction,8,826,0.287873774766922,0.054851531982421875,21637.0,0.301260769367218,276,1
SLIM*SIG1,676053df-1802-11f0-8423-54a95b9ec813,auction,8,827,0.287873774766922,0.046878814697265625,22295.0,0.301260769367218,276,1
SLIM*SIG1,676053df-1802-11f0-8423-54a95b9ec813,auction,8,828,0.287873774766922,0.051901817321777344,21936.0,0.301260769367218,276,1
SLIM*SIG1,676053df-1802-11f0-8423-54a95b9ec813,auction,8,829,0.287873774766922,0.07854127883911133,21977.0,0.301260769367218,276,1
SLIM*SIG1,676053df-1802-11f0-8423-54a95b9ec813,auction,8,830,0.287873774766922,0.08639144897460938,22436.0,0.301260769367218,276,1
SLIM*SIG1,676053df-1802-11f0-8423-54a95b9ec813,auction,8,831,0.287873774766922,0.08206963539123535,22206.0,0.301260769367218,276,1
SLIM*SIG1,676053df-1802-11f0-8423-54a95b9ec813,auction,8,832,0.287873774766922,0.06978511810302734,22148.0,0.301260769367218,276,1
SLIM*SIG1,676053df-1802-11f0-8423-54a95b9ec813,auction,8,833,0.2878560721874237,0.07812762260437012,21717.0,0.30039238929748535,302,1
SLIM*SIG1,676053df-1802-11f0-8423-54a95b9ec813,auction,8,834,0.2878560721874237,0.051166534423828125,21849.0,0.30039238929748535,302,1
SLIM*SIG1,676053df-1802-11f0-8423-54a95b9ec813,auction,8,835,0.2878560721874237,0.08683252334594727,22031.0,0.30039238929748535,302,1
SLIM*SIG1,676053df-1802-11f0-8423-54a95b9ec813,auction,8,836,0.28779786825180054,0.08442401885986328,22037.0,0.30098697543144226,276,1
SLIM*SIG1,676053df-1802-11f0-8423-54a95b9ec813,auction,8,837,0.2877542972564697,0.09595489501953125,21788.0,0.3005059063434601,289,1
SLIM*SIG1,676053df-1802-11f0-8423-54a95b9ec813,auction,8,838,0.2877542972564697,0.06250596046447754,22250.0,0.3005059063434601,289,1
SLIM*SIG1,676053df-1802-11f0-8423-54a95b9ec813,auction,8,839,0.2877542972564697,0.07122993469238281,22703.0,0.3005059063434601,289,1
SLIM*SIG1,676053df-1802-11f0-8423-54a95b9ec813,auction,8,840,0.2877542972564697,0.07903528213500977,24226.0,0.3005059063434601,289,1
SLIM*SIG1,676053df-1802-11f0-8423-54a95b9ec813,auction,8,841,0.2877542972564697,0.09746623039245605,24265.0,0.3005059063434601,289,1
SLIM*SIG1,676053df-1802-11f0-8423-54a95b9ec813,auction,8,842,0.2877542972564697,0.10207891464233398,24332.0,0.3005059063434601,289,1
SLIM*SIG1,676053df-1802-11f0-8423-54a95b9ec813,auction,8,843,0.2877542972564697,0.0528416633605957,24783.0,0.3005059063434601,289,1
SLIM*SIG1,676053df-1802-11f0-8423-54a95b9ec813,auction,8,844,0.2877542972564697,0.0624995231628418,24298.0,0.3005059063434601,289,1
SLIM*SIG1,676053df-1802-11f0-8423-54a95b9ec813,auction,8,845,0.2877542972564697,0.08599567413330078,23726.0,0.3005059063434601,289,1
SLIM*SIG1,676053df-1802-11f0-8423-54a95b9ec813,auction,8,846,0.2877542972564697,0.08321213722229004,23416.0,0.3005059063434601,289,1
SLIM*SIG1,676053df-1802-11f0-8423-54a95b9ec813,auction,8,847,0.2877542972564697,0.08554720878601074,23819.0,0.3005059063434601,289,1
SLIM*SIG1,676053df-1802-11f0-8423-54a95b9ec813,auction,8,848,0.2877542972564697,0.09699368476867676,23327.0,0.3005059063434601,289,1
SLIM*SIG1,676053df-1802-11f0-8423-54a95b9ec813,auction,8,849,0.2877542972564697,0.04687690734863281,22517.0,0.3005059063434601,289,1
SLIM*SIG1,676053df-1802-11f0-8423-54a95b9ec813,auction,8,850,0.2877542972564697,0.07558083534240723,22456.0,0.3005059063434601,289,1
SLIM*SIG1,676053df-1802-11f0-8423-54a95b9ec813,auction,8,851,0.2877542972564697,0.09767651557922363,22486.0,0.3005059063434601,289,1
SLIM*SIG1,676053df-1802-11f0-8423-54a95b9ec813,auction,8,852,0.287740558385849,0.06671786308288574,22512.0,0.3004792034626007,276,1
SLIM*SIG1,676053df-1802-11f0-8423-54a95b9ec813,auction,8,853,0.28770196437835693,0.08103084564208984,22475.0,0.300464391708374,289,1
SLIM*SIG1,676053df-1802-11f0-8423-54a95b9ec813,auction,8,854,0.28770196437835693,0.05173945426940918,22471.0,0.300464391708374,289,1
SLIM*SIG1,676053df-1802-11f0-8423-54a95b9ec813,auction,8,855,0.28770196437835693,0.06846761703491211,22827.0,0.300464391708374,289,1
SLIM*SIG1,676053df-1802-11f0-8423-54a95b9ec813,auction,8,856,0.28770196437835693,0.09799981117248535,22896.0,0.300464391708374,289,1
SLIM*SIG1,676053df-1802-11f0-8423-54a95b9ec813,auction,8,857,0.28770196437835693,0.09375262260437012,23713.0,0.300464391708374,289,1
SLIM*SIG1,676053df-1802-11f0-8423-54a95b9ec813,auction,8,858,0.28770196437835693,0.07852435111999512,23967.0,0.300464391708374,289,1
SLIM*SIG1,676053df-1802-11f0-8423-54a95b9ec813,auction,8,859,0.28770196437835693,0.07173919677734375,24006.0,0.300464391708374,289,1
SLIM*SIG1,676053df-1802-11f0-8423-54a95b9ec813,auction,8,860,0.28770196437835693,0.07088327407836914,23172.0,0.300464391708374,289,1
SLIM*SIG1,676053df-1802-11f0-8423-54a95b9ec813,auction,8,861,0.28770196437835693,0.0797719955444336,23410.0,0.300464391708374,289,1
SLIM*SIG1,676053df-1802-11f0-8423-54a95b9ec813,auction,8,862,0.28770196437835693,0.07116341590881348,23490.0,0.300464391708374,289,1
SLIM*SIG1,676053df-1802-11f0-8423-54a95b9ec813,auction,8,863,0.28770196437835693,0.08324861526489258,23050.0,0.300464391708374,289,1
SLIM*SIG1,676053df-1802-11f0-8423-54a95b9ec813,auction,8,864,0.28770196437835693,0.09413337707519531,22919.0,0.300464391708374,289,1
SLIM*SIG1,676053df-1802-11f0-8423-54a95b9ec813,auction,8,865,0.28770196437835693,0.06817460060119629,23380.0,0.300464391708374,289,1
SLIM*SIG1,676053df-1802-11f0-8423-54a95b9ec813,auction,8,866,0.28770196437835693,0.05559825897216797,22999.0,0.300464391708374,289,1
SLIM*SIG1,676053df-1802-11f0-8423-54a95b9ec813,auction,8,867,0.28770196437835693,0.0624995231628418,23080.0,0.300464391708374,289,1
SLIM*SIG1,676053df-1802-11f0-8423-54a95b9ec813,auction,8,868,0.28770196437835693,0.03722214698791504,23739.0,0.300464391708374,289,1
SLIM*SIG1,676053df-1802-11f0-8423-54a95b9ec813,auction,8,869,0.28770196437835693,0.08345818519592285,23208.0,0.300464391708374,289,1
SLIM*SIG1,676053df-1802-11f0-8423-54a95b9ec813,auction,8,870,0.28770196437835693,0.0937492847442627,23085.0,0.300464391708374,289,1
SLIM*SIG1,676053df-1802-11f0-8423-54a95b9ec813,auction,8,871,0.28770196437835693,0.1021263599395752,23782.0,0.300464391708374,289,1
SLIM*SIG1,676053df-1802-11f0-8423-54a95b9ec813,auction,8,872,0.28770196437835693,0.08638763427734375,23507.0,0.300464391708374,289,1
SLIM*SIG1,676053df-1802-11f0-8423-54a95b9ec813,auction,8,873,0.28770196437835693,0.06838512420654297,24305.0,0.300464391708374,289,1
SLIM*SIG1,676053df-1802-11f0-8423-54a95b9ec813,auction,8,874,0.28770196437835693,0.08122420310974121,24439.0,0.300464391708374,289,1
SLIM*SIG1,676053df-1802-11f0-8423-54a95b9ec813,auction,8,875,0.28770196437835693,0.0625,24566.0,0.300464391708374,289,1
SLIM*SIG1,676053df-1802-11f0-8423-54a95b9ec813,auction,8,876,0.28770196437835693,0.058305978775024414,24242.0,0.300464391708374,289,1
SLIM*SIG1,676053df-1802-11f0-8423-54a95b9ec813,auction,8,877,0.28770196437835693,0.09935593605041504,24206.0,0.300464391708374,289,1
SLIM*SIG1,676053df-1802-11f0-8423-54a95b9ec813,auction,8,878,0.28770196437835693,0.04687094688415527,24160.0,0.300464391708374,289,1
SLIM*SIG1,676053df-1802-11f0-8423-54a95b9ec813,auction,8,879,0.28770196437835693,0.05387377738952637,23994.0,0.300464391708374,289,1
SLIM*SIG1,676053df-1802-11f0-8423-54a95b9ec813,auction,8,880,0.28715747594833374,0.04687190055847168,23892.0,0.30118173360824585,291,1
SLIM*SIG1,676053df-1802-11f0-8423-54a95b9ec813,auction,8,881,0.2871400713920593,0.06513810157775879,23592.0,0.30192995071411133,278,1
SLIM*SIG1,676053df-1802-11f0-8423-54a95b9ec813,auction,8,882,0.2871400713920593,0.04687857627868652,23295.0,0.30192995071411133,278,1
SLIM*SIG1,676053df-1802-11f0-8423-54a95b9ec813,auction,8,883,0.2871400713920593,0.07393264770507812,23384.0,0.30192995071411133,278,1
SLIM*SIG1,676053df-1802-11f0-8423-54a95b9ec813,auction,8,884,0.2871400713920593,0.08228731155395508,24058.0,0.30192995071411133,278,1
SLIM*SIG1,676053df-1802-11f0-8423-54a95b9ec813,auction,8,885,0.2871400713920593,0.09767889976501465,23811.0,0.30192995071411133,278,1
SLIM*SIG1,676053df-1802-11f0-8423-54a95b9ec813,auction,8,886,0.2871400713920593,0.09526729583740234,23650.0,0.30192995071411133,278,1
SLIM*SIG1,676053df-1802-11f0-8423-54a95b9ec813,auction,8,887,0.2871400713920593,0.08256888389587402,24213.0,0.30192995071411133,278,1
SLIM*SIG1,676053df-1802-11f0-8423-54a95b9ec813,auction,8,888,0.2871400713920593,0.08542966842651367,24458.0,0.30192995071411133,278,1
SLIM*SIG1,676053df-1802-11f0-8423-54a95b9ec813,auction,8,889,0.2871400713920593,0.0689845085144043,24394.0,0.30192995071411133,278,1
SLIM*SIG1,676053df-1802-11f0-8423-54a95b9ec813,auction,8,890,0.2871400713920593,0.05961894989013672,24671.0,0.30192995071411133,278,1
SLIM*SIG1,676053df-1802-11f0-8423-54a95b9ec813,auction,8,891,0.2871400713920593,0.0833439826965332,24751.0,0.30192995071411133,278,1
SLIM*SIG1,676053df-1802-11f0-8423-54a95b9ec813,auction,8,892,0.2871400713920593,0.037087202072143555,24867.0,0.30192995071411133,278,1
SLIM*SIG1,676053df-1802-11f0-8423-54a95b9ec813,auction,8,893,0.2871400713920593,0.062499284744262695,24528.0,0.30192995071411133,278,1
SLIM*SIG1,676053df-1802-11f0-8423-54a95b9ec813,auction,8,894,0.2871400713920593,0.07003927230834961,24049.0,0.30192995071411133,278,1
SLIM*SIG1,676053df-1802-11f0-8423-54a95b9ec813,auction,8,895,0.2871400713920593,0.06746864318847656,24104.0,0.30192995071411133,278,1
SLIM*SIG1,676053df-1802-11f0-8423-54a95b9ec813,auction,8,896,0.2871400713920593,0.06250476837158203,23579.0,0.30192995071411133,278,1
SLIM*SIG1,676053df-1802-11f0-8423-54a95b9ec813,auction,8,897,0.2871400713920593,0.08178162574768066,23350.0,0.30192995071411133,278,1
SLIM*SIG1,676053df-1802-11f0-8423-54a95b9ec813,auction,8,898,0.2871400713920593,0.0624997615814209,23704.0,0.30192995071411133,278,1
SLIM*SIG1,676053df-1802-11f0-8423-54a95b9ec813,auction,8,899,0.2871400713920593,0.04308176040649414,24262.0,0.30192995071411133,278,1
SLIM*SIG1,676053df-1802-11f0-8423-54a95b9ec813,auction,8,900,0.2871400713920593,0.08189821243286133,23897.0,0.30192995071411133,278,1
SLIM*SIG1,676053df-1802-11f0-8423-54a95b9ec813,auction,8,901,0.2871400713920593,0.08277702331542969,23424.0,0.30192995071411133,278,1
SLIM*SIG1,676053df-1802-11f0-8423-54a95b9ec813,auction,8,902,0.2871400713920593,0.1093740463256836,23740.0,0.30192995071411133,278,1
SLIM*SIG1,676053df-1802-11f0-8423-54a95b9ec813,auction,8,903,0.2871400713920593,0.10488057136535645,23542.0,0.30192995071411133,278,1
SLIM*SIG1,676053df-1802-11f0-8423-54a95b9ec813,auction,8,904,0.2871400713920593,0.0843803882598877,23308.0,0.30192995071411133,278,1
SLIM*SIG1,676053df-1802-11f0-8423-54a95b9ec813,auction,8,905,0.2871400713920593,0.06954002380371094,23106.0,0.30192995071411133,278,1
SLIM*SIG1,676053df-1802-11f0-8423-54a95b9ec813,auction,8,906,0.2871400713920593,0.06505537033081055,22488.0,0.30192995071411133,278,1
SLIM*SIG1,676053df-1802-11f0-8423-54a95b9ec813,auction,8,907,0.2871400713920593,0.09076142311096191,22689.0,0.30192995071411133,278,1
SLIM*SIG1,676053df-1802-11f0-8423-54a95b9ec813,auction,8,908,0.2871400713920593,0.05394291877746582,22022.0,0.30192995071411133,278,1
SLIM*SIG1,676053df-1802-11f0-8423-54a95b9ec813,auction,8,909,0.2871400713920593,0.0468747615814209,21979.0,0.30192995071411133,278,1
SLIM*SIG1,676053df-1802-11f0-8423-54a95b9ec813,auction,8,910,0.2871400713920593,0.055965423583984375,22280.0,0.30192995071411133,278,1
SLIM*SIG1,676053df-1802-11f0-8423-54a95b9ec813,auction,8,911,0.2871400713920593,0.06249117851257324,21715.0,0.30192995071411133,278,1
SLIM*SIG1,676053df-1802-11f0-8423-54a95b9ec813,auction,8,912,0.2871400713920593,0.0838623046875,21460.0,0.30192995071411133,278,1
SLIM*SIG1,676053df-1802-11f0-8423-54a95b9ec813,auction,8,913,0.2871400713920593,0.08312344551086426,21420.0,0.30192995071411133,278,1
SLIM*SIG1,676053df-1802-11f0-8423-54a95b9ec813,auction,8,914,0.2871400713920593,0.04687690734863281,21803.0,0.30192995071411133,278,1
SLIM*SIG1,676053df-1802-11f0-8423-54a95b9ec813,auction,8,915,0.2871400713920593,0.10291457176208496,22233.0,0.30192995071411133,278,1
SLIM*SIG1,676053df-1802-11f0-8423-54a95b9ec813,auction,8,916,0.2871400713920593,0.08492588996887207,22095.0,0.30192995071411133,278,1
SLIM*SIG1,676053df-1802-11f0-8423-54a95b9ec813,auction,8,917,0.2871400713920593,0.08257484436035156,21520.0,0.30192995071411133,278,1
SLIM*SIG1,676053df-1802-11f0-8423-54a95b9ec813,auction,8,918,0.2871400713920593,0.07650017738342285,22022.0,0.30192995071411133,278,1
SLIM*SIG1,676053df-1802-11f0-8423-54a95b9ec813,auction,8,919,0.2871400713920593,0.06851959228515625,21513.0,0.30192995071411133,278,1
SLIM*SIG1,676053df-1802-11f0-8423-54a95b9ec813,auction,8,920,0.2871400713920593,0.08661246299743652,22472.0,0.30192995071411133,278,1
SLIM*SIG1,676053df-1802-11f0-8423-54a95b9ec813,auction,8,921,0.2871400713920593,0.08130288124084473,22238.0,0.30192995071411133,278,1
SLIM*SIG1,676053df-1802-11f0-8423-54a95b9ec813,auction,8,922,0.2871400713920593,0.10056662559509277,21771.0,0.30192995071411133,278,1
SLIM*SIG1,676053df-1802-11f0-8423-54a95b9ec813,auction,8,923,0.2871400713920593,0.06798076629638672,21615.0,0.30192995071411133,278,1
SLIM*SIG1,676053df-1802-11f0-8423-54a95b9ec813,auction,8,924,0.2871400713920593,0.0781242847442627,22286.0,0.30192995071411133,278,1
SLIM*SIG1,676053df-1802-11f0-8423-54a95b9ec813,auction,8,925,0.2871400713920593,0.08405828475952148,21999.0,0.30192995071411133,278,1
SLIM*SIG1,676053df-1802-11f0-8423-54a95b9ec813,auction,8,926,0.2871400713920593,0.06814289093017578,22936.0,0.30192995071411133,278,1
SLIM*SIG1,676053df-1802-11f0-8423-54a95b9ec813,auction,8,927,0.2871400713920593,0.06737470626831055,22990.0,0.30192995071411133,278,1
SLIM*SIG1,676053df-1802-11f0-8423-54a95b9ec813,auction,8,928,0.2871400713920593,0.0665578842163086,23349.0,0.30192995071411133,278,1
SLIM*SIG1,676053df-1802-11f0-8423-54a95b9ec813,auction,8,929,0.2871400713920593,0.09860348701477051,24085.0,0.30192995071411133,278,1
SLIM*SIG1,676053df-1802-11f0-8423-54a95b9ec813,auction,8,930,0.2871400713920593,0.10101675987243652,23861.0,0.30192995071411133,278,1
SLIM*SIG1,676053df-1802-11f0-8423-54a95b9ec813,auction,8,931,0.2871400713920593,0.06723761558532715,24522.0,0.30192995071411133,278,1
SLIM*SIG1,676053df-1802-11f0-8423-54a95b9ec813,auction,8,932,0.2871400713920593,0.0937650203704834,24771.0,0.30192995071411133,278,1
SLIM*SIG1,676053df-1802-11f0-8423-54a95b9ec813,auction,8,933,0.2871400713920593,0.07100081443786621,24447.0,0.30192995071411133,278,1
SLIM*SIG1,676053df-1802-11f0-8423-54a95b9ec813,auction,8,934,0.2871400713920593,0.06842899322509766,24294.0,0.30192995071411133,278,1
SLIM*SIG1,676053df-1802-11f0-8423-54a95b9ec813,auction,8,935,0.2871400713920593,0.0625,23774.0,0.30192995071411133,278,1
SLIM*SIG1,676053df-1802-11f0-8423-54a95b9ec813,auction,8,936,0.2871400713920593,0.05553293228149414,23551.0,0.30192995071411133,278,1
SLIM*SIG1,676053df-1802-11f0-8423-54a95b9ec813,auction,8,937,0.2871400713920593,0.07430601119995117,23131.0,0.30192995071411133,278,1
SLIM*SIG1,676053df-1802-11f0-8423-54a95b9ec813,auction,8,938,0.2871400713920593,0.054160356521606445,23009.0,0.30192995071411133,278,1
SLIM*SIG1,676053df-1802-11f0-8423-54a95b9ec813,auction,8,939,0.2871400713920593,0.08550834655761719,22951.0,0.30192995071411133,278,1
SLIM*SIG1,676053df-1802-11f0-8423-54a95b9ec813,auction,8,940,0.2871400713920593,0.06929850578308105,23227.0,0.30192995071411133,278,1
SLIM*SIG1,676053df-1802-11f0-8423-54a95b9ec813,auction,8,941,0.2871400713920593,0.07812643051147461,23494.0,0.30192995071411133,278,1
SLIM*SIG1,676053df-1802-11f0-8423-54a95b9ec813,auction,8,942,0.2871400713920593,0.08086276054382324,22829.0,0.30192995071411133,278,1
SLIM*SIG1,676053df-1802-11f0-8423-54a95b9ec813,auction,8,943,0.2871400713920593,0.08844423294067383,22436.0,0.30192995071411133,278,1
SLIM*SIG1,676053df-1802-11f0-8423-54a95b9ec813,auction,8,944,0.2871400713920593,0.08542180061340332,22019.0,0.30192995071411133,278,1
SLIM*SIG1,676053df-1802-11f0-8423-54a95b9ec813,auction,8,945,0.2871400713920593,0.0984644889831543,21299.0,0.30192995071411133,278,1
SLIM*SIG1,676053df-1802-11f0-8423-54a95b9ec813,auction,8,946,0.2871400713920593,0.06250333786010742,20743.0,0.30192995071411133,278,1
SLIM*SIG1,676053df-1802-11f0-8423-54a95b9ec813,auction,8,947,0.2871400713920593,0.05750107765197754,20456.0,0.30192995071411133,278,1
SLIM*SIG1,676053df-1802-11f0-8423-54a95b9ec813,auction,8,948,0.2871400713920593,0.08777737617492676,20527.0,0.30192995071411133,278,1
SLIM*SIG1,676053df-1802-11f0-8423-54a95b9ec813,auction,8,949,0.2871400713920593,0.08510899543762207,20936.0,0.30192995071411133,278,1
SLIM*SIG1,676053df-1802-11f0-8423-54a95b9ec813,auction,8,950,0.2871400713920593,0.07027220726013184,20749.0,0.30192995071411133,278,1
SLIM*SIG1,676053df-1802-11f0-8423-54a95b9ec813,auction,8,951,0.2871400713920593,0.06878352165222168,21397.0,0.30192995071411133,278,1
SLIM*SIG1,676053df-1802-11f0-8423-54a95b9ec813,auction,8,952,0.2871400713920593,0.08299779891967773,21698.0,0.30192995071411133,278,1
SLIM*SIG1,676053df-1802-11f0-8423-54a95b9ec813,auction,8,953,0.2871400713920593,0.09389638900756836,21523.0,0.30192995071411133,278,1
SLIM*SIG1,676053df-1802-11f0-8423-54a95b9ec813,auction,8,954,0.2871400713920593,0.03755831718444824,21941.0,0.30192995071411133,278,1
SLIM*SIG1,676053df-1802-11f0-8423-54a95b9ec813,auction,8,955,0.2871400713920593,0.08755612373352051,22302.0,0.30192995071411133,278,1
SLIM*SIG1,676053df-1802-11f0-8423-54a95b9ec813,auction,8,956,0.2871400713920593,0.08147859573364258,22765.0,0.30192995071411133,278,1
SLIM*SIG1,676053df-1802-11f0-8423-54a95b9ec813,auction,8,957,0.28704652190208435,0.04788637161254883,22930.0,0.30093973875045776,291,1
SLIM*SIG1,676053df-1802-11f0-8423-54a95b9ec813,auction,8,958,0.28704652190208435,0.06915616989135742,22575.0,0.30093973875045776,291,1
SLIM*SIG1,676053df-1802-11f0-8423-54a95b9ec813,auction,8,959,0.28704652190208435,0.07799363136291504,22671.0,0.30093973875045776,291,1
SLIM*SIG1,676053df-1802-11f0-8423-54a95b9ec813,auction,8,960,0.28704652190208435,0.04735517501831055,22978.0,0.30093973875045776,291,1
SLIM*SIG1,676053df-1802-11f0-8423-54a95b9ec813,auction,8,961,0.28704652190208435,0.06894659996032715,23230.0,0.30093973875045776,291,1
SLIM*SIG1,676053df-1802-11f0-8423-54a95b9ec813,auction,8,962,0.28704652190208435,0.04688119888305664,21445.0,0.30093973875045776,291,1
SLIM*SIG1,676053df-1802-11f0-8423-54a95b9ec813,auction,8,963,0.28704652190208435,0.05443239212036133,21616.0,0.30093973875045776,291,1
SLIM*SIG1,676053df-1802-11f0-8423-54a95b9ec813,auction,8,964,0.28704652190208435,0.06250381469726562,22492.0,0.30093973875045776,291,1
SLIM*SIG1,676053df-1802-11f0-8423-54a95b9ec813,auction,8,965,0.28704652190208435,0.05411505699157715,23009.0,0.30093973875045776,291,1
SLIM*SIG1,676053df-1802-11f0-8423-54a95b9ec813,auction,8,966,0.28704652190208435,0.05971503257751465,22549.0,0.30093973875045776,291,1
SLIM*SIG1,676053df-1802-11f0-8423-54a95b9ec813,auction,8,967,0.28704652190208435,0.05447840690612793,22304.0,0.30093973875045776,291,1
SLIM*SIG1,676053df-1802-11f0-8423-54a95b9ec813,auction,8,968,0.28698185086250305,0.05047011375427246,21781.0,0.30097249150276184,304,1
SLIM*SIG1,676053df-1802-11f0-8423-54a95b9ec813,auction,8,969,0.28698185086250305,0.03125452995300293,21418.0,0.30097249150276184,304,1
SLIM*SIG1,676053df-1802-11f0-8423-54a95b9ec813,auction,8,970,0.28698185086250305,0.10187077522277832,22647.0,0.30097249150276184,304,1
SLIM*SIG1,676053df-1802-11f0-8423-54a95b9ec813,auction,8,971,0.28698185086250305,0.10201501846313477,22747.0,0.30097249150276184,304,1
SLIM*SIG1,676053df-1802-11f0-8423-54a95b9ec813,auction,8,972,0.28698185086250305,0.08133745193481445,22083.0,0.30097249150276184,304,1
SLIM*SIG1,676053df-1802-11f0-8423-54a95b9ec813,auction,8,973,0.2868996560573578,0.0625009536743164,22251.0,0.30066773295402527,317,1
SLIM*SIG1,676053df-1802-11f0-8423-54a95b9ec813,auction,8,974,0.2868996560573578,0.053171634674072266,21556.0,0.30066773295402527,317,1
SLIM*SIG1,676053df-1802-11f0-8423-54a95b9ec813,auction,8,975,0.2868996560573578,0.046875,20686.0,0.30066773295402527,317,1
SLIM*SIG1,676053df-1802-11f0-8423-54a95b9ec813,auction,8,976,0.2868996560573578,0.0688014030456543,21101.0,0.30066773295402527,317,1
SLIM*SIG1,676053df-1802-11f0-8423-54a95b9ec813,auction,8,977,0.2868996560573578,0.06250858306884766,21219.0,0.30066773295402527,317,1
SLIM*SIG1,676053df-1802-11f0-8423-54a95b9ec813,auction,8,978,0.2868996560573578,0.05450630187988281,22099.0,0.30066773295402527,317,1
SLIM*SIG1,676053df-1802-11f0-8423-54a95b9ec813,auction,8,979,0.2868996560573578,0.05466032028198242,22069.0,0.30066773295402527,317,1
SLIM*SIG1,676053df-1802-11f0-8423-54a95b9ec813,auction,8,980,0.2868996560573578,0.10296392440795898,22833.0,0.30066773295402527,317,1
SLIM*SIG1,676053df-1802-11f0-8423-54a95b9ec813,auction,8,981,0.2868996560573578,0.08677363395690918,23550.0,0.30066773295402527,317,1
SLIM*SIG1,676053df-1802-11f0-8423-54a95b9ec813,auction,8,982,0.2868996560573578,0.0683908462524414,24344.0,0.30066773295402527,317,1
SLIM*SIG1,676053df-1802-11f0-8423-54a95b9ec813,auction,8,983,0.2868996560573578,0.09968185424804688,24335.0,0.30066773295402527,317,1
SLIM*SIG1,676053df-1802-11f0-8423-54a95b9ec813,auction,8,984,0.2868996560573578,0.06917023658752441,24971.0,0.30066773295402527,317,1
SLIM*SIG1,676053df-1802-11f0-8423-54a95b9ec813,auction,8,985,0.2868996560573578,0.11876249313354492,25519.0,0.30066773295402527,317,1
SLIM*SIG1,676053df-1802-11f0-8423-54a95b9ec813,auction,8,986,0.2868567407131195,0.08487296104431152,25414.0,0.3007182478904724,330,1
SLIM*SIG1,676053df-1802-11f0-8423-54a95b9ec813,auction,8,987,0.2868567407131195,0.06249570846557617,24737.0,0.3007182478904724,330,1
SLIM*SIG1,676053df-1802-11f0-8423-54a95b9ec813,auction,8,988,0.2868567407131195,0.10047245025634766,24547.0,0.3007182478904724,330,1
SLIM*SIG1,676053df-1802-11f0-8423-54a95b9ec813,auction,8,989,0.2868567407131195,0.06376242637634277,24951.0,0.3007182478904724,330,1
SLIM*SIG1,676053df-1802-11f0-8423-54a95b9ec813,auction,8,990,0.2868567407131195,0.08439016342163086,24819.0,0.3007182478904724,330,1
SLIM*SIG1,676053df-1802-11f0-8423-54a95b9ec813,auction,8,991,0.2868567407131195,0.07812881469726562,25286.0,0.3007182478904724,330,1
SLIM*SIG1,676053df-1802-11f0-8423-54a95b9ec813,auction,8,992,0.2868567407131195,0.07343506813049316,25662.0,0.3007182478904724,330,1
SLIM*SIG1,676053df-1802-11f0-8423-54a95b9ec813,auction,8,993,0.2868567407131195,0.06782913208007812,27036.0,0.3007182478904724,330,1
SLIM*SIG1,676053df-1802-11f0-8423-54a95b9ec813,auction,8,994,0.2867395877838135,0.06251001358032227,27826.0,0.3012246787548065,343,1
SLIM*SIG1,676053df-1802-11f0-8423-54a95b9ec813,auction,8,995,0.2867395877838135,0.06753087043762207,28764.0,0.3012246787548065,343,1
SLIM*SIG1,676053df-1802-11f0-8423-54a95b9ec813,auction,8,996,0.2867395877838135,0.08875322341918945,29252.0,0.3012246787548065,343,1
SLIM*SIG1,676053df-1802-11f0-8423-54a95b9ec813,auction,8,997,0.2867395877838135,0.07812809944152832,29005.0,0.3012246787548065,343,1
SLIM*SIG1,676053df-1802-11f0-8423-54a95b9ec813,auction,8,998,0.2867395877838135,0.08198165893554688,28333.0,0.3012246787548065,343,1
SLIM*SIG1,676053df-1802-11f0-8423-54a95b9ec813,auction,8,999,0.2867395877838135,0.10275840759277344,28939.0,0.3012246787548065,343,1
SLIM*SIG1,676053df-1802-11f0-8423-54a95b9ec813,auction,8,1000,0.2867395877838135,0.053466081619262695,28592.0,0.3012246787548065,343,1
