SLIM*SIG1,5715dcc7-1480-11f0-87db-54a95b9ec813,caesarian,1,0,0.4626578986644745,0.0169217586517334,670.0,0.4944321811199188,3,1
SLIM*SIG1,5715dcc7-1480-11f0-87db-54a95b9ec813,caesarian,1,1,0.4626578986644745,0.007111787796020508,1126.0,0.4944321811199188,3,1
SLIM*SIG1,5715dcc7-1480-11f0-87db-54a95b9ec813,caesarian,1,2,0.4626578986644745,0.0,1139.0,0.4944321811199188,3,1
SLIM*SIG1,5715dcc7-1480-11f0-87db-54a95b9ec813,caesarian,1,3,0.4626578986644745,0.015012979507446289,1402.0,0.4944321811199188,3,1
SLIM*SIG1,5715dcc7-1480-11f0-87db-54a95b9ec813,caesarian,1,4,0.4626578986644745,0.012678146362304688,1428.0,0.4944321811199188,3,1
SLIM*SIG1,5715dcc7-1480-11f0-87db-54a95b9ec813,caesarian,1,5,0.4610711932182312,0.0,1238.0,0.49333620071411133,16,1
SLIM*SIG1,5715dcc7-1480-11f0-87db-54a95b9ec813,caesarian,1,6,0.4610711932182312,0.015609502792358398,1530.0,0.49333620071411133,16,1
SLIM*SIG1,5715dcc7-1480-11f0-87db-54a95b9ec813,caesarian,1,7,0.4606560170650482,0.0,1410.0,0.48757627606391907,16,1
SLIM*SIG1,5715dcc7-1480-11f0-87db-54a95b9ec813,caesarian,1,8,0.4606560170650482,0.01761460304260254,1032.0,0.48757627606391907,16,1
SLIM*SIG1,5715dcc7-1480-11f0-87db-54a95b9ec813,caesarian,1,9,0.46028974652290344,0.009012222290039062,940.0,0.48907870054244995,16,1
SLIM*SIG1,5715dcc7-1480-11f0-87db-54a95b9ec813,caesarian,1,10,0.46028974652290344,0.006511211395263672,768.0,0.48907870054244995,16,1
SLIM*SIG1,5715dcc7-1480-11f0-87db-54a95b9ec813,caesarian,1,11,0.4511629343032837,0.0,849.0,0.5483497381210327,29,1
SLIM*SIG1,5715dcc7-1480-11f0-87db-54a95b9ec813,caesarian,1,12,0.4511629343032837,0.020472288131713867,927.0,0.5483497381210327,29,1
SLIM*SIG1,5715dcc7-1480-11f0-87db-54a95b9ec813,caesarian,1,13,0.4511629343032837,0.0009319782257080078,944.0,0.5483497381210327,29,1
SLIM*SIG1,5715dcc7-1480-11f0-87db-54a95b9ec813,caesarian,1,14,0.4511629343032837,0.015107393264770508,1080.0,0.5483497381210327,29,1
SLIM*SIG1,5715dcc7-1480-11f0-87db-54a95b9ec813,caesarian,1,15,0.45094865560531616,0.0,1234.0,0.5621107816696167,85,1
SLIM*SIG1,5715dcc7-1480-11f0-87db-54a95b9ec813,caesarian,1,16,0.45094865560531616,0.014084577560424805,1316.0,0.5621107816696167,85,1
SLIM*SIG1,5715dcc7-1480-11f0-87db-54a95b9ec813,caesarian,1,17,0.45094865560531616,0.0,1803.0,0.5621107816696167,85,1
SLIM*SIG1,5715dcc7-1480-11f0-87db-54a95b9ec813,caesarian,1,18,0.4489325284957886,0.015105962753295898,2122.0,0.5418677926063538,42,1
SLIM*SIG1,5715dcc7-1480-11f0-87db-54a95b9ec813,caesarian,1,19,0.44812440872192383,0.0,2711.0,0.5623196959495544,98,1
SLIM*SIG1,5715dcc7-1480-11f0-87db-54a95b9ec813,caesarian,1,20,0.44788026809692383,0.018038034439086914,2899.0,0.5639066100120544,111,1
SLIM*SIG1,5715dcc7-1480-11f0-87db-54a95b9ec813,caesarian,1,21,0.4470902979373932,0.009013652801513672,3097.0,0.5630413889884949,111,1
SLIM*SIG1,5715dcc7-1480-11f0-87db-54a95b9ec813,caesarian,1,22,0.4470902979373932,0.006010532379150391,3615.0,0.5630413889884949,111,1
SLIM*SIG1,5715dcc7-1480-11f0-87db-54a95b9ec813,caesarian,1,23,0.4470902979373932,0.0,3845.0,0.5630413889884949,111,1
SLIM*SIG1,5715dcc7-1480-11f0-87db-54a95b9ec813,caesarian,1,24,0.4470902979373932,0.023288249969482422,3832.0,0.5630413889884949,111,1
SLIM*SIG1,5715dcc7-1480-11f0-87db-54a95b9ec813,caesarian,1,25,0.4470902979373932,0.0,3966.0,0.5630413889884949,111,1
SLIM*SIG1,5715dcc7-1480-11f0-87db-54a95b9ec813,caesarian,1,26,0.4470902979373932,0.01572585105895996,4367.0,0.5630413889884949,111,1
SLIM*SIG1,5715dcc7-1480-11f0-87db-54a95b9ec813,caesarian,1,27,0.4470902979373932,0.020065784454345703,4832.0,0.5630413889884949,111,1
SLIM*SIG1,5715dcc7-1480-11f0-87db-54a95b9ec813,caesarian,1,28,0.4470902979373932,0.01000213623046875,4953.0,0.5630413889884949,111,1
SLIM*SIG1,5715dcc7-1480-11f0-87db-54a95b9ec813,caesarian,1,29,0.4470902979373932,0.010007619857788086,5018.0,0.5630413889884949,111,1
SLIM*SIG1,5715dcc7-1480-11f0-87db-54a95b9ec813,caesarian,1,30,0.4470864236354828,0.004983663558959961,4940.0,0.5629228949546814,96,1
SLIM*SIG1,5715dcc7-1480-11f0-87db-54a95b9ec813,caesarian,1,31,0.4470864236354828,0.01552438735961914,4856.0,0.5629228949546814,96,1
SLIM*SIG1,5715dcc7-1480-11f0-87db-54a95b9ec813,caesarian,1,32,0.4470864236354828,0.0,5200.0,0.5629228949546814,96,1
SLIM*SIG1,5715dcc7-1480-11f0-87db-54a95b9ec813,caesarian,1,33,0.4470864236354828,0.022346973419189453,4917.0,0.5629228949546814,96,1
SLIM*SIG1,5715dcc7-1480-11f0-87db-54a95b9ec813,caesarian,1,34,0.4470864236354828,0.0,5058.0,0.5629228949546814,96,1
SLIM*SIG1,5715dcc7-1480-11f0-87db-54a95b9ec813,caesarian,1,35,0.4470864236354828,0.015726804733276367,4952.0,0.5629228949546814,96,1
SLIM*SIG1,5715dcc7-1480-11f0-87db-54a95b9ec813,caesarian,1,36,0.4466661810874939,0.012656211853027344,4995.0,0.5623471140861511,96,1
SLIM*SIG1,5715dcc7-1480-11f0-87db-54a95b9ec813,caesarian,1,37,0.4466661810874939,0.0,4967.0,0.5623471140861511,96,1
SLIM*SIG1,5715dcc7-1480-11f0-87db-54a95b9ec813,caesarian,1,38,0.4466661810874939,0.015728473663330078,5265.0,0.5623471140861511,96,1
SLIM*SIG1,5715dcc7-1480-11f0-87db-54a95b9ec813,caesarian,1,39,0.4466661810874939,0.0,5229.0,0.5623471140861511,96,1
SLIM*SIG1,5715dcc7-1480-11f0-87db-54a95b9ec813,caesarian,1,40,0.4466661810874939,0.01770472526550293,5748.0,0.5623471140861511,96,1
SLIM*SIG1,5715dcc7-1480-11f0-87db-54a95b9ec813,caesarian,1,41,0.44638481736183167,0.015024900436401367,5120.0,0.5623682737350464,109,1
SLIM*SIG1,5715dcc7-1480-11f0-87db-54a95b9ec813,caesarian,1,42,0.44638481736183167,0.0,5013.0,0.5623682737350464,109,1
SLIM*SIG1,5715dcc7-1480-11f0-87db-54a95b9ec813,caesarian,1,43,0.44638481736183167,0.01927638053894043,5337.0,0.5623682737350464,109,1
SLIM*SIG1,5715dcc7-1480-11f0-87db-54a95b9ec813,caesarian,1,44,0.44638481736183167,0.0,5420.0,0.5623682737350464,109,1
SLIM*SIG1,5715dcc7-1480-11f0-87db-54a95b9ec813,caesarian,1,45,0.44571369886398315,0.015505552291870117,5705.0,0.5619519948959351,122,1
SLIM*SIG1,5715dcc7-1480-11f0-87db-54a95b9ec813,caesarian,1,46,0.44571369886398315,0.016137123107910156,5989.0,0.5619519948959351,122,1
SLIM*SIG1,5715dcc7-1480-11f0-87db-54a95b9ec813,caesarian,1,47,0.44571369886398315,0.004469871520996094,6012.0,0.5619519948959351,122,1
SLIM*SIG1,5715dcc7-1480-11f0-87db-54a95b9ec813,caesarian,1,48,0.44571369886398315,0.01562976837158203,5720.0,0.5619519948959351,122,1
SLIM*SIG1,5715dcc7-1480-11f0-87db-54a95b9ec813,caesarian,1,49,0.44571369886398315,0.0,5908.0,0.5619519948959351,122,1
SLIM*SIG1,5715dcc7-1480-11f0-87db-54a95b9ec813,caesarian,1,50,0.44571369886398315,0.02284979820251465,5834.0,0.5619519948959351,122,1
SLIM*SIG1,5715dcc7-1480-11f0-87db-54a95b9ec813,caesarian,1,51,0.44571369886398315,0.006514549255371094,5530.0,0.5619519948959351,122,1
SLIM*SIG1,5715dcc7-1480-11f0-87db-54a95b9ec813,caesarian,1,52,0.44571369886398315,0.0,5292.0,0.5619519948959351,122,1
SLIM*SIG1,5715dcc7-1480-11f0-87db-54a95b9ec813,caesarian,1,53,0.44571369886398315,0.01690816879272461,5564.0,0.5619519948959351,122,1
SLIM*SIG1,5715dcc7-1480-11f0-87db-54a95b9ec813,caesarian,1,54,0.44571369886398315,0.015604257583618164,5879.0,0.5619519948959351,122,1
SLIM*SIG1,5715dcc7-1480-11f0-87db-54a95b9ec813,caesarian,1,55,0.44566282629966736,0.0,5863.0,0.5617879629135132,122,1
SLIM*SIG1,5715dcc7-1480-11f0-87db-54a95b9ec813,caesarian,1,56,0.44566282629966736,0.020283222198486328,5973.0,0.5617879629135132,122,1
SLIM*SIG1,5715dcc7-1480-11f0-87db-54a95b9ec813,caesarian,1,57,0.44566282629966736,0.000980377197265625,5934.0,0.5617879629135132,122,1
SLIM*SIG1,5715dcc7-1480-11f0-87db-54a95b9ec813,caesarian,1,58,0.44539904594421387,0.015017032623291016,6349.0,0.5617048740386963,135,1
SLIM*SIG1,5715dcc7-1480-11f0-87db-54a95b9ec813,caesarian,1,59,0.44539904594421387,0.013992547988891602,6596.0,0.5617048740386963,135,1
SLIM*SIG1,5715dcc7-1480-11f0-87db-54a95b9ec813,caesarian,1,60,0.44539904594421387,0.013143301010131836,6897.0,0.5617048740386963,135,1
SLIM*SIG1,5715dcc7-1480-11f0-87db-54a95b9ec813,caesarian,1,61,0.44539904594421387,0.012306690216064453,6635.0,0.5617048740386963,135,1
SLIM*SIG1,5715dcc7-1480-11f0-87db-54a95b9ec813,caesarian,1,62,0.44539904594421387,0.010220527648925781,6685.0,0.5617048740386963,135,1
SLIM*SIG1,5715dcc7-1480-11f0-87db-54a95b9ec813,caesarian,1,63,0.4436514973640442,0.01078939437866211,6792.0,0.5586288571357727,174,1
SLIM*SIG1,5715dcc7-1480-11f0-87db-54a95b9ec813,caesarian,1,64,0.4379810094833374,0.009765863418579102,6787.0,0.5549221038818359,187,1
SLIM*SIG1,5715dcc7-1480-11f0-87db-54a95b9ec813,caesarian,1,65,0.43515685200691223,0.012015819549560547,7023.0,0.5523777008056641,200,1
SLIM*SIG1,5715dcc7-1480-11f0-87db-54a95b9ec813,caesarian,1,66,0.4343722462654114,0.011151790618896484,6748.0,0.5516772866249084,213,1
SLIM*SIG1,5715dcc7-1480-11f0-87db-54a95b9ec813,caesarian,1,67,0.4343722462654114,0.01321554183959961,7380.0,0.5516772866249084,213,1
SLIM*SIG1,5715dcc7-1480-11f0-87db-54a95b9ec813,caesarian,1,68,0.4343722462654114,0.012084722518920898,8459.0,0.5516772866249084,213,1
SLIM*SIG1,5715dcc7-1480-11f0-87db-54a95b9ec813,caesarian,1,69,0.4343722462654114,0.00775599479675293,8488.0,0.5516772866249084,213,1
SLIM*SIG1,5715dcc7-1480-11f0-87db-54a95b9ec813,caesarian,1,70,0.4343722462654114,0.016141891479492188,9216.0,0.5516772866249084,213,1
SLIM*SIG1,5715dcc7-1480-11f0-87db-54a95b9ec813,caesarian,1,71,0.4343722462654114,0.0009667873382568359,9347.0,0.5516772866249084,213,1
SLIM*SIG1,5715dcc7-1480-11f0-87db-54a95b9ec813,caesarian,1,72,0.4343722462654114,0.015109777450561523,9750.0,0.5516772866249084,213,1
SLIM*SIG1,5715dcc7-1480-11f0-87db-54a95b9ec813,caesarian,1,73,0.4343722462654114,0.017360210418701172,9968.0,0.5516772866249084,213,1
SLIM*SIG1,5715dcc7-1480-11f0-87db-54a95b9ec813,caesarian,1,74,0.4343722462654114,0.009293317794799805,9783.0,0.5516772866249084,213,1
SLIM*SIG1,5715dcc7-1480-11f0-87db-54a95b9ec813,caesarian,1,75,0.4343722462654114,0.0,9309.0,0.5516772866249084,213,1
SLIM*SIG1,5715dcc7-1480-11f0-87db-54a95b9ec813,caesarian,1,76,0.4343722462654114,0.025992870330810547,9861.0,0.5516772866249084,213,1
SLIM*SIG1,5715dcc7-1480-11f0-87db-54a95b9ec813,caesarian,1,77,0.4343722462654114,0.007498979568481445,10262.0,0.5516772866249084,213,1
SLIM*SIG1,5715dcc7-1480-11f0-87db-54a95b9ec813,caesarian,1,78,0.4343722462654114,0.015114545822143555,10224.0,0.5516772866249084,213,1
SLIM*SIG1,5715dcc7-1480-11f0-87db-54a95b9ec813,caesarian,1,79,0.4343722462654114,0.012661457061767578,10491.0,0.5516772866249084,213,1
SLIM*SIG1,5715dcc7-1480-11f0-87db-54a95b9ec813,caesarian,1,80,0.4343722462654114,0.0039942264556884766,10653.0,0.5516772866249084,213,1
SLIM*SIG1,5715dcc7-1480-11f0-87db-54a95b9ec813,caesarian,1,81,0.4343722462654114,0.015630006790161133,10939.0,0.5516772866249084,213,1
SLIM*SIG1,5715dcc7-1480-11f0-87db-54a95b9ec813,caesarian,1,82,0.4343722462654114,0.010569095611572266,10616.0,0.5516772866249084,213,1
SLIM*SIG1,5715dcc7-1480-11f0-87db-54a95b9ec813,caesarian,1,83,0.4343722462654114,0.006359100341796875,10549.0,0.5516772866249084,213,1
SLIM*SIG1,5715dcc7-1480-11f0-87db-54a95b9ec813,caesarian,1,84,0.4343722462654114,0.0,10443.0,0.5516772866249084,213,1
SLIM*SIG1,5715dcc7-1480-11f0-87db-54a95b9ec813,caesarian,1,85,0.4343722462654114,0.011424541473388672,10655.0,0.5516772866249084,213,1
SLIM*SIG1,5715dcc7-1480-11f0-87db-54a95b9ec813,caesarian,1,86,0.4343722462654114,0.011799812316894531,10412.0,0.5516772866249084,213,1
SLIM*SIG1,5715dcc7-1480-11f0-87db-54a95b9ec813,caesarian,1,87,0.4343722462654114,0.00999307632446289,10210.0,0.5516772866249084,213,1
SLIM*SIG1,5715dcc7-1480-11f0-87db-54a95b9ec813,caesarian,1,88,0.4343722462654114,0.005835771560668945,10630.0,0.5516772866249084,213,1
SLIM*SIG1,5715dcc7-1480-11f0-87db-54a95b9ec813,caesarian,1,89,0.4343722462654114,0.015631914138793945,10708.0,0.5516772866249084,213,1
SLIM*SIG1,5715dcc7-1480-11f0-87db-54a95b9ec813,caesarian,1,90,0.4343722462654114,0.0,10702.0,0.5516772866249084,213,1
SLIM*SIG1,5715dcc7-1480-11f0-87db-54a95b9ec813,caesarian,1,91,0.4343722462654114,0.015729188919067383,10616.0,0.5516772866249084,213,1
SLIM*SIG1,5715dcc7-1480-11f0-87db-54a95b9ec813,caesarian,1,92,0.4343722462654114,0.020100116729736328,10984.0,0.5516772866249084,213,1
SLIM*SIG1,5715dcc7-1480-11f0-87db-54a95b9ec813,caesarian,1,93,0.4343722462654114,0.009983062744140625,10589.0,0.5516772866249084,213,1
SLIM*SIG1,5715dcc7-1480-11f0-87db-54a95b9ec813,caesarian,1,94,0.4343722462654114,0.01221013069152832,10716.0,0.5516772866249084,213,1
SLIM*SIG1,5715dcc7-1480-11f0-87db-54a95b9ec813,caesarian,1,95,0.4343722462654114,0.011633634567260742,10933.0,0.5516772866249084,213,1
SLIM*SIG1,5715dcc7-1480-11f0-87db-54a95b9ec813,caesarian,1,96,0.4343722462654114,0.010557889938354492,11597.0,0.5516772866249084,213,1
SLIM*SIG1,5715dcc7-1480-11f0-87db-54a95b9ec813,caesarian,1,97,0.4343722462654114,0.01177835464477539,11637.0,0.5516772866249084,213,1
SLIM*SIG1,5715dcc7-1480-11f0-87db-54a95b9ec813,caesarian,1,98,0.4343722462654114,0.011300802230834961,11537.0,0.5516772866249084,213,1
SLIM*SIG1,5715dcc7-1480-11f0-87db-54a95b9ec813,caesarian,1,99,0.4343722462654114,0.010899543762207031,11243.0,0.5516772866249084,213,1
SLIM*SIG1,5715dcc7-1480-11f0-87db-54a95b9ec813,caesarian,1,100,0.4343722462654114,0.0,11294.0,0.5516772866249084,213,1
SLIM*SIG1,5715dcc7-1480-11f0-87db-54a95b9ec813,caesarian,1,101,0.4343722462654114,0.014517545700073242,11337.0,0.5516772866249084,213,1
SLIM*SIG1,5715dcc7-1480-11f0-87db-54a95b9ec813,caesarian,1,102,0.4343722462654114,0.021787405014038086,10919.0,0.5516772866249084,213,1
SLIM*SIG1,5715dcc7-1480-11f0-87db-54a95b9ec813,caesarian,1,103,0.4343722462654114,0.006106138229370117,10894.0,0.5516772866249084,213,1
SLIM*SIG1,5715dcc7-1480-11f0-87db-54a95b9ec813,caesarian,1,104,0.4343722462654114,0.009610176086425781,10777.0,0.5516772866249084,213,1
SLIM*SIG1,5715dcc7-1480-11f0-87db-54a95b9ec813,caesarian,1,105,0.4343722462654114,0.012335538864135742,10611.0,0.5516772866249084,213,1
SLIM*SIG1,5715dcc7-1480-11f0-87db-54a95b9ec813,caesarian,1,106,0.4343722462654114,0.01572108268737793,10605.0,0.5516772866249084,213,1
SLIM*SIG1,5715dcc7-1480-11f0-87db-54a95b9ec813,caesarian,1,107,0.4343722462654114,0.0,10821.0,0.5516772866249084,213,1
SLIM*SIG1,5715dcc7-1480-11f0-87db-54a95b9ec813,caesarian,1,108,0.4343722462654114,0.0177309513092041,10995.0,0.5516772866249084,213,1
SLIM*SIG1,5715dcc7-1480-11f0-87db-54a95b9ec813,caesarian,1,109,0.4343722462654114,0.015230178833007812,10940.0,0.5516772866249084,213,1
SLIM*SIG1,5715dcc7-1480-11f0-87db-54a95b9ec813,caesarian,1,110,0.4343722462654114,0.017941713333129883,11055.0,0.5516772866249084,213,1
SLIM*SIG1,5715dcc7-1480-11f0-87db-54a95b9ec813,caesarian,1,111,0.4343722462654114,0.0109100341796875,11061.0,0.5516772866249084,213,1
SLIM*SIG1,5715dcc7-1480-11f0-87db-54a95b9ec813,caesarian,1,112,0.4343722462654114,0.006030559539794922,10679.0,0.5516772866249084,213,1
SLIM*SIG1,5715dcc7-1480-11f0-87db-54a95b9ec813,caesarian,1,113,0.4343722462654114,0.01970505714416504,10661.0,0.5516772866249084,213,1
SLIM*SIG1,5715dcc7-1480-11f0-87db-54a95b9ec813,caesarian,1,114,0.4343722462654114,0.0044536590576171875,10335.0,0.5516772866249084,213,1
SLIM*SIG1,5715dcc7-1480-11f0-87db-54a95b9ec813,caesarian,1,115,0.4343722462654114,0.015543222427368164,10144.0,0.5516772866249084,213,1
SLIM*SIG1,5715dcc7-1480-11f0-87db-54a95b9ec813,caesarian,1,116,0.4343722462654114,0.01092219352722168,10521.0,0.5516772866249084,213,1
SLIM*SIG1,5715dcc7-1480-11f0-87db-54a95b9ec813,caesarian,1,117,0.4343722462654114,0.015515804290771484,10059.0,0.5516772866249084,213,1
SLIM*SIG1,5715dcc7-1480-11f0-87db-54a95b9ec813,caesarian,1,118,0.4343722462654114,0.026961326599121094,10313.0,0.5516772866249084,213,1
SLIM*SIG1,5715dcc7-1480-11f0-87db-54a95b9ec813,caesarian,1,119,0.4343722462654114,0.006515026092529297,10333.0,0.5516772866249084,213,1
SLIM*SIG1,5715dcc7-1480-11f0-87db-54a95b9ec813,caesarian,1,120,0.4343722462654114,0.023247718811035156,10627.0,0.5516772866249084,213,1
SLIM*SIG1,5715dcc7-1480-11f0-87db-54a95b9ec813,caesarian,1,121,0.4343722462654114,0.003155231475830078,10447.0,0.5516772866249084,213,1
SLIM*SIG1,5715dcc7-1480-11f0-87db-54a95b9ec813,caesarian,1,122,0.4343722462654114,0.02493143081665039,10169.0,0.5516772866249084,213,1
SLIM*SIG1,5715dcc7-1480-11f0-87db-54a95b9ec813,caesarian,1,123,0.4343722462654114,0.007605314254760742,10576.0,0.5516772866249084,213,1
SLIM*SIG1,5715dcc7-1480-11f0-87db-54a95b9ec813,caesarian,1,124,0.4343722462654114,0.015512228012084961,10649.0,0.5516772866249084,213,1
SLIM*SIG1,5715dcc7-1480-11f0-87db-54a95b9ec813,caesarian,1,125,0.4343722462654114,0.011202335357666016,11053.0,0.5516772866249084,213,1
SLIM*SIG1,5715dcc7-1480-11f0-87db-54a95b9ec813,caesarian,1,126,0.4343722462654114,0.006070375442504883,11028.0,0.5516772866249084,213,1
SLIM*SIG1,5715dcc7-1480-11f0-87db-54a95b9ec813,caesarian,1,127,0.4343722462654114,0.01563096046447754,11379.0,0.5516772866249084,213,1
SLIM*SIG1,5715dcc7-1480-11f0-87db-54a95b9ec813,caesarian,1,128,0.4343722462654114,0.01348114013671875,11305.0,0.5516772866249084,213,1
SLIM*SIG1,5715dcc7-1480-11f0-87db-54a95b9ec813,caesarian,1,129,0.4343722462654114,0.002357959747314453,10560.0,0.5516772866249084,213,1
SLIM*SIG1,5715dcc7-1480-11f0-87db-54a95b9ec813,caesarian,1,130,0.4343722462654114,0.015663623809814453,10046.0,0.5516772866249084,213,1
SLIM*SIG1,5715dcc7-1480-11f0-87db-54a95b9ec813,caesarian,1,131,0.4343722462654114,0.017663240432739258,9719.0,0.5516772866249084,213,1
SLIM*SIG1,5715dcc7-1480-11f0-87db-54a95b9ec813,caesarian,1,132,0.4343722462654114,0.009970426559448242,9424.0,0.5516772866249084,213,1
SLIM*SIG1,5715dcc7-1480-11f0-87db-54a95b9ec813,caesarian,1,133,0.4343722462654114,0.01179647445678711,9614.0,0.5516772866249084,213,1
SLIM*SIG1,5715dcc7-1480-11f0-87db-54a95b9ec813,caesarian,1,134,0.4343722462654114,0.0,9507.0,0.5516772866249084,213,1
SLIM*SIG1,5715dcc7-1480-11f0-87db-54a95b9ec813,caesarian,1,135,0.4343722462654114,0.01507568359375,9455.0,0.5516772866249084,213,1
SLIM*SIG1,5715dcc7-1480-11f0-87db-54a95b9ec813,caesarian,1,136,0.4343722462654114,0.017574071884155273,9763.0,0.5516772866249084,213,1
SLIM*SIG1,5715dcc7-1480-11f0-87db-54a95b9ec813,caesarian,1,137,0.4343722462654114,0.004694461822509766,10514.0,0.5516772866249084,213,1
SLIM*SIG1,5715dcc7-1480-11f0-87db-54a95b9ec813,caesarian,1,138,0.4343722462654114,0.015011787414550781,11398.0,0.5516772866249084,213,1
SLIM*SIG1,5715dcc7-1480-11f0-87db-54a95b9ec813,caesarian,1,139,0.4343722462654114,0.013354778289794922,11282.0,0.5516772866249084,213,1
SLIM*SIG1,5715dcc7-1480-11f0-87db-54a95b9ec813,caesarian,1,140,0.4343722462654114,0.0,11623.0,0.5516772866249084,213,1
SLIM*SIG1,5715dcc7-1480-11f0-87db-54a95b9ec813,caesarian,1,141,0.4343722462654114,0.015042543411254883,11242.0,0.5516772866249084,213,1
SLIM*SIG1,5715dcc7-1480-11f0-87db-54a95b9ec813,caesarian,1,142,0.4343722462654114,0.018059492111206055,11643.0,0.5516772866249084,213,1
SLIM*SIG1,5715dcc7-1480-11f0-87db-54a95b9ec813,caesarian,1,143,0.4343722462654114,0.01204371452331543,12056.0,0.5516772866249084,213,1
SLIM*SIG1,5715dcc7-1480-11f0-87db-54a95b9ec813,caesarian,1,144,0.4343722462654114,0.003507852554321289,11479.0,0.5516772866249084,213,1
SLIM*SIG1,5715dcc7-1480-11f0-87db-54a95b9ec813,caesarian,1,145,0.4343722462654114,0.018279314041137695,11204.0,0.5516772866249084,213,1
SLIM*SIG1,5715dcc7-1480-11f0-87db-54a95b9ec813,caesarian,1,146,0.4343722462654114,0.0,11836.0,0.5516772866249084,213,1
SLIM*SIG1,5715dcc7-1480-11f0-87db-54a95b9ec813,caesarian,1,147,0.4343722462654114,0.0,12518.0,0.5516772866249084,213,1
SLIM*SIG1,5715dcc7-1480-11f0-87db-54a95b9ec813,caesarian,1,148,0.4343722462654114,0.02313709259033203,11962.0,0.5516772866249084,213,1
SLIM*SIG1,5715dcc7-1480-11f0-87db-54a95b9ec813,caesarian,1,149,0.4343722462654114,0.004107236862182617,11504.0,0.5516772866249084,213,1
SLIM*SIG1,5715dcc7-1480-11f0-87db-54a95b9ec813,caesarian,1,150,0.4343722462654114,0.015631675720214844,11692.0,0.5516772866249084,213,1
SLIM*SIG1,5715dcc7-1480-11f0-87db-54a95b9ec813,caesarian,1,151,0.4343722462654114,0.008270978927612305,11985.0,0.5516772866249084,213,1
SLIM*SIG1,5715dcc7-1480-11f0-87db-54a95b9ec813,caesarian,1,152,0.4343722462654114,0.015526294708251953,12858.0,0.5516772866249084,213,1
SLIM*SIG1,5715dcc7-1480-11f0-87db-54a95b9ec813,caesarian,1,153,0.4343722462654114,0.0,12501.0,0.5516772866249084,213,1
SLIM*SIG1,5715dcc7-1480-11f0-87db-54a95b9ec813,caesarian,1,154,0.4343722462654114,0.018300294876098633,12982.0,0.5516772866249084,213,1
SLIM*SIG1,5715dcc7-1480-11f0-87db-54a95b9ec813,caesarian,1,155,0.4343722462654114,0.015729904174804688,12995.0,0.5516772866249084,213,1
SLIM*SIG1,5715dcc7-1480-11f0-87db-54a95b9ec813,caesarian,1,156,0.4343722462654114,0.020564794540405273,13276.0,0.5516772866249084,213,1
SLIM*SIG1,5715dcc7-1480-11f0-87db-54a95b9ec813,caesarian,1,157,0.4343722462654114,0.005226850509643555,13584.0,0.5516772866249084,213,1
SLIM*SIG1,5715dcc7-1480-11f0-87db-54a95b9ec813,caesarian,1,158,0.4343722462654114,0.015112876892089844,13892.0,0.5516772866249084,213,1
SLIM*SIG1,5715dcc7-1480-11f0-87db-54a95b9ec813,caesarian,1,159,0.4343722462654114,0.016524076461791992,13989.0,0.5516772866249084,213,1
SLIM*SIG1,5715dcc7-1480-11f0-87db-54a95b9ec813,caesarian,1,160,0.4343722462654114,0.004029035568237305,14269.0,0.5516772866249084,213,1
SLIM*SIG1,5715dcc7-1480-11f0-87db-54a95b9ec813,caesarian,1,161,0.4343722462654114,0.02298450469970703,14711.0,0.5516772866249084,213,1
SLIM*SIG1,5715dcc7-1480-11f0-87db-54a95b9ec813,caesarian,1,162,0.4343722462654114,0.009251594543457031,13921.0,0.5516772866249084,213,1
SLIM*SIG1,5715dcc7-1480-11f0-87db-54a95b9ec813,caesarian,1,163,0.4343722462654114,0.0,13916.0,0.5516772866249084,213,1
SLIM*SIG1,5715dcc7-1480-11f0-87db-54a95b9ec813,caesarian,1,164,0.4343722462654114,0.02467823028564453,13535.0,0.5516772866249084,213,1
SLIM*SIG1,5715dcc7-1480-11f0-87db-54a95b9ec813,caesarian,1,165,0.4343722462654114,0.007337331771850586,13737.0,0.5516772866249084,213,1
SLIM*SIG1,5715dcc7-1480-11f0-87db-54a95b9ec813,caesarian,1,166,0.4343722462654114,0.015632152557373047,13219.0,0.5516772866249084,213,1
SLIM*SIG1,5715dcc7-1480-11f0-87db-54a95b9ec813,caesarian,1,167,0.4343722462654114,0.01496577262878418,13169.0,0.5516772866249084,213,1
SLIM*SIG1,5715dcc7-1480-11f0-87db-54a95b9ec813,caesarian,1,168,0.4343722462654114,0.01037287712097168,12693.0,0.5516772866249084,213,1
SLIM*SIG1,5715dcc7-1480-11f0-87db-54a95b9ec813,caesarian,1,169,0.4343722462654114,0.010339498519897461,12632.0,0.5516772866249084,213,1
SLIM*SIG1,5715dcc7-1480-11f0-87db-54a95b9ec813,caesarian,1,170,0.4343722462654114,0.012761592864990234,12840.0,0.5516772866249084,213,1
SLIM*SIG1,5715dcc7-1480-11f0-87db-54a95b9ec813,caesarian,1,171,0.4343722462654114,0.011055231094360352,12685.0,0.5516772866249084,213,1
SLIM*SIG1,5715dcc7-1480-11f0-87db-54a95b9ec813,caesarian,1,172,0.4343722462654114,0.013355255126953125,12649.0,0.5516772866249084,213,1
SLIM*SIG1,5715dcc7-1480-11f0-87db-54a95b9ec813,caesarian,1,173,0.4343722462654114,0.012117624282836914,12363.0,0.5516772866249084,213,1
SLIM*SIG1,5715dcc7-1480-11f0-87db-54a95b9ec813,caesarian,1,174,0.4343722462654114,0.009911537170410156,12525.0,0.5516772866249084,213,1
SLIM*SIG1,5715dcc7-1480-11f0-87db-54a95b9ec813,caesarian,1,175,0.4343722462654114,0.013327598571777344,13207.0,0.5516772866249084,213,1
SLIM*SIG1,5715dcc7-1480-11f0-87db-54a95b9ec813,caesarian,1,176,0.4343722462654114,0.015069961547851562,13057.0,0.5516772866249084,213,1
SLIM*SIG1,5715dcc7-1480-11f0-87db-54a95b9ec813,caesarian,1,177,0.4343722462654114,0.0,12165.0,0.5516772866249084,213,1
SLIM*SIG1,5715dcc7-1480-11f0-87db-54a95b9ec813,caesarian,1,178,0.4343722462654114,0.013616085052490234,12604.0,0.5516772866249084,213,1
SLIM*SIG1,5715dcc7-1480-11f0-87db-54a95b9ec813,caesarian,1,179,0.4343722462654114,0.015106678009033203,12900.0,0.5516772866249084,213,1
SLIM*SIG1,5715dcc7-1480-11f0-87db-54a95b9ec813,caesarian,1,180,0.4343722462654114,0.015637636184692383,13476.0,0.5516772866249084,213,1
SLIM*SIG1,5715dcc7-1480-11f0-87db-54a95b9ec813,caesarian,1,181,0.4343722462654114,0.0,13543.0,0.5516772866249084,213,1
SLIM*SIG1,5715dcc7-1480-11f0-87db-54a95b9ec813,caesarian,1,182,0.4343722462654114,0.015043020248413086,13342.0,0.5516772866249084,213,1
SLIM*SIG1,5715dcc7-1480-11f0-87db-54a95b9ec813,caesarian,1,183,0.4343722462654114,0.02179121971130371,13073.0,0.5516772866249084,213,1
SLIM*SIG1,5715dcc7-1480-11f0-87db-54a95b9ec813,caesarian,1,184,0.4343722462654114,0.013073205947875977,12761.0,0.5516772866249084,213,1
SLIM*SIG1,5715dcc7-1480-11f0-87db-54a95b9ec813,caesarian,1,185,0.4343722462654114,0.004010677337646484,13396.0,0.5516772866249084,213,1
SLIM*SIG1,5715dcc7-1480-11f0-87db-54a95b9ec813,caesarian,1,186,0.4343722462654114,0.012779712677001953,12947.0,0.5516772866249084,213,1
SLIM*SIG1,5715dcc7-1480-11f0-87db-54a95b9ec813,caesarian,1,187,0.4343722462654114,0.015510320663452148,12315.0,0.5516772866249084,213,1
SLIM*SIG1,5715dcc7-1480-11f0-87db-54a95b9ec813,caesarian,1,188,0.4343722462654114,0.0,12019.0,0.5516772866249084,213,1
SLIM*SIG1,5715dcc7-1480-11f0-87db-54a95b9ec813,caesarian,1,189,0.4343722462654114,0.018426179885864258,11898.0,0.5516772866249084,213,1
SLIM*SIG1,5715dcc7-1480-11f0-87db-54a95b9ec813,caesarian,1,190,0.4343722462654114,0.015511274337768555,12291.0,0.5516772866249084,213,1
SLIM*SIG1,5715dcc7-1480-11f0-87db-54a95b9ec813,caesarian,1,191,0.4343722462654114,0.016504526138305664,12795.0,0.5516772866249084,213,1
SLIM*SIG1,5715dcc7-1480-11f0-87db-54a95b9ec813,caesarian,1,192,0.4343722462654114,0.011698484420776367,13370.0,0.5516772866249084,213,1
SLIM*SIG1,5715dcc7-1480-11f0-87db-54a95b9ec813,caesarian,1,193,0.4343722462654114,0.008038997650146484,13557.0,0.5516772866249084,213,1
SLIM*SIG1,5715dcc7-1480-11f0-87db-54a95b9ec813,caesarian,1,194,0.4343722462654114,0.015256643295288086,13203.0,0.5516772866249084,213,1
SLIM*SIG1,5715dcc7-1480-11f0-87db-54a95b9ec813,caesarian,1,195,0.4343722462654114,0.015112638473510742,13235.0,0.5516772866249084,213,1
SLIM*SIG1,5715dcc7-1480-11f0-87db-54a95b9ec813,caesarian,1,196,0.4343722462654114,0.06872963905334473,14281.0,0.5516772866249084,213,1
SLIM*SIG1,5715dcc7-1480-11f0-87db-54a95b9ec813,caesarian,1,197,0.4343722462654114,0.017671585083007812,13893.0,0.5516772866249084,213,1
SLIM*SIG1,5715dcc7-1480-11f0-87db-54a95b9ec813,caesarian,1,198,0.4343722462654114,0.00713348388671875,13821.0,0.5516772866249084,213,1
SLIM*SIG1,5715dcc7-1480-11f0-87db-54a95b9ec813,caesarian,1,199,0.4343722462654114,0.01563096046447754,14024.0,0.5516772866249084,213,1
SLIM*SIG1,5715dcc7-1480-11f0-87db-54a95b9ec813,caesarian,1,200,0.4343722462654114,0.012546777725219727,14304.0,0.5516772866249084,213,1
SLIM*SIG1,5715dcc7-1480-11f0-87db-54a95b9ec813,caesarian,1,201,0.4343722462654114,0.005320072174072266,14096.0,0.5516772866249084,213,1
SLIM*SIG1,5715dcc7-1480-11f0-87db-54a95b9ec813,caesarian,1,202,0.4343722462654114,0.015631675720214844,13862.0,0.5516772866249084,213,1
SLIM*SIG1,5715dcc7-1480-11f0-87db-54a95b9ec813,caesarian,1,203,0.4343722462654114,0.016361474990844727,13569.0,0.5516772866249084,213,1
SLIM*SIG1,5715dcc7-1480-11f0-87db-54a95b9ec813,caesarian,1,204,0.4343722462654114,0.0029268264770507812,13738.0,0.5516772866249084,213,1
SLIM*SIG1,5715dcc7-1480-11f0-87db-54a95b9ec813,caesarian,1,205,0.4343722462654114,0.021696805953979492,14175.0,0.5516772866249084,213,1
SLIM*SIG1,5715dcc7-1480-11f0-87db-54a95b9ec813,caesarian,1,206,0.4343722462654114,0.011002302169799805,13724.0,0.5516772866249084,213,1
SLIM*SIG1,5715dcc7-1480-11f0-87db-54a95b9ec813,caesarian,1,207,0.4343722462654114,0.0,13904.0,0.5516772866249084,213,1
SLIM*SIG1,5715dcc7-1480-11f0-87db-54a95b9ec813,caesarian,1,208,0.4343722462654114,0.024966716766357422,13935.0,0.5516772866249084,213,1
SLIM*SIG1,5715dcc7-1480-11f0-87db-54a95b9ec813,caesarian,1,209,0.4343722462654114,0.007400989532470703,13246.0,0.5516772866249084,213,1
SLIM*SIG1,5715dcc7-1480-11f0-87db-54a95b9ec813,caesarian,1,210,0.4343722462654114,0.015629053115844727,12989.0,0.5516772866249084,213,1
SLIM*SIG1,5715dcc7-1480-11f0-87db-54a95b9ec813,caesarian,1,211,0.4343722462654114,0.012497425079345703,12366.0,0.5516772866249084,213,1
SLIM*SIG1,5715dcc7-1480-11f0-87db-54a95b9ec813,caesarian,1,212,0.4343722462654114,0.01161336898803711,12817.0,0.5516772866249084,213,1
SLIM*SIG1,5715dcc7-1480-11f0-87db-54a95b9ec813,caesarian,1,213,0.4343722462654114,0.010997533798217773,12238.0,0.5516772866249084,213,1
SLIM*SIG1,5715dcc7-1480-11f0-87db-54a95b9ec813,caesarian,1,214,0.4343722462654114,0.00509333610534668,11814.0,0.5516772866249084,213,1
SLIM*SIG1,5715dcc7-1480-11f0-87db-54a95b9ec813,caesarian,1,215,0.4343722462654114,0.015761137008666992,12362.0,0.5516772866249084,213,1
SLIM*SIG1,5715dcc7-1480-11f0-87db-54a95b9ec813,caesarian,1,216,0.4343722462654114,0.0,12113.0,0.5516772866249084,213,1
SLIM*SIG1,5715dcc7-1480-11f0-87db-54a95b9ec813,caesarian,1,217,0.4343722462654114,0.018756628036499023,12236.0,0.5516772866249084,213,1
SLIM*SIG1,5715dcc7-1480-11f0-87db-54a95b9ec813,caesarian,1,218,0.4343722462654114,0.015079021453857422,12669.0,0.5516772866249084,213,1
SLIM*SIG1,5715dcc7-1480-11f0-87db-54a95b9ec813,caesarian,1,219,0.4343722462654114,0.018018007278442383,11656.0,0.5516772866249084,213,1
SLIM*SIG1,5715dcc7-1480-11f0-87db-54a95b9ec813,caesarian,1,220,0.4343722462654114,0.011512517929077148,12465.0,0.5516772866249084,213,1
SLIM*SIG1,5715dcc7-1480-11f0-87db-54a95b9ec813,caesarian,1,221,0.4343722462654114,0.004008293151855469,13501.0,0.5516772866249084,213,1
SLIM*SIG1,5715dcc7-1480-11f0-87db-54a95b9ec813,caesarian,1,222,0.4343722462654114,0.0214385986328125,14615.0,0.5516772866249084,213,1
SLIM*SIG1,5715dcc7-1480-11f0-87db-54a95b9ec813,caesarian,1,223,0.4343722462654114,0.0,15709.0,0.5516772866249084,213,1
SLIM*SIG1,5715dcc7-1480-11f0-87db-54a95b9ec813,caesarian,1,224,0.4343722462654114,0.015630722045898438,15119.0,0.5516772866249084,213,1
SLIM*SIG1,5715dcc7-1480-11f0-87db-54a95b9ec813,caesarian,1,225,0.4343722462654114,0.01292109489440918,14907.0,0.5516772866249084,213,1
SLIM*SIG1,5715dcc7-1480-11f0-87db-54a95b9ec813,caesarian,1,226,0.4343722462654114,0.0157315731048584,16313.0,0.5516772866249084,213,1
SLIM*SIG1,5715dcc7-1480-11f0-87db-54a95b9ec813,caesarian,1,227,0.4343722462654114,0.01799941062927246,15197.0,0.5516772866249084,213,1
SLIM*SIG1,5715dcc7-1480-11f0-87db-54a95b9ec813,caesarian,1,228,0.4343722462654114,0.012591361999511719,14450.0,0.5516772866249084,213,1
SLIM*SIG1,5715dcc7-1480-11f0-87db-54a95b9ec813,caesarian,1,229,0.4343722462654114,0.005618095397949219,15130.0,0.5516772866249084,213,1
SLIM*SIG1,5715dcc7-1480-11f0-87db-54a95b9ec813,caesarian,1,230,0.4343722462654114,0.01946854591369629,14744.0,0.5516772866249084,213,1
SLIM*SIG1,5715dcc7-1480-11f0-87db-54a95b9ec813,caesarian,1,231,0.4343722462654114,0.01563286781311035,14950.0,0.5516772866249084,213,1
SLIM*SIG1,5715dcc7-1480-11f0-87db-54a95b9ec813,caesarian,1,232,0.4343722462654114,0.013283491134643555,15929.0,0.5516772866249084,213,1
SLIM*SIG1,5715dcc7-1480-11f0-87db-54a95b9ec813,caesarian,1,233,0.4343722462654114,0.018312454223632812,16011.0,0.5516772866249084,213,1
SLIM*SIG1,5715dcc7-1480-11f0-87db-54a95b9ec813,caesarian,1,234,0.4343722462654114,0.0117950439453125,16463.0,0.5516772866249084,213,1
SLIM*SIG1,5715dcc7-1480-11f0-87db-54a95b9ec813,caesarian,1,235,0.4343722462654114,0.012874126434326172,16985.0,0.5516772866249084,213,1
SLIM*SIG1,5715dcc7-1480-11f0-87db-54a95b9ec813,caesarian,1,236,0.4343722462654114,0.013275861740112305,17198.0,0.5516772866249084,213,1
SLIM*SIG1,5715dcc7-1480-11f0-87db-54a95b9ec813,caesarian,1,237,0.4343722462654114,0.015964746475219727,17285.0,0.5516772866249084,213,1
SLIM*SIG1,5715dcc7-1480-11f0-87db-54a95b9ec813,caesarian,1,238,0.4343722462654114,0.014699459075927734,16590.0,0.5516772866249084,213,1
SLIM*SIG1,5715dcc7-1480-11f0-87db-54a95b9ec813,caesarian,1,239,0.4343722462654114,0.01403188705444336,17192.0,0.5516772866249084,213,1
SLIM*SIG1,5715dcc7-1480-11f0-87db-54a95b9ec813,caesarian,1,240,0.4343722462654114,0.0172576904296875,17268.0,0.5516772866249084,213,1
SLIM*SIG1,5715dcc7-1480-11f0-87db-54a95b9ec813,caesarian,1,241,0.4343722462654114,0.011523008346557617,17083.0,0.5516772866249084,213,1
SLIM*SIG1,5715dcc7-1480-11f0-87db-54a95b9ec813,caesarian,1,242,0.4343722462654114,0.015729188919067383,17107.0,0.5516772866249084,213,1
SLIM*SIG1,5715dcc7-1480-11f0-87db-54a95b9ec813,caesarian,1,243,0.4343722462654114,0.01694202423095703,17205.0,0.5516772866249084,213,1
SLIM*SIG1,5715dcc7-1480-11f0-87db-54a95b9ec813,caesarian,1,244,0.4343722462654114,0.005175590515136719,17338.0,0.5516772866249084,213,1
SLIM*SIG1,5715dcc7-1480-11f0-87db-54a95b9ec813,caesarian,1,245,0.4343722462654114,0.01573014259338379,17669.0,0.5516772866249084,213,1
SLIM*SIG1,5715dcc7-1480-11f0-87db-54a95b9ec813,caesarian,1,246,0.4343722462654114,0.011976003646850586,18147.0,0.5516772866249084,213,1
SLIM*SIG1,5715dcc7-1480-11f0-87db-54a95b9ec813,caesarian,1,247,0.4343722462654114,0.015511751174926758,18316.0,0.5516772866249084,213,1
SLIM*SIG1,5715dcc7-1480-11f0-87db-54a95b9ec813,caesarian,1,248,0.4343722462654114,0.015735864639282227,18396.0,0.5516772866249084,213,1
SLIM*SIG1,5715dcc7-1480-11f0-87db-54a95b9ec813,caesarian,1,249,0.4343722462654114,0.0017843246459960938,19008.0,0.5516772866249084,213,1
SLIM*SIG1,5715dcc7-1480-11f0-87db-54a95b9ec813,caesarian,1,250,0.4343722462654114,0.0021071434020996094,18404.0,0.5516772866249084,213,1
SLIM*SIG1,5715dcc7-1480-11f0-87db-54a95b9ec813,caesarian,1,251,0.4343722462654114,0.021305084228515625,18828.0,0.5516772866249084,213,1
SLIM*SIG1,5715dcc7-1480-11f0-87db-54a95b9ec813,caesarian,1,252,0.4343722462654114,0.015631437301635742,17667.0,0.5516772866249084,213,1
SLIM*SIG1,5715dcc7-1480-11f0-87db-54a95b9ec813,caesarian,1,253,0.4343722462654114,0.016059160232543945,16343.0,0.5516772866249084,213,1
SLIM*SIG1,5715dcc7-1480-11f0-87db-54a95b9ec813,caesarian,1,254,0.4343722462654114,0.002549886703491211,16626.0,0.5516772866249084,213,1
SLIM*SIG1,5715dcc7-1480-11f0-87db-54a95b9ec813,caesarian,1,255,0.4343722462654114,0.015109777450561523,15628.0,0.5516772866249084,213,1
SLIM*SIG1,5715dcc7-1480-11f0-87db-54a95b9ec813,caesarian,1,256,0.4343722462654114,0.02212357521057129,16006.0,0.5516772866249084,213,1
SLIM*SIG1,5715dcc7-1480-11f0-87db-54a95b9ec813,caesarian,1,257,0.4343722462654114,0.012489080429077148,14928.0,0.5516772866249084,213,1
SLIM*SIG1,5715dcc7-1480-11f0-87db-54a95b9ec813,caesarian,1,258,0.4343722462654114,0.012483596801757812,15482.0,0.5516772866249084,213,1
SLIM*SIG1,5715dcc7-1480-11f0-87db-54a95b9ec813,caesarian,1,259,0.4343722462654114,0.012695789337158203,15859.0,0.5516772866249084,213,1
SLIM*SIG1,5715dcc7-1480-11f0-87db-54a95b9ec813,caesarian,1,260,0.4343722462654114,0.011760711669921875,16077.0,0.5516772866249084,213,1
SLIM*SIG1,5715dcc7-1480-11f0-87db-54a95b9ec813,caesarian,1,261,0.4343722462654114,0.014106273651123047,16675.0,0.5516772866249084,213,1
SLIM*SIG1,5715dcc7-1480-11f0-87db-54a95b9ec813,caesarian,1,262,0.4343722462654114,0.01352548599243164,17003.0,0.5516772866249084,213,1
SLIM*SIG1,5715dcc7-1480-11f0-87db-54a95b9ec813,caesarian,1,263,0.4343722462654114,0.011573553085327148,16443.0,0.5516772866249084,213,1
SLIM*SIG1,5715dcc7-1480-11f0-87db-54a95b9ec813,caesarian,1,264,0.4343722462654114,0.011307716369628906,16732.0,0.5516772866249084,213,1
SLIM*SIG1,5715dcc7-1480-11f0-87db-54a95b9ec813,caesarian,1,265,0.4343722462654114,0.01976776123046875,16672.0,0.5516772866249084,213,1
SLIM*SIG1,5715dcc7-1480-11f0-87db-54a95b9ec813,caesarian,1,266,0.4343722462654114,0.017256498336791992,17756.0,0.5516772866249084,213,1
SLIM*SIG1,5715dcc7-1480-11f0-87db-54a95b9ec813,caesarian,1,267,0.4343722462654114,0.013046026229858398,16814.0,0.5516772866249084,213,1
SLIM*SIG1,5715dcc7-1480-11f0-87db-54a95b9ec813,caesarian,1,268,0.4343722462654114,0.007120609283447266,16403.0,0.5516772866249084,213,1
SLIM*SIG1,5715dcc7-1480-11f0-87db-54a95b9ec813,caesarian,1,269,0.4343722462654114,0.015732526779174805,15599.0,0.5516772866249084,213,1
SLIM*SIG1,5715dcc7-1480-11f0-87db-54a95b9ec813,caesarian,1,270,0.4343722462654114,0.011763811111450195,15735.0,0.5516772866249084,213,1
SLIM*SIG1,5715dcc7-1480-11f0-87db-54a95b9ec813,caesarian,1,271,0.4343722462654114,0.015225410461425781,16443.0,0.5516772866249084,213,1
SLIM*SIG1,5715dcc7-1480-11f0-87db-54a95b9ec813,caesarian,1,272,0.4343722462654114,0.017534732818603516,17038.0,0.5516772866249084,213,1
SLIM*SIG1,5715dcc7-1480-11f0-87db-54a95b9ec813,caesarian,1,273,0.4343722462654114,0.0,17508.0,0.5516772866249084,213,1
SLIM*SIG1,5715dcc7-1480-11f0-87db-54a95b9ec813,caesarian,1,274,0.4343722462654114,0.0,17843.0,0.5516772866249084,213,1
SLIM*SIG1,5715dcc7-1480-11f0-87db-54a95b9ec813,caesarian,1,275,0.4343722462654114,0.02287888526916504,19345.0,0.5516772866249084,213,1
SLIM*SIG1,5715dcc7-1480-11f0-87db-54a95b9ec813,caesarian,1,276,0.4343722462654114,0.015011310577392578,19617.0,0.5516772866249084,213,1
SLIM*SIG1,5715dcc7-1480-11f0-87db-54a95b9ec813,caesarian,1,277,0.4343722462654114,0.013498067855834961,20479.0,0.5516772866249084,213,1
SLIM*SIG1,5715dcc7-1480-11f0-87db-54a95b9ec813,caesarian,1,278,0.4343722462654114,0.015216588973999023,19476.0,0.5516772866249084,213,1
SLIM*SIG1,5715dcc7-1480-11f0-87db-54a95b9ec813,caesarian,1,279,0.4343722462654114,0.0,19647.0,0.5516772866249084,213,1
SLIM*SIG1,5715dcc7-1480-11f0-87db-54a95b9ec813,caesarian,1,280,0.4343722462654114,0.01798844337463379,20082.0,0.5516772866249084,213,1
SLIM*SIG1,5715dcc7-1480-11f0-87db-54a95b9ec813,caesarian,1,281,0.4343722462654114,0.015511274337768555,19859.0,0.5516772866249084,213,1
SLIM*SIG1,5715dcc7-1480-11f0-87db-54a95b9ec813,caesarian,1,282,0.4343722462654114,0.0210874080657959,20100.0,0.5516772866249084,213,1
SLIM*SIG1,5715dcc7-1480-11f0-87db-54a95b9ec813,caesarian,1,283,0.4343722462654114,0.004277944564819336,19784.0,0.5516772866249084,213,1
SLIM*SIG1,5715dcc7-1480-11f0-87db-54a95b9ec813,caesarian,1,284,0.4343722462654114,0.015725135803222656,20499.0,0.5516772866249084,213,1
SLIM*SIG1,5715dcc7-1480-11f0-87db-54a95b9ec813,caesarian,1,285,0.4343722462654114,0.009004592895507812,20586.0,0.5516772866249084,213,1
SLIM*SIG1,5715dcc7-1480-11f0-87db-54a95b9ec813,caesarian,1,286,0.4343722462654114,0.019564151763916016,21085.0,0.5516772866249084,213,1
SLIM*SIG1,5715dcc7-1480-11f0-87db-54a95b9ec813,caesarian,1,287,0.4343722462654114,0.01772451400756836,21247.0,0.5516772866249084,213,1
SLIM*SIG1,5715dcc7-1480-11f0-87db-54a95b9ec813,caesarian,1,288,0.4343722462654114,0.0157320499420166,21440.0,0.5516772866249084,213,1
SLIM*SIG1,5715dcc7-1480-11f0-87db-54a95b9ec813,caesarian,1,289,0.4343722462654114,0.015774250030517578,21557.0,0.5516772866249084,213,1
SLIM*SIG1,5715dcc7-1480-11f0-87db-54a95b9ec813,caesarian,1,290,0.4343722462654114,0.0,20822.0,0.5516772866249084,213,1
SLIM*SIG1,5715dcc7-1480-11f0-87db-54a95b9ec813,caesarian,1,291,0.4343722462654114,0.01557016372680664,20476.0,0.5516772866249084,213,1
SLIM*SIG1,5715dcc7-1480-11f0-87db-54a95b9ec813,caesarian,1,292,0.4343722462654114,0.022191286087036133,19945.0,0.5516772866249084,213,1
SLIM*SIG1,5715dcc7-1480-11f0-87db-54a95b9ec813,caesarian,1,293,0.4343722462654114,0.015727519989013672,19353.0,0.5516772866249084,213,1
SLIM*SIG1,5715dcc7-1480-11f0-87db-54a95b9ec813,caesarian,1,294,0.4343722462654114,0.015079021453857422,18786.0,0.5516772866249084,213,1
SLIM*SIG1,5715dcc7-1480-11f0-87db-54a95b9ec813,caesarian,1,295,0.4343722462654114,0.005186557769775391,17999.0,0.5516772866249084,213,1
SLIM*SIG1,5715dcc7-1480-11f0-87db-54a95b9ec813,caesarian,1,296,0.4343722462654114,0.015731334686279297,18605.0,0.5516772866249084,213,1
SLIM*SIG1,5715dcc7-1480-11f0-87db-54a95b9ec813,caesarian,1,297,0.4343722462654114,0.016460657119750977,18435.0,0.5516772866249084,213,1
SLIM*SIG1,5715dcc7-1480-11f0-87db-54a95b9ec813,caesarian,1,298,0.4343722462654114,0.0014913082122802734,18880.0,0.5516772866249084,213,1
SLIM*SIG1,5715dcc7-1480-11f0-87db-54a95b9ec813,caesarian,1,299,0.4343722462654114,0.025006532669067383,18540.0,0.5516772866249084,213,1
SLIM*SIG1,5715dcc7-1480-11f0-87db-54a95b9ec813,caesarian,1,300,0.4343722462654114,0.012004375457763672,18405.0,0.5516772866249084,213,1
SLIM*SIG1,5715dcc7-1480-11f0-87db-54a95b9ec813,caesarian,1,301,0.4343722462654114,0.013103485107421875,18372.0,0.5516772866249084,213,1
SLIM*SIG1,5715dcc7-1480-11f0-87db-54a95b9ec813,caesarian,1,302,0.4343722462654114,0.01215815544128418,17611.0,0.5516772866249084,213,1
SLIM*SIG1,5715dcc7-1480-11f0-87db-54a95b9ec813,caesarian,1,303,0.4343722462654114,0.0034677982330322266,16838.0,0.5516772866249084,213,1
SLIM*SIG1,5715dcc7-1480-11f0-87db-54a95b9ec813,caesarian,1,304,0.4343722462654114,0.021619081497192383,16600.0,0.5516772866249084,213,1
SLIM*SIG1,5715dcc7-1480-11f0-87db-54a95b9ec813,caesarian,1,305,0.4343722462654114,0.0,16831.0,0.5516772866249084,213,1
SLIM*SIG1,5715dcc7-1480-11f0-87db-54a95b9ec813,caesarian,1,306,0.4343722462654114,0.021918535232543945,16776.0,0.5516772866249084,213,1
SLIM*SIG1,5715dcc7-1480-11f0-87db-54a95b9ec813,caesarian,1,307,0.4343722462654114,0.013375282287597656,16775.0,0.5516772866249084,213,1
SLIM*SIG1,5715dcc7-1480-11f0-87db-54a95b9ec813,caesarian,1,308,0.4343722462654114,0.013291358947753906,16681.0,0.5516772866249084,213,1
SLIM*SIG1,5715dcc7-1480-11f0-87db-54a95b9ec813,caesarian,1,309,0.4343722462654114,0.0056133270263671875,16485.0,0.5516772866249084,213,1
SLIM*SIG1,5715dcc7-1480-11f0-87db-54a95b9ec813,caesarian,1,310,0.4343722462654114,0.013444185256958008,17164.0,0.5516772866249084,213,1
SLIM*SIG1,5715dcc7-1480-11f0-87db-54a95b9ec813,caesarian,1,311,0.4343722462654114,0.015632152557373047,16327.0,0.5516772866249084,213,1
SLIM*SIG1,5715dcc7-1480-11f0-87db-54a95b9ec813,caesarian,1,312,0.4343722462654114,0.0,16671.0,0.5516772866249084,213,1
SLIM*SIG1,5715dcc7-1480-11f0-87db-54a95b9ec813,caesarian,1,313,0.4343722462654114,0.01657724380493164,17489.0,0.5516772866249084,213,1
SLIM*SIG1,5715dcc7-1480-11f0-87db-54a95b9ec813,caesarian,1,314,0.4343722462654114,0.015011072158813477,16722.0,0.5516772866249084,213,1
SLIM*SIG1,5715dcc7-1480-11f0-87db-54a95b9ec813,caesarian,1,315,0.4343722462654114,0.021095991134643555,17582.0,0.5516772866249084,213,1
SLIM*SIG1,5715dcc7-1480-11f0-87db-54a95b9ec813,caesarian,1,316,0.4343722462654114,0.011608600616455078,17504.0,0.5516772866249084,213,1
SLIM*SIG1,5715dcc7-1480-11f0-87db-54a95b9ec813,caesarian,1,317,0.4343722462654114,0.00510406494140625,15754.0,0.5516772866249084,213,1
SLIM*SIG1,5715dcc7-1480-11f0-87db-54a95b9ec813,caesarian,1,318,0.4343722462654114,0.0133514404296875,16007.0,0.5516772866249084,213,1
SLIM*SIG1,5715dcc7-1480-11f0-87db-54a95b9ec813,caesarian,1,319,0.4343722462654114,0.01501154899597168,16506.0,0.5516772866249084,213,1
SLIM*SIG1,5715dcc7-1480-11f0-87db-54a95b9ec813,caesarian,1,320,0.4343722462654114,0.017911195755004883,16703.0,0.5516772866249084,213,1
SLIM*SIG1,5715dcc7-1480-11f0-87db-54a95b9ec813,caesarian,1,321,0.4343722462654114,0.0,16898.0,0.5516772866249084,213,1
SLIM*SIG1,5715dcc7-1480-11f0-87db-54a95b9ec813,caesarian,1,322,0.4343722462654114,0.015730857849121094,17006.0,0.5516772866249084,213,1
SLIM*SIG1,5715dcc7-1480-11f0-87db-54a95b9ec813,caesarian,1,323,0.4343722462654114,0.020266294479370117,15475.0,0.5516772866249084,213,1
SLIM*SIG1,5715dcc7-1480-11f0-87db-54a95b9ec813,caesarian,1,324,0.4343722462654114,0.011565208435058594,15394.0,0.5516772866249084,213,1
SLIM*SIG1,5715dcc7-1480-11f0-87db-54a95b9ec813,caesarian,1,325,0.4343722462654114,0.005014181137084961,15297.0,0.5516772866249084,213,1
SLIM*SIG1,5715dcc7-1480-11f0-87db-54a95b9ec813,caesarian,1,326,0.4343722462654114,0.027332067489624023,15354.0,0.5516772866249084,213,1
SLIM*SIG1,5715dcc7-1480-11f0-87db-54a95b9ec813,caesarian,1,327,0.4343722462654114,0.010915517807006836,15853.0,0.5516772866249084,213,1
SLIM*SIG1,5715dcc7-1480-11f0-87db-54a95b9ec813,caesarian,1,328,0.4343722462654114,0.013340950012207031,15643.0,0.5516772866249084,213,1
SLIM*SIG1,5715dcc7-1480-11f0-87db-54a95b9ec813,caesarian,1,329,0.4343722462654114,0.015263557434082031,16586.0,0.5516772866249084,213,1
SLIM*SIG1,5715dcc7-1480-11f0-87db-54a95b9ec813,caesarian,1,330,0.4343722462654114,0.013419628143310547,18318.0,0.5516772866249084,213,1
SLIM*SIG1,5715dcc7-1480-11f0-87db-54a95b9ec813,caesarian,1,331,0.4343722462654114,0.014360427856445312,19480.0,0.5516772866249084,213,1
SLIM*SIG1,5715dcc7-1480-11f0-87db-54a95b9ec813,caesarian,1,332,0.4343722462654114,0.014880895614624023,20606.0,0.5516772866249084,213,1
SLIM*SIG1,5715dcc7-1480-11f0-87db-54a95b9ec813,caesarian,1,333,0.4343722462654114,0.006081342697143555,21345.0,0.5516772866249084,213,1
SLIM*SIG1,5715dcc7-1480-11f0-87db-54a95b9ec813,caesarian,1,334,0.4343722462654114,0.021478652954101562,21054.0,0.5516772866249084,213,1
SLIM*SIG1,5715dcc7-1480-11f0-87db-54a95b9ec813,caesarian,1,335,0.4343722462654114,0.006595611572265625,21322.0,0.5516772866249084,213,1
SLIM*SIG1,5715dcc7-1480-11f0-87db-54a95b9ec813,caesarian,1,336,0.4343722462654114,0.015121221542358398,22140.0,0.5516772866249084,213,1
SLIM*SIG1,5715dcc7-1480-11f0-87db-54a95b9ec813,caesarian,1,337,0.4343722462654114,0.017536401748657227,22645.0,0.5516772866249084,213,1
SLIM*SIG1,5715dcc7-1480-11f0-87db-54a95b9ec813,caesarian,1,338,0.4343722462654114,0.015617609024047852,22818.0,0.5516772866249084,213,1
SLIM*SIG1,5715dcc7-1480-11f0-87db-54a95b9ec813,caesarian,1,339,0.4343722462654114,0.02245330810546875,22104.0,0.5516772866249084,213,1
SLIM*SIG1,5715dcc7-1480-11f0-87db-54a95b9ec813,caesarian,1,340,0.4343722462654114,0.015833139419555664,22173.0,0.5516772866249084,213,1
SLIM*SIG1,5715dcc7-1480-11f0-87db-54a95b9ec813,caesarian,1,341,0.4343722462654114,0.012296676635742188,21503.0,0.5516772866249084,213,1
SLIM*SIG1,5715dcc7-1480-11f0-87db-54a95b9ec813,caesarian,1,342,0.4343722462654114,0.015108823776245117,22279.0,0.5516772866249084,213,1
SLIM*SIG1,5715dcc7-1480-11f0-87db-54a95b9ec813,caesarian,1,343,0.4343722462654114,0.017869234085083008,23094.0,0.5516772866249084,213,1
SLIM*SIG1,5715dcc7-1480-11f0-87db-54a95b9ec813,caesarian,1,344,0.4343722462654114,0.0,23169.0,0.5516772866249084,213,1
SLIM*SIG1,5715dcc7-1480-11f0-87db-54a95b9ec813,caesarian,1,345,0.4343722462654114,0.0,22853.0,0.5516772866249084,213,1
SLIM*SIG1,5715dcc7-1480-11f0-87db-54a95b9ec813,caesarian,1,346,0.4343722462654114,0.013203620910644531,21385.0,0.5516772866249084,213,1
SLIM*SIG1,5715dcc7-1480-11f0-87db-54a95b9ec813,caesarian,1,347,0.4343722462654114,0.0,20975.0,0.5516772866249084,213,1
SLIM*SIG1,5715dcc7-1480-11f0-87db-54a95b9ec813,caesarian,1,348,0.4343722462654114,0.0068247318267822266,22034.0,0.5516772866249084,213,1
SLIM*SIG1,5715dcc7-1480-11f0-87db-54a95b9ec813,caesarian,1,349,0.4343722462654114,0.015727758407592773,22840.0,0.5516772866249084,213,1
SLIM*SIG1,5715dcc7-1480-11f0-87db-54a95b9ec813,caesarian,1,350,0.4343722462654114,0.017217397689819336,22906.0,0.5516772866249084,213,1
SLIM*SIG1,5715dcc7-1480-11f0-87db-54a95b9ec813,caesarian,1,351,0.4343722462654114,0.0,23665.0,0.5516772866249084,213,1
SLIM*SIG1,5715dcc7-1480-11f0-87db-54a95b9ec813,caesarian,1,352,0.4343722462654114,0.015724658966064453,22099.0,0.5516772866249084,213,1
SLIM*SIG1,5715dcc7-1480-11f0-87db-54a95b9ec813,caesarian,1,353,0.4343722462654114,0.023067951202392578,22310.0,0.5516772866249084,213,1
SLIM*SIG1,5715dcc7-1480-11f0-87db-54a95b9ec813,caesarian,1,354,0.4343722462654114,0.015105009078979492,22520.0,0.5516772866249084,213,1
SLIM*SIG1,5715dcc7-1480-11f0-87db-54a95b9ec813,caesarian,1,355,0.4343722462654114,0.01848292350769043,22028.0,0.5516772866249084,213,1
SLIM*SIG1,5715dcc7-1480-11f0-87db-54a95b9ec813,caesarian,1,356,0.4343722462654114,0.005000591278076172,21654.0,0.5516772866249084,213,1
SLIM*SIG1,5715dcc7-1480-11f0-87db-54a95b9ec813,caesarian,1,357,0.4343722462654114,0.02161550521850586,21932.0,0.5516772866249084,213,1
SLIM*SIG1,5715dcc7-1480-11f0-87db-54a95b9ec813,caesarian,1,358,0.4343722462654114,0.014718055725097656,21582.0,0.5516772866249084,213,1
SLIM*SIG1,5715dcc7-1480-11f0-87db-54a95b9ec813,caesarian,1,359,0.4343722462654114,0.01201009750366211,22772.0,0.5516772866249084,213,1
SLIM*SIG1,5715dcc7-1480-11f0-87db-54a95b9ec813,caesarian,1,360,0.4343722462654114,0.014213323593139648,22614.0,0.5516772866249084,213,1
SLIM*SIG1,5715dcc7-1480-11f0-87db-54a95b9ec813,caesarian,1,361,0.4343722462654114,0.002372264862060547,21964.0,0.5516772866249084,213,1
SLIM*SIG1,5715dcc7-1480-11f0-87db-54a95b9ec813,caesarian,1,362,0.4343722462654114,0.023882627487182617,20536.0,0.5516772866249084,213,1
SLIM*SIG1,5715dcc7-1480-11f0-87db-54a95b9ec813,caesarian,1,363,0.4343722462654114,0.008477926254272461,21068.0,0.5516772866249084,213,1
SLIM*SIG1,5715dcc7-1480-11f0-87db-54a95b9ec813,caesarian,1,364,0.4343722462654114,0.015509843826293945,20471.0,0.5516772866249084,213,1
SLIM*SIG1,5715dcc7-1480-11f0-87db-54a95b9ec813,caesarian,1,365,0.4343722462654114,0.006676435470581055,21187.0,0.5516772866249084,213,1
SLIM*SIG1,5715dcc7-1480-11f0-87db-54a95b9ec813,caesarian,1,366,0.4343722462654114,0.018817663192749023,22266.0,0.5516772866249084,213,1
SLIM*SIG1,5715dcc7-1480-11f0-87db-54a95b9ec813,caesarian,1,367,0.4343722462654114,0.011115312576293945,23460.0,0.5516772866249084,213,1
SLIM*SIG1,5715dcc7-1480-11f0-87db-54a95b9ec813,caesarian,1,368,0.4343722462654114,0.0005943775177001953,23108.0,0.5516772866249084,213,1
SLIM*SIG1,5715dcc7-1480-11f0-87db-54a95b9ec813,caesarian,1,369,0.4343722462654114,0.015506982803344727,21966.0,0.5516772866249084,213,1
SLIM*SIG1,5715dcc7-1480-11f0-87db-54a95b9ec813,caesarian,1,370,0.4343722462654114,0.022278547286987305,24007.0,0.5516772866249084,213,1
SLIM*SIG1,5715dcc7-1480-11f0-87db-54a95b9ec813,caesarian,1,371,0.4343722462654114,0.015627145767211914,24235.0,0.5516772866249084,213,1
SLIM*SIG1,5715dcc7-1480-11f0-87db-54a95b9ec813,caesarian,1,372,0.4343722462654114,0.012794971466064453,25285.0,0.5516772866249084,213,1
SLIM*SIG1,5715dcc7-1480-11f0-87db-54a95b9ec813,caesarian,1,373,0.4343722462654114,0.015614509582519531,23879.0,0.5516772866249084,213,1
SLIM*SIG1,5715dcc7-1480-11f0-87db-54a95b9ec813,caesarian,1,374,0.4343722462654114,0.01777362823486328,22580.0,0.5516772866249084,213,1
SLIM*SIG1,5715dcc7-1480-11f0-87db-54a95b9ec813,caesarian,1,375,0.4343722462654114,0.0,21063.0,0.5516772866249084,213,1
SLIM*SIG1,5715dcc7-1480-11f0-87db-54a95b9ec813,caesarian,1,376,0.4343722462654114,0.015531539916992188,21499.0,0.5516772866249084,213,1
SLIM*SIG1,5715dcc7-1480-11f0-87db-54a95b9ec813,caesarian,1,377,0.4343722462654114,0.022294282913208008,21717.0,0.5516772866249084,213,1
SLIM*SIG1,5715dcc7-1480-11f0-87db-54a95b9ec813,caesarian,1,378,0.4343722462654114,0.0,20103.0,0.5516772866249084,213,1
SLIM*SIG1,5715dcc7-1480-11f0-87db-54a95b9ec813,caesarian,1,379,0.4343722462654114,0.015726327896118164,19840.0,0.5516772866249084,213,1
SLIM*SIG1,5715dcc7-1480-11f0-87db-54a95b9ec813,caesarian,1,380,0.4343722462654114,0.013088226318359375,20985.0,0.5516772866249084,213,1
SLIM*SIG1,5715dcc7-1480-11f0-87db-54a95b9ec813,caesarian,1,381,0.4343722462654114,0.01601433753967285,22604.0,0.5516772866249084,213,1
SLIM*SIG1,5715dcc7-1480-11f0-87db-54a95b9ec813,caesarian,1,382,0.4343722462654114,0.017100095748901367,22560.0,0.5516772866249084,213,1
SLIM*SIG1,5715dcc7-1480-11f0-87db-54a95b9ec813,caesarian,1,383,0.4343722462654114,0.015615463256835938,24880.0,0.5516772866249084,213,1
SLIM*SIG1,5715dcc7-1480-11f0-87db-54a95b9ec813,caesarian,1,384,0.4343722462654114,0.020429372787475586,25356.0,0.5516772866249084,213,1
SLIM*SIG1,5715dcc7-1480-11f0-87db-54a95b9ec813,caesarian,1,385,0.4343722462654114,0.001146078109741211,26435.0,0.5516772866249084,213,1
SLIM*SIG1,5715dcc7-1480-11f0-87db-54a95b9ec813,caesarian,1,386,0.4343722462654114,0.029251575469970703,26027.0,0.5516772866249084,213,1
SLIM*SIG1,5715dcc7-1480-11f0-87db-54a95b9ec813,caesarian,1,387,0.4343722462654114,0.01663064956665039,26650.0,0.5516772866249084,213,1
SLIM*SIG1,5715dcc7-1480-11f0-87db-54a95b9ec813,caesarian,1,388,0.4343722462654114,0.01741194725036621,27683.0,0.5516772866249084,213,1
SLIM*SIG1,5715dcc7-1480-11f0-87db-54a95b9ec813,caesarian,1,389,0.4343722462654114,0.015286684036254883,29141.0,0.5516772866249084,213,1
SLIM*SIG1,5715dcc7-1480-11f0-87db-54a95b9ec813,caesarian,1,390,0.4343722462654114,0.01621079444885254,29334.0,0.5516772866249084,213,1
SLIM*SIG1,5715dcc7-1480-11f0-87db-54a95b9ec813,caesarian,1,391,0.4343722462654114,0.015803813934326172,29611.0,0.5516772866249084,213,1
SLIM*SIG1,5715dcc7-1480-11f0-87db-54a95b9ec813,caesarian,1,392,0.4343722462654114,0.019526243209838867,29117.0,0.5516772866249084,213,1
SLIM*SIG1,5715dcc7-1480-11f0-87db-54a95b9ec813,caesarian,1,393,0.4343722462654114,0.01627063751220703,28878.0,0.5516772866249084,213,1
SLIM*SIG1,5715dcc7-1480-11f0-87db-54a95b9ec813,caesarian,1,394,0.4343722462654114,0.012578487396240234,27156.0,0.5516772866249084,213,1
SLIM*SIG1,5715dcc7-1480-11f0-87db-54a95b9ec813,caesarian,1,395,0.4343722462654114,0.01511383056640625,28209.0,0.5516772866249084,213,1
SLIM*SIG1,5715dcc7-1480-11f0-87db-54a95b9ec813,caesarian,1,396,0.4343722462654114,0.01794719696044922,26915.0,0.5516772866249084,213,1
SLIM*SIG1,5715dcc7-1480-11f0-87db-54a95b9ec813,caesarian,1,397,0.4343722462654114,0.015036344528198242,28310.0,0.5516772866249084,213,1
SLIM*SIG1,5715dcc7-1480-11f0-87db-54a95b9ec813,caesarian,1,398,0.4343722462654114,0.022655487060546875,27497.0,0.5516772866249084,213,1
SLIM*SIG1,5715dcc7-1480-11f0-87db-54a95b9ec813,caesarian,1,399,0.4343722462654114,0.015573978424072266,27622.0,0.5516772866249084,213,1
SLIM*SIG1,5715dcc7-1480-11f0-87db-54a95b9ec813,caesarian,1,400,0.4343722462654114,0.014811277389526367,25489.0,0.5516772866249084,213,1
SLIM*SIG1,5715dcc7-1480-11f0-87db-54a95b9ec813,caesarian,1,401,0.4343722462654114,0.0,26116.0,0.5516772866249084,213,1
SLIM*SIG1,5715dcc7-1480-11f0-87db-54a95b9ec813,caesarian,1,402,0.4343722462654114,0.015626907348632812,25796.0,0.5516772866249084,213,1
SLIM*SIG1,5715dcc7-1480-11f0-87db-54a95b9ec813,caesarian,1,403,0.4343722462654114,0.01729440689086914,26859.0,0.5516772866249084,213,1
SLIM*SIG1,5715dcc7-1480-11f0-87db-54a95b9ec813,caesarian,1,404,0.4343722462654114,0.015627145767211914,28225.0,0.5516772866249084,213,1
SLIM*SIG1,5715dcc7-1480-11f0-87db-54a95b9ec813,caesarian,1,405,0.4343722462654114,0.027187108993530273,26752.0,0.5516772866249084,213,1
SLIM*SIG1,5715dcc7-1480-11f0-87db-54a95b9ec813,caesarian,1,406,0.4343722462654114,0.015512704849243164,25030.0,0.5516772866249084,213,1
SLIM*SIG1,5715dcc7-1480-11f0-87db-54a95b9ec813,caesarian,1,407,0.4343722462654114,0.018694400787353516,24670.0,0.5516772866249084,213,1
SLIM*SIG1,5715dcc7-1480-11f0-87db-54a95b9ec813,caesarian,1,408,0.4343722462654114,0.01562643051147461,22908.0,0.5516772866249084,213,1
SLIM*SIG1,5715dcc7-1480-11f0-87db-54a95b9ec813,caesarian,1,409,0.4343722462654114,0.015068292617797852,20431.0,0.5516772866249084,213,1
SLIM*SIG1,5715dcc7-1480-11f0-87db-54a95b9ec813,caesarian,1,410,0.4343722462654114,0.016116619110107422,22933.0,0.5516772866249084,213,1
SLIM*SIG1,5715dcc7-1480-11f0-87db-54a95b9ec813,caesarian,1,411,0.4343722462654114,0.017512083053588867,26361.0,0.5516772866249084,213,1
SLIM*SIG1,5715dcc7-1480-11f0-87db-54a95b9ec813,caesarian,1,412,0.4343722462654114,0.014605998992919922,24108.0,0.5516772866249084,213,1
SLIM*SIG1,5715dcc7-1480-11f0-87db-54a95b9ec813,caesarian,1,413,0.4343722462654114,0.014470338821411133,27130.0,0.5516772866249084,213,1
SLIM*SIG1,5715dcc7-1480-11f0-87db-54a95b9ec813,caesarian,1,414,0.4343722462654114,0.015831470489501953,26153.0,0.5516772866249084,213,1
SLIM*SIG1,5715dcc7-1480-11f0-87db-54a95b9ec813,caesarian,1,415,0.4343722462654114,0.015261173248291016,26586.0,0.5516772866249084,213,1
SLIM*SIG1,5715dcc7-1480-11f0-87db-54a95b9ec813,caesarian,1,416,0.4343722462654114,0.004293680191040039,27470.0,0.5516772866249084,213,1
SLIM*SIG1,5715dcc7-1480-11f0-87db-54a95b9ec813,caesarian,1,417,0.4343722462654114,0.026350975036621094,26699.0,0.5516772866249084,213,1
SLIM*SIG1,5715dcc7-1480-11f0-87db-54a95b9ec813,caesarian,1,418,0.4343722462654114,0.01730942726135254,27130.0,0.5516772866249084,213,1
SLIM*SIG1,5715dcc7-1480-11f0-87db-54a95b9ec813,caesarian,1,419,0.4343722462654114,0.01138758659362793,27024.0,0.5516772866249084,213,1
SLIM*SIG1,5715dcc7-1480-11f0-87db-54a95b9ec813,caesarian,1,420,0.4343722462654114,0.01572704315185547,26221.0,0.5516772866249084,213,1
SLIM*SIG1,5715dcc7-1480-11f0-87db-54a95b9ec813,caesarian,1,421,0.4343722462654114,0.017414569854736328,25649.0,0.5516772866249084,213,1
SLIM*SIG1,5715dcc7-1480-11f0-87db-54a95b9ec813,caesarian,1,422,0.4343722462654114,0.015605688095092773,26190.0,0.5516772866249084,213,1
SLIM*SIG1,5715dcc7-1480-11f0-87db-54a95b9ec813,caesarian,1,423,0.4343722462654114,0.015633583068847656,25288.0,0.5516772866249084,213,1
SLIM*SIG1,5715dcc7-1480-11f0-87db-54a95b9ec813,caesarian,1,424,0.4343722462654114,0.006676673889160156,24328.0,0.5516772866249084,213,1
SLIM*SIG1,5715dcc7-1480-11f0-87db-54a95b9ec813,caesarian,1,425,0.4343722462654114,0.015513420104980469,23415.0,0.5516772866249084,213,1
SLIM*SIG1,5715dcc7-1480-11f0-87db-54a95b9ec813,caesarian,1,426,0.4343722462654114,0.013515710830688477,21153.0,0.5516772866249084,213,1
SLIM*SIG1,5715dcc7-1480-11f0-87db-54a95b9ec813,caesarian,1,427,0.4343722462654114,0.015628337860107422,19671.0,0.5516772866249084,213,1
SLIM*SIG1,5715dcc7-1480-11f0-87db-54a95b9ec813,caesarian,1,428,0.4343722462654114,0.01718926429748535,21465.0,0.5516772866249084,213,1
SLIM*SIG1,5715dcc7-1480-11f0-87db-54a95b9ec813,caesarian,1,429,0.4343722462654114,0.0,19999.0,0.5516772866249084,213,1
SLIM*SIG1,5715dcc7-1480-11f0-87db-54a95b9ec813,caesarian,1,430,0.4343722462654114,0.015728235244750977,18830.0,0.5516772866249084,213,1
SLIM*SIG1,5715dcc7-1480-11f0-87db-54a95b9ec813,caesarian,1,431,0.4343722462654114,0.01805877685546875,18905.0,0.5516772866249084,213,1
SLIM*SIG1,5715dcc7-1480-11f0-87db-54a95b9ec813,caesarian,1,432,0.4343722462654114,0.016754627227783203,18982.0,0.5516772866249084,213,1
SLIM*SIG1,5715dcc7-1480-11f0-87db-54a95b9ec813,caesarian,1,433,0.4343722462654114,0.021356582641601562,19441.0,0.5516772866249084,213,1
SLIM*SIG1,5715dcc7-1480-11f0-87db-54a95b9ec813,caesarian,1,434,0.4343722462654114,0.0,20362.0,0.5516772866249084,213,1
SLIM*SIG1,5715dcc7-1480-11f0-87db-54a95b9ec813,caesarian,1,435,0.4343722462654114,0.015005350112915039,21117.0,0.5516772866249084,213,1
SLIM*SIG1,5715dcc7-1480-11f0-87db-54a95b9ec813,caesarian,1,436,0.4343722462654114,0.025281906127929688,20882.0,0.5516772866249084,213,1
SLIM*SIG1,5715dcc7-1480-11f0-87db-54a95b9ec813,caesarian,1,437,0.4343722462654114,0.01199650764465332,19856.0,0.5516772866249084,213,1
SLIM*SIG1,5715dcc7-1480-11f0-87db-54a95b9ec813,caesarian,1,438,0.4343722462654114,0.011895895004272461,17470.0,0.5516772866249084,213,1
SLIM*SIG1,5715dcc7-1480-11f0-87db-54a95b9ec813,caesarian,1,439,0.4343722462654114,0.011108160018920898,16855.0,0.5516772866249084,213,1
SLIM*SIG1,5715dcc7-1480-11f0-87db-54a95b9ec813,caesarian,1,440,0.4343722462654114,0.01261758804321289,19529.0,0.5516772866249084,213,1
SLIM*SIG1,5715dcc7-1480-11f0-87db-54a95b9ec813,caesarian,1,441,0.4343722462654114,0.014105081558227539,19538.0,0.5516772866249084,213,1
SLIM*SIG1,5715dcc7-1480-11f0-87db-54a95b9ec813,caesarian,1,442,0.4343722462654114,0.010996818542480469,19339.0,0.5516772866249084,213,1
SLIM*SIG1,5715dcc7-1480-11f0-87db-54a95b9ec813,caesarian,1,443,0.4343722462654114,0.01268625259399414,18233.0,0.5516772866249084,213,1
SLIM*SIG1,5715dcc7-1480-11f0-87db-54a95b9ec813,caesarian,1,444,0.4343722462654114,0.0,18862.0,0.5516772866249084,213,1
SLIM*SIG1,5715dcc7-1480-11f0-87db-54a95b9ec813,caesarian,1,445,0.4343722462654114,0.015006780624389648,18721.0,0.5516772866249084,213,1
SLIM*SIG1,5715dcc7-1480-11f0-87db-54a95b9ec813,caesarian,1,446,0.4343722462654114,0.017872333526611328,19440.0,0.5516772866249084,213,1
SLIM*SIG1,5715dcc7-1480-11f0-87db-54a95b9ec813,caesarian,1,447,0.4343722462654114,0.017727375030517578,19921.0,0.5516772866249084,213,1
SLIM*SIG1,5715dcc7-1480-11f0-87db-54a95b9ec813,caesarian,1,448,0.4343722462654114,0.0,19482.0,0.5516772866249084,213,1
SLIM*SIG1,5715dcc7-1480-11f0-87db-54a95b9ec813,caesarian,1,449,0.4343722462654114,0.020742416381835938,20249.0,0.5516772866249084,213,1
SLIM*SIG1,5715dcc7-1480-11f0-87db-54a95b9ec813,caesarian,1,450,0.4343722462654114,0.015111207962036133,20441.0,0.5516772866249084,213,1
SLIM*SIG1,5715dcc7-1480-11f0-87db-54a95b9ec813,caesarian,1,451,0.4343722462654114,0.013350486755371094,21122.0,0.5516772866249084,213,1
SLIM*SIG1,5715dcc7-1480-11f0-87db-54a95b9ec813,caesarian,1,452,0.4343722462654114,0.01510763168334961,20943.0,0.5516772866249084,213,1
SLIM*SIG1,5715dcc7-1480-11f0-87db-54a95b9ec813,caesarian,1,453,0.4343722462654114,0.0,20838.0,0.5516772866249084,213,1
SLIM*SIG1,5715dcc7-1480-11f0-87db-54a95b9ec813,caesarian,1,454,0.4343722462654114,0.018459796905517578,20891.0,0.5516772866249084,213,1
SLIM*SIG1,5715dcc7-1480-11f0-87db-54a95b9ec813,caesarian,1,455,0.4343722462654114,0.017356395721435547,20662.0,0.5516772866249084,213,1
SLIM*SIG1,5715dcc7-1480-11f0-87db-54a95b9ec813,caesarian,1,456,0.4343722462654114,0.018846511840820312,20020.0,0.5516772866249084,213,1
SLIM*SIG1,5715dcc7-1480-11f0-87db-54a95b9ec813,caesarian,1,457,0.4343722462654114,0.0021753311157226562,18991.0,0.5516772866249084,213,1
SLIM*SIG1,5715dcc7-1480-11f0-87db-54a95b9ec813,caesarian,1,458,0.4343722462654114,0.015626907348632812,19781.0,0.5516772866249084,213,1
SLIM*SIG1,5715dcc7-1480-11f0-87db-54a95b9ec813,caesarian,1,459,0.4343722462654114,0.01287984848022461,19767.0,0.5516772866249084,213,1
SLIM*SIG1,5715dcc7-1480-11f0-87db-54a95b9ec813,caesarian,1,460,0.4343722462654114,0.01562666893005371,19584.0,0.5516772866249084,213,1
SLIM*SIG1,5715dcc7-1480-11f0-87db-54a95b9ec813,caesarian,1,461,0.4343722462654114,0.01562643051147461,19689.0,0.5516772866249084,213,1
SLIM*SIG1,5715dcc7-1480-11f0-87db-54a95b9ec813,caesarian,1,462,0.4343722462654114,0.0019314289093017578,18864.0,0.5516772866249084,213,1
SLIM*SIG1,5715dcc7-1480-11f0-87db-54a95b9ec813,caesarian,1,463,0.4343722462654114,0.01733708381652832,19501.0,0.5516772866249084,213,1
SLIM*SIG1,5715dcc7-1480-11f0-87db-54a95b9ec813,caesarian,1,464,0.4343722462654114,0.018921613693237305,18214.0,0.5516772866249084,213,1
SLIM*SIG1,5715dcc7-1480-11f0-87db-54a95b9ec813,caesarian,1,465,0.4343722462654114,0.0,18834.0,0.5516772866249084,213,1
SLIM*SIG1,5715dcc7-1480-11f0-87db-54a95b9ec813,caesarian,1,466,0.4343722462654114,0.015111446380615234,18810.0,0.5516772866249084,213,1
SLIM*SIG1,5715dcc7-1480-11f0-87db-54a95b9ec813,caesarian,1,467,0.4343722462654114,0.0131988525390625,18834.0,0.5516772866249084,213,1
SLIM*SIG1,5715dcc7-1480-11f0-87db-54a95b9ec813,caesarian,1,468,0.4343722462654114,0.015111207962036133,18796.0,0.5516772866249084,213,1
SLIM*SIG1,5715dcc7-1480-11f0-87db-54a95b9ec813,caesarian,1,469,0.4343722462654114,0.01832747459411621,18603.0,0.5516772866249084,213,1
SLIM*SIG1,5715dcc7-1480-11f0-87db-54a95b9ec813,caesarian,1,470,0.4343722462654114,0.0,18101.0,0.5516772866249084,213,1
SLIM*SIG1,5715dcc7-1480-11f0-87db-54a95b9ec813,caesarian,1,471,0.4343722462654114,0.01772284507751465,18617.0,0.5516772866249084,213,1
SLIM*SIG1,5715dcc7-1480-11f0-87db-54a95b9ec813,caesarian,1,472,0.4343722462654114,0.02030181884765625,18254.0,0.5516772866249084,213,1
SLIM*SIG1,5715dcc7-1480-11f0-87db-54a95b9ec813,caesarian,1,473,0.4343722462654114,0.015614986419677734,18757.0,0.5516772866249084,213,1
SLIM*SIG1,5715dcc7-1480-11f0-87db-54a95b9ec813,caesarian,1,474,0.4343722462654114,0.012847900390625,18266.0,0.5516772866249084,213,1
SLIM*SIG1,5715dcc7-1480-11f0-87db-54a95b9ec813,caesarian,1,475,0.4343722462654114,0.0,17803.0,0.5516772866249084,213,1
SLIM*SIG1,5715dcc7-1480-11f0-87db-54a95b9ec813,caesarian,1,476,0.4343722462654114,0.027939319610595703,19170.0,0.5516772866249084,213,1
SLIM*SIG1,5715dcc7-1480-11f0-87db-54a95b9ec813,caesarian,1,477,0.4343722462654114,0.01452946662902832,19350.0,0.5516772866249084,213,1
SLIM*SIG1,5715dcc7-1480-11f0-87db-54a95b9ec813,caesarian,1,478,0.4343722462654114,0.0173947811126709,20379.0,0.5516772866249084,213,1
SLIM*SIG1,5715dcc7-1480-11f0-87db-54a95b9ec813,caesarian,1,479,0.4343722462654114,0.016018390655517578,20782.0,0.5516772866249084,213,1
SLIM*SIG1,5715dcc7-1480-11f0-87db-54a95b9ec813,caesarian,1,480,0.4343722462654114,0.014824628829956055,20064.0,0.5516772866249084,213,1
SLIM*SIG1,5715dcc7-1480-11f0-87db-54a95b9ec813,caesarian,1,481,0.4343722462654114,0.015743494033813477,19509.0,0.5516772866249084,213,1
SLIM*SIG1,5715dcc7-1480-11f0-87db-54a95b9ec813,caesarian,1,482,0.4343722462654114,0.013454675674438477,19214.0,0.5516772866249084,213,1
SLIM*SIG1,5715dcc7-1480-11f0-87db-54a95b9ec813,caesarian,1,483,0.4343722462654114,0.01060938835144043,18898.0,0.5516772866249084,213,1
SLIM*SIG1,5715dcc7-1480-11f0-87db-54a95b9ec813,caesarian,1,484,0.4343722462654114,0.017516613006591797,19208.0,0.5516772866249084,213,1
SLIM*SIG1,5715dcc7-1480-11f0-87db-54a95b9ec813,caesarian,1,485,0.4343722462654114,0.013507843017578125,19571.0,0.5516772866249084,213,1
SLIM*SIG1,5715dcc7-1480-11f0-87db-54a95b9ec813,caesarian,1,486,0.4343722462654114,0.002129793167114258,20075.0,0.5516772866249084,213,1
SLIM*SIG1,5715dcc7-1480-11f0-87db-54a95b9ec813,caesarian,1,487,0.4343722462654114,0.015061378479003906,19993.0,0.5516772866249084,213,1
SLIM*SIG1,5715dcc7-1480-11f0-87db-54a95b9ec813,caesarian,1,488,0.4343722462654114,0.021990299224853516,20172.0,0.5516772866249084,213,1
SLIM*SIG1,5715dcc7-1480-11f0-87db-54a95b9ec813,caesarian,1,489,0.4343722462654114,0.0167691707611084,19359.0,0.5516772866249084,213,1
SLIM*SIG1,5715dcc7-1480-11f0-87db-54a95b9ec813,caesarian,1,490,0.4343722462654114,0.015398025512695312,19073.0,0.5516772866249084,213,1
SLIM*SIG1,5715dcc7-1480-11f0-87db-54a95b9ec813,caesarian,1,491,0.4343722462654114,0.013390541076660156,17797.0,0.5516772866249084,213,1
SLIM*SIG1,5715dcc7-1480-11f0-87db-54a95b9ec813,caesarian,1,492,0.4343722462654114,0.012499570846557617,17739.0,0.5516772866249084,213,1
SLIM*SIG1,5715dcc7-1480-11f0-87db-54a95b9ec813,caesarian,1,493,0.4343722462654114,0.01500248908996582,17265.0,0.5516772866249084,213,1
SLIM*SIG1,5715dcc7-1480-11f0-87db-54a95b9ec813,caesarian,1,494,0.4343722462654114,0.009990453720092773,17255.0,0.5516772866249084,213,1
SLIM*SIG1,5715dcc7-1480-11f0-87db-54a95b9ec813,caesarian,1,495,0.4343722462654114,0.013181686401367188,17466.0,0.5516772866249084,213,1
SLIM*SIG1,5715dcc7-1480-11f0-87db-54a95b9ec813,caesarian,1,496,0.4343722462654114,0.013000011444091797,17525.0,0.5516772866249084,213,1
SLIM*SIG1,5715dcc7-1480-11f0-87db-54a95b9ec813,caesarian,1,497,0.4343722462654114,0.013075590133666992,16941.0,0.5516772866249084,213,1
SLIM*SIG1,5715dcc7-1480-11f0-87db-54a95b9ec813,caesarian,1,498,0.4343722462654114,0.013538837432861328,17601.0,0.5516772866249084,213,1
SLIM*SIG1,5715dcc7-1480-11f0-87db-54a95b9ec813,caesarian,1,499,0.4343722462654114,0.015355348587036133,18021.0,0.5516772866249084,213,1
SLIM*SIG1,5715dcc7-1480-11f0-87db-54a95b9ec813,caesarian,1,500,0.4343722462654114,0.006778717041015625,16371.0,0.5516772866249084,213,1
SLIM*SIG1,5715dcc7-1480-11f0-87db-54a95b9ec813,caesarian,2,0,0.439531147480011,0.016821861267089844,672.0,0.5408721566200256,3,1
SLIM*SIG1,5715dcc7-1480-11f0-87db-54a95b9ec813,caesarian,2,1,0.439531147480011,0.003307342529296875,709.0,0.5408721566200256,3,1
SLIM*SIG1,5715dcc7-1480-11f0-87db-54a95b9ec813,caesarian,2,2,0.439531147480011,0.0,561.0,0.5408721566200256,3,1
SLIM*SIG1,5715dcc7-1480-11f0-87db-54a95b9ec813,caesarian,2,3,0.439531147480011,0.024237394332885742,657.0,0.5408721566200256,3,1
SLIM*SIG1,5715dcc7-1480-11f0-87db-54a95b9ec813,caesarian,2,4,0.4388027787208557,0.00803518295288086,875.0,0.569761335849762,16,1
SLIM*SIG1,5715dcc7-1480-11f0-87db-54a95b9ec813,caesarian,2,5,0.43288546800613403,0.0016179084777832031,856.0,0.615850567817688,55,1
SLIM*SIG1,5715dcc7-1480-11f0-87db-54a95b9ec813,caesarian,2,6,0.43288546800613403,0.0,956.0,0.615850567817688,55,1
SLIM*SIG1,5715dcc7-1480-11f0-87db-54a95b9ec813,caesarian,2,7,0.43288546800613403,0.008116960525512695,891.0,0.615850567817688,55,1
SLIM*SIG1,5715dcc7-1480-11f0-87db-54a95b9ec813,caesarian,2,8,0.43288546800613403,0.012903213500976562,802.0,0.615850567817688,55,1
SLIM*SIG1,5715dcc7-1480-11f0-87db-54a95b9ec813,caesarian,2,9,0.43288546800613403,0.004998445510864258,988.0,0.615850567817688,55,1
SLIM*SIG1,5715dcc7-1480-11f0-87db-54a95b9ec813,caesarian,2,10,0.43288546800613403,0.0,895.0,0.615850567817688,55,1
SLIM*SIG1,5715dcc7-1480-11f0-87db-54a95b9ec813,caesarian,2,11,0.43169376254081726,0.015743255615234375,1255.0,0.6088238954544067,55,1
SLIM*SIG1,5715dcc7-1480-11f0-87db-54a95b9ec813,caesarian,2,12,0.42917400598526,0.011862993240356445,2013.0,0.588422954082489,42,1
SLIM*SIG1,5715dcc7-1480-11f0-87db-54a95b9ec813,caesarian,2,13,0.4287758469581604,0.004393339157104492,2232.0,0.6137522459030151,68,1
SLIM*SIG1,5715dcc7-1480-11f0-87db-54a95b9ec813,caesarian,2,14,0.42628443241119385,0.0,2169.0,0.5948817133903503,44,1
SLIM*SIG1,5715dcc7-1480-11f0-87db-54a95b9ec813,caesarian,2,15,0.42530959844589233,0.015711307525634766,2292.0,0.6034534573554993,57,1
SLIM*SIG1,5715dcc7-1480-11f0-87db-54a95b9ec813,caesarian,2,16,0.42530959844589233,0.00821232795715332,2655.0,0.6034534573554993,57,1
SLIM*SIG1,5715dcc7-1480-11f0-87db-54a95b9ec813,caesarian,2,17,0.42510050535202026,0.0034384727478027344,2655.0,0.6024705767631531,83,1
SLIM*SIG1,5715dcc7-1480-11f0-87db-54a95b9ec813,caesarian,2,18,0.42510050535202026,0.007607460021972656,3012.0,0.6024705767631531,83,1
SLIM*SIG1,5715dcc7-1480-11f0-87db-54a95b9ec813,caesarian,2,19,0.4238971471786499,0.015184879302978516,3159.0,0.5973619818687439,83,1
SLIM*SIG1,5715dcc7-1480-11f0-87db-54a95b9ec813,caesarian,2,20,0.4238700866699219,0.007104158401489258,3417.0,0.5975961089134216,96,1
SLIM*SIG1,5715dcc7-1480-11f0-87db-54a95b9ec813,caesarian,2,21,0.42368918657302856,0.007999420166015625,3360.0,0.5996192097663879,96,1
SLIM*SIG1,5715dcc7-1480-11f0-87db-54a95b9ec813,caesarian,2,22,0.42368918657302856,0.00798177719116211,3464.0,0.5996192097663879,96,1
SLIM*SIG1,5715dcc7-1480-11f0-87db-54a95b9ec813,caesarian,2,23,0.42368918657302856,0.009040355682373047,3042.0,0.5996192097663879,96,1
SLIM*SIG1,5715dcc7-1480-11f0-87db-54a95b9ec813,caesarian,2,24,0.42368918657302856,0.001950979232788086,2703.0,0.5996192097663879,96,1
SLIM*SIG1,5715dcc7-1480-11f0-87db-54a95b9ec813,caesarian,2,25,0.42368918657302856,0.015102624893188477,2874.0,0.5996192097663879,96,1
SLIM*SIG1,5715dcc7-1480-11f0-87db-54a95b9ec813,caesarian,2,26,0.42368918657302856,0.0,2960.0,0.5996192097663879,96,1
SLIM*SIG1,5715dcc7-1480-11f0-87db-54a95b9ec813,caesarian,2,27,0.42368918657302856,0.020528554916381836,3599.0,0.5996192097663879,96,1
SLIM*SIG1,5715dcc7-1480-11f0-87db-54a95b9ec813,caesarian,2,28,0.42294755578041077,0.007997989654541016,4038.0,0.5977112650871277,57,1
SLIM*SIG1,5715dcc7-1480-11f0-87db-54a95b9ec813,caesarian,2,29,0.4221896231174469,0.007742881774902344,3764.0,0.5955513715744019,70,1
SLIM*SIG1,5715dcc7-1480-11f0-87db-54a95b9ec813,caesarian,2,30,0.42207106947898865,0.00801706314086914,4060.0,0.5952101349830627,57,1
SLIM*SIG1,5715dcc7-1480-11f0-87db-54a95b9ec813,caesarian,2,31,0.4201570749282837,0.008884906768798828,4186.0,0.589497983455658,83,1
SLIM*SIG1,5715dcc7-1480-11f0-87db-54a95b9ec813,caesarian,2,32,0.4201570749282837,0.0007627010345458984,4544.0,0.589497983455658,83,1
SLIM*SIG1,5715dcc7-1480-11f0-87db-54a95b9ec813,caesarian,2,33,0.4178870916366577,0.015116453170776367,4585.0,0.5812503695487976,109,1
SLIM*SIG1,5715dcc7-1480-11f0-87db-54a95b9ec813,caesarian,2,34,0.4178870916366577,0.014951467514038086,5128.0,0.5812503695487976,109,1
SLIM*SIG1,5715dcc7-1480-11f0-87db-54a95b9ec813,caesarian,2,35,0.41776585578918457,0.007996559143066406,4959.0,0.5804795622825623,135,1
SLIM*SIG1,5715dcc7-1480-11f0-87db-54a95b9ec813,caesarian,2,36,0.41776585578918457,0.00899815559387207,5371.0,0.5804795622825623,135,1
SLIM*SIG1,5715dcc7-1480-11f0-87db-54a95b9ec813,caesarian,2,37,0.41776585578918457,0.006913900375366211,5470.0,0.5804795622825623,135,1
SLIM*SIG1,5715dcc7-1480-11f0-87db-54a95b9ec813,caesarian,2,38,0.41776585578918457,0.0,5208.0,0.5804795622825623,135,1
SLIM*SIG1,5715dcc7-1480-11f0-87db-54a95b9ec813,caesarian,2,39,0.41776585578918457,0.019226551055908203,5286.0,0.5804795622825623,135,1
SLIM*SIG1,5715dcc7-1480-11f0-87db-54a95b9ec813,caesarian,2,40,0.41776585578918457,0.013730764389038086,5689.0,0.5804795622825623,135,1
SLIM*SIG1,5715dcc7-1480-11f0-87db-54a95b9ec813,caesarian,2,41,0.41776585578918457,0.0,6091.0,0.5804795622825623,135,1
SLIM*SIG1,5715dcc7-1480-11f0-87db-54a95b9ec813,caesarian,2,42,0.41776585578918457,0.021452665328979492,6111.0,0.5804795622825623,135,1
SLIM*SIG1,5715dcc7-1480-11f0-87db-54a95b9ec813,caesarian,2,43,0.41776585578918457,0.01000523567199707,6459.0,0.5804795622825623,135,1
SLIM*SIG1,5715dcc7-1480-11f0-87db-54a95b9ec813,caesarian,2,44,0.41776585578918457,0.012522459030151367,6860.0,0.5804795622825623,135,1
SLIM*SIG1,5715dcc7-1480-11f0-87db-54a95b9ec813,caesarian,2,45,0.41776585578918457,0.011986970901489258,7294.0,0.5804795622825623,135,1
SLIM*SIG1,5715dcc7-1480-11f0-87db-54a95b9ec813,caesarian,2,46,0.41776585578918457,0.011198997497558594,7655.0,0.5804795622825623,135,1
SLIM*SIG1,5715dcc7-1480-11f0-87db-54a95b9ec813,caesarian,2,47,0.41776585578918457,0.004381418228149414,8126.0,0.5804795622825623,135,1
SLIM*SIG1,5715dcc7-1480-11f0-87db-54a95b9ec813,caesarian,2,48,0.41776585578918457,0.0157318115234375,8027.0,0.5804795622825623,135,1
SLIM*SIG1,5715dcc7-1480-11f0-87db-54a95b9ec813,caesarian,2,49,0.41776585578918457,0.014144182205200195,8213.0,0.5804795622825623,135,1
SLIM*SIG1,5715dcc7-1480-11f0-87db-54a95b9ec813,caesarian,2,50,0.41776585578918457,0.0020215511322021484,8493.0,0.5804795622825623,135,1
SLIM*SIG1,5715dcc7-1480-11f0-87db-54a95b9ec813,caesarian,2,51,0.41776585578918457,0.015627145767211914,8816.0,0.5804795622825623,135,1
SLIM*SIG1,5715dcc7-1480-11f0-87db-54a95b9ec813,caesarian,2,52,0.41776585578918457,0.013620853424072266,8988.0,0.5804795622825623,135,1
SLIM*SIG1,5715dcc7-1480-11f0-87db-54a95b9ec813,caesarian,2,53,0.41776585578918457,0.004190683364868164,8777.0,0.5804795622825623,135,1
SLIM*SIG1,5715dcc7-1480-11f0-87db-54a95b9ec813,caesarian,2,54,0.41776585578918457,0.015724897384643555,9062.0,0.5804795622825623,135,1
SLIM*SIG1,5715dcc7-1480-11f0-87db-54a95b9ec813,caesarian,2,55,0.41776585578918457,0.017330408096313477,9216.0,0.5804795622825623,135,1
SLIM*SIG1,5715dcc7-1480-11f0-87db-54a95b9ec813,caesarian,2,56,0.41776585578918457,0.011373281478881836,9480.0,0.5804795622825623,135,1
SLIM*SIG1,5715dcc7-1480-11f0-87db-54a95b9ec813,caesarian,2,57,0.41776585578918457,0.010975360870361328,9174.0,0.5804795622825623,135,1
SLIM*SIG1,5715dcc7-1480-11f0-87db-54a95b9ec813,caesarian,2,58,0.41776585578918457,0.011620283126831055,9863.0,0.5804795622825623,135,1
SLIM*SIG1,5715dcc7-1480-11f0-87db-54a95b9ec813,caesarian,2,59,0.41776585578918457,0.009978771209716797,9957.0,0.5804795622825623,135,1
SLIM*SIG1,5715dcc7-1480-11f0-87db-54a95b9ec813,caesarian,2,60,0.41776585578918457,0.012483358383178711,10211.0,0.5804795622825623,135,1
SLIM*SIG1,5715dcc7-1480-11f0-87db-54a95b9ec813,caesarian,2,61,0.41776585578918457,0.014036178588867188,10186.0,0.5804795622825623,135,1
SLIM*SIG1,5715dcc7-1480-11f0-87db-54a95b9ec813,caesarian,2,62,0.41776585578918457,0.011592626571655273,10692.0,0.5804795622825623,135,1
SLIM*SIG1,5715dcc7-1480-11f0-87db-54a95b9ec813,caesarian,2,63,0.41776585578918457,0.016297578811645508,10878.0,0.5804795622825623,135,1
SLIM*SIG1,5715dcc7-1480-11f0-87db-54a95b9ec813,caesarian,2,64,0.41776585578918457,0.014190435409545898,10642.0,0.5804795622825623,135,1
SLIM*SIG1,5715dcc7-1480-11f0-87db-54a95b9ec813,caesarian,2,65,0.41776585578918457,0.00815129280090332,10838.0,0.5804795622825623,135,1
SLIM*SIG1,5715dcc7-1480-11f0-87db-54a95b9ec813,caesarian,2,66,0.41776585578918457,0.015746116638183594,10367.0,0.5804795622825623,135,1
SLIM*SIG1,5715dcc7-1480-11f0-87db-54a95b9ec813,caesarian,2,67,0.41776585578918457,0.0,10772.0,0.5804795622825623,135,1
SLIM*SIG1,5715dcc7-1480-11f0-87db-54a95b9ec813,caesarian,2,68,0.41776585578918457,0.017964601516723633,10918.0,0.5804795622825623,135,1
SLIM*SIG1,5715dcc7-1480-11f0-87db-54a95b9ec813,caesarian,2,69,0.41776585578918457,0.015609979629516602,10849.0,0.5804795622825623,135,1
SLIM*SIG1,5715dcc7-1480-11f0-87db-54a95b9ec813,caesarian,2,70,0.41776585578918457,0.0157320499420166,10775.0,0.5804795622825623,135,1
SLIM*SIG1,5715dcc7-1480-11f0-87db-54a95b9ec813,caesarian,2,71,0.41776585578918457,0.005730152130126953,10796.0,0.5804795622825623,135,1
SLIM*SIG1,5715dcc7-1480-11f0-87db-54a95b9ec813,caesarian,2,72,0.41776585578918457,0.016231298446655273,10024.0,0.5804795622825623,135,1
SLIM*SIG1,5715dcc7-1480-11f0-87db-54a95b9ec813,caesarian,2,73,0.41776585578918457,0.013069391250610352,9752.0,0.5804795622825623,135,1
SLIM*SIG1,5715dcc7-1480-11f0-87db-54a95b9ec813,caesarian,2,74,0.41776585578918457,0.0,9799.0,0.5804795622825623,135,1
SLIM*SIG1,5715dcc7-1480-11f0-87db-54a95b9ec813,caesarian,2,75,0.41776585578918457,0.01572728157043457,10341.0,0.5804795622825623,135,1
SLIM*SIG1,5715dcc7-1480-11f0-87db-54a95b9ec813,caesarian,2,76,0.41776585578918457,0.015625953674316406,10259.0,0.5804795622825623,135,1
SLIM*SIG1,5715dcc7-1480-11f0-87db-54a95b9ec813,caesarian,2,77,0.41776585578918457,0.0,10719.0,0.5804795622825623,135,1
SLIM*SIG1,5715dcc7-1480-11f0-87db-54a95b9ec813,caesarian,2,78,0.41776585578918457,0.015700340270996094,10505.0,0.5804795622825623,135,1
SLIM*SIG1,5715dcc7-1480-11f0-87db-54a95b9ec813,caesarian,2,79,0.41776585578918457,0.017163753509521484,10747.0,0.5804795622825623,135,1
SLIM*SIG1,5715dcc7-1480-11f0-87db-54a95b9ec813,caesarian,2,80,0.41776585578918457,0.003978729248046875,10438.0,0.5804795622825623,135,1
SLIM*SIG1,5715dcc7-1480-11f0-87db-54a95b9ec813,caesarian,2,81,0.41776585578918457,0.022686481475830078,11080.0,0.5804795622825623,135,1
SLIM*SIG1,5715dcc7-1480-11f0-87db-54a95b9ec813,caesarian,2,82,0.41776585578918457,0.013015031814575195,10631.0,0.5804795622825623,135,1
SLIM*SIG1,5715dcc7-1480-11f0-87db-54a95b9ec813,caesarian,2,83,0.41776585578918457,0.008298397064208984,11090.0,0.5804795622825623,135,1
SLIM*SIG1,5715dcc7-1480-11f0-87db-54a95b9ec813,caesarian,2,84,0.41776585578918457,0.012029647827148438,10978.0,0.5804795622825623,135,1
SLIM*SIG1,5715dcc7-1480-11f0-87db-54a95b9ec813,caesarian,2,85,0.41776585578918457,0.011672735214233398,11198.0,0.5804795622825623,135,1
SLIM*SIG1,5715dcc7-1480-11f0-87db-54a95b9ec813,caesarian,2,86,0.41776585578918457,0.014077901840209961,11516.0,0.5804795622825623,135,1
SLIM*SIG1,5715dcc7-1480-11f0-87db-54a95b9ec813,caesarian,2,87,0.41776585578918457,0.01692986488342285,11169.0,0.5804795622825623,135,1
SLIM*SIG1,5715dcc7-1480-11f0-87db-54a95b9ec813,caesarian,2,88,0.41776585578918457,0.011922597885131836,10976.0,0.5804795622825623,135,1
SLIM*SIG1,5715dcc7-1480-11f0-87db-54a95b9ec813,caesarian,2,89,0.41776585578918457,0.014854669570922852,10776.0,0.5804795622825623,135,1
SLIM*SIG1,5715dcc7-1480-11f0-87db-54a95b9ec813,caesarian,2,90,0.41776585578918457,0.013512849807739258,10506.0,0.5804795622825623,135,1
SLIM*SIG1,5715dcc7-1480-11f0-87db-54a95b9ec813,caesarian,2,91,0.41776585578918457,0.014873504638671875,10653.0,0.5804795622825623,135,1
SLIM*SIG1,5715dcc7-1480-11f0-87db-54a95b9ec813,caesarian,2,92,0.41776585578918457,0.014147043228149414,11109.0,0.5804795622825623,135,1
SLIM*SIG1,5715dcc7-1480-11f0-87db-54a95b9ec813,caesarian,2,93,0.41776585578918457,0.012593507766723633,11467.0,0.5804795622825623,135,1
SLIM*SIG1,5715dcc7-1480-11f0-87db-54a95b9ec813,caesarian,2,94,0.41776585578918457,0.005602359771728516,11329.0,0.5804795622825623,135,1
SLIM*SIG1,5715dcc7-1480-11f0-87db-54a95b9ec813,caesarian,2,95,0.41776585578918457,0.020946025848388672,11802.0,0.5804795622825623,135,1
SLIM*SIG1,5715dcc7-1480-11f0-87db-54a95b9ec813,caesarian,2,96,0.41776585578918457,0.007905006408691406,12413.0,0.5804795622825623,135,1
SLIM*SIG1,5715dcc7-1480-11f0-87db-54a95b9ec813,caesarian,2,97,0.41776585578918457,0.01700139045715332,12023.0,0.5804795622825623,135,1
SLIM*SIG1,5715dcc7-1480-11f0-87db-54a95b9ec813,caesarian,2,98,0.41776585578918457,0.011992454528808594,12393.0,0.5804795622825623,135,1
SLIM*SIG1,5715dcc7-1480-11f0-87db-54a95b9ec813,caesarian,2,99,0.41776585578918457,0.004332304000854492,12029.0,0.5804795622825623,135,1
SLIM*SIG1,5715dcc7-1480-11f0-87db-54a95b9ec813,caesarian,2,100,0.41776585578918457,0.015727758407592773,11703.0,0.5804795622825623,135,1
SLIM*SIG1,5715dcc7-1480-11f0-87db-54a95b9ec813,caesarian,2,101,0.41776585578918457,0.0,11725.0,0.5804795622825623,135,1
SLIM*SIG1,5715dcc7-1480-11f0-87db-54a95b9ec813,caesarian,2,102,0.41776585578918457,0.026723623275756836,12080.0,0.5804795622825623,135,1
SLIM*SIG1,5715dcc7-1480-11f0-87db-54a95b9ec813,caesarian,2,103,0.41776585578918457,0.010817766189575195,11823.0,0.5804795622825623,135,1
SLIM*SIG1,5715dcc7-1480-11f0-87db-54a95b9ec813,caesarian,2,104,0.41776585578918457,0.01099705696105957,12186.0,0.5804795622825623,135,1
SLIM*SIG1,5715dcc7-1480-11f0-87db-54a95b9ec813,caesarian,2,105,0.41776585578918457,0.010712146759033203,11763.0,0.5804795622825623,135,1
SLIM*SIG1,5715dcc7-1480-11f0-87db-54a95b9ec813,caesarian,2,106,0.41776585578918457,0.012891530990600586,11689.0,0.5804795622825623,135,1
SLIM*SIG1,5715dcc7-1480-11f0-87db-54a95b9ec813,caesarian,2,107,0.41776585578918457,0.013860702514648438,11291.0,0.5804795622825623,135,1
SLIM*SIG1,5715dcc7-1480-11f0-87db-54a95b9ec813,caesarian,2,108,0.41776585578918457,0.012330770492553711,11633.0,0.5804795622825623,135,1
SLIM*SIG1,5715dcc7-1480-11f0-87db-54a95b9ec813,caesarian,2,109,0.41776585578918457,0.010891914367675781,11959.0,0.5804795622825623,135,1
SLIM*SIG1,5715dcc7-1480-11f0-87db-54a95b9ec813,caesarian,2,110,0.41776585578918457,0.013011455535888672,11615.0,0.5804795622825623,135,1
SLIM*SIG1,5715dcc7-1480-11f0-87db-54a95b9ec813,caesarian,2,111,0.41776585578918457,0.013068675994873047,11245.0,0.5804795622825623,135,1
SLIM*SIG1,5715dcc7-1480-11f0-87db-54a95b9ec813,caesarian,2,112,0.41776585578918457,0.011392593383789062,10398.0,0.5804795622825623,135,1
SLIM*SIG1,5715dcc7-1480-11f0-87db-54a95b9ec813,caesarian,2,113,0.41776585578918457,0.015506744384765625,10078.0,0.5804795622825623,135,1
SLIM*SIG1,5715dcc7-1480-11f0-87db-54a95b9ec813,caesarian,2,114,0.41776585578918457,0.012096643447875977,10733.0,0.5804795622825623,135,1
SLIM*SIG1,5715dcc7-1480-11f0-87db-54a95b9ec813,caesarian,2,115,0.41776585578918457,0.011998414993286133,11427.0,0.5804795622825623,135,1
SLIM*SIG1,5715dcc7-1480-11f0-87db-54a95b9ec813,caesarian,2,116,0.41776585578918457,0.01110386848449707,11013.0,0.5804795622825623,135,1
SLIM*SIG1,5715dcc7-1480-11f0-87db-54a95b9ec813,caesarian,2,117,0.41776585578918457,0.01373434066772461,11491.0,0.5804795622825623,135,1
SLIM*SIG1,5715dcc7-1480-11f0-87db-54a95b9ec813,caesarian,2,118,0.41776585578918457,0.010998249053955078,11191.0,0.5804795622825623,135,1
SLIM*SIG1,5715dcc7-1480-11f0-87db-54a95b9ec813,caesarian,2,119,0.41776585578918457,0.010615348815917969,10687.0,0.5804795622825623,135,1
SLIM*SIG1,5715dcc7-1480-11f0-87db-54a95b9ec813,caesarian,2,120,0.41776585578918457,0.008284568786621094,10188.0,0.5804795622825623,135,1
SLIM*SIG1,5715dcc7-1480-11f0-87db-54a95b9ec813,caesarian,2,121,0.41776585578918457,0.0,9533.0,0.5804795622825623,135,1
SLIM*SIG1,5715dcc7-1480-11f0-87db-54a95b9ec813,caesarian,2,122,0.41776585578918457,0.015733718872070312,9234.0,0.5804795622825623,135,1
SLIM*SIG1,5715dcc7-1480-11f0-87db-54a95b9ec813,caesarian,2,123,0.41776585578918457,0.013600349426269531,9402.0,0.5804795622825623,135,1
SLIM*SIG1,5715dcc7-1480-11f0-87db-54a95b9ec813,caesarian,2,124,0.41776585578918457,0.015605926513671875,9753.0,0.5804795622825623,135,1
SLIM*SIG1,5715dcc7-1480-11f0-87db-54a95b9ec813,caesarian,2,125,0.41776585578918457,0.0,9160.0,0.5804795622825623,135,1
SLIM*SIG1,5715dcc7-1480-11f0-87db-54a95b9ec813,caesarian,2,126,0.41776585578918457,0.01757216453552246,8868.0,0.5804795622825623,135,1
SLIM*SIG1,5715dcc7-1480-11f0-87db-54a95b9ec813,caesarian,2,127,0.41776585578918457,0.0,8991.0,0.5804795622825623,135,1
SLIM*SIG1,5715dcc7-1480-11f0-87db-54a95b9ec813,caesarian,2,128,0.41776585578918457,0.021669626235961914,8730.0,0.5804795622825623,135,1
SLIM*SIG1,5715dcc7-1480-11f0-87db-54a95b9ec813,caesarian,2,129,0.41776585578918457,0.011293888092041016,8756.0,0.5804795622825623,135,1
SLIM*SIG1,5715dcc7-1480-11f0-87db-54a95b9ec813,caesarian,2,130,0.41776585578918457,0.0045506954193115234,8662.0,0.5804795622825623,135,1
SLIM*SIG1,5715dcc7-1480-11f0-87db-54a95b9ec813,caesarian,2,131,0.41776585578918457,0.015621423721313477,8611.0,0.5804795622825623,135,1
SLIM*SIG1,5715dcc7-1480-11f0-87db-54a95b9ec813,caesarian,2,132,0.41776585578918457,0.0,8708.0,0.5804795622825623,135,1
SLIM*SIG1,5715dcc7-1480-11f0-87db-54a95b9ec813,caesarian,2,133,0.41776585578918457,0.013381719589233398,9094.0,0.5804795622825623,135,1
SLIM*SIG1,5715dcc7-1480-11f0-87db-54a95b9ec813,caesarian,2,134,0.41776585578918457,0.015756607055664062,8887.0,0.5804795622825623,135,1
SLIM*SIG1,5715dcc7-1480-11f0-87db-54a95b9ec813,caesarian,2,135,0.41776585578918457,0.0,8770.0,0.5804795622825623,135,1
SLIM*SIG1,5715dcc7-1480-11f0-87db-54a95b9ec813,caesarian,2,136,0.41776585578918457,0.01649641990661621,9310.0,0.5804795622825623,135,1
SLIM*SIG1,5715dcc7-1480-11f0-87db-54a95b9ec813,caesarian,2,137,0.41776585578918457,0.015006542205810547,9452.0,0.5804795622825623,135,1
SLIM*SIG1,5715dcc7-1480-11f0-87db-54a95b9ec813,caesarian,2,138,0.41776585578918457,0.01591324806213379,9643.0,0.5804795622825623,135,1
SLIM*SIG1,5715dcc7-1480-11f0-87db-54a95b9ec813,caesarian,2,139,0.41776585578918457,0.013026714324951172,10250.0,0.5804795622825623,135,1
SLIM*SIG1,5715dcc7-1480-11f0-87db-54a95b9ec813,caesarian,2,140,0.41776585578918457,0.011994600296020508,10064.0,0.5804795622825623,135,1
SLIM*SIG1,5715dcc7-1480-11f0-87db-54a95b9ec813,caesarian,2,141,0.41776585578918457,0.01320505142211914,9965.0,0.5804795622825623,135,1
SLIM*SIG1,5715dcc7-1480-11f0-87db-54a95b9ec813,caesarian,2,142,0.41776585578918457,0.013420820236206055,10950.0,0.5804795622825623,135,1
SLIM*SIG1,5715dcc7-1480-11f0-87db-54a95b9ec813,caesarian,2,143,0.41776585578918457,0.011890172958374023,11163.0,0.5804795622825623,135,1
SLIM*SIG1,5715dcc7-1480-11f0-87db-54a95b9ec813,caesarian,2,144,0.41776585578918457,0.019370555877685547,12134.0,0.5804795622825623,135,1
SLIM*SIG1,5715dcc7-1480-11f0-87db-54a95b9ec813,caesarian,2,145,0.41776585578918457,0.01127481460571289,12031.0,0.5804795622825623,135,1
SLIM*SIG1,5715dcc7-1480-11f0-87db-54a95b9ec813,caesarian,2,146,0.41776585578918457,0.014290094375610352,11549.0,0.5804795622825623,135,1
SLIM*SIG1,5715dcc7-1480-11f0-87db-54a95b9ec813,caesarian,2,147,0.41776585578918457,0.013385772705078125,11327.0,0.5804795622825623,135,1
SLIM*SIG1,5715dcc7-1480-11f0-87db-54a95b9ec813,caesarian,2,148,0.41776585578918457,0.016908645629882812,11796.0,0.5804795622825623,135,1
SLIM*SIG1,5715dcc7-1480-11f0-87db-54a95b9ec813,caesarian,2,149,0.41776585578918457,0.015042543411254883,11820.0,0.5804795622825623,135,1
SLIM*SIG1,5715dcc7-1480-11f0-87db-54a95b9ec813,caesarian,2,150,0.41776585578918457,0.015307426452636719,11949.0,0.5804795622825623,135,1
SLIM*SIG1,5715dcc7-1480-11f0-87db-54a95b9ec813,caesarian,2,151,0.41776585578918457,0.014168977737426758,11895.0,0.5804795622825623,135,1
SLIM*SIG1,5715dcc7-1480-11f0-87db-54a95b9ec813,caesarian,2,152,0.41776585578918457,0.015258312225341797,11743.0,0.5804795622825623,135,1
SLIM*SIG1,5715dcc7-1480-11f0-87db-54a95b9ec813,caesarian,2,153,0.41776585578918457,0.014235973358154297,11636.0,0.5804795622825623,135,1
SLIM*SIG1,5715dcc7-1480-11f0-87db-54a95b9ec813,caesarian,2,154,0.41776585578918457,0.014450311660766602,11454.0,0.5804795622825623,135,1
SLIM*SIG1,5715dcc7-1480-11f0-87db-54a95b9ec813,caesarian,2,155,0.41776585578918457,0.014104843139648438,11806.0,0.5804795622825623,135,1
SLIM*SIG1,5715dcc7-1480-11f0-87db-54a95b9ec813,caesarian,2,156,0.41776585578918457,0.018619775772094727,11597.0,0.5804795622825623,135,1
SLIM*SIG1,5715dcc7-1480-11f0-87db-54a95b9ec813,caesarian,2,157,0.41776585578918457,0.013150691986083984,11313.0,0.5804795622825623,135,1
SLIM*SIG1,5715dcc7-1480-11f0-87db-54a95b9ec813,caesarian,2,158,0.41776585578918457,0.014074087142944336,11414.0,0.5804795622825623,135,1
SLIM*SIG1,5715dcc7-1480-11f0-87db-54a95b9ec813,caesarian,2,159,0.41776585578918457,0.014785051345825195,11235.0,0.5804795622825623,135,1
SLIM*SIG1,5715dcc7-1480-11f0-87db-54a95b9ec813,caesarian,2,160,0.41776585578918457,0.017006397247314453,10793.0,0.5804795622825623,135,1
SLIM*SIG1,5715dcc7-1480-11f0-87db-54a95b9ec813,caesarian,2,161,0.41776585578918457,0.013999223709106445,11615.0,0.5804795622825623,135,1
SLIM*SIG1,5715dcc7-1480-11f0-87db-54a95b9ec813,caesarian,2,162,0.41776585578918457,0.07230257987976074,11506.0,0.5804795622825623,135,1
SLIM*SIG1,5715dcc7-1480-11f0-87db-54a95b9ec813,caesarian,2,163,0.41776585578918457,0.01850152015686035,12712.0,0.5804795622825623,135,1
SLIM*SIG1,5715dcc7-1480-11f0-87db-54a95b9ec813,caesarian,2,164,0.41776585578918457,0.015005826950073242,12530.0,0.5804795622825623,135,1
SLIM*SIG1,5715dcc7-1480-11f0-87db-54a95b9ec813,caesarian,2,165,0.41776585578918457,0.0,12658.0,0.5804795622825623,135,1
SLIM*SIG1,5715dcc7-1480-11f0-87db-54a95b9ec813,caesarian,2,166,0.41776585578918457,0.018337011337280273,12721.0,0.5804795622825623,135,1
SLIM*SIG1,5715dcc7-1480-11f0-87db-54a95b9ec813,caesarian,2,167,0.41776585578918457,0.021544456481933594,11737.0,0.5804795622825623,135,1
SLIM*SIG1,5715dcc7-1480-11f0-87db-54a95b9ec813,caesarian,2,168,0.41776585578918457,0.011328935623168945,12548.0,0.5804795622825623,135,1
SLIM*SIG1,5715dcc7-1480-11f0-87db-54a95b9ec813,caesarian,2,169,0.41776585578918457,0.015534162521362305,12586.0,0.5804795622825623,135,1
SLIM*SIG1,5715dcc7-1480-11f0-87db-54a95b9ec813,caesarian,2,170,0.41776585578918457,0.01566934585571289,11837.0,0.5804795622825623,135,1
SLIM*SIG1,5715dcc7-1480-11f0-87db-54a95b9ec813,caesarian,2,171,0.41776585578918457,0.007585763931274414,12333.0,0.5804795622825623,135,1
SLIM*SIG1,5715dcc7-1480-11f0-87db-54a95b9ec813,caesarian,2,172,0.41776585578918457,0.015653133392333984,12455.0,0.5804795622825623,135,1
SLIM*SIG1,5715dcc7-1480-11f0-87db-54a95b9ec813,caesarian,2,173,0.41776585578918457,0.015650033950805664,12271.0,0.5804795622825623,135,1
SLIM*SIG1,5715dcc7-1480-11f0-87db-54a95b9ec813,caesarian,2,174,0.41776585578918457,0.0,12673.0,0.5804795622825623,135,1
SLIM*SIG1,5715dcc7-1480-11f0-87db-54a95b9ec813,caesarian,2,175,0.41776585578918457,0.018709659576416016,12431.0,0.5804795622825623,135,1
SLIM*SIG1,5715dcc7-1480-11f0-87db-54a95b9ec813,caesarian,2,176,0.41776585578918457,0.01623225212097168,12794.0,0.5804795622825623,135,1
SLIM*SIG1,5715dcc7-1480-11f0-87db-54a95b9ec813,caesarian,2,177,0.41776585578918457,0.015625715255737305,12739.0,0.5804795622825623,135,1
SLIM*SIG1,5715dcc7-1480-11f0-87db-54a95b9ec813,caesarian,2,178,0.41776585578918457,0.013483285903930664,12534.0,0.5804795622825623,135,1
SLIM*SIG1,5715dcc7-1480-11f0-87db-54a95b9ec813,caesarian,2,179,0.41776585578918457,0.0,12580.0,0.5804795622825623,135,1
SLIM*SIG1,5715dcc7-1480-11f0-87db-54a95b9ec813,caesarian,2,180,0.41776585578918457,0.0156552791595459,12778.0,0.5804795622825623,135,1
SLIM*SIG1,5715dcc7-1480-11f0-87db-54a95b9ec813,caesarian,2,181,0.41776585578918457,0.01718735694885254,13031.0,0.5804795622825623,135,1
SLIM*SIG1,5715dcc7-1480-11f0-87db-54a95b9ec813,caesarian,2,182,0.41776585578918457,0.015114784240722656,12817.0,0.5804795622825623,135,1
SLIM*SIG1,5715dcc7-1480-11f0-87db-54a95b9ec813,caesarian,2,183,0.41776585578918457,0.007111072540283203,12750.0,0.5804795622825623,135,1
SLIM*SIG1,5715dcc7-1480-11f0-87db-54a95b9ec813,caesarian,2,184,0.41776585578918457,0.011276721954345703,11703.0,0.5804795622825623,135,1
SLIM*SIG1,5715dcc7-1480-11f0-87db-54a95b9ec813,caesarian,2,185,0.41776585578918457,0.015045642852783203,11850.0,0.5804795622825623,135,1
SLIM*SIG1,5715dcc7-1480-11f0-87db-54a95b9ec813,caesarian,2,186,0.41776585578918457,0.0,10404.0,0.5804795622825623,135,1
SLIM*SIG1,5715dcc7-1480-11f0-87db-54a95b9ec813,caesarian,2,187,0.41776585578918457,0.02225661277770996,10723.0,0.5804795622825623,135,1
SLIM*SIG1,5715dcc7-1480-11f0-87db-54a95b9ec813,caesarian,2,188,0.41776585578918457,0.0,11143.0,0.5804795622825623,135,1
SLIM*SIG1,5715dcc7-1480-11f0-87db-54a95b9ec813,caesarian,2,189,0.41776585578918457,0.015006303787231445,11325.0,0.5804795622825623,135,1
SLIM*SIG1,5715dcc7-1480-11f0-87db-54a95b9ec813,caesarian,2,190,0.41776585578918457,0.013988971710205078,10985.0,0.5804795622825623,135,1
SLIM*SIG1,5715dcc7-1480-11f0-87db-54a95b9ec813,caesarian,2,191,0.41776585578918457,0.015612363815307617,11629.0,0.5804795622825623,135,1
SLIM*SIG1,5715dcc7-1480-11f0-87db-54a95b9ec813,caesarian,2,192,0.41776585578918457,0.00711369514465332,12197.0,0.5804795622825623,135,1
SLIM*SIG1,5715dcc7-1480-11f0-87db-54a95b9ec813,caesarian,2,193,0.41776585578918457,0.010458946228027344,12778.0,0.5804795622825623,135,1
SLIM*SIG1,5715dcc7-1480-11f0-87db-54a95b9ec813,caesarian,2,194,0.41776585578918457,0.01550745964050293,12764.0,0.5804795622825623,135,1
SLIM*SIG1,5715dcc7-1480-11f0-87db-54a95b9ec813,caesarian,2,195,0.41776585578918457,0.0,11681.0,0.5804795622825623,135,1
SLIM*SIG1,5715dcc7-1480-11f0-87db-54a95b9ec813,caesarian,2,196,0.41776585578918457,0.0237579345703125,11924.0,0.5804795622825623,135,1
SLIM*SIG1,5715dcc7-1480-11f0-87db-54a95b9ec813,caesarian,2,197,0.41776585578918457,0.015726327896118164,11829.0,0.5804795622825623,135,1
SLIM*SIG1,5715dcc7-1480-11f0-87db-54a95b9ec813,caesarian,2,198,0.41776585578918457,0.011799097061157227,11767.0,0.5804795622825623,135,1
SLIM*SIG1,5715dcc7-1480-11f0-87db-54a95b9ec813,caesarian,2,199,0.41776585578918457,0.0,11879.0,0.5804795622825623,135,1
SLIM*SIG1,5715dcc7-1480-11f0-87db-54a95b9ec813,caesarian,2,200,0.41776585578918457,0.022732257843017578,11571.0,0.5804795622825623,135,1
SLIM*SIG1,5715dcc7-1480-11f0-87db-54a95b9ec813,caesarian,2,201,0.41776585578918457,0.012918472290039062,11576.0,0.5804795622825623,135,1
SLIM*SIG1,5715dcc7-1480-11f0-87db-54a95b9ec813,caesarian,2,202,0.41776585578918457,0.010999441146850586,11871.0,0.5804795622825623,135,1
SLIM*SIG1,5715dcc7-1480-11f0-87db-54a95b9ec813,caesarian,2,203,0.41776585578918457,0.01299905776977539,12485.0,0.5804795622825623,135,1
SLIM*SIG1,5715dcc7-1480-11f0-87db-54a95b9ec813,caesarian,2,204,0.41776585578918457,0.012414932250976562,12663.0,0.5804795622825623,135,1
SLIM*SIG1,5715dcc7-1480-11f0-87db-54a95b9ec813,caesarian,2,205,0.41776585578918457,0.016538381576538086,12503.0,0.5804795622825623,135,1
SLIM*SIG1,5715dcc7-1480-11f0-87db-54a95b9ec813,caesarian,2,206,0.41776585578918457,0.012285947799682617,12150.0,0.5804795622825623,135,1
SLIM*SIG1,5715dcc7-1480-11f0-87db-54a95b9ec813,caesarian,2,207,0.41776585578918457,0.012033939361572266,12059.0,0.5804795622825623,135,1
SLIM*SIG1,5715dcc7-1480-11f0-87db-54a95b9ec813,caesarian,2,208,0.41776585578918457,0.012520074844360352,12146.0,0.5804795622825623,135,1
SLIM*SIG1,5715dcc7-1480-11f0-87db-54a95b9ec813,caesarian,2,209,0.41776585578918457,0.036951303482055664,12143.0,0.5804795622825623,135,1
SLIM*SIG1,5715dcc7-1480-11f0-87db-54a95b9ec813,caesarian,2,210,0.41776585578918457,0.025994300842285156,12366.0,0.5804795622825623,135,1
SLIM*SIG1,5715dcc7-1480-11f0-87db-54a95b9ec813,caesarian,2,211,0.41776585578918457,0.015951871871948242,12255.0,0.5804795622825623,135,1
SLIM*SIG1,5715dcc7-1480-11f0-87db-54a95b9ec813,caesarian,2,212,0.41776585578918457,0.017661333084106445,11420.0,0.5804795622825623,135,1
SLIM*SIG1,5715dcc7-1480-11f0-87db-54a95b9ec813,caesarian,2,213,0.41776585578918457,0.015626907348632812,12342.0,0.5804795622825623,135,1
SLIM*SIG1,5715dcc7-1480-11f0-87db-54a95b9ec813,caesarian,2,214,0.41776585578918457,0.02903151512145996,12631.0,0.5804795622825623,135,1
SLIM*SIG1,5715dcc7-1480-11f0-87db-54a95b9ec813,caesarian,2,215,0.41776585578918457,0.020647048950195312,12724.0,0.5804795622825623,135,1
SLIM*SIG1,5715dcc7-1480-11f0-87db-54a95b9ec813,caesarian,2,216,0.41776585578918457,0.01888275146484375,12052.0,0.5804795622825623,135,1
SLIM*SIG1,5715dcc7-1480-11f0-87db-54a95b9ec813,caesarian,2,217,0.41776585578918457,0.013198137283325195,11469.0,0.5804795622825623,135,1
SLIM*SIG1,5715dcc7-1480-11f0-87db-54a95b9ec813,caesarian,2,218,0.41776585578918457,0.015419721603393555,12264.0,0.5804795622825623,135,1
SLIM*SIG1,5715dcc7-1480-11f0-87db-54a95b9ec813,caesarian,2,219,0.41776585578918457,0.01583123207092285,11896.0,0.5804795622825623,135,1
SLIM*SIG1,5715dcc7-1480-11f0-87db-54a95b9ec813,caesarian,2,220,0.41776585578918457,0.013227701187133789,11278.0,0.5804795622825623,135,1
SLIM*SIG1,5715dcc7-1480-11f0-87db-54a95b9ec813,caesarian,2,221,0.41776585578918457,0.012263774871826172,12380.0,0.5804795622825623,135,1
SLIM*SIG1,5715dcc7-1480-11f0-87db-54a95b9ec813,caesarian,2,222,0.41776585578918457,0.004575490951538086,13033.0,0.5804795622825623,135,1
SLIM*SIG1,5715dcc7-1480-11f0-87db-54a95b9ec813,caesarian,2,223,0.41776585578918457,0.023529052734375,12767.0,0.5804795622825623,135,1
SLIM*SIG1,5715dcc7-1480-11f0-87db-54a95b9ec813,caesarian,2,224,0.41776585578918457,0.01828598976135254,13137.0,0.5804795622825623,135,1
SLIM*SIG1,5715dcc7-1480-11f0-87db-54a95b9ec813,caesarian,2,225,0.41776585578918457,0.013782978057861328,13012.0,0.5804795622825623,135,1
SLIM*SIG1,5715dcc7-1480-11f0-87db-54a95b9ec813,caesarian,2,226,0.41776585578918457,0.014490604400634766,13463.0,0.5804795622825623,135,1
SLIM*SIG1,5715dcc7-1480-11f0-87db-54a95b9ec813,caesarian,2,227,0.41776585578918457,0.014735221862792969,13389.0,0.5804795622825623,135,1
SLIM*SIG1,5715dcc7-1480-11f0-87db-54a95b9ec813,caesarian,2,228,0.41776585578918457,0.014117240905761719,12825.0,0.5804795622825623,135,1
SLIM*SIG1,5715dcc7-1480-11f0-87db-54a95b9ec813,caesarian,2,229,0.41776585578918457,0.01400446891784668,12940.0,0.5804795622825623,135,1
SLIM*SIG1,5715dcc7-1480-11f0-87db-54a95b9ec813,caesarian,2,230,0.41776585578918457,0.014529705047607422,13148.0,0.5804795622825623,135,1
SLIM*SIG1,5715dcc7-1480-11f0-87db-54a95b9ec813,caesarian,2,231,0.41776585578918457,0.01899886131286621,13339.0,0.5804795622825623,135,1
SLIM*SIG1,5715dcc7-1480-11f0-87db-54a95b9ec813,caesarian,2,232,0.41776585578918457,0.013156652450561523,13268.0,0.5804795622825623,135,1
SLIM*SIG1,5715dcc7-1480-11f0-87db-54a95b9ec813,caesarian,2,233,0.41776585578918457,0.017181873321533203,13160.0,0.5804795622825623,135,1
SLIM*SIG1,5715dcc7-1480-11f0-87db-54a95b9ec813,caesarian,2,234,0.41776585578918457,0.013413190841674805,12812.0,0.5804795622825623,135,1
SLIM*SIG1,5715dcc7-1480-11f0-87db-54a95b9ec813,caesarian,2,235,0.41776585578918457,0.013719797134399414,12029.0,0.5804795622825623,135,1
SLIM*SIG1,5715dcc7-1480-11f0-87db-54a95b9ec813,caesarian,2,236,0.41776585578918457,0.010519027709960938,12077.0,0.5804795622825623,135,1
SLIM*SIG1,5715dcc7-1480-11f0-87db-54a95b9ec813,caesarian,2,237,0.41776585578918457,0.011827945709228516,12662.0,0.5804795622825623,135,1
SLIM*SIG1,5715dcc7-1480-11f0-87db-54a95b9ec813,caesarian,2,238,0.41776585578918457,0.012459993362426758,12649.0,0.5804795622825623,135,1
SLIM*SIG1,5715dcc7-1480-11f0-87db-54a95b9ec813,caesarian,2,239,0.41776585578918457,0.01155710220336914,12646.0,0.5804795622825623,135,1
SLIM*SIG1,5715dcc7-1480-11f0-87db-54a95b9ec813,caesarian,2,240,0.41776585578918457,0.013787984848022461,12805.0,0.5804795622825623,135,1
SLIM*SIG1,5715dcc7-1480-11f0-87db-54a95b9ec813,caesarian,2,241,0.41776585578918457,0.015037775039672852,11831.0,0.5804795622825623,135,1
SLIM*SIG1,5715dcc7-1480-11f0-87db-54a95b9ec813,caesarian,2,242,0.41776585578918457,0.015635967254638672,12800.0,0.5804795622825623,135,1
SLIM*SIG1,5715dcc7-1480-11f0-87db-54a95b9ec813,caesarian,2,243,0.41776585578918457,0.004537343978881836,12983.0,0.5804795622825623,135,1
SLIM*SIG1,5715dcc7-1480-11f0-87db-54a95b9ec813,caesarian,2,244,0.41776585578918457,0.013555288314819336,12412.0,0.5804795622825623,135,1
SLIM*SIG1,5715dcc7-1480-11f0-87db-54a95b9ec813,caesarian,2,245,0.41776585578918457,0.014015436172485352,11348.0,0.5804795622825623,135,1
SLIM*SIG1,5715dcc7-1480-11f0-87db-54a95b9ec813,caesarian,2,246,0.41776585578918457,0.015733003616333008,10722.0,0.5804795622825623,135,1
SLIM*SIG1,5715dcc7-1480-11f0-87db-54a95b9ec813,caesarian,2,247,0.41776585578918457,0.016937732696533203,11361.0,0.5804795622825623,135,1
SLIM*SIG1,5715dcc7-1480-11f0-87db-54a95b9ec813,caesarian,2,248,0.41776585578918457,0.0,11692.0,0.5804795622825623,135,1
SLIM*SIG1,5715dcc7-1480-11f0-87db-54a95b9ec813,caesarian,2,249,0.41776585578918457,0.015729904174804688,11962.0,0.5804795622825623,135,1
SLIM*SIG1,5715dcc7-1480-11f0-87db-54a95b9ec813,caesarian,2,250,0.41776585578918457,0.015634775161743164,12739.0,0.5804795622825623,135,1
SLIM*SIG1,5715dcc7-1480-11f0-87db-54a95b9ec813,caesarian,2,251,0.41776585578918457,0.015617132186889648,13146.0,0.5804795622825623,135,1
SLIM*SIG1,5715dcc7-1480-11f0-87db-54a95b9ec813,caesarian,2,252,0.41776585578918457,0.006609916687011719,12646.0,0.5804795622825623,135,1
SLIM*SIG1,5715dcc7-1480-11f0-87db-54a95b9ec813,caesarian,2,253,0.41776585578918457,0.01505899429321289,12345.0,0.5804795622825623,135,1
SLIM*SIG1,5715dcc7-1480-11f0-87db-54a95b9ec813,caesarian,2,254,0.41776585578918457,0.0,12467.0,0.5804795622825623,135,1
SLIM*SIG1,5715dcc7-1480-11f0-87db-54a95b9ec813,caesarian,2,255,0.41776585578918457,0.0,11353.0,0.5804795622825623,135,1
SLIM*SIG1,5715dcc7-1480-11f0-87db-54a95b9ec813,caesarian,2,256,0.41776585578918457,0.015666484832763672,11060.0,0.5804795622825623,135,1
SLIM*SIG1,5715dcc7-1480-11f0-87db-54a95b9ec813,caesarian,2,257,0.41776585578918457,0.015592575073242188,11405.0,0.5804795622825623,135,1
SLIM*SIG1,5715dcc7-1480-11f0-87db-54a95b9ec813,caesarian,2,258,0.41776585578918457,0.0,10625.0,0.5804795622825623,135,1
SLIM*SIG1,5715dcc7-1480-11f0-87db-54a95b9ec813,caesarian,2,259,0.41776585578918457,0.01757192611694336,10605.0,0.5804795622825623,135,1
SLIM*SIG1,5715dcc7-1480-11f0-87db-54a95b9ec813,caesarian,2,260,0.41776585578918457,0.015504121780395508,10193.0,0.5804795622825623,135,1
SLIM*SIG1,5715dcc7-1480-11f0-87db-54a95b9ec813,caesarian,2,261,0.41776585578918457,0.017425060272216797,11033.0,0.5804795622825623,135,1
SLIM*SIG1,5715dcc7-1480-11f0-87db-54a95b9ec813,caesarian,2,262,0.41776585578918457,0.0028684139251708984,11653.0,0.5804795622825623,135,1
SLIM*SIG1,5715dcc7-1480-11f0-87db-54a95b9ec813,caesarian,2,263,0.41776585578918457,0.015651464462280273,11065.0,0.5804795622825623,135,1
SLIM*SIG1,5715dcc7-1480-11f0-87db-54a95b9ec813,caesarian,2,264,0.41776585578918457,0.015735626220703125,11345.0,0.5804795622825623,135,1
SLIM*SIG1,5715dcc7-1480-11f0-87db-54a95b9ec813,caesarian,2,265,0.41776585578918457,0.0,11835.0,0.5804795622825623,135,1
SLIM*SIG1,5715dcc7-1480-11f0-87db-54a95b9ec813,caesarian,2,266,0.41776585578918457,0.015621423721313477,11387.0,0.5804795622825623,135,1
SLIM*SIG1,5715dcc7-1480-11f0-87db-54a95b9ec813,caesarian,2,267,0.41776585578918457,0.018680810928344727,11068.0,0.5804795622825623,135,1
SLIM*SIG1,5715dcc7-1480-11f0-87db-54a95b9ec813,caesarian,2,268,0.41776585578918457,0.0,11548.0,0.5804795622825623,135,1
SLIM*SIG1,5715dcc7-1480-11f0-87db-54a95b9ec813,caesarian,2,269,0.41776585578918457,0.019613027572631836,12015.0,0.5804795622825623,135,1
SLIM*SIG1,5715dcc7-1480-11f0-87db-54a95b9ec813,caesarian,2,270,0.41776585578918457,0.013712882995605469,10947.0,0.5804795622825623,135,1
SLIM*SIG1,5715dcc7-1480-11f0-87db-54a95b9ec813,caesarian,2,271,0.41776585578918457,0.0,11405.0,0.5804795622825623,135,1
SLIM*SIG1,5715dcc7-1480-11f0-87db-54a95b9ec813,caesarian,2,272,0.41776585578918457,0.015729665756225586,11547.0,0.5804795622825623,135,1
SLIM*SIG1,5715dcc7-1480-11f0-87db-54a95b9ec813,caesarian,2,273,0.41776585578918457,0.016944169998168945,11168.0,0.5804795622825623,135,1
SLIM*SIG1,5715dcc7-1480-11f0-87db-54a95b9ec813,caesarian,2,274,0.41776585578918457,0.0,11157.0,0.5804795622825623,135,1
SLIM*SIG1,5715dcc7-1480-11f0-87db-54a95b9ec813,caesarian,2,275,0.41776585578918457,0.015605449676513672,10675.0,0.5804795622825623,135,1
SLIM*SIG1,5715dcc7-1480-11f0-87db-54a95b9ec813,caesarian,2,276,0.41776585578918457,0.01786184310913086,10687.0,0.5804795622825623,135,1
SLIM*SIG1,5715dcc7-1480-11f0-87db-54a95b9ec813,caesarian,2,277,0.41776585578918457,0.0,11596.0,0.5804795622825623,135,1
SLIM*SIG1,5715dcc7-1480-11f0-87db-54a95b9ec813,caesarian,2,278,0.41776585578918457,0.02023458480834961,11054.0,0.5804795622825623,135,1
SLIM*SIG1,5715dcc7-1480-11f0-87db-54a95b9ec813,caesarian,2,279,0.41776585578918457,0.014214277267456055,10328.0,0.5804795622825623,135,1
SLIM*SIG1,5715dcc7-1480-11f0-87db-54a95b9ec813,caesarian,2,280,0.41776585578918457,0.015636205673217773,9189.0,0.5804795622825623,135,1
SLIM*SIG1,5715dcc7-1480-11f0-87db-54a95b9ec813,caesarian,2,281,0.41776585578918457,0.0,9545.0,0.5804795622825623,135,1
SLIM*SIG1,5715dcc7-1480-11f0-87db-54a95b9ec813,caesarian,2,282,0.41776585578918457,0.01653003692626953,8713.0,0.5804795622825623,135,1
SLIM*SIG1,5715dcc7-1480-11f0-87db-54a95b9ec813,caesarian,2,283,0.41776585578918457,0.015727758407592773,8737.0,0.5804795622825623,135,1
SLIM*SIG1,5715dcc7-1480-11f0-87db-54a95b9ec813,caesarian,2,284,0.41776585578918457,0.015562772750854492,8592.0,0.5804795622825623,135,1
SLIM*SIG1,5715dcc7-1480-11f0-87db-54a95b9ec813,caesarian,2,285,0.41776585578918457,0.0,8649.0,0.5804795622825623,135,1
SLIM*SIG1,5715dcc7-1480-11f0-87db-54a95b9ec813,caesarian,2,286,0.41776585578918457,0.022592782974243164,8474.0,0.5804795622825623,135,1
SLIM*SIG1,5715dcc7-1480-11f0-87db-54a95b9ec813,caesarian,2,287,0.41776585578918457,0.009006738662719727,8232.0,0.5804795622825623,135,1
SLIM*SIG1,5715dcc7-1480-11f0-87db-54a95b9ec813,caesarian,2,288,0.41776585578918457,0.013455867767333984,8580.0,0.5804795622825623,135,1
SLIM*SIG1,5715dcc7-1480-11f0-87db-54a95b9ec813,caesarian,2,289,0.41776585578918457,0.015726327896118164,8637.0,0.5804795622825623,135,1
SLIM*SIG1,5715dcc7-1480-11f0-87db-54a95b9ec813,caesarian,2,290,0.41776585578918457,0.009634971618652344,8221.0,0.5804795622825623,135,1
SLIM*SIG1,5715dcc7-1480-11f0-87db-54a95b9ec813,caesarian,2,291,0.41776585578918457,0.01562643051147461,8678.0,0.5804795622825623,135,1
SLIM*SIG1,5715dcc7-1480-11f0-87db-54a95b9ec813,caesarian,2,292,0.41776585578918457,0.0,8546.0,0.5804795622825623,135,1
SLIM*SIG1,5715dcc7-1480-11f0-87db-54a95b9ec813,caesarian,2,293,0.41776585578918457,0.01805567741394043,8584.0,0.5804795622825623,135,1
SLIM*SIG1,5715dcc7-1480-11f0-87db-54a95b9ec813,caesarian,2,294,0.41776585578918457,0.018634557723999023,8677.0,0.5804795622825623,135,1
SLIM*SIG1,5715dcc7-1480-11f0-87db-54a95b9ec813,caesarian,2,295,0.41776585578918457,0.013051271438598633,9104.0,0.5804795622825623,135,1
SLIM*SIG1,5715dcc7-1480-11f0-87db-54a95b9ec813,caesarian,2,296,0.41776585578918457,0.015627145767211914,9426.0,0.5804795622825623,135,1
SLIM*SIG1,5715dcc7-1480-11f0-87db-54a95b9ec813,caesarian,2,297,0.41776585578918457,0.0,9198.0,0.5804795622825623,135,1
SLIM*SIG1,5715dcc7-1480-11f0-87db-54a95b9ec813,caesarian,2,298,0.41776585578918457,0.01762557029724121,9148.0,0.5804795622825623,135,1
SLIM*SIG1,5715dcc7-1480-11f0-87db-54a95b9ec813,caesarian,2,299,0.41776585578918457,0.015033721923828125,9047.0,0.5804795622825623,135,1
SLIM*SIG1,5715dcc7-1480-11f0-87db-54a95b9ec813,caesarian,2,300,0.41776585578918457,0.015637636184692383,9089.0,0.5804795622825623,135,1
SLIM*SIG1,5715dcc7-1480-11f0-87db-54a95b9ec813,caesarian,2,301,0.41776585578918457,0.0,9249.0,0.5804795622825623,135,1
SLIM*SIG1,5715dcc7-1480-11f0-87db-54a95b9ec813,caesarian,2,302,0.41776585578918457,0.010987043380737305,9576.0,0.5804795622825623,135,1
SLIM*SIG1,5715dcc7-1480-11f0-87db-54a95b9ec813,caesarian,2,303,0.41776585578918457,0.00931549072265625,10134.0,0.5804795622825623,135,1
SLIM*SIG1,5715dcc7-1480-11f0-87db-54a95b9ec813,caesarian,2,304,0.41776585578918457,0.01566767692565918,10990.0,0.5804795622825623,135,1
SLIM*SIG1,5715dcc7-1480-11f0-87db-54a95b9ec813,caesarian,2,305,0.41776585578918457,0.019945859909057617,10784.0,0.5804795622825623,135,1
SLIM*SIG1,5715dcc7-1480-11f0-87db-54a95b9ec813,caesarian,2,306,0.41776585578918457,0.0,11005.0,0.5804795622825623,135,1
SLIM*SIG1,5715dcc7-1480-11f0-87db-54a95b9ec813,caesarian,2,307,0.41776585578918457,0.025974273681640625,10099.0,0.5804795622825623,135,1
SLIM*SIG1,5715dcc7-1480-11f0-87db-54a95b9ec813,caesarian,2,308,0.41776585578918457,0.013082265853881836,10429.0,0.5804795622825623,135,1
SLIM*SIG1,5715dcc7-1480-11f0-87db-54a95b9ec813,caesarian,2,309,0.41776585578918457,0.012298107147216797,10413.0,0.5804795622825623,135,1
SLIM*SIG1,5715dcc7-1480-11f0-87db-54a95b9ec813,caesarian,2,310,0.41776585578918457,0.013884782791137695,10293.0,0.5804795622825623,135,1
SLIM*SIG1,5715dcc7-1480-11f0-87db-54a95b9ec813,caesarian,2,311,0.41776585578918457,0.013213396072387695,11179.0,0.5804795622825623,135,1
SLIM*SIG1,5715dcc7-1480-11f0-87db-54a95b9ec813,caesarian,2,312,0.41776585578918457,0.013214111328125,11381.0,0.5804795622825623,135,1
SLIM*SIG1,5715dcc7-1480-11f0-87db-54a95b9ec813,caesarian,2,313,0.41776585578918457,0.013449430465698242,11393.0,0.5804795622825623,135,1
SLIM*SIG1,5715dcc7-1480-11f0-87db-54a95b9ec813,caesarian,2,314,0.41776585578918457,0.0066297054290771484,10985.0,0.5804795622825623,135,1
SLIM*SIG1,5715dcc7-1480-11f0-87db-54a95b9ec813,caesarian,2,315,0.41776585578918457,0.01360177993774414,10689.0,0.5804795622825623,135,1
SLIM*SIG1,5715dcc7-1480-11f0-87db-54a95b9ec813,caesarian,2,316,0.41776585578918457,0.03132462501525879,10983.0,0.5804795622825623,135,1
SLIM*SIG1,5715dcc7-1480-11f0-87db-54a95b9ec813,caesarian,2,317,0.41776585578918457,0.018184900283813477,11344.0,0.5804795622825623,135,1
SLIM*SIG1,5715dcc7-1480-11f0-87db-54a95b9ec813,caesarian,2,318,0.41776585578918457,0.01780223846435547,12213.0,0.5804795622825623,135,1
SLIM*SIG1,5715dcc7-1480-11f0-87db-54a95b9ec813,caesarian,2,319,0.41776585578918457,0.015269041061401367,10987.0,0.5804795622825623,135,1
SLIM*SIG1,5715dcc7-1480-11f0-87db-54a95b9ec813,caesarian,2,320,0.41776585578918457,0.015106678009033203,11199.0,0.5804795622825623,135,1
SLIM*SIG1,5715dcc7-1480-11f0-87db-54a95b9ec813,caesarian,2,321,0.41776585578918457,0.01700878143310547,11158.0,0.5804795622825623,135,1
SLIM*SIG1,5715dcc7-1480-11f0-87db-54a95b9ec813,caesarian,2,322,0.41776585578918457,0.023514747619628906,11889.0,0.5804795622825623,135,1
SLIM*SIG1,5715dcc7-1480-11f0-87db-54a95b9ec813,caesarian,2,323,0.41776585578918457,0.023472070693969727,12000.0,0.5804795622825623,135,1
SLIM*SIG1,5715dcc7-1480-11f0-87db-54a95b9ec813,caesarian,2,324,0.41776585578918457,0.02500176429748535,12364.0,0.5804795622825623,135,1
SLIM*SIG1,5715dcc7-1480-11f0-87db-54a95b9ec813,caesarian,2,325,0.41776585578918457,0.026491403579711914,12897.0,0.5804795622825623,135,1
SLIM*SIG1,5715dcc7-1480-11f0-87db-54a95b9ec813,caesarian,2,326,0.41776585578918457,0.022083044052124023,11963.0,0.5804795622825623,135,1
SLIM*SIG1,5715dcc7-1480-11f0-87db-54a95b9ec813,caesarian,2,327,0.41776585578918457,0.017743825912475586,11652.0,0.5804795622825623,135,1
SLIM*SIG1,5715dcc7-1480-11f0-87db-54a95b9ec813,caesarian,2,328,0.41776585578918457,0.01526641845703125,11873.0,0.5804795622825623,135,1
SLIM*SIG1,5715dcc7-1480-11f0-87db-54a95b9ec813,caesarian,2,329,0.41776585578918457,0.01622915267944336,12068.0,0.5804795622825623,135,1
SLIM*SIG1,5715dcc7-1480-11f0-87db-54a95b9ec813,caesarian,2,330,0.41776585578918457,0.018038034439086914,11245.0,0.5804795622825623,135,1
SLIM*SIG1,5715dcc7-1480-11f0-87db-54a95b9ec813,caesarian,2,331,0.41776585578918457,0.018982887268066406,11426.0,0.5804795622825623,135,1
SLIM*SIG1,5715dcc7-1480-11f0-87db-54a95b9ec813,caesarian,2,332,0.41776585578918457,0.0,10928.0,0.5804795622825623,135,1
SLIM*SIG1,5715dcc7-1480-11f0-87db-54a95b9ec813,caesarian,2,333,0.41776585578918457,0.014443635940551758,10603.0,0.5804795622825623,135,1
SLIM*SIG1,5715dcc7-1480-11f0-87db-54a95b9ec813,caesarian,2,334,0.41776585578918457,0.013385534286499023,10566.0,0.5804795622825623,135,1
SLIM*SIG1,5715dcc7-1480-11f0-87db-54a95b9ec813,caesarian,2,335,0.41776585578918457,0.014046430587768555,10535.0,0.5804795622825623,135,1
SLIM*SIG1,5715dcc7-1480-11f0-87db-54a95b9ec813,caesarian,2,336,0.41776585578918457,0.01988673210144043,10813.0,0.5804795622825623,135,1
SLIM*SIG1,5715dcc7-1480-11f0-87db-54a95b9ec813,caesarian,2,337,0.41776585578918457,0.018019676208496094,10639.0,0.5804795622825623,135,1
SLIM*SIG1,5715dcc7-1480-11f0-87db-54a95b9ec813,caesarian,2,338,0.41776585578918457,0.017999649047851562,11759.0,0.5804795622825623,135,1
SLIM*SIG1,5715dcc7-1480-11f0-87db-54a95b9ec813,caesarian,2,339,0.41776585578918457,0.017665863037109375,11695.0,0.5804795622825623,135,1
SLIM*SIG1,5715dcc7-1480-11f0-87db-54a95b9ec813,caesarian,2,340,0.41776585578918457,0.02272653579711914,13602.0,0.5804795622825623,135,1
SLIM*SIG1,5715dcc7-1480-11f0-87db-54a95b9ec813,caesarian,2,341,0.41776585578918457,0.01938462257385254,14557.0,0.5804795622825623,135,1
SLIM*SIG1,5715dcc7-1480-11f0-87db-54a95b9ec813,caesarian,2,342,0.41776585578918457,0.018500089645385742,15359.0,0.5804795622825623,135,1
SLIM*SIG1,5715dcc7-1480-11f0-87db-54a95b9ec813,caesarian,2,343,0.41776585578918457,0.0030078887939453125,14271.0,0.5804795622825623,135,1
SLIM*SIG1,5715dcc7-1480-11f0-87db-54a95b9ec813,caesarian,2,344,0.41776585578918457,0.016636133193969727,15096.0,0.5804795622825623,135,1
SLIM*SIG1,5715dcc7-1480-11f0-87db-54a95b9ec813,caesarian,2,345,0.41776585578918457,0.015630483627319336,15094.0,0.5804795622825623,135,1
SLIM*SIG1,5715dcc7-1480-11f0-87db-54a95b9ec813,caesarian,2,346,0.41776585578918457,0.02092742919921875,15384.0,0.5804795622825623,135,1
SLIM*SIG1,5715dcc7-1480-11f0-87db-54a95b9ec813,caesarian,2,347,0.41776585578918457,0.021736621856689453,15592.0,0.5804795622825623,135,1
SLIM*SIG1,5715dcc7-1480-11f0-87db-54a95b9ec813,caesarian,2,348,0.41776585578918457,0.016998291015625,16182.0,0.5804795622825623,135,1
SLIM*SIG1,5715dcc7-1480-11f0-87db-54a95b9ec813,caesarian,2,349,0.41776585578918457,0.014017343521118164,16465.0,0.5804795622825623,135,1
SLIM*SIG1,5715dcc7-1480-11f0-87db-54a95b9ec813,caesarian,2,350,0.41776585578918457,0.011498689651489258,16177.0,0.5804795622825623,135,1
SLIM*SIG1,5715dcc7-1480-11f0-87db-54a95b9ec813,caesarian,2,351,0.41776585578918457,0.024412870407104492,16452.0,0.5804795622825623,135,1
SLIM*SIG1,5715dcc7-1480-11f0-87db-54a95b9ec813,caesarian,2,352,0.41776585578918457,0.007161140441894531,15791.0,0.5804795622825623,135,1
SLIM*SIG1,5715dcc7-1480-11f0-87db-54a95b9ec813,caesarian,2,353,0.41776585578918457,0.015007734298706055,15785.0,0.5804795622825623,135,1
SLIM*SIG1,5715dcc7-1480-11f0-87db-54a95b9ec813,caesarian,2,354,0.41776585578918457,0.0181121826171875,15479.0,0.5804795622825623,135,1
SLIM*SIG1,5715dcc7-1480-11f0-87db-54a95b9ec813,caesarian,2,355,0.41776585578918457,0.015673398971557617,15709.0,0.5804795622825623,135,1
SLIM*SIG1,5715dcc7-1480-11f0-87db-54a95b9ec813,caesarian,2,356,0.41776585578918457,0.017913103103637695,15813.0,0.5804795622825623,135,1
SLIM*SIG1,5715dcc7-1480-11f0-87db-54a95b9ec813,caesarian,2,357,0.41776585578918457,0.015645503997802734,15096.0,0.5804795622825623,135,1
SLIM*SIG1,5715dcc7-1480-11f0-87db-54a95b9ec813,caesarian,2,358,0.41776585578918457,0.014652013778686523,14693.0,0.5804795622825623,135,1
SLIM*SIG1,5715dcc7-1480-11f0-87db-54a95b9ec813,caesarian,2,359,0.41776585578918457,0.002980470657348633,14242.0,0.5804795622825623,135,1
SLIM*SIG1,5715dcc7-1480-11f0-87db-54a95b9ec813,caesarian,2,360,0.41776585578918457,0.02410149574279785,14090.0,0.5804795622825623,135,1
SLIM*SIG1,5715dcc7-1480-11f0-87db-54a95b9ec813,caesarian,2,361,0.41776585578918457,0.01475214958190918,14957.0,0.5804795622825623,135,1
SLIM*SIG1,5715dcc7-1480-11f0-87db-54a95b9ec813,caesarian,2,362,0.41776585578918457,0.014233112335205078,14255.0,0.5804795622825623,135,1
SLIM*SIG1,5715dcc7-1480-11f0-87db-54a95b9ec813,caesarian,2,363,0.41776585578918457,0.014794111251831055,15527.0,0.5804795622825623,135,1
SLIM*SIG1,5715dcc7-1480-11f0-87db-54a95b9ec813,caesarian,2,364,0.41776585578918457,0.014385461807250977,15255.0,0.5804795622825623,135,1
SLIM*SIG1,5715dcc7-1480-11f0-87db-54a95b9ec813,caesarian,2,365,0.41776585578918457,0.017162084579467773,15268.0,0.5804795622825623,135,1
SLIM*SIG1,5715dcc7-1480-11f0-87db-54a95b9ec813,caesarian,2,366,0.41776585578918457,0.02052164077758789,14158.0,0.5804795622825623,135,1
SLIM*SIG1,5715dcc7-1480-11f0-87db-54a95b9ec813,caesarian,2,367,0.41776585578918457,0.014724493026733398,13978.0,0.5804795622825623,135,1
SLIM*SIG1,5715dcc7-1480-11f0-87db-54a95b9ec813,caesarian,2,368,0.41776585578918457,0.0264132022857666,14329.0,0.5804795622825623,135,1
SLIM*SIG1,5715dcc7-1480-11f0-87db-54a95b9ec813,caesarian,2,369,0.41776585578918457,0.016003847122192383,13994.0,0.5804795622825623,135,1
SLIM*SIG1,5715dcc7-1480-11f0-87db-54a95b9ec813,caesarian,2,370,0.41776585578918457,0.016484975814819336,14850.0,0.5804795622825623,135,1
SLIM*SIG1,5715dcc7-1480-11f0-87db-54a95b9ec813,caesarian,2,371,0.41776585578918457,0.014533758163452148,14650.0,0.5804795622825623,135,1
SLIM*SIG1,5715dcc7-1480-11f0-87db-54a95b9ec813,caesarian,2,372,0.41776585578918457,0.014573097229003906,14947.0,0.5804795622825623,135,1
SLIM*SIG1,5715dcc7-1480-11f0-87db-54a95b9ec813,caesarian,2,373,0.41776585578918457,0.004071950912475586,14481.0,0.5804795622825623,135,1
SLIM*SIG1,5715dcc7-1480-11f0-87db-54a95b9ec813,caesarian,2,374,0.41776585578918457,0.029541730880737305,12619.0,0.5804795622825623,135,1
SLIM*SIG1,5715dcc7-1480-11f0-87db-54a95b9ec813,caesarian,2,375,0.41776585578918457,0.014998197555541992,12817.0,0.5804795622825623,135,1
SLIM*SIG1,5715dcc7-1480-11f0-87db-54a95b9ec813,caesarian,2,376,0.41776585578918457,0.016651153564453125,13165.0,0.5804795622825623,135,1
SLIM*SIG1,5715dcc7-1480-11f0-87db-54a95b9ec813,caesarian,2,377,0.41776585578918457,0.01593756675720215,14197.0,0.5804795622825623,135,1
SLIM*SIG1,5715dcc7-1480-11f0-87db-54a95b9ec813,caesarian,2,378,0.41776585578918457,0.015433788299560547,14458.0,0.5804795622825623,135,1
SLIM*SIG1,5715dcc7-1480-11f0-87db-54a95b9ec813,caesarian,2,379,0.41776585578918457,0.015149354934692383,14368.0,0.5804795622825623,135,1
SLIM*SIG1,5715dcc7-1480-11f0-87db-54a95b9ec813,caesarian,2,380,0.41776585578918457,0.017514705657958984,15009.0,0.5804795622825623,135,1
SLIM*SIG1,5715dcc7-1480-11f0-87db-54a95b9ec813,caesarian,2,381,0.41776585578918457,0.01465749740600586,14076.0,0.5804795622825623,135,1
SLIM*SIG1,5715dcc7-1480-11f0-87db-54a95b9ec813,caesarian,2,382,0.41776585578918457,0.013124227523803711,13771.0,0.5804795622825623,135,1
SLIM*SIG1,5715dcc7-1480-11f0-87db-54a95b9ec813,caesarian,2,383,0.41776585578918457,0.012709856033325195,14063.0,0.5804795622825623,135,1
SLIM*SIG1,5715dcc7-1480-11f0-87db-54a95b9ec813,caesarian,2,384,0.41776585578918457,0.010544538497924805,13653.0,0.5804795622825623,135,1
SLIM*SIG1,5715dcc7-1480-11f0-87db-54a95b9ec813,caesarian,2,385,0.41776585578918457,0.017610788345336914,13560.0,0.5804795622825623,135,1
SLIM*SIG1,5715dcc7-1480-11f0-87db-54a95b9ec813,caesarian,2,386,0.41776585578918457,0.014818906784057617,14794.0,0.5804795622825623,135,1
SLIM*SIG1,5715dcc7-1480-11f0-87db-54a95b9ec813,caesarian,2,387,0.41776585578918457,0.014592409133911133,15080.0,0.5804795622825623,135,1
SLIM*SIG1,5715dcc7-1480-11f0-87db-54a95b9ec813,caesarian,2,388,0.41776585578918457,0.014551877975463867,14311.0,0.5804795622825623,135,1
SLIM*SIG1,5715dcc7-1480-11f0-87db-54a95b9ec813,caesarian,2,389,0.41776585578918457,0.017810344696044922,15093.0,0.5804795622825623,135,1
SLIM*SIG1,5715dcc7-1480-11f0-87db-54a95b9ec813,caesarian,2,390,0.41776585578918457,0.018378019332885742,15023.0,0.5804795622825623,135,1
SLIM*SIG1,5715dcc7-1480-11f0-87db-54a95b9ec813,caesarian,2,391,0.41776585578918457,0.007094621658325195,15902.0,0.5804795622825623,135,1
SLIM*SIG1,5715dcc7-1480-11f0-87db-54a95b9ec813,caesarian,2,392,0.41776585578918457,0.015630245208740234,15883.0,0.5804795622825623,135,1
SLIM*SIG1,5715dcc7-1480-11f0-87db-54a95b9ec813,caesarian,2,393,0.41776585578918457,0.016640901565551758,15324.0,0.5804795622825623,135,1
SLIM*SIG1,5715dcc7-1480-11f0-87db-54a95b9ec813,caesarian,2,394,0.41776585578918457,0.014980554580688477,15613.0,0.5804795622825623,135,1
SLIM*SIG1,5715dcc7-1480-11f0-87db-54a95b9ec813,caesarian,2,395,0.41776585578918457,0.011645317077636719,16397.0,0.5804795622825623,135,1
SLIM*SIG1,5715dcc7-1480-11f0-87db-54a95b9ec813,caesarian,2,396,0.41776585578918457,0.016691207885742188,16052.0,0.5804795622825623,135,1
SLIM*SIG1,5715dcc7-1480-11f0-87db-54a95b9ec813,caesarian,2,397,0.41776585578918457,0.016422510147094727,16629.0,0.5804795622825623,135,1
SLIM*SIG1,5715dcc7-1480-11f0-87db-54a95b9ec813,caesarian,2,398,0.41776585578918457,0.01566624641418457,16347.0,0.5804795622825623,135,1
SLIM*SIG1,5715dcc7-1480-11f0-87db-54a95b9ec813,caesarian,2,399,0.41776585578918457,0.015051603317260742,15871.0,0.5804795622825623,135,1
SLIM*SIG1,5715dcc7-1480-11f0-87db-54a95b9ec813,caesarian,2,400,0.41776585578918457,0.015016317367553711,15689.0,0.5804795622825623,135,1
SLIM*SIG1,5715dcc7-1480-11f0-87db-54a95b9ec813,caesarian,2,401,0.41776585578918457,0.015577554702758789,15902.0,0.5804795622825623,135,1
SLIM*SIG1,5715dcc7-1480-11f0-87db-54a95b9ec813,caesarian,2,402,0.41776585578918457,0.010084390640258789,16363.0,0.5804795622825623,135,1
SLIM*SIG1,5715dcc7-1480-11f0-87db-54a95b9ec813,caesarian,2,403,0.41776585578918457,0.016045570373535156,16224.0,0.5804795622825623,135,1
SLIM*SIG1,5715dcc7-1480-11f0-87db-54a95b9ec813,caesarian,2,404,0.41776585578918457,0.010022640228271484,16610.0,0.5804795622825623,135,1
SLIM*SIG1,5715dcc7-1480-11f0-87db-54a95b9ec813,caesarian,2,405,0.41776585578918457,0.01570439338684082,17532.0,0.5804795622825623,135,1
SLIM*SIG1,5715dcc7-1480-11f0-87db-54a95b9ec813,caesarian,2,406,0.41776585578918457,0.01722121238708496,18953.0,0.5804795622825623,135,1
SLIM*SIG1,5715dcc7-1480-11f0-87db-54a95b9ec813,caesarian,2,407,0.41776585578918457,0.01566028594970703,16834.0,0.5804795622825623,135,1
SLIM*SIG1,5715dcc7-1480-11f0-87db-54a95b9ec813,caesarian,2,408,0.41776585578918457,0.014808893203735352,16347.0,0.5804795622825623,135,1
SLIM*SIG1,5715dcc7-1480-11f0-87db-54a95b9ec813,caesarian,2,409,0.41776585578918457,0.021145343780517578,15330.0,0.5804795622825623,135,1
SLIM*SIG1,5715dcc7-1480-11f0-87db-54a95b9ec813,caesarian,2,410,0.41776585578918457,0.017805099487304688,16238.0,0.5804795622825623,135,1
SLIM*SIG1,5715dcc7-1480-11f0-87db-54a95b9ec813,caesarian,2,411,0.41776585578918457,0.01649761199951172,16875.0,0.5804795622825623,135,1
SLIM*SIG1,5715dcc7-1480-11f0-87db-54a95b9ec813,caesarian,2,412,0.41776585578918457,0.007786989212036133,16775.0,0.5804795622825623,135,1
SLIM*SIG1,5715dcc7-1480-11f0-87db-54a95b9ec813,caesarian,2,413,0.41776585578918457,0.025859355926513672,16808.0,0.5804795622825623,135,1
SLIM*SIG1,5715dcc7-1480-11f0-87db-54a95b9ec813,caesarian,2,414,0.41776585578918457,0.016933917999267578,17997.0,0.5804795622825623,135,1
SLIM*SIG1,5715dcc7-1480-11f0-87db-54a95b9ec813,caesarian,2,415,0.41776585578918457,0.019766807556152344,20884.0,0.5804795622825623,135,1
SLIM*SIG1,5715dcc7-1480-11f0-87db-54a95b9ec813,caesarian,2,416,0.41776585578918457,0.016001224517822266,19555.0,0.5804795622825623,135,1
SLIM*SIG1,5715dcc7-1480-11f0-87db-54a95b9ec813,caesarian,2,417,0.41776585578918457,0.01593303680419922,20166.0,0.5804795622825623,135,1
SLIM*SIG1,5715dcc7-1480-11f0-87db-54a95b9ec813,caesarian,2,418,0.41776585578918457,0.015221118927001953,21410.0,0.5804795622825623,135,1
SLIM*SIG1,5715dcc7-1480-11f0-87db-54a95b9ec813,caesarian,2,419,0.41776585578918457,0.021019935607910156,21249.0,0.5804795622825623,135,1
SLIM*SIG1,5715dcc7-1480-11f0-87db-54a95b9ec813,caesarian,2,420,0.41776585578918457,0.01652050018310547,20401.0,0.5804795622825623,135,1
SLIM*SIG1,5715dcc7-1480-11f0-87db-54a95b9ec813,caesarian,2,421,0.41776585578918457,0.018999338150024414,19831.0,0.5804795622825623,135,1
SLIM*SIG1,5715dcc7-1480-11f0-87db-54a95b9ec813,caesarian,2,422,0.41776585578918457,0.01601552963256836,20901.0,0.5804795622825623,135,1
SLIM*SIG1,5715dcc7-1480-11f0-87db-54a95b9ec813,caesarian,2,423,0.41776585578918457,0.01260828971862793,19332.0,0.5804795622825623,135,1
SLIM*SIG1,5715dcc7-1480-11f0-87db-54a95b9ec813,caesarian,2,424,0.41776585578918457,0.015628337860107422,19892.0,0.5804795622825623,135,1
SLIM*SIG1,5715dcc7-1480-11f0-87db-54a95b9ec813,caesarian,2,425,0.41776585578918457,0.01760387420654297,17900.0,0.5804795622825623,135,1
SLIM*SIG1,5715dcc7-1480-11f0-87db-54a95b9ec813,caesarian,2,426,0.41776585578918457,0.016634702682495117,16931.0,0.5804795622825623,135,1
SLIM*SIG1,5715dcc7-1480-11f0-87db-54a95b9ec813,caesarian,2,427,0.41776585578918457,0.015751361846923828,16109.0,0.5804795622825623,135,1
SLIM*SIG1,5715dcc7-1480-11f0-87db-54a95b9ec813,caesarian,2,428,0.41776585578918457,0.001150369644165039,14719.0,0.5804795622825623,135,1
SLIM*SIG1,5715dcc7-1480-11f0-87db-54a95b9ec813,caesarian,2,429,0.41776585578918457,0.027198314666748047,14293.0,0.5804795622825623,135,1
SLIM*SIG1,5715dcc7-1480-11f0-87db-54a95b9ec813,caesarian,2,430,0.41776585578918457,0.0024521350860595703,12121.0,0.5804795622825623,135,1
SLIM*SIG1,5715dcc7-1480-11f0-87db-54a95b9ec813,caesarian,2,431,0.41776585578918457,0.0280153751373291,11724.0,0.5804795622825623,135,1
SLIM*SIG1,5715dcc7-1480-11f0-87db-54a95b9ec813,caesarian,2,432,0.41776585578918457,0.007379055023193359,11081.0,0.5804795622825623,135,1
SLIM*SIG1,5715dcc7-1480-11f0-87db-54a95b9ec813,caesarian,2,433,0.41776585578918457,0.029702425003051758,11015.0,0.5804795622825623,135,1
SLIM*SIG1,5715dcc7-1480-11f0-87db-54a95b9ec813,caesarian,2,434,0.41776585578918457,0.014676094055175781,11451.0,0.5804795622825623,135,1
SLIM*SIG1,5715dcc7-1480-11f0-87db-54a95b9ec813,caesarian,2,435,0.41776585578918457,0.022860288619995117,11746.0,0.5804795622825623,135,1
SLIM*SIG1,5715dcc7-1480-11f0-87db-54a95b9ec813,caesarian,2,436,0.41776585578918457,0.01740574836730957,11652.0,0.5804795622825623,135,1
SLIM*SIG1,5715dcc7-1480-11f0-87db-54a95b9ec813,caesarian,2,437,0.41776585578918457,0.015833139419555664,12079.0,0.5804795622825623,135,1
SLIM*SIG1,5715dcc7-1480-11f0-87db-54a95b9ec813,caesarian,2,438,0.41776585578918457,0.01721954345703125,13450.0,0.5804795622825623,135,1
SLIM*SIG1,5715dcc7-1480-11f0-87db-54a95b9ec813,caesarian,2,439,0.41776585578918457,0.015451192855834961,15303.0,0.5804795622825623,135,1
SLIM*SIG1,5715dcc7-1480-11f0-87db-54a95b9ec813,caesarian,2,440,0.41776585578918457,0.016827821731567383,13818.0,0.5804795622825623,135,1
SLIM*SIG1,5715dcc7-1480-11f0-87db-54a95b9ec813,caesarian,2,441,0.41776585578918457,0.009727954864501953,15869.0,0.5804795622825623,135,1
SLIM*SIG1,5715dcc7-1480-11f0-87db-54a95b9ec813,caesarian,2,442,0.41776585578918457,0.029339075088500977,17733.0,0.5804795622825623,135,1
SLIM*SIG1,5715dcc7-1480-11f0-87db-54a95b9ec813,caesarian,2,443,0.41776585578918457,0.01291036605834961,15540.0,0.5804795622825623,135,1
SLIM*SIG1,5715dcc7-1480-11f0-87db-54a95b9ec813,caesarian,2,444,0.41776585578918457,0.019481897354125977,16162.0,0.5804795622825623,135,1
SLIM*SIG1,5715dcc7-1480-11f0-87db-54a95b9ec813,caesarian,2,445,0.41776585578918457,0.015017032623291016,18520.0,0.5804795622825623,135,1
SLIM*SIG1,5715dcc7-1480-11f0-87db-54a95b9ec813,caesarian,2,446,0.41776585578918457,0.015260934829711914,19796.0,0.5804795622825623,135,1
SLIM*SIG1,5715dcc7-1480-11f0-87db-54a95b9ec813,caesarian,2,447,0.41776585578918457,0.0,20107.0,0.5804795622825623,135,1
SLIM*SIG1,5715dcc7-1480-11f0-87db-54a95b9ec813,caesarian,2,448,0.41776585578918457,0.015627145767211914,21886.0,0.5804795622825623,135,1
SLIM*SIG1,5715dcc7-1480-11f0-87db-54a95b9ec813,caesarian,2,449,0.41776585578918457,0.015627384185791016,21895.0,0.5804795622825623,135,1
SLIM*SIG1,5715dcc7-1480-11f0-87db-54a95b9ec813,caesarian,2,450,0.41776585578918457,0.03937411308288574,22788.0,0.5804795622825623,135,1
SLIM*SIG1,5715dcc7-1480-11f0-87db-54a95b9ec813,caesarian,2,451,0.41776585578918457,0.015623331069946289,23304.0,0.5804795622825623,135,1
SLIM*SIG1,5715dcc7-1480-11f0-87db-54a95b9ec813,caesarian,2,452,0.41776585578918457,0.031247377395629883,21859.0,0.5804795622825623,135,1
SLIM*SIG1,5715dcc7-1480-11f0-87db-54a95b9ec813,caesarian,2,453,0.41776585578918457,0.036589622497558594,20938.0,0.5804795622825623,135,1
SLIM*SIG1,5715dcc7-1480-11f0-87db-54a95b9ec813,caesarian,2,454,0.41776585578918457,0.017694473266601562,21319.0,0.5804795622825623,135,1
SLIM*SIG1,5715dcc7-1480-11f0-87db-54a95b9ec813,caesarian,2,455,0.41776585578918457,0.016720056533813477,20907.0,0.5804795622825623,135,1
SLIM*SIG1,5715dcc7-1480-11f0-87db-54a95b9ec813,caesarian,2,456,0.41776585578918457,0.015648841857910156,22622.0,0.5804795622825623,135,1
SLIM*SIG1,5715dcc7-1480-11f0-87db-54a95b9ec813,caesarian,2,457,0.41776585578918457,0.008353233337402344,23100.0,0.5804795622825623,135,1
SLIM*SIG1,5715dcc7-1480-11f0-87db-54a95b9ec813,caesarian,2,458,0.41776585578918457,0.02811121940612793,24433.0,0.5804795622825623,135,1
SLIM*SIG1,5715dcc7-1480-11f0-87db-54a95b9ec813,caesarian,2,459,0.41776585578918457,0.004740238189697266,25395.0,0.5804795622825623,135,1
SLIM*SIG1,5715dcc7-1480-11f0-87db-54a95b9ec813,caesarian,2,460,0.41776585578918457,0.03440046310424805,24699.0,0.5804795622825623,135,1
SLIM*SIG1,5715dcc7-1480-11f0-87db-54a95b9ec813,caesarian,2,461,0.41776585578918457,0.01562666893005371,24233.0,0.5804795622825623,135,1
SLIM*SIG1,5715dcc7-1480-11f0-87db-54a95b9ec813,caesarian,2,462,0.41776585578918457,0.021023273468017578,23247.0,0.5804795622825623,135,1
SLIM*SIG1,5715dcc7-1480-11f0-87db-54a95b9ec813,caesarian,2,463,0.41776585578918457,0.025921344757080078,23619.0,0.5804795622825623,135,1
SLIM*SIG1,5715dcc7-1480-11f0-87db-54a95b9ec813,caesarian,2,464,0.41776585578918457,0.00707554817199707,23006.0,0.5804795622825623,135,1
SLIM*SIG1,5715dcc7-1480-11f0-87db-54a95b9ec813,caesarian,2,465,0.41776585578918457,0.02803182601928711,23781.0,0.5804795622825623,135,1
SLIM*SIG1,5715dcc7-1480-11f0-87db-54a95b9ec813,caesarian,2,466,0.41776585578918457,0.01566767692565918,24862.0,0.5804795622825623,135,1
SLIM*SIG1,5715dcc7-1480-11f0-87db-54a95b9ec813,caesarian,2,467,0.41776585578918457,0.022588729858398438,26349.0,0.5804795622825623,135,1
SLIM*SIG1,5715dcc7-1480-11f0-87db-54a95b9ec813,caesarian,2,468,0.41776585578918457,0.015511751174926758,25740.0,0.5804795622825623,135,1
SLIM*SIG1,5715dcc7-1480-11f0-87db-54a95b9ec813,caesarian,2,469,0.41776585578918457,0.0035996437072753906,25369.0,0.5804795622825623,135,1
SLIM*SIG1,5715dcc7-1480-11f0-87db-54a95b9ec813,caesarian,2,470,0.41776585578918457,0.015534639358520508,25124.0,0.5804795622825623,135,1
SLIM*SIG1,5715dcc7-1480-11f0-87db-54a95b9ec813,caesarian,2,471,0.41776585578918457,0.021891355514526367,25675.0,0.5804795622825623,135,1
SLIM*SIG1,5715dcc7-1480-11f0-87db-54a95b9ec813,caesarian,2,472,0.41776585578918457,0.015662431716918945,24464.0,0.5804795622825623,135,1
SLIM*SIG1,5715dcc7-1480-11f0-87db-54a95b9ec813,caesarian,2,473,0.41776585578918457,0.015656471252441406,23211.0,0.5804795622825623,135,1
SLIM*SIG1,5715dcc7-1480-11f0-87db-54a95b9ec813,caesarian,2,474,0.41776585578918457,0.015594482421875,22606.0,0.5804795622825623,135,1
SLIM*SIG1,5715dcc7-1480-11f0-87db-54a95b9ec813,caesarian,2,475,0.41776585578918457,0.016012191772460938,22991.0,0.5804795622825623,135,1
SLIM*SIG1,5715dcc7-1480-11f0-87db-54a95b9ec813,caesarian,2,476,0.41776585578918457,0.015635013580322266,23441.0,0.5804795622825623,135,1
SLIM*SIG1,5715dcc7-1480-11f0-87db-54a95b9ec813,caesarian,2,477,0.41776585578918457,0.023027658462524414,23456.0,0.5804795622825623,135,1
SLIM*SIG1,5715dcc7-1480-11f0-87db-54a95b9ec813,caesarian,2,478,0.41776585578918457,0.015632152557373047,24256.0,0.5804795622825623,135,1
SLIM*SIG1,5715dcc7-1480-11f0-87db-54a95b9ec813,caesarian,2,479,0.41776585578918457,0.015622615814208984,23240.0,0.5804795622825623,135,1
SLIM*SIG1,5715dcc7-1480-11f0-87db-54a95b9ec813,caesarian,2,480,0.41776585578918457,0.015648603439331055,23643.0,0.5804795622825623,135,1
SLIM*SIG1,5715dcc7-1480-11f0-87db-54a95b9ec813,caesarian,2,481,0.41776585578918457,0.01602005958557129,24651.0,0.5804795622825623,135,1
SLIM*SIG1,5715dcc7-1480-11f0-87db-54a95b9ec813,caesarian,2,482,0.41776585578918457,0.015633106231689453,25276.0,0.5804795622825623,135,1
SLIM*SIG1,5715dcc7-1480-11f0-87db-54a95b9ec813,caesarian,2,483,0.41776585578918457,0.020108699798583984,25235.0,0.5804795622825623,135,1
SLIM*SIG1,5715dcc7-1480-11f0-87db-54a95b9ec813,caesarian,2,484,0.41776585578918457,0.01563286781311035,24738.0,0.5804795622825623,135,1
SLIM*SIG1,5715dcc7-1480-11f0-87db-54a95b9ec813,caesarian,2,485,0.41776585578918457,0.018288373947143555,24786.0,0.5804795622825623,135,1
SLIM*SIG1,5715dcc7-1480-11f0-87db-54a95b9ec813,caesarian,2,486,0.41776585578918457,0.021994829177856445,23601.0,0.5804795622825623,135,1
SLIM*SIG1,5715dcc7-1480-11f0-87db-54a95b9ec813,caesarian,2,487,0.41776585578918457,0.01924610137939453,23348.0,0.5804795622825623,135,1
SLIM*SIG1,5715dcc7-1480-11f0-87db-54a95b9ec813,caesarian,2,488,0.41776585578918457,0.013067483901977539,25294.0,0.5804795622825623,135,1
SLIM*SIG1,5715dcc7-1480-11f0-87db-54a95b9ec813,caesarian,2,489,0.41776585578918457,0.023667573928833008,25715.0,0.5804795622825623,135,1
SLIM*SIG1,5715dcc7-1480-11f0-87db-54a95b9ec813,caesarian,2,490,0.41776585578918457,0.016239643096923828,25286.0,0.5804795622825623,135,1
SLIM*SIG1,5715dcc7-1480-11f0-87db-54a95b9ec813,caesarian,2,491,0.41776585578918457,0.010348796844482422,25623.0,0.5804795622825623,135,1
SLIM*SIG1,5715dcc7-1480-11f0-87db-54a95b9ec813,caesarian,2,492,0.41776585578918457,0.01792120933532715,24404.0,0.5804795622825623,135,1
SLIM*SIG1,5715dcc7-1480-11f0-87db-54a95b9ec813,caesarian,2,493,0.41776585578918457,0.0001728534698486328,23679.0,0.5804795622825623,135,1
SLIM*SIG1,5715dcc7-1480-11f0-87db-54a95b9ec813,caesarian,2,494,0.41776585578918457,0.015455961227416992,22057.0,0.5804795622825623,135,1
SLIM*SIG1,5715dcc7-1480-11f0-87db-54a95b9ec813,caesarian,2,495,0.41776585578918457,0.015031576156616211,22667.0,0.5804795622825623,135,1
SLIM*SIG1,5715dcc7-1480-11f0-87db-54a95b9ec813,caesarian,2,496,0.41776585578918457,0.015670299530029297,22640.0,0.5804795622825623,135,1
SLIM*SIG1,5715dcc7-1480-11f0-87db-54a95b9ec813,caesarian,2,497,0.41776585578918457,0.015598058700561523,23223.0,0.5804795622825623,135,1
SLIM*SIG1,5715dcc7-1480-11f0-87db-54a95b9ec813,caesarian,2,498,0.41776585578918457,0.01605224609375,22437.0,0.5804795622825623,135,1
SLIM*SIG1,5715dcc7-1480-11f0-87db-54a95b9ec813,caesarian,2,499,0.41776585578918457,0.01563572883605957,22919.0,0.5804795622825623,135,1
SLIM*SIG1,5715dcc7-1480-11f0-87db-54a95b9ec813,caesarian,2,500,0.41776585578918457,0.023299217224121094,24314.0,0.5804795622825623,135,1
SLIM*SIG1,5715dcc7-1480-11f0-87db-54a95b9ec813,caesarian,3,0,0.49396753311157227,0.016359567642211914,674.0,0.5,3,1
SLIM*SIG1,5715dcc7-1480-11f0-87db-54a95b9ec813,caesarian,3,1,0.49396753311157227,0.010048389434814453,837.0,0.5,3,1
SLIM*SIG1,5715dcc7-1480-11f0-87db-54a95b9ec813,caesarian,3,2,0.49396753311157227,0.0092315673828125,902.0,0.5,3,1
SLIM*SIG1,5715dcc7-1480-11f0-87db-54a95b9ec813,caesarian,3,3,0.4935992360115051,0.010545730590820312,1133.0,0.5070374608039856,44,1
SLIM*SIG1,5715dcc7-1480-11f0-87db-54a95b9ec813,caesarian,3,4,0.48337072134017944,0.009083032608032227,934.0,0.4819050431251526,16,1
SLIM*SIG1,5715dcc7-1480-11f0-87db-54a95b9ec813,caesarian,3,5,0.48337072134017944,0.01366281509399414,823.0,0.4819050431251526,16,1
SLIM*SIG1,5715dcc7-1480-11f0-87db-54a95b9ec813,caesarian,3,6,0.48279204964637756,0.008637428283691406,924.0,0.4814990162849426,29,1
SLIM*SIG1,5715dcc7-1480-11f0-87db-54a95b9ec813,caesarian,3,7,0.48122528195381165,0.011574983596801758,1239.0,0.4814990162849426,42,1
SLIM*SIG1,5715dcc7-1480-11f0-87db-54a95b9ec813,caesarian,3,8,0.48122528195381165,0.00801539421081543,1300.0,0.4814990162849426,42,1
SLIM*SIG1,5715dcc7-1480-11f0-87db-54a95b9ec813,caesarian,3,9,0.47794246673583984,0.008980989456176758,1475.0,0.4748247563838959,29,1
SLIM*SIG1,5715dcc7-1480-11f0-87db-54a95b9ec813,caesarian,3,10,0.4733610451221466,0.010109424591064453,1445.0,0.5,16,1
SLIM*SIG1,5715dcc7-1480-11f0-87db-54a95b9ec813,caesarian,3,11,0.4733610451221466,0.0,1447.0,0.5,16,1
SLIM*SIG1,5715dcc7-1480-11f0-87db-54a95b9ec813,caesarian,3,12,0.4733610451221466,0.01565718650817871,1377.0,0.5,16,1
SLIM*SIG1,5715dcc7-1480-11f0-87db-54a95b9ec813,caesarian,3,13,0.4733610451221466,0.008054256439208984,1139.0,0.5,16,1
SLIM*SIG1,5715dcc7-1480-11f0-87db-54a95b9ec813,caesarian,3,14,0.47311970591545105,0.008276224136352539,1436.0,0.5,29,1
SLIM*SIG1,5715dcc7-1480-11f0-87db-54a95b9ec813,caesarian,3,15,0.47311970591545105,0.008432149887084961,1644.0,0.5,29,1
SLIM*SIG1,5715dcc7-1480-11f0-87db-54a95b9ec813,caesarian,3,16,0.47311970591545105,0.007483959197998047,2120.0,0.5,29,1
SLIM*SIG1,5715dcc7-1480-11f0-87db-54a95b9ec813,caesarian,3,17,0.4646071493625641,0.004133939743041992,2066.0,0.5,55,1
SLIM*SIG1,5715dcc7-1480-11f0-87db-54a95b9ec813,caesarian,3,18,0.4646071493625641,0.0,2551.0,0.5,55,1
SLIM*SIG1,5715dcc7-1480-11f0-87db-54a95b9ec813,caesarian,3,19,0.4646071493625641,0.009015321731567383,3021.0,0.5,55,1
SLIM*SIG1,5715dcc7-1480-11f0-87db-54a95b9ec813,caesarian,3,20,0.4641336500644684,0.006815910339355469,3391.0,0.5,68,1
SLIM*SIG1,5715dcc7-1480-11f0-87db-54a95b9ec813,caesarian,3,21,0.4640999436378479,0.01782059669494629,3810.0,0.5,68,1
SLIM*SIG1,5715dcc7-1480-11f0-87db-54a95b9ec813,caesarian,3,22,0.4637974202632904,0.01002049446105957,3744.0,0.5,55,1
SLIM*SIG1,5715dcc7-1480-11f0-87db-54a95b9ec813,caesarian,3,23,0.45778557658195496,0.007236003875732422,3900.0,0.5,94,1
SLIM*SIG1,5715dcc7-1480-11f0-87db-54a95b9ec813,caesarian,3,24,0.45775729417800903,0.011039257049560547,3898.0,0.5,107,1
SLIM*SIG1,5715dcc7-1480-11f0-87db-54a95b9ec813,caesarian,3,25,0.45775729417800903,0.008997678756713867,4000.0,0.5,107,1
SLIM*SIG1,5715dcc7-1480-11f0-87db-54a95b9ec813,caesarian,3,26,0.45775729417800903,0.01021432876586914,3950.0,0.5,107,1
SLIM*SIG1,5715dcc7-1480-11f0-87db-54a95b9ec813,caesarian,3,27,0.45775729417800903,0.004999637603759766,4357.0,0.5,107,1
SLIM*SIG1,5715dcc7-1480-11f0-87db-54a95b9ec813,caesarian,3,28,0.45744606852531433,0.0,4508.0,0.5,94,1
SLIM*SIG1,5715dcc7-1480-11f0-87db-54a95b9ec813,caesarian,3,29,0.45608025789260864,0.024651527404785156,4621.0,0.5,107,1
SLIM*SIG1,5715dcc7-1480-11f0-87db-54a95b9ec813,caesarian,3,30,0.4560315012931824,0.004122257232666016,4771.0,0.5,94,1
SLIM*SIG1,5715dcc7-1480-11f0-87db-54a95b9ec813,caesarian,3,31,0.4560315012931824,0.017207860946655273,4914.0,0.5,94,1
SLIM*SIG1,5715dcc7-1480-11f0-87db-54a95b9ec813,caesarian,3,32,0.4560315012931824,0.011482477188110352,5042.0,0.5,94,1
SLIM*SIG1,5715dcc7-1480-11f0-87db-54a95b9ec813,caesarian,3,33,0.4560315012931824,0.0008924007415771484,5267.0,0.5,94,1
SLIM*SIG1,5715dcc7-1480-11f0-87db-54a95b9ec813,caesarian,3,34,0.4557444155216217,0.02502155303955078,5334.0,0.5,107,1
SLIM*SIG1,5715dcc7-1480-11f0-87db-54a95b9ec813,caesarian,3,35,0.4557444155216217,0.01125025749206543,5297.0,0.5,107,1
SLIM*SIG1,5715dcc7-1480-11f0-87db-54a95b9ec813,caesarian,3,36,0.4557444155216217,0.01053476333618164,5728.0,0.5,107,1
SLIM*SIG1,5715dcc7-1480-11f0-87db-54a95b9ec813,caesarian,3,37,0.4557444155216217,0.009135961532592773,5256.0,0.5,107,1
SLIM*SIG1,5715dcc7-1480-11f0-87db-54a95b9ec813,caesarian,3,38,0.45570871233940125,0.010201215744018555,5544.0,0.5,94,1
SLIM*SIG1,5715dcc7-1480-11f0-87db-54a95b9ec813,caesarian,3,39,0.45570871233940125,0.008997917175292969,5748.0,0.5,94,1
SLIM*SIG1,5715dcc7-1480-11f0-87db-54a95b9ec813,caesarian,3,40,0.4547097384929657,0.008111715316772461,5625.0,0.5,133,1
SLIM*SIG1,5715dcc7-1480-11f0-87db-54a95b9ec813,caesarian,3,41,0.45356979966163635,0.00862431526184082,5497.0,0.5,146,1
SLIM*SIG1,5715dcc7-1480-11f0-87db-54a95b9ec813,caesarian,3,42,0.4530372619628906,0.010999441146850586,5454.0,0.5,120,1
SLIM*SIG1,5715dcc7-1480-11f0-87db-54a95b9ec813,caesarian,3,43,0.4530372619628906,0.01089787483215332,6039.0,0.5,120,1
SLIM*SIG1,5715dcc7-1480-11f0-87db-54a95b9ec813,caesarian,3,44,0.4530372619628906,0.00811314582824707,5950.0,0.5,120,1
SLIM*SIG1,5715dcc7-1480-11f0-87db-54a95b9ec813,caesarian,3,45,0.4530372619628906,0.008000612258911133,5809.0,0.5,120,1
SLIM*SIG1,5715dcc7-1480-11f0-87db-54a95b9ec813,caesarian,3,46,0.4530372619628906,0.009002685546875,5906.0,0.5,120,1
SLIM*SIG1,5715dcc7-1480-11f0-87db-54a95b9ec813,caesarian,3,47,0.4530372619628906,0.008896112442016602,5821.0,0.5,120,1
SLIM*SIG1,5715dcc7-1480-11f0-87db-54a95b9ec813,caesarian,3,48,0.4527439773082733,0.009113311767578125,5847.0,0.5,146,1
SLIM*SIG1,5715dcc7-1480-11f0-87db-54a95b9ec813,caesarian,3,49,0.45269644260406494,0.010152578353881836,5905.0,0.5,133,1
SLIM*SIG1,5715dcc7-1480-11f0-87db-54a95b9ec813,caesarian,3,50,0.45269644260406494,0.010905027389526367,6262.0,0.5,133,1
SLIM*SIG1,5715dcc7-1480-11f0-87db-54a95b9ec813,caesarian,3,51,0.45269644260406494,0.009105443954467773,6364.0,0.5,133,1
SLIM*SIG1,5715dcc7-1480-11f0-87db-54a95b9ec813,caesarian,3,52,0.45246851444244385,0.010020971298217773,6274.0,0.5,161,1
SLIM*SIG1,5715dcc7-1480-11f0-87db-54a95b9ec813,caesarian,3,53,0.45246851444244385,0.010001182556152344,6935.0,0.5,161,1
SLIM*SIG1,5715dcc7-1480-11f0-87db-54a95b9ec813,caesarian,3,54,0.452129065990448,0.008998870849609375,7312.0,0.5,161,1
SLIM*SIG1,5715dcc7-1480-11f0-87db-54a95b9ec813,caesarian,3,55,0.452129065990448,0.00607752799987793,7320.0,0.5,161,1
SLIM*SIG1,5715dcc7-1480-11f0-87db-54a95b9ec813,caesarian,3,56,0.452129065990448,0.0,7183.0,0.5,161,1
SLIM*SIG1,5715dcc7-1480-11f0-87db-54a95b9ec813,caesarian,3,57,0.452129065990448,0.0,7406.0,0.5,161,1
SLIM*SIG1,5715dcc7-1480-11f0-87db-54a95b9ec813,caesarian,3,58,0.452129065990448,0.019315242767333984,7444.0,0.5,161,1
SLIM*SIG1,5715dcc7-1480-11f0-87db-54a95b9ec813,caesarian,3,59,0.4520096778869629,0.00933694839477539,7692.0,0.5,174,1
SLIM*SIG1,5715dcc7-1480-11f0-87db-54a95b9ec813,caesarian,3,60,0.4520096778869629,0.01000356674194336,8056.0,0.5,174,1
SLIM*SIG1,5715dcc7-1480-11f0-87db-54a95b9ec813,caesarian,3,61,0.4520096778869629,0.011514663696289062,8052.0,0.5,174,1
SLIM*SIG1,5715dcc7-1480-11f0-87db-54a95b9ec813,caesarian,3,62,0.4520096778869629,0.010016918182373047,7928.0,0.5,174,1
SLIM*SIG1,5715dcc7-1480-11f0-87db-54a95b9ec813,caesarian,3,63,0.4520096778869629,0.009983301162719727,7731.0,0.5,174,1
SLIM*SIG1,5715dcc7-1480-11f0-87db-54a95b9ec813,caesarian,3,64,0.4520096778869629,0.009998559951782227,7717.0,0.5,174,1
SLIM*SIG1,5715dcc7-1480-11f0-87db-54a95b9ec813,caesarian,3,65,0.4520096778869629,0.002002239227294922,7648.0,0.5,174,1
SLIM*SIG1,5715dcc7-1480-11f0-87db-54a95b9ec813,caesarian,3,66,0.4519406259059906,0.015035867691040039,7797.0,0.5,187,1
SLIM*SIG1,5715dcc7-1480-11f0-87db-54a95b9ec813,caesarian,3,67,0.4519406259059906,0.0,7972.0,0.5,187,1
SLIM*SIG1,5715dcc7-1480-11f0-87db-54a95b9ec813,caesarian,3,68,0.4519406259059906,0.02664780616760254,8234.0,0.5,187,1
SLIM*SIG1,5715dcc7-1480-11f0-87db-54a95b9ec813,caesarian,3,69,0.4519406259059906,0.011217355728149414,8372.0,0.5,187,1
SLIM*SIG1,5715dcc7-1480-11f0-87db-54a95b9ec813,caesarian,3,70,0.4519406259059906,0.009509801864624023,8415.0,0.5,187,1
SLIM*SIG1,5715dcc7-1480-11f0-87db-54a95b9ec813,caesarian,3,71,0.4519406259059906,0.009688138961791992,8469.0,0.5,187,1
SLIM*SIG1,5715dcc7-1480-11f0-87db-54a95b9ec813,caesarian,3,72,0.4519406259059906,0.009997844696044922,9070.0,0.5,187,1
SLIM*SIG1,5715dcc7-1480-11f0-87db-54a95b9ec813,caesarian,3,73,0.4519406259059906,0.011034250259399414,9224.0,0.5,187,1
SLIM*SIG1,5715dcc7-1480-11f0-87db-54a95b9ec813,caesarian,3,74,0.4519406259059906,0.0030431747436523438,8752.0,0.5,187,1
SLIM*SIG1,5715dcc7-1480-11f0-87db-54a95b9ec813,caesarian,3,75,0.4519406259059906,0.01562786102294922,9040.0,0.5,187,1
SLIM*SIG1,5715dcc7-1480-11f0-87db-54a95b9ec813,caesarian,3,76,0.45192116498947144,0.014467239379882812,8659.0,0.5,174,1
SLIM*SIG1,5715dcc7-1480-11f0-87db-54a95b9ec813,caesarian,3,77,0.45192116498947144,0.01258993148803711,8718.0,0.5,174,1
SLIM*SIG1,5715dcc7-1480-11f0-87db-54a95b9ec813,caesarian,3,78,0.4516757130622864,0.008876800537109375,8804.0,0.5,187,1
SLIM*SIG1,5715dcc7-1480-11f0-87db-54a95b9ec813,caesarian,3,79,0.4516757130622864,0.016072511672973633,9097.0,0.5,187,1
SLIM*SIG1,5715dcc7-1480-11f0-87db-54a95b9ec813,caesarian,3,80,0.4514811635017395,0.01099705696105957,9250.0,0.5,200,1
SLIM*SIG1,5715dcc7-1480-11f0-87db-54a95b9ec813,caesarian,3,81,0.4514811635017395,0.008999109268188477,8590.0,0.5,200,1
SLIM*SIG1,5715dcc7-1480-11f0-87db-54a95b9ec813,caesarian,3,82,0.4514811635017395,0.010003805160522461,8626.0,0.5,200,1
SLIM*SIG1,5715dcc7-1480-11f0-87db-54a95b9ec813,caesarian,3,83,0.4514811635017395,0.008985042572021484,8912.0,0.5,200,1
SLIM*SIG1,5715dcc7-1480-11f0-87db-54a95b9ec813,caesarian,3,84,0.4514480531215668,0.009999513626098633,8661.0,0.5,185,1
SLIM*SIG1,5715dcc7-1480-11f0-87db-54a95b9ec813,caesarian,3,85,0.4514480531215668,0.011984109878540039,8759.0,0.5,185,1
SLIM*SIG1,5715dcc7-1480-11f0-87db-54a95b9ec813,caesarian,3,86,0.4514480531215668,0.011822938919067383,8985.0,0.5,185,1
SLIM*SIG1,5715dcc7-1480-11f0-87db-54a95b9ec813,caesarian,3,87,0.4514480531215668,0.014603376388549805,9126.0,0.5,185,1
SLIM*SIG1,5715dcc7-1480-11f0-87db-54a95b9ec813,caesarian,3,88,0.4514480531215668,0.009945869445800781,9035.0,0.5,185,1
SLIM*SIG1,5715dcc7-1480-11f0-87db-54a95b9ec813,caesarian,3,89,0.4514480531215668,0.011904716491699219,9388.0,0.5,185,1
SLIM*SIG1,5715dcc7-1480-11f0-87db-54a95b9ec813,caesarian,3,90,0.4514102041721344,0.010499000549316406,9180.0,0.5,185,1
SLIM*SIG1,5715dcc7-1480-11f0-87db-54a95b9ec813,caesarian,3,91,0.4512168765068054,0.008779525756835938,9193.0,0.5,198,1
SLIM*SIG1,5715dcc7-1480-11f0-87db-54a95b9ec813,caesarian,3,92,0.4512168765068054,0.011977910995483398,8966.0,0.5,198,1
SLIM*SIG1,5715dcc7-1480-11f0-87db-54a95b9ec813,caesarian,3,93,0.4512168765068054,0.010355472564697266,9014.0,0.5,198,1
SLIM*SIG1,5715dcc7-1480-11f0-87db-54a95b9ec813,caesarian,3,94,0.45113658905029297,0.011527776718139648,9016.0,0.5,187,1
SLIM*SIG1,5715dcc7-1480-11f0-87db-54a95b9ec813,caesarian,3,95,0.45113658905029297,0.011340618133544922,9093.0,0.5,187,1
SLIM*SIG1,5715dcc7-1480-11f0-87db-54a95b9ec813,caesarian,3,96,0.45113658905029297,0.011199951171875,9269.0,0.5,187,1
SLIM*SIG1,5715dcc7-1480-11f0-87db-54a95b9ec813,caesarian,3,97,0.45113658905029297,0.001203775405883789,9851.0,0.5,187,1
SLIM*SIG1,5715dcc7-1480-11f0-87db-54a95b9ec813,caesarian,3,98,0.45113658905029297,0.02588486671447754,9940.0,0.5,187,1
SLIM*SIG1,5715dcc7-1480-11f0-87db-54a95b9ec813,caesarian,3,99,0.45113658905029297,0.0112762451171875,9485.0,0.5,187,1
SLIM*SIG1,5715dcc7-1480-11f0-87db-54a95b9ec813,caesarian,3,100,0.45113658905029297,0.012028694152832031,9591.0,0.5,187,1
SLIM*SIG1,5715dcc7-1480-11f0-87db-54a95b9ec813,caesarian,3,101,0.45106133818626404,0.012165069580078125,9191.0,0.5,200,1
SLIM*SIG1,5715dcc7-1480-11f0-87db-54a95b9ec813,caesarian,3,102,0.45106133818626404,0.011010885238647461,9831.0,0.5,200,1
SLIM*SIG1,5715dcc7-1480-11f0-87db-54a95b9ec813,caesarian,3,103,0.45106133818626404,0.010010004043579102,10283.0,0.5,200,1
SLIM*SIG1,5715dcc7-1480-11f0-87db-54a95b9ec813,caesarian,3,104,0.45106133818626404,0.011513471603393555,10554.0,0.5,200,1
SLIM*SIG1,5715dcc7-1480-11f0-87db-54a95b9ec813,caesarian,3,105,0.45093825459480286,0.01041555404663086,10486.0,0.5,213,1
SLIM*SIG1,5715dcc7-1480-11f0-87db-54a95b9ec813,caesarian,3,106,0.45093825459480286,0.008982658386230469,10187.0,0.5,213,1
SLIM*SIG1,5715dcc7-1480-11f0-87db-54a95b9ec813,caesarian,3,107,0.4509068429470062,0.009015798568725586,9767.0,0.5,226,1
SLIM*SIG1,5715dcc7-1480-11f0-87db-54a95b9ec813,caesarian,3,108,0.4509068429470062,0.004985809326171875,9621.0,0.5,226,1
SLIM*SIG1,5715dcc7-1480-11f0-87db-54a95b9ec813,caesarian,3,109,0.4509068429470062,0.0,9422.0,0.5,226,1
SLIM*SIG1,5715dcc7-1480-11f0-87db-54a95b9ec813,caesarian,3,110,0.4509068429470062,0.0,9630.0,0.5,226,1
SLIM*SIG1,5715dcc7-1480-11f0-87db-54a95b9ec813,caesarian,3,111,0.4509068429470062,0.017617225646972656,9627.0,0.5,226,1
SLIM*SIG1,5715dcc7-1480-11f0-87db-54a95b9ec813,caesarian,3,112,0.4509068429470062,0.0,9649.0,0.5,226,1
SLIM*SIG1,5715dcc7-1480-11f0-87db-54a95b9ec813,caesarian,3,113,0.4509068429470062,0.015030145645141602,10168.0,0.5,226,1
SLIM*SIG1,5715dcc7-1480-11f0-87db-54a95b9ec813,caesarian,3,114,0.4509068429470062,0.016019105911254883,10309.0,0.5,226,1
SLIM*SIG1,5715dcc7-1480-11f0-87db-54a95b9ec813,caesarian,3,115,0.4509068429470062,0.0,10372.0,0.5,226,1
SLIM*SIG1,5715dcc7-1480-11f0-87db-54a95b9ec813,caesarian,3,116,0.4509034752845764,0.02384185791015625,10772.0,0.5,226,1
SLIM*SIG1,5715dcc7-1480-11f0-87db-54a95b9ec813,caesarian,3,117,0.45089274644851685,0.009998559951782227,11127.0,0.5,239,1
SLIM*SIG1,5715dcc7-1480-11f0-87db-54a95b9ec813,caesarian,3,118,0.45089274644851685,0.0008051395416259766,11312.0,0.5,239,1
SLIM*SIG1,5715dcc7-1480-11f0-87db-54a95b9ec813,caesarian,3,119,0.4508925676345825,0.019312143325805664,11519.0,0.5,228,1
SLIM*SIG1,5715dcc7-1480-11f0-87db-54a95b9ec813,caesarian,3,120,0.4508925676345825,0.009896278381347656,11902.0,0.5,228,1
SLIM*SIG1,5715dcc7-1480-11f0-87db-54a95b9ec813,caesarian,3,121,0.4508783519268036,0.002969503402709961,11935.0,0.5,243,1
SLIM*SIG1,5715dcc7-1480-11f0-87db-54a95b9ec813,caesarian,3,122,0.4508783519268036,0.023643016815185547,11576.0,0.5,243,1
SLIM*SIG1,5715dcc7-1480-11f0-87db-54a95b9ec813,caesarian,3,123,0.4508783519268036,0.013289213180541992,11156.0,0.5,243,1
SLIM*SIG1,5715dcc7-1480-11f0-87db-54a95b9ec813,caesarian,3,124,0.4508783519268036,0.013446807861328125,11085.0,0.5,243,1
SLIM*SIG1,5715dcc7-1480-11f0-87db-54a95b9ec813,caesarian,3,125,0.4508783519268036,0.013000011444091797,10689.0,0.5,243,1
SLIM*SIG1,5715dcc7-1480-11f0-87db-54a95b9ec813,caesarian,3,126,0.4508783519268036,0.003783702850341797,10547.0,0.5,243,1
SLIM*SIG1,5715dcc7-1480-11f0-87db-54a95b9ec813,caesarian,3,127,0.4508783519268036,0.022606372833251953,10566.0,0.5,243,1
SLIM*SIG1,5715dcc7-1480-11f0-87db-54a95b9ec813,caesarian,3,128,0.45084038376808167,0.011999368667602539,10656.0,0.5,243,1
SLIM*SIG1,5715dcc7-1480-11f0-87db-54a95b9ec813,caesarian,3,129,0.4507533311843872,0.010000228881835938,10705.0,0.5,228,1
SLIM*SIG1,5715dcc7-1480-11f0-87db-54a95b9ec813,caesarian,3,130,0.45074161887168884,0.010058403015136719,10708.0,0.5,241,1
SLIM*SIG1,5715dcc7-1480-11f0-87db-54a95b9ec813,caesarian,3,131,0.45074161887168884,0.010797500610351562,10569.0,0.5,241,1
SLIM*SIG1,5715dcc7-1480-11f0-87db-54a95b9ec813,caesarian,3,132,0.45074161887168884,0.009989738464355469,10844.0,0.5,241,1
SLIM*SIG1,5715dcc7-1480-11f0-87db-54a95b9ec813,caesarian,3,133,0.45074161887168884,0.009982585906982422,10942.0,0.5,241,1
SLIM*SIG1,5715dcc7-1480-11f0-87db-54a95b9ec813,caesarian,3,134,0.45074161887168884,0.010000467300415039,10913.0,0.5,241,1
SLIM*SIG1,5715dcc7-1480-11f0-87db-54a95b9ec813,caesarian,3,135,0.45074161887168884,0.00019860267639160156,11218.0,0.5,241,1
SLIM*SIG1,5715dcc7-1480-11f0-87db-54a95b9ec813,caesarian,3,136,0.45074161887168884,0.015729904174804688,10728.0,0.5,241,1
SLIM*SIG1,5715dcc7-1480-11f0-87db-54a95b9ec813,caesarian,3,137,0.45074161887168884,0.0,11311.0,0.5,241,1
SLIM*SIG1,5715dcc7-1480-11f0-87db-54a95b9ec813,caesarian,3,138,0.45074161887168884,0.015520811080932617,11787.0,0.5,241,1
SLIM*SIG1,5715dcc7-1480-11f0-87db-54a95b9ec813,caesarian,3,139,0.45074161887168884,0.015723466873168945,12010.0,0.5,241,1
SLIM*SIG1,5715dcc7-1480-11f0-87db-54a95b9ec813,caesarian,3,140,0.45074161887168884,0.01612997055053711,12132.0,0.5,241,1
SLIM*SIG1,5715dcc7-1480-11f0-87db-54a95b9ec813,caesarian,3,141,0.45074161887168884,0.06610608100891113,12014.0,0.5,241,1
SLIM*SIG1,5715dcc7-1480-11f0-87db-54a95b9ec813,caesarian,3,142,0.45074161887168884,0.003000497817993164,11753.0,0.5,241,1
SLIM*SIG1,5715dcc7-1480-11f0-87db-54a95b9ec813,caesarian,3,143,0.45074161887168884,0.015653133392333984,11666.0,0.5,241,1
SLIM*SIG1,5715dcc7-1480-11f0-87db-54a95b9ec813,caesarian,3,144,0.45074161887168884,0.0,11615.0,0.5,241,1
SLIM*SIG1,5715dcc7-1480-11f0-87db-54a95b9ec813,caesarian,3,145,0.45074161887168884,0.024710416793823242,11429.0,0.5,241,1
SLIM*SIG1,5715dcc7-1480-11f0-87db-54a95b9ec813,caesarian,3,146,0.45072847604751587,0.011998414993286133,11427.0,0.5,254,1
SLIM*SIG1,5715dcc7-1480-11f0-87db-54a95b9ec813,caesarian,3,147,0.45072847604751587,0.010103940963745117,11726.0,0.5,254,1
SLIM*SIG1,5715dcc7-1480-11f0-87db-54a95b9ec813,caesarian,3,148,0.45072847604751587,0.011441230773925781,12020.0,0.5,254,1
SLIM*SIG1,5715dcc7-1480-11f0-87db-54a95b9ec813,caesarian,3,149,0.45071515440940857,0.0011374950408935547,12223.0,0.5,252,1
SLIM*SIG1,5715dcc7-1480-11f0-87db-54a95b9ec813,caesarian,3,150,0.45071515440940857,0.015722990036010742,12476.0,0.5,252,1
SLIM*SIG1,5715dcc7-1480-11f0-87db-54a95b9ec813,caesarian,3,151,0.45071515440940857,0.01427149772644043,12283.0,0.5,252,1
SLIM*SIG1,5715dcc7-1480-11f0-87db-54a95b9ec813,caesarian,3,152,0.45071515440940857,0.01099705696105957,12740.0,0.5,252,1
SLIM*SIG1,5715dcc7-1480-11f0-87db-54a95b9ec813,caesarian,3,153,0.45071515440940857,0.011823415756225586,12966.0,0.5,252,1
SLIM*SIG1,5715dcc7-1480-11f0-87db-54a95b9ec813,caesarian,3,154,0.45071515440940857,0.009999990463256836,13066.0,0.5,252,1
SLIM*SIG1,5715dcc7-1480-11f0-87db-54a95b9ec813,caesarian,3,155,0.45067036151885986,0.009894847869873047,13143.0,0.5,308,1
SLIM*SIG1,5715dcc7-1480-11f0-87db-54a95b9ec813,caesarian,3,156,0.45067036151885986,0.010102272033691406,12962.0,0.5,308,1
SLIM*SIG1,5715dcc7-1480-11f0-87db-54a95b9ec813,caesarian,3,157,0.45065969228744507,0.012264490127563477,12778.0,0.5,321,1
SLIM*SIG1,5715dcc7-1480-11f0-87db-54a95b9ec813,caesarian,3,158,0.45065969228744507,0.0017070770263671875,12782.0,0.5,321,1
SLIM*SIG1,5715dcc7-1480-11f0-87db-54a95b9ec813,caesarian,3,159,0.45065969228744507,0.022334814071655273,12753.0,0.5,321,1
SLIM*SIG1,5715dcc7-1480-11f0-87db-54a95b9ec813,caesarian,3,160,0.45065969228744507,0.008772611618041992,12452.0,0.5,321,1
SLIM*SIG1,5715dcc7-1480-11f0-87db-54a95b9ec813,caesarian,3,161,0.45065969228744507,0.0,12546.0,0.5,321,1
SLIM*SIG1,5715dcc7-1480-11f0-87db-54a95b9ec813,caesarian,3,162,0.45065969228744507,0.02241659164428711,13078.0,0.5,321,1
SLIM*SIG1,5715dcc7-1480-11f0-87db-54a95b9ec813,caesarian,3,163,0.45065969228744507,0.009983301162719727,13386.0,0.5,321,1
SLIM*SIG1,5715dcc7-1480-11f0-87db-54a95b9ec813,caesarian,3,164,0.45065855979919434,0.011001110076904297,13771.0,0.5,321,1
SLIM*SIG1,5715dcc7-1480-11f0-87db-54a95b9ec813,caesarian,3,165,0.45065855979919434,0.012817144393920898,14025.0,0.5,321,1
SLIM*SIG1,5715dcc7-1480-11f0-87db-54a95b9ec813,caesarian,3,166,0.45065855979919434,0.010771751403808594,14371.0,0.5,321,1
SLIM*SIG1,5715dcc7-1480-11f0-87db-54a95b9ec813,caesarian,3,167,0.45065855979919434,0.013357162475585938,13941.0,0.5,321,1
SLIM*SIG1,5715dcc7-1480-11f0-87db-54a95b9ec813,caesarian,3,168,0.45065855979919434,0.012757539749145508,14539.0,0.5,321,1
SLIM*SIG1,5715dcc7-1480-11f0-87db-54a95b9ec813,caesarian,3,169,0.45065855979919434,0.014216423034667969,14957.0,0.5,321,1
SLIM*SIG1,5715dcc7-1480-11f0-87db-54a95b9ec813,caesarian,3,170,0.45065855979919434,0.012486696243286133,15107.0,0.5,321,1
SLIM*SIG1,5715dcc7-1480-11f0-87db-54a95b9ec813,caesarian,3,171,0.45065855979919434,0.013439416885375977,15592.0,0.5,321,1
SLIM*SIG1,5715dcc7-1480-11f0-87db-54a95b9ec813,caesarian,3,172,0.45065855979919434,0.012684106826782227,15780.0,0.5,321,1
SLIM*SIG1,5715dcc7-1480-11f0-87db-54a95b9ec813,caesarian,3,173,0.45065855979919434,0.011956453323364258,15402.0,0.5,321,1
SLIM*SIG1,5715dcc7-1480-11f0-87db-54a95b9ec813,caesarian,3,174,0.45065855979919434,0.011885881423950195,15305.0,0.5,321,1
SLIM*SIG1,5715dcc7-1480-11f0-87db-54a95b9ec813,caesarian,3,175,0.45065855979919434,0.012406349182128906,15015.0,0.5,321,1
SLIM*SIG1,5715dcc7-1480-11f0-87db-54a95b9ec813,caesarian,3,176,0.4506566822528839,0.011383295059204102,15072.0,0.5,295,1
SLIM*SIG1,5715dcc7-1480-11f0-87db-54a95b9ec813,caesarian,3,177,0.4506566822528839,0.010997533798217773,15176.0,0.5,295,1
SLIM*SIG1,5715dcc7-1480-11f0-87db-54a95b9ec813,caesarian,3,178,0.4506566822528839,0.012856721878051758,15457.0,0.5,295,1
SLIM*SIG1,5715dcc7-1480-11f0-87db-54a95b9ec813,caesarian,3,179,0.4506566822528839,0.009599924087524414,15360.0,0.5,295,1
SLIM*SIG1,5715dcc7-1480-11f0-87db-54a95b9ec813,caesarian,3,180,0.4506566822528839,0.009000778198242188,14680.0,0.5,295,1
SLIM*SIG1,5715dcc7-1480-11f0-87db-54a95b9ec813,caesarian,3,181,0.4506566822528839,0.011202335357666016,14738.0,0.5,295,1
SLIM*SIG1,5715dcc7-1480-11f0-87db-54a95b9ec813,caesarian,3,182,0.4506566822528839,0.011005640029907227,14432.0,0.5,295,1
SLIM*SIG1,5715dcc7-1480-11f0-87db-54a95b9ec813,caesarian,3,183,0.4506566822528839,0.017929553985595703,14324.0,0.5,295,1
SLIM*SIG1,5715dcc7-1480-11f0-87db-54a95b9ec813,caesarian,3,184,0.4506424069404602,0.011020660400390625,14526.0,0.5,282,1
SLIM*SIG1,5715dcc7-1480-11f0-87db-54a95b9ec813,caesarian,3,185,0.4506339430809021,0.011522531509399414,13947.0,0.5,269,1
SLIM*SIG1,5715dcc7-1480-11f0-87db-54a95b9ec813,caesarian,3,186,0.4506339430809021,0.012120246887207031,14049.0,0.5,269,1
SLIM*SIG1,5715dcc7-1480-11f0-87db-54a95b9ec813,caesarian,3,187,0.4506339430809021,0.011288642883300781,14019.0,0.5,269,1
SLIM*SIG1,5715dcc7-1480-11f0-87db-54a95b9ec813,caesarian,3,188,0.4506339430809021,0.011917829513549805,14033.0,0.5,269,1
SLIM*SIG1,5715dcc7-1480-11f0-87db-54a95b9ec813,caesarian,3,189,0.4506339430809021,0.01172947883605957,13624.0,0.5,269,1
SLIM*SIG1,5715dcc7-1480-11f0-87db-54a95b9ec813,caesarian,3,190,0.4506339430809021,0.012091636657714844,13800.0,0.5,269,1
SLIM*SIG1,5715dcc7-1480-11f0-87db-54a95b9ec813,caesarian,3,191,0.4506339430809021,0.012084245681762695,14079.0,0.5,269,1
SLIM*SIG1,5715dcc7-1480-11f0-87db-54a95b9ec813,caesarian,3,192,0.4506339430809021,0.012270212173461914,13995.0,0.5,269,1
SLIM*SIG1,5715dcc7-1480-11f0-87db-54a95b9ec813,caesarian,3,193,0.4506339430809021,0.013006448745727539,13854.0,0.5,269,1
SLIM*SIG1,5715dcc7-1480-11f0-87db-54a95b9ec813,caesarian,3,194,0.4506339430809021,0.005547761917114258,14532.0,0.5,269,1
SLIM*SIG1,5715dcc7-1480-11f0-87db-54a95b9ec813,caesarian,3,195,0.4506339430809021,0.015012741088867188,14808.0,0.5,269,1
SLIM*SIG1,5715dcc7-1480-11f0-87db-54a95b9ec813,caesarian,3,196,0.4506339430809021,0.0199129581451416,14673.0,0.5,269,1
SLIM*SIG1,5715dcc7-1480-11f0-87db-54a95b9ec813,caesarian,3,197,0.4506339430809021,0.011727571487426758,14471.0,0.5,269,1
SLIM*SIG1,5715dcc7-1480-11f0-87db-54a95b9ec813,caesarian,3,198,0.4506339430809021,0.011002302169799805,14088.0,0.5,269,1
SLIM*SIG1,5715dcc7-1480-11f0-87db-54a95b9ec813,caesarian,3,199,0.4506339430809021,0.01091766357421875,14352.0,0.5,269,1
SLIM*SIG1,5715dcc7-1480-11f0-87db-54a95b9ec813,caesarian,3,200,0.4506339430809021,0.010896682739257812,14129.0,0.5,269,1
SLIM*SIG1,5715dcc7-1480-11f0-87db-54a95b9ec813,caesarian,3,201,0.4506324231624603,0.011974096298217773,13733.0,0.5,306,1
SLIM*SIG1,5715dcc7-1480-11f0-87db-54a95b9ec813,caesarian,3,202,0.4506324231624603,0.005130290985107422,13850.0,0.5,306,1
SLIM*SIG1,5715dcc7-1480-11f0-87db-54a95b9ec813,caesarian,3,203,0.4506324231624603,0.01562786102294922,14224.0,0.5,306,1
SLIM*SIG1,5715dcc7-1480-11f0-87db-54a95b9ec813,caesarian,3,204,0.4506293535232544,0.018919944763183594,14388.0,0.5,293,1
SLIM*SIG1,5715dcc7-1480-11f0-87db-54a95b9ec813,caesarian,3,205,0.4506293535232544,0.011343002319335938,14791.0,0.5,293,1
SLIM*SIG1,5715dcc7-1480-11f0-87db-54a95b9ec813,caesarian,3,206,0.4506293535232544,0.012994050979614258,15044.0,0.5,293,1
SLIM*SIG1,5715dcc7-1480-11f0-87db-54a95b9ec813,caesarian,3,207,0.4506293535232544,0.011302947998046875,15064.0,0.5,293,1
SLIM*SIG1,5715dcc7-1480-11f0-87db-54a95b9ec813,caesarian,3,208,0.4506293535232544,0.010004997253417969,14329.0,0.5,293,1
SLIM*SIG1,5715dcc7-1480-11f0-87db-54a95b9ec813,caesarian,3,209,0.45060861110687256,0.010099649429321289,14162.0,0.5,291,1
SLIM*SIG1,5715dcc7-1480-11f0-87db-54a95b9ec813,caesarian,3,210,0.45060861110687256,0.009880542755126953,14033.0,0.5,291,1
SLIM*SIG1,5715dcc7-1480-11f0-87db-54a95b9ec813,caesarian,3,211,0.45060861110687256,0.0,14301.0,0.5,291,1
SLIM*SIG1,5715dcc7-1480-11f0-87db-54a95b9ec813,caesarian,3,212,0.4505913555622101,0.015674829483032227,14146.0,0.5,278,1
SLIM*SIG1,5715dcc7-1480-11f0-87db-54a95b9ec813,caesarian,3,213,0.4505913555622101,0.017728328704833984,13727.0,0.5,278,1
SLIM*SIG1,5715dcc7-1480-11f0-87db-54a95b9ec813,caesarian,3,214,0.4505913555622101,0.01081991195678711,13628.0,0.5,278,1
SLIM*SIG1,5715dcc7-1480-11f0-87db-54a95b9ec813,caesarian,3,215,0.4505913555622101,0.009998321533203125,13374.0,0.5,278,1
SLIM*SIG1,5715dcc7-1480-11f0-87db-54a95b9ec813,caesarian,3,216,0.4505913555622101,0.01120305061340332,13151.0,0.5,278,1
SLIM*SIG1,5715dcc7-1480-11f0-87db-54a95b9ec813,caesarian,3,217,0.4505913555622101,0.011118173599243164,13089.0,0.5,278,1
SLIM*SIG1,5715dcc7-1480-11f0-87db-54a95b9ec813,caesarian,3,218,0.4505913555622101,0.011099815368652344,13019.0,0.5,278,1
SLIM*SIG1,5715dcc7-1480-11f0-87db-54a95b9ec813,caesarian,3,219,0.4505913555622101,0.010706663131713867,13212.0,0.5,278,1
SLIM*SIG1,5715dcc7-1480-11f0-87db-54a95b9ec813,caesarian,3,220,0.4505874216556549,0.0,13656.0,0.5,263,1
SLIM*SIG1,5715dcc7-1480-11f0-87db-54a95b9ec813,caesarian,3,221,0.4505874216556549,0.015730857849121094,13766.0,0.5,263,1
SLIM*SIG1,5715dcc7-1480-11f0-87db-54a95b9ec813,caesarian,3,222,0.4505874216556549,0.015622377395629883,13745.0,0.5,263,1
SLIM*SIG1,5715dcc7-1480-11f0-87db-54a95b9ec813,caesarian,3,223,0.4505874216556549,0.0,13839.0,0.5,263,1
SLIM*SIG1,5715dcc7-1480-11f0-87db-54a95b9ec813,caesarian,3,224,0.4505874216556549,0.02540135383605957,13775.0,0.5,263,1
SLIM*SIG1,5715dcc7-1480-11f0-87db-54a95b9ec813,caesarian,3,225,0.4505874216556549,0.010033130645751953,13349.0,0.5,263,1
SLIM*SIG1,5715dcc7-1480-11f0-87db-54a95b9ec813,caesarian,3,226,0.4505874216556549,0.010010004043579102,13336.0,0.5,263,1
SLIM*SIG1,5715dcc7-1480-11f0-87db-54a95b9ec813,caesarian,3,227,0.4505874216556549,0.011118888854980469,13583.0,0.5,263,1
SLIM*SIG1,5715dcc7-1480-11f0-87db-54a95b9ec813,caesarian,3,228,0.4505874216556549,0.010059595108032227,13576.0,0.5,263,1
SLIM*SIG1,5715dcc7-1480-11f0-87db-54a95b9ec813,caesarian,3,229,0.4505749046802521,0.0,13532.0,0.5,250,1
SLIM*SIG1,5715dcc7-1480-11f0-87db-54a95b9ec813,caesarian,3,230,0.4505749046802521,0.015035390853881836,13294.0,0.5,250,1
SLIM*SIG1,5715dcc7-1480-11f0-87db-54a95b9ec813,caesarian,3,231,0.4505749046802521,0.015671968460083008,12991.0,0.5,250,1
SLIM*SIG1,5715dcc7-1480-11f0-87db-54a95b9ec813,caesarian,3,232,0.4505749046802521,0.0,12612.0,0.5,250,1
SLIM*SIG1,5715dcc7-1480-11f0-87db-54a95b9ec813,caesarian,3,233,0.4505749046802521,0.015590667724609375,12415.0,0.5,250,1
SLIM*SIG1,5715dcc7-1480-11f0-87db-54a95b9ec813,caesarian,3,234,0.4505749046802521,0.01809382438659668,12320.0,0.5,250,1
SLIM*SIG1,5715dcc7-1480-11f0-87db-54a95b9ec813,caesarian,3,235,0.45057427883148193,0.0021238327026367188,12365.0,0.5,237,1
SLIM*SIG1,5715dcc7-1480-11f0-87db-54a95b9ec813,caesarian,3,236,0.45057427883148193,0.02171468734741211,12222.0,0.5,237,1
SLIM*SIG1,5715dcc7-1480-11f0-87db-54a95b9ec813,caesarian,3,237,0.45057427883148193,0.011539936065673828,12367.0,0.5,237,1
SLIM*SIG1,5715dcc7-1480-11f0-87db-54a95b9ec813,caesarian,3,238,0.45057427883148193,0.011017322540283203,11962.0,0.5,237,1
SLIM*SIG1,5715dcc7-1480-11f0-87db-54a95b9ec813,caesarian,3,239,0.45057427883148193,0.011983156204223633,11949.0,0.5,237,1
SLIM*SIG1,5715dcc7-1480-11f0-87db-54a95b9ec813,caesarian,3,240,0.45057427883148193,0.009409666061401367,12042.0,0.5,237,1
SLIM*SIG1,5715dcc7-1480-11f0-87db-54a95b9ec813,caesarian,3,241,0.45057427883148193,0.0,12116.0,0.5,237,1
SLIM*SIG1,5715dcc7-1480-11f0-87db-54a95b9ec813,caesarian,3,242,0.45057427883148193,0.01565408706665039,12194.0,0.5,237,1
SLIM*SIG1,5715dcc7-1480-11f0-87db-54a95b9ec813,caesarian,3,243,0.4505482614040375,0.015598297119140625,12240.0,0.5,250,1
SLIM*SIG1,5715dcc7-1480-11f0-87db-54a95b9ec813,caesarian,3,244,0.4505482614040375,0.0,12344.0,0.5,250,1
SLIM*SIG1,5715dcc7-1480-11f0-87db-54a95b9ec813,caesarian,3,245,0.4505482614040375,0.01104736328125,12751.0,0.5,250,1
SLIM*SIG1,5715dcc7-1480-11f0-87db-54a95b9ec813,caesarian,3,246,0.4505482614040375,0.010572433471679688,12244.0,0.5,250,1
SLIM*SIG1,5715dcc7-1480-11f0-87db-54a95b9ec813,caesarian,3,247,0.4505482614040375,0.010999917984008789,12116.0,0.5,250,1
SLIM*SIG1,5715dcc7-1480-11f0-87db-54a95b9ec813,caesarian,3,248,0.4505482614040375,0.010017156600952148,11855.0,0.5,250,1
SLIM*SIG1,5715dcc7-1480-11f0-87db-54a95b9ec813,caesarian,3,249,0.4505482614040375,0.008060216903686523,11918.0,0.5,250,1
SLIM*SIG1,5715dcc7-1480-11f0-87db-54a95b9ec813,caesarian,3,250,0.4505482614040375,0.0,11425.0,0.5,250,1
SLIM*SIG1,5715dcc7-1480-11f0-87db-54a95b9ec813,caesarian,3,251,0.4505482614040375,0.01565408706665039,11557.0,0.5,250,1
SLIM*SIG1,5715dcc7-1480-11f0-87db-54a95b9ec813,caesarian,3,252,0.4505482614040375,0.01562666893005371,11483.0,0.5,250,1
SLIM*SIG1,5715dcc7-1480-11f0-87db-54a95b9ec813,caesarian,3,253,0.4505482614040375,0.0,11531.0,0.5,250,1
SLIM*SIG1,5715dcc7-1480-11f0-87db-54a95b9ec813,caesarian,3,254,0.4505482614040375,0.023682832717895508,11752.0,0.5,250,1
SLIM*SIG1,5715dcc7-1480-11f0-87db-54a95b9ec813,caesarian,3,255,0.4505482614040375,0.010918140411376953,11958.0,0.5,250,1
SLIM*SIG1,5715dcc7-1480-11f0-87db-54a95b9ec813,caesarian,3,256,0.4505482614040375,0.012108802795410156,11854.0,0.5,250,1
SLIM*SIG1,5715dcc7-1480-11f0-87db-54a95b9ec813,caesarian,3,257,0.4505482614040375,0.01099705696105957,11927.0,0.5,250,1
SLIM*SIG1,5715dcc7-1480-11f0-87db-54a95b9ec813,caesarian,3,258,0.4505482614040375,0.010026693344116211,12366.0,0.5,250,1
SLIM*SIG1,5715dcc7-1480-11f0-87db-54a95b9ec813,caesarian,3,259,0.4505482614040375,0.0,12219.0,0.5,250,1
SLIM*SIG1,5715dcc7-1480-11f0-87db-54a95b9ec813,caesarian,3,260,0.4505482614040375,0.015735149383544922,12185.0,0.5,250,1
SLIM*SIG1,5715dcc7-1480-11f0-87db-54a95b9ec813,caesarian,3,261,0.4505482614040375,0.015516996383666992,12168.0,0.5,250,1
SLIM*SIG1,5715dcc7-1480-11f0-87db-54a95b9ec813,caesarian,3,262,0.4505482614040375,0.0,12298.0,0.5,250,1
SLIM*SIG1,5715dcc7-1480-11f0-87db-54a95b9ec813,caesarian,3,263,0.4505482614040375,0.015723466873168945,12507.0,0.5,250,1
SLIM*SIG1,5715dcc7-1480-11f0-87db-54a95b9ec813,caesarian,3,264,0.4505482614040375,0.018352508544921875,12509.0,0.5,250,1
SLIM*SIG1,5715dcc7-1480-11f0-87db-54a95b9ec813,caesarian,3,265,0.4505482614040375,0.011782407760620117,12748.0,0.5,250,1
SLIM*SIG1,5715dcc7-1480-11f0-87db-54a95b9ec813,caesarian,3,266,0.4505482614040375,0.01688694953918457,12609.0,0.5,250,1
SLIM*SIG1,5715dcc7-1480-11f0-87db-54a95b9ec813,caesarian,3,267,0.4505482614040375,0.005942106246948242,12952.0,0.5,250,1
SLIM*SIG1,5715dcc7-1480-11f0-87db-54a95b9ec813,caesarian,3,268,0.4505482614040375,0.017538070678710938,13126.0,0.5,250,1
SLIM*SIG1,5715dcc7-1480-11f0-87db-54a95b9ec813,caesarian,3,269,0.4505482614040375,0.013670206069946289,13247.0,0.5,250,1
SLIM*SIG1,5715dcc7-1480-11f0-87db-54a95b9ec813,caesarian,3,270,0.4505482614040375,0.014848470687866211,13425.0,0.5,250,1
SLIM*SIG1,5715dcc7-1480-11f0-87db-54a95b9ec813,caesarian,3,271,0.4505482614040375,0.012927770614624023,13232.0,0.5,250,1
SLIM*SIG1,5715dcc7-1480-11f0-87db-54a95b9ec813,caesarian,3,272,0.4505482614040375,0.012345314025878906,13085.0,0.5,250,1
SLIM*SIG1,5715dcc7-1480-11f0-87db-54a95b9ec813,caesarian,3,273,0.4505482614040375,0.011913776397705078,13117.0,0.5,250,1
SLIM*SIG1,5715dcc7-1480-11f0-87db-54a95b9ec813,caesarian,3,274,0.4505482614040375,0.010721206665039062,12567.0,0.5,250,1
SLIM*SIG1,5715dcc7-1480-11f0-87db-54a95b9ec813,caesarian,3,275,0.4505482614040375,0.012678861618041992,12357.0,0.5,250,1
SLIM*SIG1,5715dcc7-1480-11f0-87db-54a95b9ec813,caesarian,3,276,0.4505482614040375,0.012885808944702148,12318.0,0.5,250,1
SLIM*SIG1,5715dcc7-1480-11f0-87db-54a95b9ec813,caesarian,3,277,0.4505482614040375,0.007192134857177734,12454.0,0.5,250,1
SLIM*SIG1,5715dcc7-1480-11f0-87db-54a95b9ec813,caesarian,3,278,0.4505482614040375,0.0,12465.0,0.5,250,1
SLIM*SIG1,5715dcc7-1480-11f0-87db-54a95b9ec813,caesarian,3,279,0.4505482614040375,0.0,12833.0,0.5,250,1
SLIM*SIG1,5715dcc7-1480-11f0-87db-54a95b9ec813,caesarian,3,280,0.4505482614040375,0.016608715057373047,12491.0,0.5,250,1
SLIM*SIG1,5715dcc7-1480-11f0-87db-54a95b9ec813,caesarian,3,281,0.4505482614040375,0.01878046989440918,12519.0,0.5,250,1
SLIM*SIG1,5715dcc7-1480-11f0-87db-54a95b9ec813,caesarian,3,282,0.4505482614040375,0.013204813003540039,12480.0,0.5,250,1
SLIM*SIG1,5715dcc7-1480-11f0-87db-54a95b9ec813,caesarian,3,283,0.4505482614040375,0.010996818542480469,12324.0,0.5,250,1
SLIM*SIG1,5715dcc7-1480-11f0-87db-54a95b9ec813,caesarian,3,284,0.4505482614040375,0.011875629425048828,12577.0,0.5,250,1
SLIM*SIG1,5715dcc7-1480-11f0-87db-54a95b9ec813,caesarian,3,285,0.4505348205566406,0.011004209518432617,12836.0,0.5,263,1
SLIM*SIG1,5715dcc7-1480-11f0-87db-54a95b9ec813,caesarian,3,286,0.4505348205566406,0.011143922805786133,13028.0,0.5,263,1
SLIM*SIG1,5715dcc7-1480-11f0-87db-54a95b9ec813,caesarian,3,287,0.4505348205566406,0.0,12807.0,0.5,263,1
SLIM*SIG1,5715dcc7-1480-11f0-87db-54a95b9ec813,caesarian,3,288,0.4503159523010254,0.02252340316772461,12504.0,0.5,315,1
SLIM*SIG1,5715dcc7-1480-11f0-87db-54a95b9ec813,caesarian,3,289,0.4502245783805847,0.013999700546264648,12905.0,0.5,328,1
SLIM*SIG1,5715dcc7-1480-11f0-87db-54a95b9ec813,caesarian,3,290,0.44978389143943787,0.01103067398071289,12847.0,0.5,341,1
SLIM*SIG1,5715dcc7-1480-11f0-87db-54a95b9ec813,caesarian,3,291,0.44869861006736755,0.010982275009155273,13283.0,0.5,354,1
SLIM*SIG1,5715dcc7-1480-11f0-87db-54a95b9ec813,caesarian,3,292,0.4463728070259094,0.0104827880859375,13766.0,0.5,367,1
SLIM*SIG1,5715dcc7-1480-11f0-87db-54a95b9ec813,caesarian,3,293,0.4451117217540741,0.009998321533203125,14575.0,0.5,380,1
SLIM*SIG1,5715dcc7-1480-11f0-87db-54a95b9ec813,caesarian,3,294,0.4450991153717041,0.012907743453979492,15394.0,0.5,341,1
SLIM*SIG1,5715dcc7-1480-11f0-87db-54a95b9ec813,caesarian,3,295,0.4450990855693817,0.012156486511230469,16127.0,0.5,354,1
SLIM*SIG1,5715dcc7-1480-11f0-87db-54a95b9ec813,caesarian,3,296,0.4450990855693817,0.013333797454833984,16911.0,0.5,354,1
SLIM*SIG1,5715dcc7-1480-11f0-87db-54a95b9ec813,caesarian,3,297,0.4450990855693817,0.009101390838623047,16909.0,0.5,354,1
SLIM*SIG1,5715dcc7-1480-11f0-87db-54a95b9ec813,caesarian,3,298,0.4450990855693817,0.015627622604370117,16857.0,0.5,354,1
SLIM*SIG1,5715dcc7-1480-11f0-87db-54a95b9ec813,caesarian,3,299,0.4450990855693817,0.012595415115356445,16725.0,0.5,354,1
SLIM*SIG1,5715dcc7-1480-11f0-87db-54a95b9ec813,caesarian,3,300,0.4450990855693817,0.012805700302124023,16998.0,0.5,354,1
SLIM*SIG1,5715dcc7-1480-11f0-87db-54a95b9ec813,caesarian,3,301,0.4450990855693817,0.012042999267578125,17158.0,0.5,354,1
SLIM*SIG1,5715dcc7-1480-11f0-87db-54a95b9ec813,caesarian,3,302,0.4450990855693817,0.011549949645996094,17407.0,0.5,354,1
SLIM*SIG1,5715dcc7-1480-11f0-87db-54a95b9ec813,caesarian,3,303,0.4450990855693817,0.012005329132080078,17790.0,0.5,354,1
SLIM*SIG1,5715dcc7-1480-11f0-87db-54a95b9ec813,caesarian,3,304,0.4450990855693817,0.012403011322021484,18312.0,0.5,354,1
SLIM*SIG1,5715dcc7-1480-11f0-87db-54a95b9ec813,caesarian,3,305,0.4450990855693817,0.010890960693359375,18387.0,0.5,354,1
SLIM*SIG1,5715dcc7-1480-11f0-87db-54a95b9ec813,caesarian,3,306,0.4450990855693817,0.012110233306884766,18409.0,0.5,354,1
SLIM*SIG1,5715dcc7-1480-11f0-87db-54a95b9ec813,caesarian,3,307,0.4450990855693817,0.011493682861328125,18492.0,0.5,354,1
SLIM*SIG1,5715dcc7-1480-11f0-87db-54a95b9ec813,caesarian,3,308,0.4450990855693817,0.010009527206420898,18414.0,0.5,354,1
SLIM*SIG1,5715dcc7-1480-11f0-87db-54a95b9ec813,caesarian,3,309,0.4450990855693817,0.011896133422851562,18620.0,0.5,354,1
SLIM*SIG1,5715dcc7-1480-11f0-87db-54a95b9ec813,caesarian,3,310,0.4450990855693817,0.012770891189575195,18802.0,0.5,354,1
SLIM*SIG1,5715dcc7-1480-11f0-87db-54a95b9ec813,caesarian,3,311,0.4450990855693817,0.011108636856079102,18418.0,0.5,354,1
SLIM*SIG1,5715dcc7-1480-11f0-87db-54a95b9ec813,caesarian,3,312,0.4450990855693817,0.012110471725463867,18700.0,0.5,354,1
SLIM*SIG1,5715dcc7-1480-11f0-87db-54a95b9ec813,caesarian,3,313,0.4450990855693817,0.013000249862670898,18873.0,0.5,354,1
SLIM*SIG1,5715dcc7-1480-11f0-87db-54a95b9ec813,caesarian,3,314,0.4450990855693817,0.01210165023803711,18372.0,0.5,354,1
SLIM*SIG1,5715dcc7-1480-11f0-87db-54a95b9ec813,caesarian,3,315,0.4450990855693817,0.008336544036865234,18936.0,0.5,354,1
SLIM*SIG1,5715dcc7-1480-11f0-87db-54a95b9ec813,caesarian,3,316,0.4450990855693817,0.0,19025.0,0.5,354,1
SLIM*SIG1,5715dcc7-1480-11f0-87db-54a95b9ec813,caesarian,3,317,0.4450990855693817,0.0156252384185791,19270.0,0.5,354,1
SLIM*SIG1,5715dcc7-1480-11f0-87db-54a95b9ec813,caesarian,3,318,0.4450990855693817,0.01572251319885254,19311.0,0.5,354,1
SLIM*SIG1,5715dcc7-1480-11f0-87db-54a95b9ec813,caesarian,3,319,0.4450990855693817,0.019872426986694336,19367.0,0.5,354,1
SLIM*SIG1,5715dcc7-1480-11f0-87db-54a95b9ec813,caesarian,3,320,0.4450990855693817,0.012006521224975586,19198.0,0.5,354,1
SLIM*SIG1,5715dcc7-1480-11f0-87db-54a95b9ec813,caesarian,3,321,0.4450990855693817,0.011865615844726562,19096.0,0.5,354,1
SLIM*SIG1,5715dcc7-1480-11f0-87db-54a95b9ec813,caesarian,3,322,0.4450990855693817,0.011889457702636719,18793.0,0.5,354,1
SLIM*SIG1,5715dcc7-1480-11f0-87db-54a95b9ec813,caesarian,3,323,0.4450990855693817,0.011999368667602539,18484.0,0.5,354,1
SLIM*SIG1,5715dcc7-1480-11f0-87db-54a95b9ec813,caesarian,3,324,0.4450990855693817,0.0,18445.0,0.5,354,1
SLIM*SIG1,5715dcc7-1480-11f0-87db-54a95b9ec813,caesarian,3,325,0.4450990855693817,0.023270368576049805,18048.0,0.5,354,1
SLIM*SIG1,5715dcc7-1480-11f0-87db-54a95b9ec813,caesarian,3,326,0.4450990855693817,0.00989842414855957,18419.0,0.5,354,1
SLIM*SIG1,5715dcc7-1480-11f0-87db-54a95b9ec813,caesarian,3,327,0.4450990855693817,0.0,18221.0,0.5,354,1
SLIM*SIG1,5715dcc7-1480-11f0-87db-54a95b9ec813,caesarian,3,328,0.4450990855693817,0.015662431716918945,18726.0,0.5,354,1
SLIM*SIG1,5715dcc7-1480-11f0-87db-54a95b9ec813,caesarian,3,329,0.4450990855693817,0.01792311668395996,18278.0,0.5,354,1
SLIM*SIG1,5715dcc7-1480-11f0-87db-54a95b9ec813,caesarian,3,330,0.4450990855693817,0.015850067138671875,18129.0,0.5,354,1
SLIM*SIG1,5715dcc7-1480-11f0-87db-54a95b9ec813,caesarian,3,331,0.4450990855693817,0.011106491088867188,17620.0,0.5,354,1
SLIM*SIG1,5715dcc7-1480-11f0-87db-54a95b9ec813,caesarian,3,332,0.4450990855693817,0.0063724517822265625,17759.0,0.5,354,1
SLIM*SIG1,5715dcc7-1480-11f0-87db-54a95b9ec813,caesarian,3,333,0.4450990855693817,0.019780635833740234,17536.0,0.5,354,1
SLIM*SIG1,5715dcc7-1480-11f0-87db-54a95b9ec813,caesarian,3,334,0.4450990855693817,0.012998104095458984,17607.0,0.5,354,1
SLIM*SIG1,5715dcc7-1480-11f0-87db-54a95b9ec813,caesarian,3,335,0.4450990855693817,0.010998249053955078,17928.0,0.5,354,1
SLIM*SIG1,5715dcc7-1480-11f0-87db-54a95b9ec813,caesarian,3,336,0.4450990855693817,0.013005256652832031,18327.0,0.5,354,1
SLIM*SIG1,5715dcc7-1480-11f0-87db-54a95b9ec813,caesarian,3,337,0.4450990855693817,0.006747722625732422,17822.0,0.5,354,1
SLIM*SIG1,5715dcc7-1480-11f0-87db-54a95b9ec813,caesarian,3,338,0.4450990855693817,0.01562786102294922,17823.0,0.5,354,1
SLIM*SIG1,5715dcc7-1480-11f0-87db-54a95b9ec813,caesarian,3,339,0.4450990855693817,0.0,17648.0,0.5,354,1
SLIM*SIG1,5715dcc7-1480-11f0-87db-54a95b9ec813,caesarian,3,340,0.4450990855693817,0.0,17341.0,0.5,354,1
SLIM*SIG1,5715dcc7-1480-11f0-87db-54a95b9ec813,caesarian,3,341,0.4450990855693817,0.015526771545410156,17464.0,0.5,354,1
SLIM*SIG1,5715dcc7-1480-11f0-87db-54a95b9ec813,caesarian,3,342,0.4450990855693817,0.02298426628112793,17701.0,0.5,354,1
SLIM*SIG1,5715dcc7-1480-11f0-87db-54a95b9ec813,caesarian,3,343,0.4450990855693817,0.012592315673828125,17718.0,0.5,354,1
SLIM*SIG1,5715dcc7-1480-11f0-87db-54a95b9ec813,caesarian,3,344,0.4450990855693817,0.011849641799926758,17539.0,0.5,354,1
SLIM*SIG1,5715dcc7-1480-11f0-87db-54a95b9ec813,caesarian,3,345,0.4450990855693817,0.011907100677490234,17108.0,0.5,354,1
SLIM*SIG1,5715dcc7-1480-11f0-87db-54a95b9ec813,caesarian,3,346,0.4450990855693817,0.011738061904907227,16707.0,0.5,354,1
SLIM*SIG1,5715dcc7-1480-11f0-87db-54a95b9ec813,caesarian,3,347,0.4450990855693817,0.013890981674194336,17255.0,0.5,354,1
SLIM*SIG1,5715dcc7-1480-11f0-87db-54a95b9ec813,caesarian,3,348,0.4450990855693817,0.01303243637084961,17902.0,0.5,354,1
SLIM*SIG1,5715dcc7-1480-11f0-87db-54a95b9ec813,caesarian,3,349,0.4450990855693817,0.013487577438354492,18661.0,0.5,354,1
SLIM*SIG1,5715dcc7-1480-11f0-87db-54a95b9ec813,caesarian,3,350,0.4450990855693817,0.01571798324584961,18752.0,0.5,354,1
SLIM*SIG1,5715dcc7-1480-11f0-87db-54a95b9ec813,caesarian,3,351,0.4450990855693817,0.01403045654296875,19272.0,0.5,354,1
SLIM*SIG1,5715dcc7-1480-11f0-87db-54a95b9ec813,caesarian,3,352,0.4450990855693817,0.014347314834594727,19048.0,0.5,354,1
SLIM*SIG1,5715dcc7-1480-11f0-87db-54a95b9ec813,caesarian,3,353,0.4450990855693817,0.013000249862670898,19033.0,0.5,354,1
SLIM*SIG1,5715dcc7-1480-11f0-87db-54a95b9ec813,caesarian,3,354,0.4450990855693817,0.01105642318725586,19896.0,0.5,354,1
SLIM*SIG1,5715dcc7-1480-11f0-87db-54a95b9ec813,caesarian,3,355,0.4450990855693817,0.015661239624023438,19673.0,0.5,354,1
SLIM*SIG1,5715dcc7-1480-11f0-87db-54a95b9ec813,caesarian,3,356,0.4450990855693817,0.0,19614.0,0.5,354,1
SLIM*SIG1,5715dcc7-1480-11f0-87db-54a95b9ec813,caesarian,3,357,0.4450990855693817,0.015591859817504883,19825.0,0.5,354,1
SLIM*SIG1,5715dcc7-1480-11f0-87db-54a95b9ec813,caesarian,3,358,0.4450990855693817,0.025687694549560547,19770.0,0.5,354,1
SLIM*SIG1,5715dcc7-1480-11f0-87db-54a95b9ec813,caesarian,3,359,0.4450990855693817,0.012751340866088867,18965.0,0.5,354,1
SLIM*SIG1,5715dcc7-1480-11f0-87db-54a95b9ec813,caesarian,3,360,0.4450990855693817,0.012974262237548828,19088.0,0.5,354,1
SLIM*SIG1,5715dcc7-1480-11f0-87db-54a95b9ec813,caesarian,3,361,0.4450990855693817,0.013049840927124023,19275.0,0.5,354,1
SLIM*SIG1,5715dcc7-1480-11f0-87db-54a95b9ec813,caesarian,3,362,0.4450990855693817,0.014267444610595703,18890.0,0.5,354,1
SLIM*SIG1,5715dcc7-1480-11f0-87db-54a95b9ec813,caesarian,3,363,0.4450990855693817,0.01452779769897461,19244.0,0.5,354,1
SLIM*SIG1,5715dcc7-1480-11f0-87db-54a95b9ec813,caesarian,3,364,0.4450990855693817,0.014646291732788086,19452.0,0.5,354,1
SLIM*SIG1,5715dcc7-1480-11f0-87db-54a95b9ec813,caesarian,3,365,0.4450990855693817,0.013733863830566406,19488.0,0.5,354,1
SLIM*SIG1,5715dcc7-1480-11f0-87db-54a95b9ec813,caesarian,3,366,0.4450990855693817,0.01352834701538086,19264.0,0.5,354,1
SLIM*SIG1,5715dcc7-1480-11f0-87db-54a95b9ec813,caesarian,3,367,0.4450990855693817,0.016911983489990234,19714.0,0.5,354,1
SLIM*SIG1,5715dcc7-1480-11f0-87db-54a95b9ec813,caesarian,3,368,0.4450990855693817,0.011322975158691406,19398.0,0.5,354,1
SLIM*SIG1,5715dcc7-1480-11f0-87db-54a95b9ec813,caesarian,3,369,0.4450990855693817,0.015655517578125,19528.0,0.5,354,1
SLIM*SIG1,5715dcc7-1480-11f0-87db-54a95b9ec813,caesarian,3,370,0.4450990855693817,0.015627145767211914,19394.0,0.5,354,1
SLIM*SIG1,5715dcc7-1480-11f0-87db-54a95b9ec813,caesarian,3,371,0.4450990855693817,0.0,19533.0,0.5,354,1
SLIM*SIG1,5715dcc7-1480-11f0-87db-54a95b9ec813,caesarian,3,372,0.4450990855693817,0.0,19089.0,0.5,354,1
SLIM*SIG1,5715dcc7-1480-11f0-87db-54a95b9ec813,caesarian,3,373,0.4450990855693817,0.01957392692565918,19226.0,0.5,354,1
SLIM*SIG1,5715dcc7-1480-11f0-87db-54a95b9ec813,caesarian,3,374,0.4450990855693817,0.018655061721801758,19350.0,0.5,354,1
SLIM*SIG1,5715dcc7-1480-11f0-87db-54a95b9ec813,caesarian,3,375,0.4450990855693817,0.012329816818237305,19792.0,0.5,354,1
SLIM*SIG1,5715dcc7-1480-11f0-87db-54a95b9ec813,caesarian,3,376,0.4450990855693817,0.0,19813.0,0.5,354,1
SLIM*SIG1,5715dcc7-1480-11f0-87db-54a95b9ec813,caesarian,3,377,0.4450990855693817,0.024011611938476562,20129.0,0.5,354,1
SLIM*SIG1,5715dcc7-1480-11f0-87db-54a95b9ec813,caesarian,3,378,0.4450990855693817,0.009474992752075195,20389.0,0.5,354,1
SLIM*SIG1,5715dcc7-1480-11f0-87db-54a95b9ec813,caesarian,3,379,0.4450990855693817,0.0,20952.0,0.5,354,1
SLIM*SIG1,5715dcc7-1480-11f0-87db-54a95b9ec813,caesarian,3,380,0.4450990855693817,0.015728473663330078,20688.0,0.5,354,1
SLIM*SIG1,5715dcc7-1480-11f0-87db-54a95b9ec813,caesarian,3,381,0.4450990855693817,0.026967763900756836,20447.0,0.5,354,1
SLIM*SIG1,5715dcc7-1480-11f0-87db-54a95b9ec813,caesarian,3,382,0.4450990855693817,0.013018369674682617,19797.0,0.5,354,1
SLIM*SIG1,5715dcc7-1480-11f0-87db-54a95b9ec813,caesarian,3,383,0.4450990855693817,0.011121749877929688,19799.0,0.5,354,1
SLIM*SIG1,5715dcc7-1480-11f0-87db-54a95b9ec813,caesarian,3,384,0.4450990855693817,0.011000394821166992,19930.0,0.5,354,1
SLIM*SIG1,5715dcc7-1480-11f0-87db-54a95b9ec813,caesarian,3,385,0.4450990855693817,0.011097908020019531,19409.0,0.5,354,1
SLIM*SIG1,5715dcc7-1480-11f0-87db-54a95b9ec813,caesarian,3,386,0.4450990855693817,0.010231971740722656,18969.0,0.5,354,1
SLIM*SIG1,5715dcc7-1480-11f0-87db-54a95b9ec813,caesarian,3,387,0.4450990855693817,0.0,18508.0,0.5,354,1
SLIM*SIG1,5715dcc7-1480-11f0-87db-54a95b9ec813,caesarian,3,388,0.4450990855693817,0.015626907348632812,18558.0,0.5,354,1
SLIM*SIG1,5715dcc7-1480-11f0-87db-54a95b9ec813,caesarian,3,389,0.4450990855693817,0.017656803131103516,18560.0,0.5,354,1
SLIM*SIG1,5715dcc7-1480-11f0-87db-54a95b9ec813,caesarian,3,390,0.4450990855693817,0.0,18365.0,0.5,354,1
SLIM*SIG1,5715dcc7-1480-11f0-87db-54a95b9ec813,caesarian,3,391,0.4450990855693817,0.024289846420288086,18181.0,0.5,354,1
SLIM*SIG1,5715dcc7-1480-11f0-87db-54a95b9ec813,caesarian,3,392,0.4450990855693817,0.01209712028503418,18958.0,0.5,354,1
SLIM*SIG1,5715dcc7-1480-11f0-87db-54a95b9ec813,caesarian,3,393,0.4450990855693817,0.01198434829711914,18653.0,0.5,354,1
SLIM*SIG1,5715dcc7-1480-11f0-87db-54a95b9ec813,caesarian,3,394,0.4450990855693817,0.011998891830444336,18443.0,0.5,354,1
SLIM*SIG1,5715dcc7-1480-11f0-87db-54a95b9ec813,caesarian,3,395,0.4450990855693817,0.003106355667114258,18374.0,0.5,354,1
SLIM*SIG1,5715dcc7-1480-11f0-87db-54a95b9ec813,caesarian,3,396,0.4450990855693817,0.015626907348632812,18352.0,0.5,354,1
SLIM*SIG1,5715dcc7-1480-11f0-87db-54a95b9ec813,caesarian,3,397,0.4450990855693817,0.018131017684936523,18422.0,0.5,354,1
SLIM*SIG1,5715dcc7-1480-11f0-87db-54a95b9ec813,caesarian,3,398,0.4450990855693817,0.0,18467.0,0.5,354,1
SLIM*SIG1,5715dcc7-1480-11f0-87db-54a95b9ec813,caesarian,3,399,0.4450990855693817,0.013521194458007812,18769.0,0.5,354,1
SLIM*SIG1,5715dcc7-1480-11f0-87db-54a95b9ec813,caesarian,3,400,0.4450990855693817,0.019855260848999023,19234.0,0.5,354,1
SLIM*SIG1,5715dcc7-1480-11f0-87db-54a95b9ec813,caesarian,3,401,0.4450990855693817,0.012560129165649414,19409.0,0.5,354,1
SLIM*SIG1,5715dcc7-1480-11f0-87db-54a95b9ec813,caesarian,3,402,0.4450990855693817,0.014096260070800781,19332.0,0.5,354,1
SLIM*SIG1,5715dcc7-1480-11f0-87db-54a95b9ec813,caesarian,3,403,0.4450990855693817,0.014468669891357422,19438.0,0.5,354,1
SLIM*SIG1,5715dcc7-1480-11f0-87db-54a95b9ec813,caesarian,3,404,0.4450990855693817,0.012016534805297852,19226.0,0.5,354,1
SLIM*SIG1,5715dcc7-1480-11f0-87db-54a95b9ec813,caesarian,3,405,0.4450990855693817,0.010459184646606445,19439.0,0.5,354,1
SLIM*SIG1,5715dcc7-1480-11f0-87db-54a95b9ec813,caesarian,3,406,0.4450990855693817,0.01453256607055664,18943.0,0.5,354,1
SLIM*SIG1,5715dcc7-1480-11f0-87db-54a95b9ec813,caesarian,3,407,0.4450990855693817,0.0,19064.0,0.5,354,1
SLIM*SIG1,5715dcc7-1480-11f0-87db-54a95b9ec813,caesarian,3,408,0.4450990855693817,0.024176359176635742,18727.0,0.5,354,1
SLIM*SIG1,5715dcc7-1480-11f0-87db-54a95b9ec813,caesarian,3,409,0.4450990855693817,0.0139923095703125,18812.0,0.5,354,1
SLIM*SIG1,5715dcc7-1480-11f0-87db-54a95b9ec813,caesarian,3,410,0.4450990855693817,0.015959978103637695,19550.0,0.5,354,1
SLIM*SIG1,5715dcc7-1480-11f0-87db-54a95b9ec813,caesarian,3,411,0.4450990855693817,0.011982440948486328,19866.0,0.5,354,1
SLIM*SIG1,5715dcc7-1480-11f0-87db-54a95b9ec813,caesarian,3,412,0.4450990855693817,0.012006282806396484,20052.0,0.5,354,1
SLIM*SIG1,5715dcc7-1480-11f0-87db-54a95b9ec813,caesarian,3,413,0.4450990855693817,0.004536867141723633,19807.0,0.5,354,1
SLIM*SIG1,5715dcc7-1480-11f0-87db-54a95b9ec813,caesarian,3,414,0.4450990855693817,0.014527320861816406,20183.0,0.5,354,1
SLIM*SIG1,5715dcc7-1480-11f0-87db-54a95b9ec813,caesarian,3,415,0.4450990855693817,0.01566457748413086,20039.0,0.5,354,1
SLIM*SIG1,5715dcc7-1480-11f0-87db-54a95b9ec813,caesarian,3,416,0.4450990855693817,0.017278671264648438,20541.0,0.5,354,1
SLIM*SIG1,5715dcc7-1480-11f0-87db-54a95b9ec813,caesarian,3,417,0.4450990855693817,0.013098478317260742,20857.0,0.5,354,1
SLIM*SIG1,5715dcc7-1480-11f0-87db-54a95b9ec813,caesarian,3,418,0.4450990855693817,0.01223301887512207,20532.0,0.5,354,1
SLIM*SIG1,5715dcc7-1480-11f0-87db-54a95b9ec813,caesarian,3,419,0.4450990855693817,0.012109756469726562,20677.0,0.5,354,1
SLIM*SIG1,5715dcc7-1480-11f0-87db-54a95b9ec813,caesarian,3,420,0.4450990855693817,0.011102437973022461,20433.0,0.5,354,1
SLIM*SIG1,5715dcc7-1480-11f0-87db-54a95b9ec813,caesarian,3,421,0.4450990855693817,0.012795209884643555,20452.0,0.5,354,1
SLIM*SIG1,5715dcc7-1480-11f0-87db-54a95b9ec813,caesarian,3,422,0.4450990855693817,0.0010018348693847656,20507.0,0.5,354,1
SLIM*SIG1,5715dcc7-1480-11f0-87db-54a95b9ec813,caesarian,3,423,0.4450990855693817,0.02499103546142578,19861.0,0.5,354,1
SLIM*SIG1,5715dcc7-1480-11f0-87db-54a95b9ec813,caesarian,3,424,0.4450990855693817,0.012064695358276367,20560.0,0.5,354,1
SLIM*SIG1,5715dcc7-1480-11f0-87db-54a95b9ec813,caesarian,3,425,0.4450990855693817,0.012998104095458984,20426.0,0.5,354,1
SLIM*SIG1,5715dcc7-1480-11f0-87db-54a95b9ec813,caesarian,3,426,0.4450990855693817,0.012996673583984375,19980.0,0.5,354,1
SLIM*SIG1,5715dcc7-1480-11f0-87db-54a95b9ec813,caesarian,3,427,0.4450990855693817,0.014122247695922852,20536.0,0.5,354,1
SLIM*SIG1,5715dcc7-1480-11f0-87db-54a95b9ec813,caesarian,3,428,0.4450990855693817,0.01475214958190918,20009.0,0.5,354,1
SLIM*SIG1,5715dcc7-1480-11f0-87db-54a95b9ec813,caesarian,3,429,0.4450990855693817,0.003890514373779297,19822.0,0.5,354,1
SLIM*SIG1,5715dcc7-1480-11f0-87db-54a95b9ec813,caesarian,3,430,0.4450990855693817,0.023356199264526367,20309.0,0.5,354,1
SLIM*SIG1,5715dcc7-1480-11f0-87db-54a95b9ec813,caesarian,3,431,0.4450990855693817,0.008518457412719727,20327.0,0.5,354,1
SLIM*SIG1,5715dcc7-1480-11f0-87db-54a95b9ec813,caesarian,3,432,0.4450990855693817,0.015609264373779297,20453.0,0.5,354,1
SLIM*SIG1,5715dcc7-1480-11f0-87db-54a95b9ec813,caesarian,3,433,0.4450990855693817,0.013226747512817383,20588.0,0.5,354,1
SLIM*SIG1,5715dcc7-1480-11f0-87db-54a95b9ec813,caesarian,3,434,0.4450990855693817,0.011948823928833008,20379.0,0.5,354,1
SLIM*SIG1,5715dcc7-1480-11f0-87db-54a95b9ec813,caesarian,3,435,0.4450990855693817,0.013260364532470703,20166.0,0.5,354,1
SLIM*SIG1,5715dcc7-1480-11f0-87db-54a95b9ec813,caesarian,3,436,0.4450990855693817,0.012476921081542969,19581.0,0.5,354,1
SLIM*SIG1,5715dcc7-1480-11f0-87db-54a95b9ec813,caesarian,3,437,0.4450990855693817,0.01464533805847168,19733.0,0.5,354,1
SLIM*SIG1,5715dcc7-1480-11f0-87db-54a95b9ec813,caesarian,3,438,0.4450990855693817,0.012287616729736328,19382.0,0.5,354,1
SLIM*SIG1,5715dcc7-1480-11f0-87db-54a95b9ec813,caesarian,3,439,0.4450990855693817,0.012816429138183594,19447.0,0.5,354,1
SLIM*SIG1,5715dcc7-1480-11f0-87db-54a95b9ec813,caesarian,3,440,0.4450990855693817,0.01197361946105957,19499.0,0.5,354,1
SLIM*SIG1,5715dcc7-1480-11f0-87db-54a95b9ec813,caesarian,3,441,0.4450990855693817,0.014625310897827148,19724.0,0.5,354,1
SLIM*SIG1,5715dcc7-1480-11f0-87db-54a95b9ec813,caesarian,3,442,0.4450990855693817,0.015489816665649414,20052.0,0.5,354,1
SLIM*SIG1,5715dcc7-1480-11f0-87db-54a95b9ec813,caesarian,3,443,0.4450990855693817,0.015297651290893555,20436.0,0.5,354,1
SLIM*SIG1,5715dcc7-1480-11f0-87db-54a95b9ec813,caesarian,3,444,0.4450990855693817,0.016092538833618164,20552.0,0.5,354,1
SLIM*SIG1,5715dcc7-1480-11f0-87db-54a95b9ec813,caesarian,3,445,0.4450990855693817,0.003412961959838867,20978.0,0.5,354,1
SLIM*SIG1,5715dcc7-1480-11f0-87db-54a95b9ec813,caesarian,3,446,0.4450990855693817,0.01573324203491211,21294.0,0.5,354,1
SLIM*SIG1,5715dcc7-1480-11f0-87db-54a95b9ec813,caesarian,3,447,0.4450990855693817,0.023706436157226562,21279.0,0.5,354,1
SLIM*SIG1,5715dcc7-1480-11f0-87db-54a95b9ec813,caesarian,3,448,0.4450990855693817,0.011911153793334961,21108.0,0.5,354,1
SLIM*SIG1,5715dcc7-1480-11f0-87db-54a95b9ec813,caesarian,3,449,0.4450990855693817,0.01404261589050293,21019.0,0.5,354,1
SLIM*SIG1,5715dcc7-1480-11f0-87db-54a95b9ec813,caesarian,3,450,0.4450990855693817,0.013044595718383789,21155.0,0.5,354,1
SLIM*SIG1,5715dcc7-1480-11f0-87db-54a95b9ec813,caesarian,3,451,0.4450990855693817,0.014102935791015625,21274.0,0.5,354,1
SLIM*SIG1,5715dcc7-1480-11f0-87db-54a95b9ec813,caesarian,3,452,0.4450990855693817,0.011953592300415039,22433.0,0.5,354,1
SLIM*SIG1,5715dcc7-1480-11f0-87db-54a95b9ec813,caesarian,3,453,0.4450990855693817,0.01389169692993164,22341.0,0.5,354,1
SLIM*SIG1,5715dcc7-1480-11f0-87db-54a95b9ec813,caesarian,3,454,0.4450990855693817,0.013587713241577148,22715.0,0.5,354,1
SLIM*SIG1,5715dcc7-1480-11f0-87db-54a95b9ec813,caesarian,3,455,0.4450990855693817,0.012047052383422852,22700.0,0.5,354,1
SLIM*SIG1,5715dcc7-1480-11f0-87db-54a95b9ec813,caesarian,3,456,0.4450990855693817,0.012899637222290039,22799.0,0.5,354,1
SLIM*SIG1,5715dcc7-1480-11f0-87db-54a95b9ec813,caesarian,3,457,0.4450990855693817,0.01363515853881836,23666.0,0.5,354,1
SLIM*SIG1,5715dcc7-1480-11f0-87db-54a95b9ec813,caesarian,3,458,0.4450990855693817,0.014004230499267578,24066.0,0.5,354,1
SLIM*SIG1,5715dcc7-1480-11f0-87db-54a95b9ec813,caesarian,3,459,0.4450990855693817,0.013520956039428711,23635.0,0.5,354,1
SLIM*SIG1,5715dcc7-1480-11f0-87db-54a95b9ec813,caesarian,3,460,0.4450990855693817,0.01189565658569336,23382.0,0.5,354,1
SLIM*SIG1,5715dcc7-1480-11f0-87db-54a95b9ec813,caesarian,3,461,0.4450990855693817,0.013003349304199219,23386.0,0.5,354,1
SLIM*SIG1,5715dcc7-1480-11f0-87db-54a95b9ec813,caesarian,3,462,0.4450990855693817,0.011995553970336914,23632.0,0.5,354,1
SLIM*SIG1,5715dcc7-1480-11f0-87db-54a95b9ec813,caesarian,3,463,0.4450990855693817,0.012625694274902344,23110.0,0.5,354,1
SLIM*SIG1,5715dcc7-1480-11f0-87db-54a95b9ec813,caesarian,3,464,0.4450990855693817,0.012757539749145508,24005.0,0.5,354,1
SLIM*SIG1,5715dcc7-1480-11f0-87db-54a95b9ec813,caesarian,3,465,0.4450990855693817,0.012108087539672852,23809.0,0.5,354,1
SLIM*SIG1,5715dcc7-1480-11f0-87db-54a95b9ec813,caesarian,3,466,0.4450990855693817,0.012996435165405273,23269.0,0.5,354,1
SLIM*SIG1,5715dcc7-1480-11f0-87db-54a95b9ec813,caesarian,3,467,0.4450990855693817,0.005117654800415039,23377.0,0.5,354,1
SLIM*SIG1,5715dcc7-1480-11f0-87db-54a95b9ec813,caesarian,3,468,0.4450990855693817,0.01562666893005371,24103.0,0.5,354,1
SLIM*SIG1,5715dcc7-1480-11f0-87db-54a95b9ec813,caesarian,3,469,0.4450990855693817,0.0156252384185791,23852.0,0.5,354,1
SLIM*SIG1,5715dcc7-1480-11f0-87db-54a95b9ec813,caesarian,3,470,0.4450990855693817,0.0,23618.0,0.5,354,1
SLIM*SIG1,5715dcc7-1480-11f0-87db-54a95b9ec813,caesarian,3,471,0.4450990855693817,0.027730226516723633,24409.0,0.5,354,1
SLIM*SIG1,5715dcc7-1480-11f0-87db-54a95b9ec813,caesarian,3,472,0.4450990855693817,0.012908220291137695,23816.0,0.5,354,1
SLIM*SIG1,5715dcc7-1480-11f0-87db-54a95b9ec813,caesarian,3,473,0.4450990855693817,0.01289820671081543,24123.0,0.5,354,1
SLIM*SIG1,5715dcc7-1480-11f0-87db-54a95b9ec813,caesarian,3,474,0.4450990855693817,0.014071226119995117,24105.0,0.5,354,1
SLIM*SIG1,5715dcc7-1480-11f0-87db-54a95b9ec813,caesarian,3,475,0.4450990855693817,0.0,23821.0,0.5,354,1
SLIM*SIG1,5715dcc7-1480-11f0-87db-54a95b9ec813,caesarian,3,476,0.4450990855693817,0.015626907348632812,23403.0,0.5,354,1
SLIM*SIG1,5715dcc7-1480-11f0-87db-54a95b9ec813,caesarian,3,477,0.4450990855693817,0.01573467254638672,23375.0,0.5,354,1
SLIM*SIG1,5715dcc7-1480-11f0-87db-54a95b9ec813,caesarian,3,478,0.4450990855693817,0.015773296356201172,22892.0,0.5,354,1
SLIM*SIG1,5715dcc7-1480-11f0-87db-54a95b9ec813,caesarian,3,479,0.4450990855693817,0.0,21392.0,0.5,354,1
SLIM*SIG1,5715dcc7-1480-11f0-87db-54a95b9ec813,caesarian,3,480,0.4450990855693817,0.02775716781616211,21892.0,0.5,354,1
SLIM*SIG1,5715dcc7-1480-11f0-87db-54a95b9ec813,caesarian,3,481,0.4450990855693817,0.012000799179077148,21475.0,0.5,354,1
SLIM*SIG1,5715dcc7-1480-11f0-87db-54a95b9ec813,caesarian,3,482,0.4450990855693817,0.012150287628173828,20285.0,0.5,354,1
SLIM*SIG1,5715dcc7-1480-11f0-87db-54a95b9ec813,caesarian,3,483,0.4450990855693817,0.009996414184570312,19443.0,0.5,354,1
SLIM*SIG1,5715dcc7-1480-11f0-87db-54a95b9ec813,caesarian,3,484,0.4450990855693817,0.011224985122680664,19226.0,0.5,354,1
SLIM*SIG1,5715dcc7-1480-11f0-87db-54a95b9ec813,caesarian,3,485,0.4450990855693817,0.009000301361083984,19539.0,0.5,354,1
SLIM*SIG1,5715dcc7-1480-11f0-87db-54a95b9ec813,caesarian,3,486,0.4450990855693817,0.01582622528076172,20193.0,0.5,354,1
SLIM*SIG1,5715dcc7-1480-11f0-87db-54a95b9ec813,caesarian,3,487,0.4450990855693817,0.014195919036865234,21189.0,0.5,354,1
SLIM*SIG1,5715dcc7-1480-11f0-87db-54a95b9ec813,caesarian,3,488,0.4450990855693817,0.014745473861694336,21788.0,0.5,354,1
SLIM*SIG1,5715dcc7-1480-11f0-87db-54a95b9ec813,caesarian,3,489,0.4450990855693817,0.0,21806.0,0.5,354,1
SLIM*SIG1,5715dcc7-1480-11f0-87db-54a95b9ec813,caesarian,3,490,0.4450990855693817,0.02815723419189453,21275.0,0.5,354,1
SLIM*SIG1,5715dcc7-1480-11f0-87db-54a95b9ec813,caesarian,3,491,0.4450990855693817,0.012128114700317383,21548.0,0.5,354,1
SLIM*SIG1,5715dcc7-1480-11f0-87db-54a95b9ec813,caesarian,3,492,0.4450990855693817,0.01481175422668457,21247.0,0.5,354,1
SLIM*SIG1,5715dcc7-1480-11f0-87db-54a95b9ec813,caesarian,3,493,0.4450990855693817,0.0,21698.0,0.5,354,1
SLIM*SIG1,5715dcc7-1480-11f0-87db-54a95b9ec813,caesarian,3,494,0.4450990855693817,0.01500701904296875,21990.0,0.5,354,1
SLIM*SIG1,5715dcc7-1480-11f0-87db-54a95b9ec813,caesarian,3,495,0.4450990855693817,0.025608301162719727,22453.0,0.5,354,1
SLIM*SIG1,5715dcc7-1480-11f0-87db-54a95b9ec813,caesarian,3,496,0.4450990855693817,0.009854555130004883,22188.0,0.5,354,1
SLIM*SIG1,5715dcc7-1480-11f0-87db-54a95b9ec813,caesarian,3,497,0.4450990855693817,0.01761007308959961,21768.0,0.5,354,1
SLIM*SIG1,5715dcc7-1480-11f0-87db-54a95b9ec813,caesarian,3,498,0.4450990855693817,0.009640932083129883,22325.0,0.5,354,1
SLIM*SIG1,5715dcc7-1480-11f0-87db-54a95b9ec813,caesarian,3,499,0.4450990855693817,0.015291929244995117,21910.0,0.5,354,1
SLIM*SIG1,5715dcc7-1480-11f0-87db-54a95b9ec813,caesarian,3,500,0.4450990855693817,0.013001680374145508,22320.0,0.5,354,1
SLIM*SIG1,5715dcc7-1480-11f0-87db-54a95b9ec813,caesarian,4,0,0.47497251629829407,0.015624284744262695,672.0,0.5098279714584351,3,1
SLIM*SIG1,5715dcc7-1480-11f0-87db-54a95b9ec813,caesarian,4,1,0.47497251629829407,0.008745431900024414,891.0,0.5098279714584351,3,1
SLIM*SIG1,5715dcc7-1480-11f0-87db-54a95b9ec813,caesarian,4,2,0.47497251629829407,0.010402679443359375,1157.0,0.5098279714584351,3,1
SLIM*SIG1,5715dcc7-1480-11f0-87db-54a95b9ec813,caesarian,4,3,0.47497251629829407,0.00925302505493164,1160.0,0.5098279714584351,3,1
SLIM*SIG1,5715dcc7-1480-11f0-87db-54a95b9ec813,caesarian,4,4,0.47497251629829407,0.008855104446411133,1063.0,0.5098279714584351,3,1
SLIM*SIG1,5715dcc7-1480-11f0-87db-54a95b9ec813,caesarian,4,5,0.47497251629829407,0.01016688346862793,1031.0,0.5098279714584351,3,1
SLIM*SIG1,5715dcc7-1480-11f0-87db-54a95b9ec813,caesarian,4,6,0.46276986598968506,0.009259939193725586,1053.0,0.48600277304649353,16,1
SLIM*SIG1,5715dcc7-1480-11f0-87db-54a95b9ec813,caesarian,4,7,0.46205228567123413,0.007112979888916016,867.0,0.4934200346469879,29,1
SLIM*SIG1,5715dcc7-1480-11f0-87db-54a95b9ec813,caesarian,4,8,0.4602082669734955,0.008133411407470703,856.0,0.5095911622047424,29,1
SLIM*SIG1,5715dcc7-1480-11f0-87db-54a95b9ec813,caesarian,4,9,0.4602082669734955,0.008479595184326172,990.0,0.5095911622047424,29,1
SLIM*SIG1,5715dcc7-1480-11f0-87db-54a95b9ec813,caesarian,4,10,0.45922619104385376,0.009943485260009766,1126.0,0.5071495771408081,55,1
SLIM*SIG1,5715dcc7-1480-11f0-87db-54a95b9ec813,caesarian,4,11,0.4586579203605652,0.0016145706176757812,1196.0,0.49942725896835327,68,1
SLIM*SIG1,5715dcc7-1480-11f0-87db-54a95b9ec813,caesarian,4,12,0.4586579203605652,0.01481485366821289,1358.0,0.49942725896835327,68,1
SLIM*SIG1,5715dcc7-1480-11f0-87db-54a95b9ec813,caesarian,4,13,0.4586579203605652,0.0,1512.0,0.49942725896835327,68,1
SLIM*SIG1,5715dcc7-1480-11f0-87db-54a95b9ec813,caesarian,4,14,0.4586579203605652,0.019280433654785156,2178.0,0.49942725896835327,68,1
SLIM*SIG1,5715dcc7-1480-11f0-87db-54a95b9ec813,caesarian,4,15,0.4586579203605652,0.008995532989501953,2588.0,0.49942725896835327,68,1
SLIM*SIG1,5715dcc7-1480-11f0-87db-54a95b9ec813,caesarian,4,16,0.4586579203605652,0.00810384750366211,2469.0,0.49942725896835327,68,1
SLIM*SIG1,5715dcc7-1480-11f0-87db-54a95b9ec813,caesarian,4,17,0.4584764838218689,0.007901906967163086,2387.0,0.5018010139465332,109,1
SLIM*SIG1,5715dcc7-1480-11f0-87db-54a95b9ec813,caesarian,4,18,0.4584764838218689,0.008944511413574219,2937.0,0.5018010139465332,109,1
SLIM*SIG1,5715dcc7-1480-11f0-87db-54a95b9ec813,caesarian,4,19,0.4583514630794525,0.010015726089477539,3136.0,0.5006759166717529,122,1
SLIM*SIG1,5715dcc7-1480-11f0-87db-54a95b9ec813,caesarian,4,20,0.458047479391098,0.010990142822265625,3776.0,0.5120091438293457,122,1
SLIM*SIG1,5715dcc7-1480-11f0-87db-54a95b9ec813,caesarian,4,21,0.4574167728424072,0.009103536605834961,3590.0,0.4992716312408447,109,1
SLIM*SIG1,5715dcc7-1480-11f0-87db-54a95b9ec813,caesarian,4,22,0.45682427287101746,0.00802302360534668,4357.0,0.5111874938011169,122,1
SLIM*SIG1,5715dcc7-1480-11f0-87db-54a95b9ec813,caesarian,4,23,0.45682427287101746,0.009892702102661133,4772.0,0.5111874938011169,122,1
SLIM*SIG1,5715dcc7-1480-11f0-87db-54a95b9ec813,caesarian,4,24,0.45682427287101746,0.009001970291137695,4738.0,0.5111874938011169,122,1
SLIM*SIG1,5715dcc7-1480-11f0-87db-54a95b9ec813,caesarian,4,25,0.4567458927631378,0.011032581329345703,4156.0,0.5109377503395081,109,1
SLIM*SIG1,5715dcc7-1480-11f0-87db-54a95b9ec813,caesarian,4,26,0.4567458927631378,0.008967399597167969,4218.0,0.5109377503395081,109,1
SLIM*SIG1,5715dcc7-1480-11f0-87db-54a95b9ec813,caesarian,4,27,0.4567458927631378,0.011060476303100586,3834.0,0.5109377503395081,109,1
SLIM*SIG1,5715dcc7-1480-11f0-87db-54a95b9ec813,caesarian,4,28,0.4567458927631378,0.011072635650634766,4356.0,0.5109377503395081,109,1
SLIM*SIG1,5715dcc7-1480-11f0-87db-54a95b9ec813,caesarian,4,29,0.4567458927631378,0.010258197784423828,4143.0,0.5109377503395081,109,1
SLIM*SIG1,5715dcc7-1480-11f0-87db-54a95b9ec813,caesarian,4,30,0.4567458927631378,0.009848833084106445,4351.0,0.5109377503395081,109,1
SLIM*SIG1,5715dcc7-1480-11f0-87db-54a95b9ec813,caesarian,4,31,0.4567458927631378,0.007049083709716797,3852.0,0.5109377503395081,109,1
SLIM*SIG1,5715dcc7-1480-11f0-87db-54a95b9ec813,caesarian,4,32,0.4567458927631378,0.010887384414672852,3804.0,0.5109377503395081,109,1
SLIM*SIG1,5715dcc7-1480-11f0-87db-54a95b9ec813,caesarian,4,33,0.4567458927631378,0.010256528854370117,4365.0,0.5109377503395081,109,1
SLIM*SIG1,5715dcc7-1480-11f0-87db-54a95b9ec813,caesarian,4,34,0.4567458927631378,0.009624481201171875,4389.0,0.5109377503395081,109,1
SLIM*SIG1,5715dcc7-1480-11f0-87db-54a95b9ec813,caesarian,4,35,0.4567458927631378,0.010383129119873047,4415.0,0.5109377503395081,109,1
SLIM*SIG1,5715dcc7-1480-11f0-87db-54a95b9ec813,caesarian,4,36,0.4567458927631378,0.012739181518554688,4844.0,0.5109377503395081,109,1
SLIM*SIG1,5715dcc7-1480-11f0-87db-54a95b9ec813,caesarian,4,37,0.4567458927631378,0.012228965759277344,4843.0,0.5109377503395081,109,1
SLIM*SIG1,5715dcc7-1480-11f0-87db-54a95b9ec813,caesarian,4,38,0.4567458927631378,0.011996030807495117,4924.0,0.5109377503395081,109,1
SLIM*SIG1,5715dcc7-1480-11f0-87db-54a95b9ec813,caesarian,4,39,0.4555559456348419,0.008993148803710938,4781.0,0.5126882791519165,83,1
SLIM*SIG1,5715dcc7-1480-11f0-87db-54a95b9ec813,caesarian,4,40,0.4555559456348419,0.0030231475830078125,3913.0,0.5126882791519165,83,1
SLIM*SIG1,5715dcc7-1480-11f0-87db-54a95b9ec813,caesarian,4,41,0.4555559456348419,0.01411128044128418,3586.0,0.5126882791519165,83,1
SLIM*SIG1,5715dcc7-1480-11f0-87db-54a95b9ec813,caesarian,4,42,0.4555245041847229,0.0,3673.0,0.5124914050102234,81,1
SLIM*SIG1,5715dcc7-1480-11f0-87db-54a95b9ec813,caesarian,4,43,0.4555245041847229,0.019954919815063477,3842.0,0.5124914050102234,81,1
SLIM*SIG1,5715dcc7-1480-11f0-87db-54a95b9ec813,caesarian,4,44,0.4555245041847229,0.007999897003173828,3285.0,0.5124914050102234,81,1
SLIM*SIG1,5715dcc7-1480-11f0-87db-54a95b9ec813,caesarian,4,45,0.4555245041847229,0.008106231689453125,3719.0,0.5124914050102234,81,1
SLIM*SIG1,5715dcc7-1480-11f0-87db-54a95b9ec813,caesarian,4,46,0.4555245041847229,0.007893085479736328,3745.0,0.5124914050102234,81,1
SLIM*SIG1,5715dcc7-1480-11f0-87db-54a95b9ec813,caesarian,4,47,0.4555245041847229,0.007964372634887695,3812.0,0.5124914050102234,81,1
SLIM*SIG1,5715dcc7-1480-11f0-87db-54a95b9ec813,caesarian,4,48,0.45547574758529663,0.008101463317871094,4152.0,0.5131174921989441,120,1
SLIM*SIG1,5715dcc7-1480-11f0-87db-54a95b9ec813,caesarian,4,49,0.45547574758529663,0.008902549743652344,3775.0,0.5131174921989441,120,1
SLIM*SIG1,5715dcc7-1480-11f0-87db-54a95b9ec813,caesarian,4,50,0.45547574758529663,0.00810551643371582,3912.0,0.5131174921989441,120,1
SLIM*SIG1,5715dcc7-1480-11f0-87db-54a95b9ec813,caesarian,4,51,0.45547205209732056,0.004063129425048828,4547.0,0.513063371181488,146,1
SLIM*SIG1,5715dcc7-1480-11f0-87db-54a95b9ec813,caesarian,4,52,0.45547205209732056,0.013605117797851562,4543.0,0.513063371181488,146,1
SLIM*SIG1,5715dcc7-1480-11f0-87db-54a95b9ec813,caesarian,4,53,0.45547205209732056,0.0,5215.0,0.513063371181488,146,1
SLIM*SIG1,5715dcc7-1480-11f0-87db-54a95b9ec813,caesarian,4,54,0.4542942941188812,0.015632152557373047,5666.0,0.5120313763618469,81,1
SLIM*SIG1,5715dcc7-1480-11f0-87db-54a95b9ec813,caesarian,4,55,0.4542942941188812,0.0,5733.0,0.5120313763618469,81,1
SLIM*SIG1,5715dcc7-1480-11f0-87db-54a95b9ec813,caesarian,4,56,0.4542942941188812,0.023874282836914062,5644.0,0.5120313763618469,81,1
SLIM*SIG1,5715dcc7-1480-11f0-87db-54a95b9ec813,caesarian,4,57,0.4542942941188812,0.008111238479614258,5248.0,0.5120313763618469,81,1
SLIM*SIG1,5715dcc7-1480-11f0-87db-54a95b9ec813,caesarian,4,58,0.4542942941188812,0.007618427276611328,5066.0,0.5120313763618469,81,1
SLIM*SIG1,5715dcc7-1480-11f0-87db-54a95b9ec813,caesarian,4,59,0.4542942941188812,0.008005142211914062,5183.0,0.5120313763618469,81,1
SLIM*SIG1,5715dcc7-1480-11f0-87db-54a95b9ec813,caesarian,4,60,0.4536833167076111,0.00910496711730957,5046.0,0.5057082772254944,55,1
SLIM*SIG1,5715dcc7-1480-11f0-87db-54a95b9ec813,caesarian,4,61,0.4536833167076111,0.009014606475830078,4996.0,0.5057082772254944,55,1
SLIM*SIG1,5715dcc7-1480-11f0-87db-54a95b9ec813,caesarian,4,62,0.4536833167076111,0.002059459686279297,4964.0,0.5057082772254944,55,1
SLIM*SIG1,5715dcc7-1480-11f0-87db-54a95b9ec813,caesarian,4,63,0.45328715443611145,0.014106035232543945,5126.0,0.5045081973075867,42,1
SLIM*SIG1,5715dcc7-1480-11f0-87db-54a95b9ec813,caesarian,4,64,0.45328715443611145,0.0,5016.0,0.5045081973075867,42,1
SLIM*SIG1,5715dcc7-1480-11f0-87db-54a95b9ec813,caesarian,4,65,0.45328715443611145,0.01563239097595215,4780.0,0.5045081973075867,42,1
SLIM*SIG1,5715dcc7-1480-11f0-87db-54a95b9ec813,caesarian,4,66,0.45328715443611145,0.015727996826171875,4671.0,0.5045081973075867,42,1
SLIM*SIG1,5715dcc7-1480-11f0-87db-54a95b9ec813,caesarian,4,67,0.45328715443611145,0.008182764053344727,4559.0,0.5045081973075867,42,1
SLIM*SIG1,5715dcc7-1480-11f0-87db-54a95b9ec813,caesarian,4,68,0.45328715443611145,0.007999658584594727,4221.0,0.5045081973075867,42,1
SLIM*SIG1,5715dcc7-1480-11f0-87db-54a95b9ec813,caesarian,4,69,0.45328715443611145,0.008669376373291016,4097.0,0.5045081973075867,42,1
SLIM*SIG1,5715dcc7-1480-11f0-87db-54a95b9ec813,caesarian,4,70,0.4529293179512024,0.007895708084106445,3629.0,0.5035017132759094,68,1
SLIM*SIG1,5715dcc7-1480-11f0-87db-54a95b9ec813,caesarian,4,71,0.45274150371551514,0.007463216781616211,3454.0,0.5023526549339294,55,1
SLIM*SIG1,5715dcc7-1480-11f0-87db-54a95b9ec813,caesarian,4,72,0.44874027371406555,0.007891178131103516,3246.0,0.48602157831192017,94,1
SLIM*SIG1,5715dcc7-1480-11f0-87db-54a95b9ec813,caesarian,4,73,0.44467225670814514,0.0016131401062011719,3478.0,0.48240846395492554,107,1
SLIM*SIG1,5715dcc7-1480-11f0-87db-54a95b9ec813,caesarian,4,74,0.44467225670814514,0.014004230499267578,4169.0,0.48240846395492554,107,1
SLIM*SIG1,5715dcc7-1480-11f0-87db-54a95b9ec813,caesarian,4,75,0.44320058822631836,0.0,4491.0,0.487062931060791,107,1
SLIM*SIG1,5715dcc7-1480-11f0-87db-54a95b9ec813,caesarian,4,76,0.4401777684688568,0.015736103057861328,4266.0,0.48556989431381226,68,1
SLIM*SIG1,5715dcc7-1480-11f0-87db-54a95b9ec813,caesarian,4,77,0.43987634778022766,0.0,4195.0,0.4855171740055084,81,1
SLIM*SIG1,5715dcc7-1480-11f0-87db-54a95b9ec813,caesarian,4,78,0.4392830431461334,0.015625476837158203,4128.0,0.49499669671058655,68,1
SLIM*SIG1,5715dcc7-1480-11f0-87db-54a95b9ec813,caesarian,4,79,0.4382740259170532,0.018401145935058594,3894.0,0.4902407228946686,94,1
SLIM*SIG1,5715dcc7-1480-11f0-87db-54a95b9ec813,caesarian,4,80,0.4382740259170532,0.00855398178100586,3465.0,0.4902407228946686,94,1
SLIM*SIG1,5715dcc7-1480-11f0-87db-54a95b9ec813,caesarian,4,81,0.43823033571243286,0.007001161575317383,3428.0,0.4909593462944031,68,1
SLIM*SIG1,5715dcc7-1480-11f0-87db-54a95b9ec813,caesarian,4,82,0.43823033571243286,0.008110761642456055,3677.0,0.4909593462944031,68,1
SLIM*SIG1,5715dcc7-1480-11f0-87db-54a95b9ec813,caesarian,4,83,0.43823033571243286,0.007704019546508789,3805.0,0.4909593462944031,68,1
SLIM*SIG1,5715dcc7-1480-11f0-87db-54a95b9ec813,caesarian,4,84,0.4367065131664276,0.0025339126586914062,4000.0,0.4880986511707306,81,1
SLIM*SIG1,5715dcc7-1480-11f0-87db-54a95b9ec813,caesarian,4,85,0.4367065131664276,0.012526512145996094,3948.0,0.4880986511707306,81,1
SLIM*SIG1,5715dcc7-1480-11f0-87db-54a95b9ec813,caesarian,4,86,0.4367065131664276,0.0,3859.0,0.4880986511707306,81,1
SLIM*SIG1,5715dcc7-1480-11f0-87db-54a95b9ec813,caesarian,4,87,0.436636745929718,0.01574993133544922,3954.0,0.48534703254699707,81,1
SLIM*SIG1,5715dcc7-1480-11f0-87db-54a95b9ec813,caesarian,4,88,0.436636745929718,0.015522480010986328,3926.0,0.48534703254699707,81,1
SLIM*SIG1,5715dcc7-1480-11f0-87db-54a95b9ec813,caesarian,4,89,0.436636745929718,0.0,3785.0,0.48534703254699707,81,1
SLIM*SIG1,5715dcc7-1480-11f0-87db-54a95b9ec813,caesarian,4,90,0.436636745929718,0.01572394371032715,4171.0,0.48534703254699707,81,1
SLIM*SIG1,5715dcc7-1480-11f0-87db-54a95b9ec813,caesarian,4,91,0.436636745929718,0.0,4717.0,0.48534703254699707,81,1
SLIM*SIG1,5715dcc7-1480-11f0-87db-54a95b9ec813,caesarian,4,92,0.436636745929718,0.017539501190185547,4719.0,0.48534703254699707,81,1
SLIM*SIG1,5715dcc7-1480-11f0-87db-54a95b9ec813,caesarian,4,93,0.436636745929718,0.009339570999145508,4377.0,0.48534703254699707,81,1
SLIM*SIG1,5715dcc7-1480-11f0-87db-54a95b9ec813,caesarian,4,94,0.43655627965927124,0.010310888290405273,4819.0,0.48704850673675537,81,1
SLIM*SIG1,5715dcc7-1480-11f0-87db-54a95b9ec813,caesarian,4,95,0.43655627965927124,0.0026099681854248047,4576.0,0.48704850673675537,81,1
SLIM*SIG1,5715dcc7-1480-11f0-87db-54a95b9ec813,caesarian,4,96,0.43655627965927124,0.017497539520263672,4277.0,0.48704850673675537,81,1
SLIM*SIG1,5715dcc7-1480-11f0-87db-54a95b9ec813,caesarian,4,97,0.43655627965927124,0.009006023406982422,4052.0,0.48704850673675537,81,1
SLIM*SIG1,5715dcc7-1480-11f0-87db-54a95b9ec813,caesarian,4,98,0.43655627965927124,0.0029976367950439453,3714.0,0.48704850673675537,81,1
SLIM*SIG1,5715dcc7-1480-11f0-87db-54a95b9ec813,caesarian,4,99,0.43655627965927124,0.0,3415.0,0.48704850673675537,81,1
SLIM*SIG1,5715dcc7-1480-11f0-87db-54a95b9ec813,caesarian,4,100,0.43652623891830444,0.02351689338684082,3324.0,0.4864386320114136,68,1
SLIM*SIG1,5715dcc7-1480-11f0-87db-54a95b9ec813,caesarian,4,101,0.43652623891830444,0.008101463317871094,3623.0,0.4864386320114136,68,1
SLIM*SIG1,5715dcc7-1480-11f0-87db-54a95b9ec813,caesarian,4,102,0.43652623891830444,0.00816202163696289,3560.0,0.4864386320114136,68,1
SLIM*SIG1,5715dcc7-1480-11f0-87db-54a95b9ec813,caesarian,4,103,0.43652623891830444,0.0030684471130371094,3467.0,0.4864386320114136,68,1
SLIM*SIG1,5715dcc7-1480-11f0-87db-54a95b9ec813,caesarian,4,104,0.43652623891830444,0.0,3493.0,0.4864386320114136,68,1
SLIM*SIG1,5715dcc7-1480-11f0-87db-54a95b9ec813,caesarian,4,105,0.43652623891830444,0.02203512191772461,3460.0,0.4864386320114136,68,1
SLIM*SIG1,5715dcc7-1480-11f0-87db-54a95b9ec813,caesarian,4,106,0.43652623891830444,0.007509946823120117,3291.0,0.4864386320114136,68,1
SLIM*SIG1,5715dcc7-1480-11f0-87db-54a95b9ec813,caesarian,4,107,0.43652623891830444,0.009105443954467773,3850.0,0.4864386320114136,68,1
SLIM*SIG1,5715dcc7-1480-11f0-87db-54a95b9ec813,caesarian,4,108,0.43652623891830444,0.00899505615234375,4136.0,0.4864386320114136,68,1
SLIM*SIG1,5715dcc7-1480-11f0-87db-54a95b9ec813,caesarian,4,109,0.43652623891830444,0.008133172988891602,3991.0,0.4864386320114136,68,1
SLIM*SIG1,5715dcc7-1480-11f0-87db-54a95b9ec813,caesarian,4,110,0.43652623891830444,0.0068967342376708984,4067.0,0.4864386320114136,68,1
SLIM*SIG1,5715dcc7-1480-11f0-87db-54a95b9ec813,caesarian,4,111,0.43652623891830444,0.007101535797119141,3404.0,0.4864386320114136,68,1
SLIM*SIG1,5715dcc7-1480-11f0-87db-54a95b9ec813,caesarian,4,112,0.43652623891830444,0.00789952278137207,3404.0,0.4864386320114136,68,1
SLIM*SIG1,5715dcc7-1480-11f0-87db-54a95b9ec813,caesarian,4,113,0.43652623891830444,0.009233474731445312,3432.0,0.4864386320114136,68,1
SLIM*SIG1,5715dcc7-1480-11f0-87db-54a95b9ec813,caesarian,4,114,0.43652623891830444,0.007999420166015625,3135.0,0.4864386320114136,68,1
SLIM*SIG1,5715dcc7-1480-11f0-87db-54a95b9ec813,caesarian,4,115,0.43652623891830444,0.009737014770507812,3516.0,0.4864386320114136,68,1
SLIM*SIG1,5715dcc7-1480-11f0-87db-54a95b9ec813,caesarian,4,116,0.4362391233444214,0.009105920791625977,3659.0,0.4816569983959198,81,1
SLIM*SIG1,5715dcc7-1480-11f0-87db-54a95b9ec813,caesarian,4,117,0.4362391233444214,0.007829904556274414,3553.0,0.4816569983959198,81,1
SLIM*SIG1,5715dcc7-1480-11f0-87db-54a95b9ec813,caesarian,4,118,0.4362391233444214,0.009951114654541016,3735.0,0.4816569983959198,81,1
SLIM*SIG1,5715dcc7-1480-11f0-87db-54a95b9ec813,caesarian,4,119,0.4362391233444214,0.0070455074310302734,3828.0,0.4816569983959198,81,1
SLIM*SIG1,5715dcc7-1480-11f0-87db-54a95b9ec813,caesarian,4,120,0.4362391233444214,0.009113788604736328,3841.0,0.4816569983959198,81,1
SLIM*SIG1,5715dcc7-1480-11f0-87db-54a95b9ec813,caesarian,4,121,0.4362391233444214,0.008178234100341797,3551.0,0.4816569983959198,81,1
SLIM*SIG1,5715dcc7-1480-11f0-87db-54a95b9ec813,caesarian,4,122,0.4362391233444214,0.010002374649047852,3432.0,0.4816569983959198,81,1
SLIM*SIG1,5715dcc7-1480-11f0-87db-54a95b9ec813,caesarian,4,123,0.4362391233444214,0.007996797561645508,3005.0,0.4816569983959198,81,1
SLIM*SIG1,5715dcc7-1480-11f0-87db-54a95b9ec813,caesarian,4,124,0.4362391233444214,0.00863337516784668,2971.0,0.4816569983959198,81,1
SLIM*SIG1,5715dcc7-1480-11f0-87db-54a95b9ec813,caesarian,4,125,0.4362391233444214,0.007958173751831055,3194.0,0.4816569983959198,81,1
SLIM*SIG1,5715dcc7-1480-11f0-87db-54a95b9ec813,caesarian,4,126,0.4362391233444214,0.009352922439575195,3215.0,0.4816569983959198,81,1
SLIM*SIG1,5715dcc7-1480-11f0-87db-54a95b9ec813,caesarian,4,127,0.4362391233444214,0.009009599685668945,3239.0,0.4816569983959198,81,1
SLIM*SIG1,5715dcc7-1480-11f0-87db-54a95b9ec813,caesarian,4,128,0.4362391233444214,0.010485410690307617,3503.0,0.4816569983959198,81,1
SLIM*SIG1,5715dcc7-1480-11f0-87db-54a95b9ec813,caesarian,4,129,0.4362391233444214,0.008997917175292969,3763.0,0.4816569983959198,81,1
SLIM*SIG1,5715dcc7-1480-11f0-87db-54a95b9ec813,caesarian,4,130,0.4362391233444214,0.010546684265136719,3974.0,0.4816569983959198,81,1
SLIM*SIG1,5715dcc7-1480-11f0-87db-54a95b9ec813,caesarian,4,131,0.4362391233444214,0.010025739669799805,4141.0,0.4816569983959198,81,1
SLIM*SIG1,5715dcc7-1480-11f0-87db-54a95b9ec813,caesarian,4,132,0.43561050295829773,0.010967254638671875,4297.0,0.4811428487300873,81,1
SLIM*SIG1,5715dcc7-1480-11f0-87db-54a95b9ec813,caesarian,4,133,0.43561050295829773,0.010740041732788086,4418.0,0.4811428487300873,81,1
SLIM*SIG1,5715dcc7-1480-11f0-87db-54a95b9ec813,caesarian,4,134,0.43561050295829773,0.008988380432128906,3985.0,0.4811428487300873,81,1
SLIM*SIG1,5715dcc7-1480-11f0-87db-54a95b9ec813,caesarian,4,135,0.43561050295829773,0.009430646896362305,3259.0,0.4811428487300873,81,1
SLIM*SIG1,5715dcc7-1480-11f0-87db-54a95b9ec813,caesarian,4,136,0.43561050295829773,0.009378671646118164,3064.0,0.4811428487300873,81,1
SLIM*SIG1,5715dcc7-1480-11f0-87db-54a95b9ec813,caesarian,4,137,0.43561050295829773,0.011113405227661133,3660.0,0.4811428487300873,81,1
SLIM*SIG1,5715dcc7-1480-11f0-87db-54a95b9ec813,caesarian,4,138,0.43561050295829773,0.010539531707763672,3985.0,0.4811428487300873,81,1
SLIM*SIG1,5715dcc7-1480-11f0-87db-54a95b9ec813,caesarian,4,139,0.43561050295829773,0.010991573333740234,4338.0,0.4811428487300873,81,1
SLIM*SIG1,5715dcc7-1480-11f0-87db-54a95b9ec813,caesarian,4,140,0.43561050295829773,0.010317325592041016,4708.0,0.4811428487300873,81,1
SLIM*SIG1,5715dcc7-1480-11f0-87db-54a95b9ec813,caesarian,4,141,0.43561050295829773,0.009009122848510742,4535.0,0.4811428487300873,81,1
SLIM*SIG1,5715dcc7-1480-11f0-87db-54a95b9ec813,caesarian,4,142,0.43561050295829773,0.012514591217041016,4231.0,0.4811428487300873,81,1
SLIM*SIG1,5715dcc7-1480-11f0-87db-54a95b9ec813,caesarian,4,143,0.43561050295829773,0.010686874389648438,3926.0,0.4811428487300873,81,1
SLIM*SIG1,5715dcc7-1480-11f0-87db-54a95b9ec813,caesarian,4,144,0.43561050295829773,0.009999752044677734,3584.0,0.4811428487300873,81,1
SLIM*SIG1,5715dcc7-1480-11f0-87db-54a95b9ec813,caesarian,4,145,0.43561050295829773,0.008028745651245117,4028.0,0.4811428487300873,81,1
SLIM*SIG1,5715dcc7-1480-11f0-87db-54a95b9ec813,caesarian,4,146,0.43561050295829773,0.009332418441772461,3987.0,0.4811428487300873,81,1
SLIM*SIG1,5715dcc7-1480-11f0-87db-54a95b9ec813,caesarian,4,147,0.43561050295829773,0.00825643539428711,3909.0,0.4811428487300873,81,1
SLIM*SIG1,5715dcc7-1480-11f0-87db-54a95b9ec813,caesarian,4,148,0.43561050295829773,0.011088371276855469,3833.0,0.4811428487300873,81,1
SLIM*SIG1,5715dcc7-1480-11f0-87db-54a95b9ec813,caesarian,4,149,0.43561050295829773,0.00863027572631836,3980.0,0.4811428487300873,81,1
SLIM*SIG1,5715dcc7-1480-11f0-87db-54a95b9ec813,caesarian,4,150,0.43561050295829773,0.00789332389831543,3835.0,0.4811428487300873,81,1
SLIM*SIG1,5715dcc7-1480-11f0-87db-54a95b9ec813,caesarian,4,151,0.43561050295829773,0.009000062942504883,4407.0,0.4811428487300873,81,1
SLIM*SIG1,5715dcc7-1480-11f0-87db-54a95b9ec813,caesarian,4,152,0.43561050295829773,0.009110450744628906,4552.0,0.4811428487300873,81,1
SLIM*SIG1,5715dcc7-1480-11f0-87db-54a95b9ec813,caesarian,4,153,0.435421884059906,0.009314537048339844,4409.0,0.4871819019317627,81,1
SLIM*SIG1,5715dcc7-1480-11f0-87db-54a95b9ec813,caesarian,4,154,0.435421884059906,0.009002447128295898,4348.0,0.4871819019317627,81,1
SLIM*SIG1,5715dcc7-1480-11f0-87db-54a95b9ec813,caesarian,4,155,0.435421884059906,0.06580686569213867,4731.0,0.4871819019317627,81,1
SLIM*SIG1,5715dcc7-1480-11f0-87db-54a95b9ec813,caesarian,4,156,0.4353918731212616,0.008101940155029297,4510.0,0.48674601316452026,68,1
SLIM*SIG1,5715dcc7-1480-11f0-87db-54a95b9ec813,caesarian,4,157,0.4353918731212616,0.008937358856201172,4097.0,0.48674601316452026,68,1
SLIM*SIG1,5715dcc7-1480-11f0-87db-54a95b9ec813,caesarian,4,158,0.4353918731212616,0.00107574462890625,3735.0,0.48674601316452026,68,1
SLIM*SIG1,5715dcc7-1480-11f0-87db-54a95b9ec813,caesarian,4,159,0.4353918731212616,0.0,3330.0,0.48674601316452026,68,1
SLIM*SIG1,5715dcc7-1480-11f0-87db-54a95b9ec813,caesarian,4,160,0.4353918731212616,0.01562666893005371,2962.0,0.48674601316452026,68,1
SLIM*SIG1,5715dcc7-1480-11f0-87db-54a95b9ec813,caesarian,4,161,0.4353918731212616,0.01572442054748535,3133.0,0.48674601316452026,68,1
SLIM*SIG1,5715dcc7-1480-11f0-87db-54a95b9ec813,caesarian,4,162,0.4353918731212616,0.005604982376098633,3349.0,0.48674601316452026,68,1
SLIM*SIG1,5715dcc7-1480-11f0-87db-54a95b9ec813,caesarian,4,163,0.4353918731212616,0.015391826629638672,3145.0,0.48674601316452026,68,1
SLIM*SIG1,5715dcc7-1480-11f0-87db-54a95b9ec813,caesarian,4,164,0.43539106845855713,0.008106231689453125,3295.0,0.48686856031417847,68,1
SLIM*SIG1,5715dcc7-1480-11f0-87db-54a95b9ec813,caesarian,4,165,0.43539106845855713,0.005356311798095703,3293.0,0.48686856031417847,68,1
SLIM*SIG1,5715dcc7-1480-11f0-87db-54a95b9ec813,caesarian,4,166,0.43539106845855713,0.0,3029.0,0.48686856031417847,68,1
SLIM*SIG1,5715dcc7-1480-11f0-87db-54a95b9ec813,caesarian,4,167,0.43539106845855713,0.019925832748413086,3140.0,0.48686856031417847,68,1
SLIM*SIG1,5715dcc7-1480-11f0-87db-54a95b9ec813,caesarian,4,168,0.43539106845855713,0.007995128631591797,3064.0,0.48686856031417847,68,1
SLIM*SIG1,5715dcc7-1480-11f0-87db-54a95b9ec813,caesarian,4,169,0.43539106845855713,0.004384517669677734,2997.0,0.48686856031417847,68,1
SLIM*SIG1,5715dcc7-1480-11f0-87db-54a95b9ec813,caesarian,4,170,0.43539106845855713,0.0,2986.0,0.48686856031417847,68,1
SLIM*SIG1,5715dcc7-1480-11f0-87db-54a95b9ec813,caesarian,4,171,0.43539106845855713,0.015729904174804688,3116.0,0.48686856031417847,68,1
SLIM*SIG1,5715dcc7-1480-11f0-87db-54a95b9ec813,caesarian,4,172,0.43539106845855713,0.0,3231.0,0.48686856031417847,68,1
SLIM*SIG1,5715dcc7-1480-11f0-87db-54a95b9ec813,caesarian,4,173,0.43539106845855713,0.02112865447998047,3192.0,0.48686856031417847,68,1
SLIM*SIG1,5715dcc7-1480-11f0-87db-54a95b9ec813,caesarian,4,174,0.43539106845855713,0.010613441467285156,3361.0,0.48686856031417847,68,1
SLIM*SIG1,5715dcc7-1480-11f0-87db-54a95b9ec813,caesarian,4,175,0.43539106845855713,0.0,3421.0,0.48686856031417847,68,1
SLIM*SIG1,5715dcc7-1480-11f0-87db-54a95b9ec813,caesarian,4,176,0.43539106845855713,0.019285202026367188,3497.0,0.48686856031417847,68,1
SLIM*SIG1,5715dcc7-1480-11f0-87db-54a95b9ec813,caesarian,4,177,0.43539106845855713,0.008042097091674805,3623.0,0.48686856031417847,68,1
SLIM*SIG1,5715dcc7-1480-11f0-87db-54a95b9ec813,caesarian,4,178,0.43539106845855713,0.009001016616821289,3296.0,0.48686856031417847,68,1
SLIM*SIG1,5715dcc7-1480-11f0-87db-54a95b9ec813,caesarian,4,179,0.43539106845855713,0.008998632431030273,3452.0,0.48686856031417847,68,1
SLIM*SIG1,5715dcc7-1480-11f0-87db-54a95b9ec813,caesarian,4,180,0.43539106845855713,0.008213520050048828,2882.0,0.48686856031417847,68,1
SLIM*SIG1,5715dcc7-1480-11f0-87db-54a95b9ec813,caesarian,4,181,0.43539106845855713,0.008005857467651367,2659.0,0.48686856031417847,68,1
SLIM*SIG1,5715dcc7-1480-11f0-87db-54a95b9ec813,caesarian,4,182,0.43539106845855713,0.00827169418334961,2845.0,0.48686856031417847,68,1
SLIM*SIG1,5715dcc7-1480-11f0-87db-54a95b9ec813,caesarian,4,183,0.43539106845855713,0.009104728698730469,2906.0,0.48686856031417847,68,1
SLIM*SIG1,5715dcc7-1480-11f0-87db-54a95b9ec813,caesarian,4,184,0.43539106845855713,0.009332656860351562,3040.0,0.48686856031417847,68,1
SLIM*SIG1,5715dcc7-1480-11f0-87db-54a95b9ec813,caesarian,4,185,0.43539106845855713,0.009117364883422852,3322.0,0.48686856031417847,68,1
SLIM*SIG1,5715dcc7-1480-11f0-87db-54a95b9ec813,caesarian,4,186,0.43539106845855713,0.002608060836791992,3049.0,0.48686856031417847,68,1
SLIM*SIG1,5715dcc7-1480-11f0-87db-54a95b9ec813,caesarian,4,187,0.43539106845855713,0.01573777198791504,3285.0,0.48686856031417847,68,1
SLIM*SIG1,5715dcc7-1480-11f0-87db-54a95b9ec813,caesarian,4,188,0.43539106845855713,0.009329557418823242,3079.0,0.48686856031417847,68,1
SLIM*SIG1,5715dcc7-1480-11f0-87db-54a95b9ec813,caesarian,4,189,0.43539106845855713,0.009997844696044922,3534.0,0.48686856031417847,68,1
SLIM*SIG1,5715dcc7-1480-11f0-87db-54a95b9ec813,caesarian,4,190,0.43539106845855713,0.00900125503540039,3588.0,0.48686856031417847,68,1
SLIM*SIG1,5715dcc7-1480-11f0-87db-54a95b9ec813,caesarian,4,191,0.43539106845855713,0.010230779647827148,3664.0,0.48686856031417847,68,1
SLIM*SIG1,5715dcc7-1480-11f0-87db-54a95b9ec813,caesarian,4,192,0.43539106845855713,0.008008718490600586,3742.0,0.48686856031417847,68,1
SLIM*SIG1,5715dcc7-1480-11f0-87db-54a95b9ec813,caesarian,4,193,0.43539106845855713,0.007996559143066406,3323.0,0.48686856031417847,68,1
SLIM*SIG1,5715dcc7-1480-11f0-87db-54a95b9ec813,caesarian,4,194,0.43539106845855713,0.009443283081054688,2991.0,0.48686856031417847,68,1
SLIM*SIG1,5715dcc7-1480-11f0-87db-54a95b9ec813,caesarian,4,195,0.43539106845855713,0.005814313888549805,3262.0,0.48686856031417847,68,1
SLIM*SIG1,5715dcc7-1480-11f0-87db-54a95b9ec813,caesarian,4,196,0.43535009026527405,0.011113166809082031,3510.0,0.4873543679714203,81,1
SLIM*SIG1,5715dcc7-1480-11f0-87db-54a95b9ec813,caesarian,4,197,0.43535009026527405,0.0,3675.0,0.4873543679714203,81,1
SLIM*SIG1,5715dcc7-1480-11f0-87db-54a95b9ec813,caesarian,4,198,0.43535009026527405,0.01563262939453125,3110.0,0.4873543679714203,81,1
SLIM*SIG1,5715dcc7-1480-11f0-87db-54a95b9ec813,caesarian,4,199,0.43535009026527405,0.0,3100.0,0.4873543679714203,81,1
SLIM*SIG1,5715dcc7-1480-11f0-87db-54a95b9ec813,caesarian,4,200,0.43535009026527405,0.019949674606323242,3271.0,0.4873543679714203,81,1
SLIM*SIG1,5715dcc7-1480-11f0-87db-54a95b9ec813,caesarian,4,201,0.43535009026527405,0.008003950119018555,3195.0,0.4873543679714203,81,1
SLIM*SIG1,5715dcc7-1480-11f0-87db-54a95b9ec813,caesarian,4,202,0.43535009026527405,0.007695674896240234,3221.0,0.4873543679714203,81,1
SLIM*SIG1,5715dcc7-1480-11f0-87db-54a95b9ec813,caesarian,4,203,0.43535009026527405,0.0,3468.0,0.4873543679714203,81,1
SLIM*SIG1,5715dcc7-1480-11f0-87db-54a95b9ec813,caesarian,4,204,0.43532729148864746,0.01780080795288086,3797.0,0.48713570833206177,81,1
SLIM*SIG1,5715dcc7-1480-11f0-87db-54a95b9ec813,caesarian,4,205,0.43532729148864746,0.006901979446411133,3377.0,0.48713570833206177,81,1
SLIM*SIG1,5715dcc7-1480-11f0-87db-54a95b9ec813,caesarian,4,206,0.43532729148864746,0.008108854293823242,3146.0,0.48713570833206177,81,1
SLIM*SIG1,5715dcc7-1480-11f0-87db-54a95b9ec813,caesarian,4,207,0.43532729148864746,0.004694461822509766,3114.0,0.48713570833206177,81,1
SLIM*SIG1,5715dcc7-1480-11f0-87db-54a95b9ec813,caesarian,4,208,0.43532729148864746,0.0,3168.0,0.48713570833206177,81,1
SLIM*SIG1,5715dcc7-1480-11f0-87db-54a95b9ec813,caesarian,4,209,0.43532729148864746,0.01106715202331543,3276.0,0.48713570833206177,81,1
SLIM*SIG1,5715dcc7-1480-11f0-87db-54a95b9ec813,caesarian,4,210,0.43532729148864746,0.0,3120.0,0.48713570833206177,81,1
SLIM*SIG1,5715dcc7-1480-11f0-87db-54a95b9ec813,caesarian,4,211,0.43532729148864746,0.015731096267700195,2897.0,0.48713570833206177,81,1
SLIM*SIG1,5715dcc7-1480-11f0-87db-54a95b9ec813,caesarian,4,212,0.43532729148864746,0.015527009963989258,3343.0,0.48713570833206177,81,1
SLIM*SIG1,5715dcc7-1480-11f0-87db-54a95b9ec813,caesarian,4,213,0.43532729148864746,0.0,3265.0,0.48713570833206177,81,1
SLIM*SIG1,5715dcc7-1480-11f0-87db-54a95b9ec813,caesarian,4,214,0.43532729148864746,0.018021583557128906,3419.0,0.48713570833206177,81,1
SLIM*SIG1,5715dcc7-1480-11f0-87db-54a95b9ec813,caesarian,4,215,0.43532729148864746,0.009145021438598633,3144.0,0.48713570833206177,81,1
SLIM*SIG1,5715dcc7-1480-11f0-87db-54a95b9ec813,caesarian,4,216,0.43532729148864746,0.009002447128295898,3404.0,0.48713570833206177,81,1
SLIM*SIG1,5715dcc7-1480-11f0-87db-54a95b9ec813,caesarian,4,217,0.43532729148864746,0.00873112678527832,3452.0,0.48713570833206177,81,1
SLIM*SIG1,5715dcc7-1480-11f0-87db-54a95b9ec813,caesarian,4,218,0.43532729148864746,0.007834196090698242,3790.0,0.48713570833206177,81,1
SLIM*SIG1,5715dcc7-1480-11f0-87db-54a95b9ec813,caesarian,4,219,0.43532729148864746,0.004115104675292969,3543.0,0.48713570833206177,81,1
SLIM*SIG1,5715dcc7-1480-11f0-87db-54a95b9ec813,caesarian,4,220,0.43532729148864746,0.011110544204711914,3285.0,0.48713570833206177,81,1
SLIM*SIG1,5715dcc7-1480-11f0-87db-54a95b9ec813,caesarian,4,221,0.43532729148864746,0.0,3300.0,0.48713570833206177,81,1
SLIM*SIG1,5715dcc7-1480-11f0-87db-54a95b9ec813,caesarian,4,222,0.43532729148864746,0.015735626220703125,3220.0,0.48713570833206177,81,1
SLIM*SIG1,5715dcc7-1480-11f0-87db-54a95b9ec813,caesarian,4,223,0.43532729148864746,0.015522003173828125,3417.0,0.48713570833206177,81,1
SLIM*SIG1,5715dcc7-1480-11f0-87db-54a95b9ec813,caesarian,4,224,0.43532729148864746,0.0,3274.0,0.48713570833206177,81,1
SLIM*SIG1,5715dcc7-1480-11f0-87db-54a95b9ec813,caesarian,4,225,0.43532729148864746,0.024289369583129883,3219.0,0.48713570833206177,81,1
SLIM*SIG1,5715dcc7-1480-11f0-87db-54a95b9ec813,caesarian,4,226,0.43532729148864746,0.009547710418701172,3273.0,0.48713570833206177,81,1
SLIM*SIG1,5715dcc7-1480-11f0-87db-54a95b9ec813,caesarian,4,227,0.43532729148864746,0.00876164436340332,3242.0,0.48713570833206177,81,1
SLIM*SIG1,5715dcc7-1480-11f0-87db-54a95b9ec813,caesarian,4,228,0.43532729148864746,0.009929180145263672,3405.0,0.48713570833206177,81,1
SLIM*SIG1,5715dcc7-1480-11f0-87db-54a95b9ec813,caesarian,4,229,0.43532729148864746,0.009984970092773438,3527.0,0.48713570833206177,81,1
SLIM*SIG1,5715dcc7-1480-11f0-87db-54a95b9ec813,caesarian,4,230,0.43532729148864746,0.010535478591918945,3198.0,0.48713570833206177,81,1
SLIM*SIG1,5715dcc7-1480-11f0-87db-54a95b9ec813,caesarian,4,231,0.43532729148864746,0.010392427444458008,3025.0,0.48713570833206177,81,1
SLIM*SIG1,5715dcc7-1480-11f0-87db-54a95b9ec813,caesarian,4,232,0.43532729148864746,0.008389949798583984,2923.0,0.48713570833206177,81,1
SLIM*SIG1,5715dcc7-1480-11f0-87db-54a95b9ec813,caesarian,4,233,0.43532729148864746,0.011004209518432617,3126.0,0.48713570833206177,81,1
SLIM*SIG1,5715dcc7-1480-11f0-87db-54a95b9ec813,caesarian,4,234,0.43532729148864746,0.011080741882324219,3117.0,0.48713570833206177,81,1
SLIM*SIG1,5715dcc7-1480-11f0-87db-54a95b9ec813,caesarian,4,235,0.43532729148864746,0.010913848876953125,3334.0,0.48713570833206177,81,1
SLIM*SIG1,5715dcc7-1480-11f0-87db-54a95b9ec813,caesarian,4,236,0.43532535433769226,0.008997678756713867,3211.0,0.48645034432411194,81,1
SLIM*SIG1,5715dcc7-1480-11f0-87db-54a95b9ec813,caesarian,4,237,0.43532535433769226,0.009006977081298828,3250.0,0.48645034432411194,81,1
SLIM*SIG1,5715dcc7-1480-11f0-87db-54a95b9ec813,caesarian,4,238,0.43532535433769226,0.01121211051940918,3271.0,0.48645034432411194,81,1
SLIM*SIG1,5715dcc7-1480-11f0-87db-54a95b9ec813,caesarian,4,239,0.43532535433769226,0.010997295379638672,3804.0,0.48645034432411194,81,1
SLIM*SIG1,5715dcc7-1480-11f0-87db-54a95b9ec813,caesarian,4,240,0.43532535433769226,0.010999917984008789,3698.0,0.48645034432411194,81,1
SLIM*SIG1,5715dcc7-1480-11f0-87db-54a95b9ec813,caesarian,4,241,0.43532535433769226,0.0025370121002197266,3614.0,0.48645034432411194,81,1
SLIM*SIG1,5715dcc7-1480-11f0-87db-54a95b9ec813,caesarian,4,242,0.43532535433769226,0.015534400939941406,3419.0,0.48645034432411194,81,1
SLIM*SIG1,5715dcc7-1480-11f0-87db-54a95b9ec813,caesarian,4,243,0.43532535433769226,0.0,3343.0,0.48645034432411194,81,1
SLIM*SIG1,5715dcc7-1480-11f0-87db-54a95b9ec813,caesarian,4,244,0.43532535433769226,0.015637636184692383,3133.0,0.48645034432411194,81,1
SLIM*SIG1,5715dcc7-1480-11f0-87db-54a95b9ec813,caesarian,4,245,0.43532535433769226,0.0,3196.0,0.48645034432411194,81,1
SLIM*SIG1,5715dcc7-1480-11f0-87db-54a95b9ec813,caesarian,4,246,0.43532535433769226,0.026528120040893555,3244.0,0.48645034432411194,81,1
SLIM*SIG1,5715dcc7-1480-11f0-87db-54a95b9ec813,caesarian,4,247,0.43532535433769226,0.009909391403198242,2999.0,0.48645034432411194,81,1
SLIM*SIG1,5715dcc7-1480-11f0-87db-54a95b9ec813,caesarian,4,248,0.43532535433769226,0.010562896728515625,3075.0,0.48645034432411194,81,1
SLIM*SIG1,5715dcc7-1480-11f0-87db-54a95b9ec813,caesarian,4,249,0.43532535433769226,0.010982513427734375,3465.0,0.48645034432411194,81,1
SLIM*SIG1,5715dcc7-1480-11f0-87db-54a95b9ec813,caesarian,4,250,0.43532535433769226,0.007988214492797852,3703.0,0.48645034432411194,81,1
SLIM*SIG1,5715dcc7-1480-11f0-87db-54a95b9ec813,caesarian,4,251,0.43532535433769226,0.011743545532226562,3686.0,0.48645034432411194,81,1
SLIM*SIG1,5715dcc7-1480-11f0-87db-54a95b9ec813,caesarian,4,252,0.43532535433769226,0.00841379165649414,3623.0,0.48645034432411194,81,1
SLIM*SIG1,5715dcc7-1480-11f0-87db-54a95b9ec813,caesarian,4,253,0.43532535433769226,0.009167909622192383,3525.0,0.48645034432411194,81,1
SLIM*SIG1,5715dcc7-1480-11f0-87db-54a95b9ec813,caesarian,4,254,0.4353145956993103,0.009109020233154297,3520.0,0.48693379759788513,81,1
SLIM*SIG1,5715dcc7-1480-11f0-87db-54a95b9ec813,caesarian,4,255,0.4353145956993103,0.01022791862487793,3719.0,0.48693379759788513,81,1
SLIM*SIG1,5715dcc7-1480-11f0-87db-54a95b9ec813,caesarian,4,256,0.4353145956993103,0.010157585144042969,3751.0,0.48693379759788513,81,1
SLIM*SIG1,5715dcc7-1480-11f0-87db-54a95b9ec813,caesarian,4,257,0.4353145956993103,0.010822296142578125,3431.0,0.48693379759788513,81,1
SLIM*SIG1,5715dcc7-1480-11f0-87db-54a95b9ec813,caesarian,4,258,0.4353145956993103,0.010809659957885742,3429.0,0.48693379759788513,81,1
SLIM*SIG1,5715dcc7-1480-11f0-87db-54a95b9ec813,caesarian,4,259,0.4353145956993103,0.009040355682373047,3833.0,0.48693379759788513,81,1
SLIM*SIG1,5715dcc7-1480-11f0-87db-54a95b9ec813,caesarian,4,260,0.4353145956993103,0.004813432693481445,4169.0,0.48693379759788513,81,1
SLIM*SIG1,5715dcc7-1480-11f0-87db-54a95b9ec813,caesarian,4,261,0.4353145956993103,0.015181303024291992,3846.0,0.48693379759788513,81,1
SLIM*SIG1,5715dcc7-1480-11f0-87db-54a95b9ec813,caesarian,4,262,0.4353145956993103,0.0,4010.0,0.48693379759788513,81,1
SLIM*SIG1,5715dcc7-1480-11f0-87db-54a95b9ec813,caesarian,4,263,0.4353145956993103,0.015016555786132812,4162.0,0.48693379759788513,81,1
SLIM*SIG1,5715dcc7-1480-11f0-87db-54a95b9ec813,caesarian,4,264,0.4353145956993103,0.0,4242.0,0.48693379759788513,81,1
SLIM*SIG1,5715dcc7-1480-11f0-87db-54a95b9ec813,caesarian,4,265,0.4353145956993103,0.01563715934753418,3844.0,0.48693379759788513,81,1
SLIM*SIG1,5715dcc7-1480-11f0-87db-54a95b9ec813,caesarian,4,266,0.4353145956993103,0.016515731811523438,3694.0,0.48693379759788513,81,1
SLIM*SIG1,5715dcc7-1480-11f0-87db-54a95b9ec813,caesarian,4,267,0.4353145956993103,0.008273601531982422,4012.0,0.48693379759788513,81,1
SLIM*SIG1,5715dcc7-1480-11f0-87db-54a95b9ec813,caesarian,4,268,0.4353145956993103,0.008000612258911133,4027.0,0.48693379759788513,81,1
SLIM*SIG1,5715dcc7-1480-11f0-87db-54a95b9ec813,caesarian,4,269,0.4353145956993103,0.009612560272216797,4125.0,0.48693379759788513,81,1
SLIM*SIG1,5715dcc7-1480-11f0-87db-54a95b9ec813,caesarian,4,270,0.4353145956993103,0.00902104377746582,4270.0,0.48693379759788513,81,1
SLIM*SIG1,5715dcc7-1480-11f0-87db-54a95b9ec813,caesarian,4,271,0.4353145956993103,0.007998943328857422,4415.0,0.48693379759788513,81,1
SLIM*SIG1,5715dcc7-1480-11f0-87db-54a95b9ec813,caesarian,4,272,0.4353145956993103,0.007998943328857422,4426.0,0.48693379759788513,81,1
SLIM*SIG1,5715dcc7-1480-11f0-87db-54a95b9ec813,caesarian,4,273,0.4353145956993103,0.010998964309692383,4446.0,0.48693379759788513,81,1
SLIM*SIG1,5715dcc7-1480-11f0-87db-54a95b9ec813,caesarian,4,274,0.4353145956993103,0.010785579681396484,4268.0,0.48693379759788513,81,1
SLIM*SIG1,5715dcc7-1480-11f0-87db-54a95b9ec813,caesarian,4,275,0.4353145956993103,0.010549306869506836,4762.0,0.48693379759788513,81,1
SLIM*SIG1,5715dcc7-1480-11f0-87db-54a95b9ec813,caesarian,4,276,0.4353145956993103,0.014584541320800781,5234.0,0.48693379759788513,81,1
SLIM*SIG1,5715dcc7-1480-11f0-87db-54a95b9ec813,caesarian,4,277,0.4353145956993103,0.010085821151733398,4758.0,0.48693379759788513,81,1
SLIM*SIG1,5715dcc7-1480-11f0-87db-54a95b9ec813,caesarian,4,278,0.4353145956993103,0.0,4509.0,0.48693379759788513,81,1
SLIM*SIG1,5715dcc7-1480-11f0-87db-54a95b9ec813,caesarian,4,279,0.4353145956993103,0.022301673889160156,4273.0,0.48693379759788513,81,1
SLIM*SIG1,5715dcc7-1480-11f0-87db-54a95b9ec813,caesarian,4,280,0.4353145956993103,0.009997367858886719,4011.0,0.48693379759788513,81,1
SLIM*SIG1,5715dcc7-1480-11f0-87db-54a95b9ec813,caesarian,4,281,0.4353145956993103,0.008999824523925781,3794.0,0.48693379759788513,81,1
SLIM*SIG1,5715dcc7-1480-11f0-87db-54a95b9ec813,caesarian,4,282,0.4353145956993103,0.007997989654541016,3846.0,0.48693379759788513,81,1
SLIM*SIG1,5715dcc7-1480-11f0-87db-54a95b9ec813,caesarian,4,283,0.4353145956993103,0.008266448974609375,3571.0,0.48693379759788513,81,1
SLIM*SIG1,5715dcc7-1480-11f0-87db-54a95b9ec813,caesarian,4,284,0.4353145956993103,0.007999658584594727,3263.0,0.48693379759788513,81,1
SLIM*SIG1,5715dcc7-1480-11f0-87db-54a95b9ec813,caesarian,4,285,0.4353145956993103,0.007997751235961914,3564.0,0.48693379759788513,81,1
SLIM*SIG1,5715dcc7-1480-11f0-87db-54a95b9ec813,caesarian,4,286,0.4353145956993103,0.008997678756713867,3634.0,0.48693379759788513,81,1
SLIM*SIG1,5715dcc7-1480-11f0-87db-54a95b9ec813,caesarian,4,287,0.4353145956993103,0.005082368850708008,4102.0,0.48693379759788513,81,1
SLIM*SIG1,5715dcc7-1480-11f0-87db-54a95b9ec813,caesarian,4,288,0.4353145956993103,0.0,4037.0,0.48693379759788513,81,1
SLIM*SIG1,5715dcc7-1480-11f0-87db-54a95b9ec813,caesarian,4,289,0.4353145956993103,0.01967477798461914,3883.0,0.48693379759788513,81,1
SLIM*SIG1,5715dcc7-1480-11f0-87db-54a95b9ec813,caesarian,4,290,0.4353145956993103,0.01015329360961914,3991.0,0.48693379759788513,81,1
SLIM*SIG1,5715dcc7-1480-11f0-87db-54a95b9ec813,caesarian,4,291,0.4353145956993103,0.010321617126464844,4461.0,0.48693379759788513,81,1
SLIM*SIG1,5715dcc7-1480-11f0-87db-54a95b9ec813,caesarian,4,292,0.4353145956993103,0.010091543197631836,4459.0,0.48693379759788513,81,1
SLIM*SIG1,5715dcc7-1480-11f0-87db-54a95b9ec813,caesarian,4,293,0.4353145956993103,0.009996175765991211,4372.0,0.48693379759788513,81,1
SLIM*SIG1,5715dcc7-1480-11f0-87db-54a95b9ec813,caesarian,4,294,0.4353145956993103,0.0017180442810058594,4567.0,0.48693379759788513,81,1
SLIM*SIG1,5715dcc7-1480-11f0-87db-54a95b9ec813,caesarian,4,295,0.4353145956993103,0.018199920654296875,4936.0,0.48693379759788513,81,1
SLIM*SIG1,5715dcc7-1480-11f0-87db-54a95b9ec813,caesarian,4,296,0.4353145956993103,0.008011579513549805,4734.0,0.48693379759788513,81,1
SLIM*SIG1,5715dcc7-1480-11f0-87db-54a95b9ec813,caesarian,4,297,0.4353145956993103,0.005940675735473633,4349.0,0.48693379759788513,81,1
SLIM*SIG1,5715dcc7-1480-11f0-87db-54a95b9ec813,caesarian,4,298,0.4353145956993103,0.005107879638671875,4598.0,0.48693379759788513,81,1
SLIM*SIG1,5715dcc7-1480-11f0-87db-54a95b9ec813,caesarian,4,299,0.4353145956993103,0.010112524032592773,4065.0,0.48693379759788513,81,1
SLIM*SIG1,5715dcc7-1480-11f0-87db-54a95b9ec813,caesarian,4,300,0.4353145956993103,0.0,3913.0,0.48693379759788513,81,1
SLIM*SIG1,5715dcc7-1480-11f0-87db-54a95b9ec813,caesarian,4,301,0.4353145956993103,0.008711099624633789,3880.0,0.48693379759788513,81,1
SLIM*SIG1,5715dcc7-1480-11f0-87db-54a95b9ec813,caesarian,4,302,0.4353145956993103,0.008899450302124023,3750.0,0.48693379759788513,81,1
SLIM*SIG1,5715dcc7-1480-11f0-87db-54a95b9ec813,caesarian,4,303,0.4353145956993103,0.009998559951782227,3867.0,0.48693379759788513,81,1
SLIM*SIG1,5715dcc7-1480-11f0-87db-54a95b9ec813,caesarian,4,304,0.4353145956993103,0.009615898132324219,4140.0,0.48693379759788513,81,1
SLIM*SIG1,5715dcc7-1480-11f0-87db-54a95b9ec813,caesarian,4,305,0.4353145956993103,0.00828695297241211,4244.0,0.48693379759788513,81,1
SLIM*SIG1,5715dcc7-1480-11f0-87db-54a95b9ec813,caesarian,4,306,0.4353145956993103,0.010895490646362305,4448.0,0.48693379759788513,81,1
SLIM*SIG1,5715dcc7-1480-11f0-87db-54a95b9ec813,caesarian,4,307,0.4353145956993103,0.009154081344604492,4212.0,0.48693379759788513,81,1
SLIM*SIG1,5715dcc7-1480-11f0-87db-54a95b9ec813,caesarian,4,308,0.4353145956993103,0.009157896041870117,4013.0,0.48693379759788513,81,1
SLIM*SIG1,5715dcc7-1480-11f0-87db-54a95b9ec813,caesarian,4,309,0.4353145956993103,0.009006500244140625,3883.0,0.48693379759788513,81,1
SLIM*SIG1,5715dcc7-1480-11f0-87db-54a95b9ec813,caesarian,4,310,0.4353145956993103,0.00800466537475586,3506.0,0.48693379759788513,81,1
SLIM*SIG1,5715dcc7-1480-11f0-87db-54a95b9ec813,caesarian,4,311,0.4353145956993103,0.010020256042480469,3350.0,0.48693379759788513,81,1
SLIM*SIG1,5715dcc7-1480-11f0-87db-54a95b9ec813,caesarian,4,312,0.43531203269958496,0.00832223892211914,3419.0,0.4868195950984955,109,1
SLIM*SIG1,5715dcc7-1480-11f0-87db-54a95b9ec813,caesarian,4,313,0.43531203269958496,0.00801229476928711,3343.0,0.4868195950984955,109,1
SLIM*SIG1,5715dcc7-1480-11f0-87db-54a95b9ec813,caesarian,4,314,0.43531203269958496,0.008985042572021484,3869.0,0.4868195950984955,109,1
SLIM*SIG1,5715dcc7-1480-11f0-87db-54a95b9ec813,caesarian,4,315,0.43531203269958496,0.008945941925048828,4165.0,0.4868195950984955,109,1
SLIM*SIG1,5715dcc7-1480-11f0-87db-54a95b9ec813,caesarian,4,316,0.43531203269958496,0.008951187133789062,4490.0,0.4868195950984955,109,1
SLIM*SIG1,5715dcc7-1480-11f0-87db-54a95b9ec813,caesarian,4,317,0.43531203269958496,0.009046077728271484,4839.0,0.4868195950984955,109,1
SLIM*SIG1,5715dcc7-1480-11f0-87db-54a95b9ec813,caesarian,4,318,0.43531203269958496,0.009003162384033203,5103.0,0.4868195950984955,109,1
SLIM*SIG1,5715dcc7-1480-11f0-87db-54a95b9ec813,caesarian,4,319,0.43531203269958496,0.005908489227294922,4984.0,0.4868195950984955,109,1
SLIM*SIG1,5715dcc7-1480-11f0-87db-54a95b9ec813,caesarian,4,320,0.43531203269958496,0.0,5327.0,0.4868195950984955,109,1
SLIM*SIG1,5715dcc7-1480-11f0-87db-54a95b9ec813,caesarian,4,321,0.43531203269958496,0.01200413703918457,5680.0,0.4868195950984955,109,1
SLIM*SIG1,5715dcc7-1480-11f0-87db-54a95b9ec813,caesarian,4,322,0.43531203269958496,0.016309738159179688,5385.0,0.4868195950984955,109,1
SLIM*SIG1,5715dcc7-1480-11f0-87db-54a95b9ec813,caesarian,4,323,0.43531203269958496,0.008003950119018555,5200.0,0.4868195950984955,109,1
SLIM*SIG1,5715dcc7-1480-11f0-87db-54a95b9ec813,caesarian,4,324,0.43531203269958496,0.00999903678894043,4868.0,0.4868195950984955,109,1
SLIM*SIG1,5715dcc7-1480-11f0-87db-54a95b9ec813,caesarian,4,325,0.43531203269958496,0.007999658584594727,4679.0,0.4868195950984955,109,1
SLIM*SIG1,5715dcc7-1480-11f0-87db-54a95b9ec813,caesarian,4,326,0.43531203269958496,0.008525371551513672,4885.0,0.4868195950984955,109,1
SLIM*SIG1,5715dcc7-1480-11f0-87db-54a95b9ec813,caesarian,4,327,0.43531203269958496,0.008000612258911133,4980.0,0.4868195950984955,109,1
SLIM*SIG1,5715dcc7-1480-11f0-87db-54a95b9ec813,caesarian,4,328,0.43531203269958496,0.00899195671081543,4936.0,0.4868195950984955,109,1
SLIM*SIG1,5715dcc7-1480-11f0-87db-54a95b9ec813,caesarian,4,329,0.43531203269958496,0.009006500244140625,4644.0,0.4868195950984955,109,1
SLIM*SIG1,5715dcc7-1480-11f0-87db-54a95b9ec813,caesarian,4,330,0.43531203269958496,0.008701801300048828,4433.0,0.4868195950984955,109,1
SLIM*SIG1,5715dcc7-1480-11f0-87db-54a95b9ec813,caesarian,4,331,0.43531203269958496,0.007993221282958984,4364.0,0.4868195950984955,109,1
SLIM*SIG1,5715dcc7-1480-11f0-87db-54a95b9ec813,caesarian,4,332,0.43531203269958496,0.009982824325561523,4654.0,0.4868195950984955,109,1
SLIM*SIG1,5715dcc7-1480-11f0-87db-54a95b9ec813,caesarian,4,333,0.43531203269958496,0.0059795379638671875,5352.0,0.4868195950984955,109,1
SLIM*SIG1,5715dcc7-1480-11f0-87db-54a95b9ec813,caesarian,4,334,0.43531203269958496,0.0,5048.0,0.4868195950984955,109,1
SLIM*SIG1,5715dcc7-1480-11f0-87db-54a95b9ec813,caesarian,4,335,0.43531203269958496,0.0,4571.0,0.4868195950984955,109,1
SLIM*SIG1,5715dcc7-1480-11f0-87db-54a95b9ec813,caesarian,4,336,0.43531203269958496,0.015750646591186523,4949.0,0.4868195950984955,109,1
SLIM*SIG1,5715dcc7-1480-11f0-87db-54a95b9ec813,caesarian,4,337,0.43531203269958496,0.008478403091430664,4751.0,0.4868195950984955,109,1
SLIM*SIG1,5715dcc7-1480-11f0-87db-54a95b9ec813,caesarian,4,338,0.43531203269958496,0.007998466491699219,4837.0,0.4868195950984955,109,1
SLIM*SIG1,5715dcc7-1480-11f0-87db-54a95b9ec813,caesarian,4,339,0.43531203269958496,0.010006427764892578,4836.0,0.4868195950984955,109,1
SLIM*SIG1,5715dcc7-1480-11f0-87db-54a95b9ec813,caesarian,4,340,0.43531203269958496,0.008922338485717773,5045.0,0.4868195950984955,109,1
SLIM*SIG1,5715dcc7-1480-11f0-87db-54a95b9ec813,caesarian,4,341,0.43531203269958496,0.00751805305480957,4923.0,0.4868195950984955,109,1
SLIM*SIG1,5715dcc7-1480-11f0-87db-54a95b9ec813,caesarian,4,342,0.43531203269958496,0.008897542953491211,5073.0,0.4868195950984955,109,1
SLIM*SIG1,5715dcc7-1480-11f0-87db-54a95b9ec813,caesarian,4,343,0.43531203269958496,0.009099483489990234,4742.0,0.4868195950984955,109,1
SLIM*SIG1,5715dcc7-1480-11f0-87db-54a95b9ec813,caesarian,4,344,0.43531203269958496,0.0015416145324707031,4474.0,0.4868195950984955,109,1
SLIM*SIG1,5715dcc7-1480-11f0-87db-54a95b9ec813,caesarian,4,345,0.43531203269958496,0.0,4590.0,0.4868195950984955,109,1
SLIM*SIG1,5715dcc7-1480-11f0-87db-54a95b9ec813,caesarian,4,346,0.43531203269958496,0.0,4385.0,0.4868195950984955,109,1
SLIM*SIG1,5715dcc7-1480-11f0-87db-54a95b9ec813,caesarian,4,347,0.43531203269958496,0.0157318115234375,4579.0,0.4868195950984955,109,1
SLIM*SIG1,5715dcc7-1480-11f0-87db-54a95b9ec813,caesarian,4,348,0.43531203269958496,0.0,5004.0,0.4868195950984955,109,1
SLIM*SIG1,5715dcc7-1480-11f0-87db-54a95b9ec813,caesarian,4,349,0.43531203269958496,0.015526771545410156,4875.0,0.4868195950984955,109,1
SLIM*SIG1,5715dcc7-1480-11f0-87db-54a95b9ec813,caesarian,4,350,0.43531203269958496,0.016260862350463867,4464.0,0.4868195950984955,109,1
SLIM*SIG1,5715dcc7-1480-11f0-87db-54a95b9ec813,caesarian,4,351,0.43531203269958496,0.009655237197875977,4470.0,0.4868195950984955,109,1
SLIM*SIG1,5715dcc7-1480-11f0-87db-54a95b9ec813,caesarian,4,352,0.43531203269958496,0.010362386703491211,4491.0,0.4868195950984955,109,1
SLIM*SIG1,5715dcc7-1480-11f0-87db-54a95b9ec813,caesarian,4,353,0.43531203269958496,0.010544776916503906,4397.0,0.4868195950984955,109,1
SLIM*SIG1,5715dcc7-1480-11f0-87db-54a95b9ec813,caesarian,4,354,0.43531203269958496,0.011115789413452148,4661.0,0.4868195950984955,109,1
SLIM*SIG1,5715dcc7-1480-11f0-87db-54a95b9ec813,caesarian,4,355,0.43531203269958496,0.011394739151000977,4645.0,0.4868195950984955,109,1
SLIM*SIG1,5715dcc7-1480-11f0-87db-54a95b9ec813,caesarian,4,356,0.43531203269958496,0.009259939193725586,4365.0,0.4868195950984955,109,1
SLIM*SIG1,5715dcc7-1480-11f0-87db-54a95b9ec813,caesarian,4,357,0.43468767404556274,0.010927677154541016,4465.0,0.4829086363315582,120,1
SLIM*SIG1,5715dcc7-1480-11f0-87db-54a95b9ec813,caesarian,4,358,0.43468767404556274,0.010683059692382812,4619.0,0.4829086363315582,120,1
SLIM*SIG1,5715dcc7-1480-11f0-87db-54a95b9ec813,caesarian,4,359,0.43468767404556274,0.01183319091796875,4702.0,0.4829086363315582,120,1
SLIM*SIG1,5715dcc7-1480-11f0-87db-54a95b9ec813,caesarian,4,360,0.43468767404556274,0.010895967483520508,5088.0,0.4829086363315582,120,1
SLIM*SIG1,5715dcc7-1480-11f0-87db-54a95b9ec813,caesarian,4,361,0.43468767404556274,0.012001991271972656,5164.0,0.4829086363315582,120,1
SLIM*SIG1,5715dcc7-1480-11f0-87db-54a95b9ec813,caesarian,4,362,0.43468767404556274,0.010001659393310547,4525.0,0.4829086363315582,120,1
SLIM*SIG1,5715dcc7-1480-11f0-87db-54a95b9ec813,caesarian,4,363,0.43468767404556274,0.001636505126953125,4688.0,0.4829086363315582,120,1
SLIM*SIG1,5715dcc7-1480-11f0-87db-54a95b9ec813,caesarian,4,364,0.43468767404556274,0.015027761459350586,4680.0,0.4829086363315582,120,1
SLIM*SIG1,5715dcc7-1480-11f0-87db-54a95b9ec813,caesarian,4,365,0.43468767404556274,0.0,4628.0,0.4829086363315582,120,1
SLIM*SIG1,5715dcc7-1480-11f0-87db-54a95b9ec813,caesarian,4,366,0.43468767404556274,0.021266698837280273,4715.0,0.4829086363315582,120,1
SLIM*SIG1,5715dcc7-1480-11f0-87db-54a95b9ec813,caesarian,4,367,0.43468767404556274,0.008791446685791016,4964.0,0.4829086363315582,120,1
SLIM*SIG1,5715dcc7-1480-11f0-87db-54a95b9ec813,caesarian,4,368,0.43468767404556274,0.010100364685058594,5167.0,0.4829086363315582,120,1
SLIM*SIG1,5715dcc7-1480-11f0-87db-54a95b9ec813,caesarian,4,369,0.43468767404556274,0.009345054626464844,4883.0,0.4829086363315582,120,1
SLIM*SIG1,5715dcc7-1480-11f0-87db-54a95b9ec813,caesarian,4,370,0.43468767404556274,0.008719444274902344,4906.0,0.4829086363315582,120,1
SLIM*SIG1,5715dcc7-1480-11f0-87db-54a95b9ec813,caesarian,4,371,0.43438899517059326,0.008894681930541992,4701.0,0.4840708374977112,107,1
SLIM*SIG1,5715dcc7-1480-11f0-87db-54a95b9ec813,caesarian,4,372,0.43438899517059326,0.008103370666503906,4508.0,0.4840708374977112,107,1
SLIM*SIG1,5715dcc7-1480-11f0-87db-54a95b9ec813,caesarian,4,373,0.43431204557418823,0.0035543441772460938,4603.0,0.48346468806266785,120,1
SLIM*SIG1,5715dcc7-1480-11f0-87db-54a95b9ec813,caesarian,4,374,0.43431204557418823,0.0,4479.0,0.48346468806266785,120,1
SLIM*SIG1,5715dcc7-1480-11f0-87db-54a95b9ec813,caesarian,4,375,0.43431204557418823,0.015606403350830078,4200.0,0.48346468806266785,120,1
SLIM*SIG1,5715dcc7-1480-11f0-87db-54a95b9ec813,caesarian,4,376,0.43426674604415894,0.0,4361.0,0.4835579991340637,133,1
SLIM*SIG1,5715dcc7-1480-11f0-87db-54a95b9ec813,caesarian,4,377,0.43426674604415894,0.015735149383544922,4701.0,0.4835579991340637,133,1
SLIM*SIG1,5715dcc7-1480-11f0-87db-54a95b9ec813,caesarian,4,378,0.43426674604415894,0.016757488250732422,4363.0,0.4835579991340637,133,1
SLIM*SIG1,5715dcc7-1480-11f0-87db-54a95b9ec813,caesarian,4,379,0.43426674604415894,0.008896827697753906,4530.0,0.4835579991340637,133,1
SLIM*SIG1,5715dcc7-1480-11f0-87db-54a95b9ec813,caesarian,4,380,0.43426674604415894,0.0075075626373291016,4422.0,0.4835579991340637,133,1
SLIM*SIG1,5715dcc7-1480-11f0-87db-54a95b9ec813,caesarian,4,381,0.43426674604415894,0.006506681442260742,4249.0,0.4835579991340637,133,1
SLIM*SIG1,5715dcc7-1480-11f0-87db-54a95b9ec813,caesarian,4,382,0.43426674604415894,0.013218164443969727,5007.0,0.4835579991340637,133,1
SLIM*SIG1,5715dcc7-1480-11f0-87db-54a95b9ec813,caesarian,4,383,0.43426674604415894,0.007982730865478516,4797.0,0.4835579991340637,133,1
SLIM*SIG1,5715dcc7-1480-11f0-87db-54a95b9ec813,caesarian,4,384,0.43426674604415894,0.005128145217895508,5365.0,0.4835579991340637,133,1
SLIM*SIG1,5715dcc7-1480-11f0-87db-54a95b9ec813,caesarian,4,385,0.43426674604415894,0.0,5189.0,0.4835579991340637,133,1
SLIM*SIG1,5715dcc7-1480-11f0-87db-54a95b9ec813,caesarian,4,386,0.4342186748981476,0.01566004753112793,5215.0,0.4837473928928375,146,1
SLIM*SIG1,5715dcc7-1480-11f0-87db-54a95b9ec813,caesarian,4,387,0.4342186748981476,0.015619516372680664,5280.0,0.4837473928928375,146,1
SLIM*SIG1,5715dcc7-1480-11f0-87db-54a95b9ec813,caesarian,4,388,0.4342186748981476,0.0,5185.0,0.4837473928928375,146,1
SLIM*SIG1,5715dcc7-1480-11f0-87db-54a95b9ec813,caesarian,4,389,0.43415433168411255,0.02350902557373047,4832.0,0.4841070771217346,159,1
SLIM*SIG1,5715dcc7-1480-11f0-87db-54a95b9ec813,caesarian,4,390,0.43415433168411255,0.010068416595458984,5857.0,0.4841070771217346,159,1
SLIM*SIG1,5715dcc7-1480-11f0-87db-54a95b9ec813,caesarian,4,391,0.43415433168411255,0.009629964828491211,6221.0,0.4841070771217346,159,1
SLIM*SIG1,5715dcc7-1480-11f0-87db-54a95b9ec813,caesarian,4,392,0.43415433168411255,0.009104251861572266,6138.0,0.4841070771217346,159,1
SLIM*SIG1,5715dcc7-1480-11f0-87db-54a95b9ec813,caesarian,4,393,0.43415433168411255,0.009002208709716797,5696.0,0.4841070771217346,159,1
SLIM*SIG1,5715dcc7-1480-11f0-87db-54a95b9ec813,caesarian,4,394,0.43415236473083496,0.0037889480590820312,5850.0,0.48396027088165283,146,1
SLIM*SIG1,5715dcc7-1480-11f0-87db-54a95b9ec813,caesarian,4,395,0.43415236473083496,0.015104055404663086,6095.0,0.48396027088165283,146,1
SLIM*SIG1,5715dcc7-1480-11f0-87db-54a95b9ec813,caesarian,4,396,0.43415236473083496,0.0,6136.0,0.48396027088165283,146,1
SLIM*SIG1,5715dcc7-1480-11f0-87db-54a95b9ec813,caesarian,4,397,0.43415236473083496,0.015736818313598633,6292.0,0.48396027088165283,146,1
SLIM*SIG1,5715dcc7-1480-11f0-87db-54a95b9ec813,caesarian,4,398,0.43415236473083496,0.0,6036.0,0.48396027088165283,146,1
SLIM*SIG1,5715dcc7-1480-11f0-87db-54a95b9ec813,caesarian,4,399,0.43415236473083496,0.015622138977050781,6378.0,0.48396027088165283,146,1
SLIM*SIG1,5715dcc7-1480-11f0-87db-54a95b9ec813,caesarian,4,400,0.43415236473083496,0.016495466232299805,6606.0,0.48396027088165283,146,1
SLIM*SIG1,5715dcc7-1480-11f0-87db-54a95b9ec813,caesarian,4,401,0.43415236473083496,0.0035963058471679688,6249.0,0.48396027088165283,146,1
SLIM*SIG1,5715dcc7-1480-11f0-87db-54a95b9ec813,caesarian,4,402,0.43415236473083496,0.008724689483642578,6528.0,0.48396027088165283,146,1
SLIM*SIG1,5715dcc7-1480-11f0-87db-54a95b9ec813,caesarian,4,403,0.43415236473083496,0.00804901123046875,6283.0,0.48396027088165283,146,1
SLIM*SIG1,5715dcc7-1480-11f0-87db-54a95b9ec813,caesarian,4,404,0.43415236473083496,0.00889730453491211,6552.0,0.48396027088165283,146,1
SLIM*SIG1,5715dcc7-1480-11f0-87db-54a95b9ec813,caesarian,4,405,0.43415236473083496,0.010134696960449219,7003.0,0.48396027088165283,146,1
SLIM*SIG1,5715dcc7-1480-11f0-87db-54a95b9ec813,caesarian,4,406,0.43415236473083496,0.00889730453491211,7020.0,0.48396027088165283,146,1
SLIM*SIG1,5715dcc7-1480-11f0-87db-54a95b9ec813,caesarian,4,407,0.43415236473083496,0.010000228881835938,6974.0,0.48396027088165283,146,1
SLIM*SIG1,5715dcc7-1480-11f0-87db-54a95b9ec813,caesarian,4,408,0.43415236473083496,0.003438234329223633,7400.0,0.48396027088165283,146,1
SLIM*SIG1,5715dcc7-1480-11f0-87db-54a95b9ec813,caesarian,4,409,0.43415236473083496,0.01572728157043457,7501.0,0.48396027088165283,146,1
SLIM*SIG1,5715dcc7-1480-11f0-87db-54a95b9ec813,caesarian,4,410,0.43415236473083496,0.0,6886.0,0.48396027088165283,146,1
SLIM*SIG1,5715dcc7-1480-11f0-87db-54a95b9ec813,caesarian,4,411,0.43415236473083496,0.0193479061126709,6725.0,0.48396027088165283,146,1
SLIM*SIG1,5715dcc7-1480-11f0-87db-54a95b9ec813,caesarian,4,412,0.43415236473083496,0.007205486297607422,6410.0,0.48396027088165283,146,1
SLIM*SIG1,5715dcc7-1480-11f0-87db-54a95b9ec813,caesarian,4,413,0.43415236473083496,0.009889841079711914,6550.0,0.48396027088165283,146,1
SLIM*SIG1,5715dcc7-1480-11f0-87db-54a95b9ec813,caesarian,4,414,0.43415236473083496,0.009000062942504883,6276.0,0.48396027088165283,146,1
SLIM*SIG1,5715dcc7-1480-11f0-87db-54a95b9ec813,caesarian,4,415,0.43415236473083496,0.00961923599243164,6371.0,0.48396027088165283,146,1
SLIM*SIG1,5715dcc7-1480-11f0-87db-54a95b9ec813,caesarian,4,416,0.43415236473083496,0.00900125503540039,6129.0,0.48396027088165283,146,1
SLIM*SIG1,5715dcc7-1480-11f0-87db-54a95b9ec813,caesarian,4,417,0.43415236473083496,0.008996725082397461,6188.0,0.48396027088165283,146,1
SLIM*SIG1,5715dcc7-1480-11f0-87db-54a95b9ec813,caesarian,4,418,0.43415236473083496,0.00803232192993164,6021.0,0.48396027088165283,146,1
SLIM*SIG1,5715dcc7-1480-11f0-87db-54a95b9ec813,caesarian,4,419,0.43415236473083496,0.0,6621.0,0.48396027088165283,146,1
SLIM*SIG1,5715dcc7-1480-11f0-87db-54a95b9ec813,caesarian,4,420,0.43415236473083496,0.015735864639282227,6785.0,0.48396027088165283,146,1
SLIM*SIG1,5715dcc7-1480-11f0-87db-54a95b9ec813,caesarian,4,421,0.43415236473083496,0.0,6830.0,0.48396027088165283,146,1
SLIM*SIG1,5715dcc7-1480-11f0-87db-54a95b9ec813,caesarian,4,422,0.43415236473083496,0.015516519546508789,6466.0,0.48396027088165283,146,1
SLIM*SIG1,5715dcc7-1480-11f0-87db-54a95b9ec813,caesarian,4,423,0.43415236473083496,0.016831636428833008,6527.0,0.48396027088165283,146,1
SLIM*SIG1,5715dcc7-1480-11f0-87db-54a95b9ec813,caesarian,4,424,0.43415236473083496,0.009749650955200195,6674.0,0.48396027088165283,146,1
SLIM*SIG1,5715dcc7-1480-11f0-87db-54a95b9ec813,caesarian,4,425,0.43415236473083496,0.010164022445678711,6734.0,0.48396027088165283,146,1
SLIM*SIG1,5715dcc7-1480-11f0-87db-54a95b9ec813,caesarian,4,426,0.43415236473083496,0.009999752044677734,7323.0,0.48396027088165283,146,1
SLIM*SIG1,5715dcc7-1480-11f0-87db-54a95b9ec813,caesarian,4,427,0.43415236473083496,0.010096311569213867,7488.0,0.48396027088165283,146,1
SLIM*SIG1,5715dcc7-1480-11f0-87db-54a95b9ec813,caesarian,4,428,0.43415236473083496,0.008005142211914062,7032.0,0.48396027088165283,146,1
SLIM*SIG1,5715dcc7-1480-11f0-87db-54a95b9ec813,caesarian,4,429,0.43415236473083496,0.0028998851776123047,6993.0,0.48396027088165283,146,1
SLIM*SIG1,5715dcc7-1480-11f0-87db-54a95b9ec813,caesarian,4,430,0.43415236473083496,0.015659332275390625,7066.0,0.48396027088165283,146,1
SLIM*SIG1,5715dcc7-1480-11f0-87db-54a95b9ec813,caesarian,4,431,0.43415236473083496,0.0,7085.0,0.48396027088165283,146,1
SLIM*SIG1,5715dcc7-1480-11f0-87db-54a95b9ec813,caesarian,4,432,0.43415236473083496,0.015626192092895508,6901.0,0.48396027088165283,146,1
SLIM*SIG1,5715dcc7-1480-11f0-87db-54a95b9ec813,caesarian,4,433,0.43415236473083496,0.016019105911254883,6832.0,0.48396027088165283,146,1
SLIM*SIG1,5715dcc7-1480-11f0-87db-54a95b9ec813,caesarian,4,434,0.43415236473083496,0.0,6345.0,0.48396027088165283,146,1
SLIM*SIG1,5715dcc7-1480-11f0-87db-54a95b9ec813,caesarian,4,435,0.43415236473083496,0.02635955810546875,6800.0,0.48396027088165283,146,1
SLIM*SIG1,5715dcc7-1480-11f0-87db-54a95b9ec813,caesarian,4,436,0.43415236473083496,0.009890556335449219,7765.0,0.48396027088165283,146,1
SLIM*SIG1,5715dcc7-1480-11f0-87db-54a95b9ec813,caesarian,4,437,0.43415236473083496,0.00899958610534668,8313.0,0.48396027088165283,146,1
SLIM*SIG1,5715dcc7-1480-11f0-87db-54a95b9ec813,caesarian,4,438,0.43415236473083496,0.008896589279174805,8116.0,0.48396027088165283,146,1
SLIM*SIG1,5715dcc7-1480-11f0-87db-54a95b9ec813,caesarian,4,439,0.43415236473083496,0.011005401611328125,8038.0,0.48396027088165283,146,1
SLIM*SIG1,5715dcc7-1480-11f0-87db-54a95b9ec813,caesarian,4,440,0.43415236473083496,0.007998228073120117,7551.0,0.48396027088165283,146,1
SLIM*SIG1,5715dcc7-1480-11f0-87db-54a95b9ec813,caesarian,4,441,0.43415236473083496,0.00796365737915039,6486.0,0.48396027088165283,146,1
SLIM*SIG1,5715dcc7-1480-11f0-87db-54a95b9ec813,caesarian,4,442,0.43415236473083496,0.0075473785400390625,6410.0,0.48396027088165283,146,1
SLIM*SIG1,5715dcc7-1480-11f0-87db-54a95b9ec813,caesarian,4,443,0.43415236473083496,0.01600170135498047,6209.0,0.48396027088165283,146,1
SLIM*SIG1,5715dcc7-1480-11f0-87db-54a95b9ec813,caesarian,4,444,0.43415236473083496,0.011598825454711914,6189.0,0.48396027088165283,146,1
SLIM*SIG1,5715dcc7-1480-11f0-87db-54a95b9ec813,caesarian,4,445,0.43415236473083496,0.010573863983154297,6310.0,0.48396027088165283,146,1
SLIM*SIG1,5715dcc7-1480-11f0-87db-54a95b9ec813,caesarian,4,446,0.43415236473083496,0.010332345962524414,6618.0,0.48396027088165283,146,1
SLIM*SIG1,5715dcc7-1480-11f0-87db-54a95b9ec813,caesarian,4,447,0.43415236473083496,0.009420156478881836,7413.0,0.48396027088165283,146,1
SLIM*SIG1,5715dcc7-1480-11f0-87db-54a95b9ec813,caesarian,4,448,0.43415236473083496,0.010108470916748047,6837.0,0.48396027088165283,146,1
SLIM*SIG1,5715dcc7-1480-11f0-87db-54a95b9ec813,caesarian,4,449,0.43415236473083496,0.010050058364868164,6597.0,0.48396027088165283,146,1
SLIM*SIG1,5715dcc7-1480-11f0-87db-54a95b9ec813,caesarian,4,450,0.43415236473083496,0.01236867904663086,6686.0,0.48396027088165283,146,1
SLIM*SIG1,5715dcc7-1480-11f0-87db-54a95b9ec813,caesarian,4,451,0.43415236473083496,0.00926971435546875,6933.0,0.48396027088165283,146,1
SLIM*SIG1,5715dcc7-1480-11f0-87db-54a95b9ec813,caesarian,4,452,0.43415236473083496,0.004029989242553711,6866.0,0.48396027088165283,146,1
SLIM*SIG1,5715dcc7-1480-11f0-87db-54a95b9ec813,caesarian,4,453,0.43415236473083496,0.021352767944335938,6663.0,0.48396027088165283,146,1
SLIM*SIG1,5715dcc7-1480-11f0-87db-54a95b9ec813,caesarian,4,454,0.43415236473083496,0.009999275207519531,6652.0,0.48396027088165283,146,1
SLIM*SIG1,5715dcc7-1480-11f0-87db-54a95b9ec813,caesarian,4,455,0.43415236473083496,0.012000083923339844,6550.0,0.48396027088165283,146,1
SLIM*SIG1,5715dcc7-1480-11f0-87db-54a95b9ec813,caesarian,4,456,0.43415236473083496,0.009969711303710938,6541.0,0.48396027088165283,146,1
SLIM*SIG1,5715dcc7-1480-11f0-87db-54a95b9ec813,caesarian,4,457,0.43415236473083496,0.008999109268188477,6496.0,0.48396027088165283,146,1
SLIM*SIG1,5715dcc7-1480-11f0-87db-54a95b9ec813,caesarian,4,458,0.43415236473083496,0.009982824325561523,6864.0,0.48396027088165283,146,1
SLIM*SIG1,5715dcc7-1480-11f0-87db-54a95b9ec813,caesarian,4,459,0.43415236473083496,0.008046150207519531,6591.0,0.48396027088165283,146,1
SLIM*SIG1,5715dcc7-1480-11f0-87db-54a95b9ec813,caesarian,4,460,0.43415236473083496,0.002755403518676758,6511.0,0.48396027088165283,146,1
SLIM*SIG1,5715dcc7-1480-11f0-87db-54a95b9ec813,caesarian,4,461,0.43415236473083496,0.007504463195800781,5850.0,0.48396027088165283,146,1
SLIM*SIG1,5715dcc7-1480-11f0-87db-54a95b9ec813,caesarian,4,462,0.43415236473083496,0.0,6108.0,0.48396027088165283,146,1
SLIM*SIG1,5715dcc7-1480-11f0-87db-54a95b9ec813,caesarian,4,463,0.43415236473083496,0.01563286781311035,5846.0,0.48396027088165283,146,1
SLIM*SIG1,5715dcc7-1480-11f0-87db-54a95b9ec813,caesarian,4,464,0.43415236473083496,0.0,5404.0,0.48396027088165283,146,1
SLIM*SIG1,5715dcc7-1480-11f0-87db-54a95b9ec813,caesarian,4,465,0.43415236473083496,0.02131032943725586,5577.0,0.48396027088165283,146,1
SLIM*SIG1,5715dcc7-1480-11f0-87db-54a95b9ec813,caesarian,4,466,0.43415236473083496,0.00889897346496582,5111.0,0.48396027088165283,146,1
SLIM*SIG1,5715dcc7-1480-11f0-87db-54a95b9ec813,caesarian,4,467,0.43415236473083496,0.013199090957641602,5978.0,0.48396027088165283,146,1
SLIM*SIG1,5715dcc7-1480-11f0-87db-54a95b9ec813,caesarian,4,468,0.43415236473083496,0.011000394821166992,6465.0,0.48396027088165283,146,1
SLIM*SIG1,5715dcc7-1480-11f0-87db-54a95b9ec813,caesarian,4,469,0.43415236473083496,0.010492086410522461,6755.0,0.48396027088165283,146,1
SLIM*SIG1,5715dcc7-1480-11f0-87db-54a95b9ec813,caesarian,4,470,0.43415236473083496,0.009624481201171875,6058.0,0.48396027088165283,146,1
SLIM*SIG1,5715dcc7-1480-11f0-87db-54a95b9ec813,caesarian,4,471,0.43415236473083496,0.010529041290283203,5605.0,0.48396027088165283,146,1
SLIM*SIG1,5715dcc7-1480-11f0-87db-54a95b9ec813,caesarian,4,472,0.43415236473083496,0.011656761169433594,5867.0,0.48396027088165283,146,1
SLIM*SIG1,5715dcc7-1480-11f0-87db-54a95b9ec813,caesarian,4,473,0.43415236473083496,0.011252403259277344,6331.0,0.48396027088165283,146,1
SLIM*SIG1,5715dcc7-1480-11f0-87db-54a95b9ec813,caesarian,4,474,0.43415236473083496,0.012112617492675781,6587.0,0.48396027088165283,146,1
SLIM*SIG1,5715dcc7-1480-11f0-87db-54a95b9ec813,caesarian,4,475,0.43415236473083496,0.01032257080078125,6676.0,0.48396027088165283,146,1
SLIM*SIG1,5715dcc7-1480-11f0-87db-54a95b9ec813,caesarian,4,476,0.43415236473083496,0.010726690292358398,6858.0,0.48396027088165283,146,1
SLIM*SIG1,5715dcc7-1480-11f0-87db-54a95b9ec813,caesarian,4,477,0.43415236473083496,0.009861469268798828,6325.0,0.48396027088165283,146,1
SLIM*SIG1,5715dcc7-1480-11f0-87db-54a95b9ec813,caesarian,4,478,0.43415236473083496,0.011722564697265625,6910.0,0.48396027088165283,146,1
SLIM*SIG1,5715dcc7-1480-11f0-87db-54a95b9ec813,caesarian,4,479,0.43415236473083496,0.007421970367431641,7235.0,0.48396027088165283,146,1
SLIM*SIG1,5715dcc7-1480-11f0-87db-54a95b9ec813,caesarian,4,480,0.43415236473083496,0.008612394332885742,7209.0,0.48396027088165283,146,1
SLIM*SIG1,5715dcc7-1480-11f0-87db-54a95b9ec813,caesarian,4,481,0.43415236473083496,0.015733718872070312,7198.0,0.48396027088165283,146,1
SLIM*SIG1,5715dcc7-1480-11f0-87db-54a95b9ec813,caesarian,4,482,0.43415236473083496,0.0,6639.0,0.48396027088165283,146,1
SLIM*SIG1,5715dcc7-1480-11f0-87db-54a95b9ec813,caesarian,4,483,0.43415236473083496,0.0212557315826416,6424.0,0.48396027088165283,146,1
SLIM*SIG1,5715dcc7-1480-11f0-87db-54a95b9ec813,caesarian,4,484,0.43415236473083496,0.008997678756713867,6049.0,0.48396027088165283,146,1
SLIM*SIG1,5715dcc7-1480-11f0-87db-54a95b9ec813,caesarian,4,485,0.43415236473083496,0.010624408721923828,6266.0,0.48396027088165283,146,1
SLIM*SIG1,5715dcc7-1480-11f0-87db-54a95b9ec813,caesarian,4,486,0.43415236473083496,0.00900125503540039,5997.0,0.48396027088165283,146,1
SLIM*SIG1,5715dcc7-1480-11f0-87db-54a95b9ec813,caesarian,4,487,0.43415236473083496,0.01000356674194336,6032.0,0.48396027088165283,146,1
SLIM*SIG1,5715dcc7-1480-11f0-87db-54a95b9ec813,caesarian,4,488,0.43415236473083496,0.006180763244628906,6286.0,0.48396027088165283,146,1
SLIM*SIG1,5715dcc7-1480-11f0-87db-54a95b9ec813,caesarian,4,489,0.43415236473083496,0.007506608963012695,6455.0,0.48396027088165283,146,1
SLIM*SIG1,5715dcc7-1480-11f0-87db-54a95b9ec813,caesarian,4,490,0.43415236473083496,0.008007049560546875,6156.0,0.48396027088165283,146,1
SLIM*SIG1,5715dcc7-1480-11f0-87db-54a95b9ec813,caesarian,4,491,0.43415236473083496,0.015664100646972656,6342.0,0.48396027088165283,146,1
SLIM*SIG1,5715dcc7-1480-11f0-87db-54a95b9ec813,caesarian,4,492,0.43415236473083496,0.0,6342.0,0.48396027088165283,146,1
SLIM*SIG1,5715dcc7-1480-11f0-87db-54a95b9ec813,caesarian,4,493,0.43415236473083496,0.015619277954101562,6329.0,0.48396027088165283,146,1
SLIM*SIG1,5715dcc7-1480-11f0-87db-54a95b9ec813,caesarian,4,494,0.43415236473083496,0.017940759658813477,6069.0,0.48396027088165283,146,1
SLIM*SIG1,5715dcc7-1480-11f0-87db-54a95b9ec813,caesarian,4,495,0.43415236473083496,0.010447502136230469,6080.0,0.48396027088165283,146,1
SLIM*SIG1,5715dcc7-1480-11f0-87db-54a95b9ec813,caesarian,4,496,0.43415236473083496,0.010000944137573242,5809.0,0.48396027088165283,146,1
SLIM*SIG1,5715dcc7-1480-11f0-87db-54a95b9ec813,caesarian,4,497,0.43415236473083496,0.009044885635375977,5588.0,0.48396027088165283,146,1
SLIM*SIG1,5715dcc7-1480-11f0-87db-54a95b9ec813,caesarian,4,498,0.43415236473083496,0.005633354187011719,5536.0,0.48396027088165283,146,1
SLIM*SIG1,5715dcc7-1480-11f0-87db-54a95b9ec813,caesarian,4,499,0.43415236473083496,0.008032798767089844,5371.0,0.48396027088165283,146,1
SLIM*SIG1,5715dcc7-1480-11f0-87db-54a95b9ec813,caesarian,4,500,0.43415236473083496,0.00702667236328125,5416.0,0.48396027088165283,146,1
SLIM*SIG1,5715dcc7-1480-11f0-87db-54a95b9ec813,caesarian,5,0,0.4614500403404236,0.018285274505615234,670.0,0.5226684808731079,3,1
SLIM*SIG1,5715dcc7-1480-11f0-87db-54a95b9ec813,caesarian,5,1,0.4614500403404236,0.01573038101196289,593.0,0.5226684808731079,3,1
SLIM*SIG1,5715dcc7-1480-11f0-87db-54a95b9ec813,caesarian,5,2,0.4614500403404236,0.0,1019.0,0.5226684808731079,3,1
SLIM*SIG1,5715dcc7-1480-11f0-87db-54a95b9ec813,caesarian,5,3,0.45976439118385315,0.015522241592407227,737.0,0.5276364088058472,16,1
SLIM*SIG1,5715dcc7-1480-11f0-87db-54a95b9ec813,caesarian,5,4,0.4535636603832245,0.007653236389160156,713.0,0.5473146438598633,16,1
SLIM*SIG1,5715dcc7-1480-11f0-87db-54a95b9ec813,caesarian,5,5,0.4535636603832245,0.008109569549560547,807.0,0.5473146438598633,16,1
SLIM*SIG1,5715dcc7-1480-11f0-87db-54a95b9ec813,caesarian,5,6,0.4535636603832245,0.008002758026123047,906.0,0.5473146438598633,16,1
SLIM*SIG1,5715dcc7-1480-11f0-87db-54a95b9ec813,caesarian,5,7,0.4535636603832245,0.0068929195404052734,869.0,0.5473146438598633,16,1
SLIM*SIG1,5715dcc7-1480-11f0-87db-54a95b9ec813,caesarian,5,8,0.44576504826545715,0.0071599483489990234,767.0,0.5636409521102905,16,1
SLIM*SIG1,5715dcc7-1480-11f0-87db-54a95b9ec813,caesarian,5,9,0.44576504826545715,0.007403373718261719,793.0,0.5636409521102905,16,1
SLIM*SIG1,5715dcc7-1480-11f0-87db-54a95b9ec813,caesarian,5,10,0.44576504826545715,0.007111787796020508,750.0,0.5636409521102905,16,1
SLIM*SIG1,5715dcc7-1480-11f0-87db-54a95b9ec813,caesarian,5,11,0.44576504826545715,0.005999088287353516,793.0,0.5636409521102905,16,1
SLIM*SIG1,5715dcc7-1480-11f0-87db-54a95b9ec813,caesarian,5,12,0.44576504826545715,0.006997346878051758,910.0,0.5636409521102905,16,1
SLIM*SIG1,5715dcc7-1480-11f0-87db-54a95b9ec813,caesarian,5,13,0.44576504826545715,0.001447916030883789,1003.0,0.5636409521102905,16,1
SLIM*SIG1,5715dcc7-1480-11f0-87db-54a95b9ec813,caesarian,5,14,0.44576504826545715,0.0,1092.0,0.5636409521102905,16,1
SLIM*SIG1,5715dcc7-1480-11f0-87db-54a95b9ec813,caesarian,5,15,0.44576504826545715,0.015604734420776367,1148.0,0.5636409521102905,16,1
SLIM*SIG1,5715dcc7-1480-11f0-87db-54a95b9ec813,caesarian,5,16,0.44576504826545715,0.0,1146.0,0.5636409521102905,16,1
SLIM*SIG1,5715dcc7-1480-11f0-87db-54a95b9ec813,caesarian,5,17,0.44576504826545715,0.01563119888305664,1282.0,0.5636409521102905,16,1
SLIM*SIG1,5715dcc7-1480-11f0-87db-54a95b9ec813,caesarian,5,18,0.44576504826545715,0.0,1204.0,0.5636409521102905,16,1
SLIM*SIG1,5715dcc7-1480-11f0-87db-54a95b9ec813,caesarian,5,19,0.44576504826545715,0.021551847457885742,1243.0,0.5636409521102905,16,1
SLIM*SIG1,5715dcc7-1480-11f0-87db-54a95b9ec813,caesarian,5,20,0.4456775188446045,0.0071125030517578125,1202.0,0.5372596383094788,42,1
SLIM*SIG1,5715dcc7-1480-11f0-87db-54a95b9ec813,caesarian,5,21,0.44287699460983276,0.007089138031005859,1350.0,0.5495849251747131,29,1
SLIM*SIG1,5715dcc7-1480-11f0-87db-54a95b9ec813,caesarian,5,22,0.44287699460983276,0.006600856781005859,1244.0,0.5495849251747131,29,1
SLIM*SIG1,5715dcc7-1480-11f0-87db-54a95b9ec813,caesarian,5,23,0.44287699460983276,0.008900165557861328,1036.0,0.5495849251747131,29,1
SLIM*SIG1,5715dcc7-1480-11f0-87db-54a95b9ec813,caesarian,5,24,0.44287699460983276,0.007999420166015625,828.0,0.5495849251747131,29,1
SLIM*SIG1,5715dcc7-1480-11f0-87db-54a95b9ec813,caesarian,5,25,0.44287699460983276,0.00885152816772461,1179.0,0.5495849251747131,29,1
SLIM*SIG1,5715dcc7-1480-11f0-87db-54a95b9ec813,caesarian,5,26,0.44287699460983276,0.008145570755004883,1177.0,0.5495849251747131,29,1
SLIM*SIG1,5715dcc7-1480-11f0-87db-54a95b9ec813,caesarian,5,27,0.44287699460983276,0.008898735046386719,1062.0,0.5495849251747131,29,1
SLIM*SIG1,5715dcc7-1480-11f0-87db-54a95b9ec813,caesarian,5,28,0.44287699460983276,0.008995771408081055,1311.0,0.5495849251747131,29,1
SLIM*SIG1,5715dcc7-1480-11f0-87db-54a95b9ec813,caesarian,5,29,0.44287699460983276,0.008202791213989258,1179.0,0.5495849251747131,29,1
SLIM*SIG1,5715dcc7-1480-11f0-87db-54a95b9ec813,caesarian,5,30,0.44287699460983276,0.007988214492797852,1491.0,0.5495849251747131,29,1
SLIM*SIG1,5715dcc7-1480-11f0-87db-54a95b9ec813,caesarian,5,31,0.44287699460983276,0.007895469665527344,1545.0,0.5495849251747131,29,1
SLIM*SIG1,5715dcc7-1480-11f0-87db-54a95b9ec813,caesarian,5,32,0.44287699460983276,0.010004043579101562,1648.0,0.5495849251747131,29,1
SLIM*SIG1,5715dcc7-1480-11f0-87db-54a95b9ec813,caesarian,5,33,0.44287699460983276,0.00915837287902832,1532.0,0.5495849251747131,29,1
SLIM*SIG1,5715dcc7-1480-11f0-87db-54a95b9ec813,caesarian,5,34,0.442829430103302,0.008014202117919922,1378.0,0.5503445863723755,42,1
SLIM*SIG1,5715dcc7-1480-11f0-87db-54a95b9ec813,caesarian,5,35,0.442829430103302,0.008983135223388672,1699.0,0.5503445863723755,42,1
SLIM*SIG1,5715dcc7-1480-11f0-87db-54a95b9ec813,caesarian,5,36,0.442829430103302,0.00903940200805664,1543.0,0.5503445863723755,42,1
SLIM*SIG1,5715dcc7-1480-11f0-87db-54a95b9ec813,caesarian,5,37,0.442829430103302,0.008996963500976562,1751.0,0.5503445863723755,42,1
SLIM*SIG1,5715dcc7-1480-11f0-87db-54a95b9ec813,caesarian,5,38,0.442829430103302,0.00810551643371582,1920.0,0.5503445863723755,42,1
SLIM*SIG1,5715dcc7-1480-11f0-87db-54a95b9ec813,caesarian,5,39,0.442829430103302,0.00988006591796875,2271.0,0.5503445863723755,42,1
SLIM*SIG1,5715dcc7-1480-11f0-87db-54a95b9ec813,caesarian,5,40,0.442829430103302,0.0,1857.0,0.5503445863723755,42,1
SLIM*SIG1,5715dcc7-1480-11f0-87db-54a95b9ec813,caesarian,5,41,0.442829430103302,0.015104055404663086,1657.0,0.5503445863723755,42,1
SLIM*SIG1,5715dcc7-1480-11f0-87db-54a95b9ec813,caesarian,5,42,0.442829430103302,0.0,1789.0,0.5503445863723755,42,1
SLIM*SIG1,5715dcc7-1480-11f0-87db-54a95b9ec813,caesarian,5,43,0.442829430103302,0.02089238166809082,1399.0,0.5503445863723755,42,1
SLIM*SIG1,5715dcc7-1480-11f0-87db-54a95b9ec813,caesarian,5,44,0.442829430103302,0.00785970687866211,1111.0,0.5503445863723755,42,1
SLIM*SIG1,5715dcc7-1480-11f0-87db-54a95b9ec813,caesarian,5,45,0.442829430103302,0.0069010257720947266,1220.0,0.5503445863723755,42,1
SLIM*SIG1,5715dcc7-1480-11f0-87db-54a95b9ec813,caesarian,5,46,0.442829430103302,0.0070993900299072266,1326.0,0.5503445863723755,42,1
SLIM*SIG1,5715dcc7-1480-11f0-87db-54a95b9ec813,caesarian,5,47,0.442829430103302,0.007002353668212891,1413.0,0.5503445863723755,42,1
SLIM*SIG1,5715dcc7-1480-11f0-87db-54a95b9ec813,caesarian,5,48,0.442829430103302,0.007198333740234375,1309.0,0.5503445863723755,42,1
SLIM*SIG1,5715dcc7-1480-11f0-87db-54a95b9ec813,caesarian,5,49,0.442829430103302,0.008004426956176758,1792.0,0.5503445863723755,42,1
SLIM*SIG1,5715dcc7-1480-11f0-87db-54a95b9ec813,caesarian,5,50,0.442829430103302,0.0069959163665771484,1636.0,0.5503445863723755,42,1
SLIM*SIG1,5715dcc7-1480-11f0-87db-54a95b9ec813,caesarian,5,51,0.442829430103302,0.006998777389526367,1647.0,0.5503445863723755,42,1
SLIM*SIG1,5715dcc7-1480-11f0-87db-54a95b9ec813,caesarian,5,52,0.44278979301452637,0.0009005069732666016,2269.0,0.5446850657463074,55,1
SLIM*SIG1,5715dcc7-1480-11f0-87db-54a95b9ec813,caesarian,5,53,0.44278979301452637,0.0,2412.0,0.5446850657463074,55,1
SLIM*SIG1,5715dcc7-1480-11f0-87db-54a95b9ec813,caesarian,5,54,0.44278979301452637,0.0,2249.0,0.5446850657463074,55,1
SLIM*SIG1,5715dcc7-1480-11f0-87db-54a95b9ec813,caesarian,5,55,0.44278979301452637,0.017745018005371094,2154.0,0.5446850657463074,55,1
SLIM*SIG1,5715dcc7-1480-11f0-87db-54a95b9ec813,caesarian,5,56,0.44133812189102173,0.008837223052978516,1996.0,0.5352752804756165,68,1
SLIM*SIG1,5715dcc7-1480-11f0-87db-54a95b9ec813,caesarian,5,57,0.4410713315010071,0.00910806655883789,2347.0,0.5401163697242737,81,1
SLIM*SIG1,5715dcc7-1480-11f0-87db-54a95b9ec813,caesarian,5,58,0.4409014582633972,0.010896682739257812,2373.0,0.5363751649856567,81,1
SLIM*SIG1,5715dcc7-1480-11f0-87db-54a95b9ec813,caesarian,5,59,0.4409014582633972,0.010013341903686523,2691.0,0.5363751649856567,81,1
SLIM*SIG1,5715dcc7-1480-11f0-87db-54a95b9ec813,caesarian,5,60,0.4409014582633972,0.007004261016845703,2806.0,0.5363751649856567,81,1
SLIM*SIG1,5715dcc7-1480-11f0-87db-54a95b9ec813,caesarian,5,61,0.4409014582633972,0.007998228073120117,2481.0,0.5363751649856567,81,1
SLIM*SIG1,5715dcc7-1480-11f0-87db-54a95b9ec813,caesarian,5,62,0.4409014582633972,0.00890040397644043,2470.0,0.5363751649856567,81,1
SLIM*SIG1,5715dcc7-1480-11f0-87db-54a95b9ec813,caesarian,5,63,0.44086408615112305,0.00099945068359375,2249.0,0.5561338663101196,94,1
SLIM*SIG1,5715dcc7-1480-11f0-87db-54a95b9ec813,caesarian,5,64,0.44086408615112305,0.0,2479.0,0.5561338663101196,94,1
SLIM*SIG1,5715dcc7-1480-11f0-87db-54a95b9ec813,caesarian,5,65,0.44086408615112305,0.0156552791595459,2611.0,0.5561338663101196,94,1
SLIM*SIG1,5715dcc7-1480-11f0-87db-54a95b9ec813,caesarian,5,66,0.44044938683509827,0.015724658966064453,2739.0,0.5556719899177551,81,1
SLIM*SIG1,5715dcc7-1480-11f0-87db-54a95b9ec813,caesarian,5,67,0.44044938683509827,0.0,3365.0,0.5556719899177551,81,1
SLIM*SIG1,5715dcc7-1480-11f0-87db-54a95b9ec813,caesarian,5,68,0.43999314308166504,0.016865968704223633,3040.0,0.5551143288612366,68,1
SLIM*SIG1,5715dcc7-1480-11f0-87db-54a95b9ec813,caesarian,5,69,0.43979978561401367,0.009890317916870117,3209.0,0.5547762513160706,55,1
SLIM*SIG1,5715dcc7-1480-11f0-87db-54a95b9ec813,caesarian,5,70,0.43979978561401367,0.009721517562866211,3430.0,0.5547762513160706,55,1
SLIM*SIG1,5715dcc7-1480-11f0-87db-54a95b9ec813,caesarian,5,71,0.43979978561401367,0.00763702392578125,3122.0,0.5547762513160706,55,1
SLIM*SIG1,5715dcc7-1480-11f0-87db-54a95b9ec813,caesarian,5,72,0.43979978561401367,0.008422374725341797,2544.0,0.5547762513160706,55,1
SLIM*SIG1,5715dcc7-1480-11f0-87db-54a95b9ec813,caesarian,5,73,0.43979978561401367,0.009361982345581055,2591.0,0.5547762513160706,55,1
SLIM*SIG1,5715dcc7-1480-11f0-87db-54a95b9ec813,caesarian,5,74,0.43979978561401367,0.01087045669555664,2511.0,0.5547762513160706,55,1
SLIM*SIG1,5715dcc7-1480-11f0-87db-54a95b9ec813,caesarian,5,75,0.43979978561401367,0.009459733963012695,2610.0,0.5547762513160706,55,1
SLIM*SIG1,5715dcc7-1480-11f0-87db-54a95b9ec813,caesarian,5,76,0.43979978561401367,0.008758544921875,2384.0,0.5547762513160706,55,1
SLIM*SIG1,5715dcc7-1480-11f0-87db-54a95b9ec813,caesarian,5,77,0.43979978561401367,0.011067628860473633,2493.0,0.5547762513160706,55,1
SLIM*SIG1,5715dcc7-1480-11f0-87db-54a95b9ec813,caesarian,5,78,0.43979978561401367,0.009409427642822266,2517.0,0.5547762513160706,55,1
SLIM*SIG1,5715dcc7-1480-11f0-87db-54a95b9ec813,caesarian,5,79,0.43979978561401367,0.009130716323852539,2639.0,0.5547762513160706,55,1
SLIM*SIG1,5715dcc7-1480-11f0-87db-54a95b9ec813,caesarian,5,80,0.43979978561401367,0.010883331298828125,3132.0,0.5547762513160706,55,1
SLIM*SIG1,5715dcc7-1480-11f0-87db-54a95b9ec813,caesarian,5,81,0.43979978561401367,0.009111881256103516,3680.0,0.5547762513160706,55,1
SLIM*SIG1,5715dcc7-1480-11f0-87db-54a95b9ec813,caesarian,5,82,0.43979978561401367,0.011872529983520508,3622.0,0.5547762513160706,55,1
SLIM*SIG1,5715dcc7-1480-11f0-87db-54a95b9ec813,caesarian,5,83,0.43925243616104126,0.010613679885864258,3681.0,0.5532176494598389,68,1
SLIM*SIG1,5715dcc7-1480-11f0-87db-54a95b9ec813,caesarian,5,84,0.43925243616104126,0.0,3441.0,0.5532176494598389,68,1
SLIM*SIG1,5715dcc7-1480-11f0-87db-54a95b9ec813,caesarian,5,85,0.43906471133232117,0.015115499496459961,3939.0,0.5711349248886108,94,1
SLIM*SIG1,5715dcc7-1480-11f0-87db-54a95b9ec813,caesarian,5,86,0.43906471133232117,0.0,3917.0,0.5711349248886108,94,1
SLIM*SIG1,5715dcc7-1480-11f0-87db-54a95b9ec813,caesarian,5,87,0.43906471133232117,0.01573491096496582,4200.0,0.5711349248886108,94,1
SLIM*SIG1,5715dcc7-1480-11f0-87db-54a95b9ec813,caesarian,5,88,0.43906471133232117,0.016120433807373047,4511.0,0.5711349248886108,94,1
SLIM*SIG1,5715dcc7-1480-11f0-87db-54a95b9ec813,caesarian,5,89,0.43906471133232117,0.0,4459.0,0.5711349248886108,94,1
SLIM*SIG1,5715dcc7-1480-11f0-87db-54a95b9ec813,caesarian,5,90,0.43906471133232117,0.022846460342407227,4375.0,0.5711349248886108,94,1
SLIM*SIG1,5715dcc7-1480-11f0-87db-54a95b9ec813,caesarian,5,91,0.43887290358543396,0.00800180435180664,4265.0,0.5648139715194702,81,1
SLIM*SIG1,5715dcc7-1480-11f0-87db-54a95b9ec813,caesarian,5,92,0.43887290358543396,0.007983922958374023,3992.0,0.5648139715194702,81,1
SLIM*SIG1,5715dcc7-1480-11f0-87db-54a95b9ec813,caesarian,5,93,0.43887290358543396,0.008007526397705078,3713.0,0.5648139715194702,81,1
SLIM*SIG1,5715dcc7-1480-11f0-87db-54a95b9ec813,caesarian,5,94,0.43887290358543396,0.009314298629760742,3415.0,0.5648139715194702,81,1
SLIM*SIG1,5715dcc7-1480-11f0-87db-54a95b9ec813,caesarian,5,95,0.43887290358543396,0.008893251419067383,3508.0,0.5648139715194702,81,1
SLIM*SIG1,5715dcc7-1480-11f0-87db-54a95b9ec813,caesarian,5,96,0.43887290358543396,0.009100675582885742,3518.0,0.5648139715194702,81,1
SLIM*SIG1,5715dcc7-1480-11f0-87db-54a95b9ec813,caesarian,5,97,0.43887290358543396,0.008906364440917969,3596.0,0.5648139715194702,81,1
SLIM*SIG1,5715dcc7-1480-11f0-87db-54a95b9ec813,caesarian,5,98,0.43887290358543396,0.009019613265991211,3398.0,0.5648139715194702,81,1
SLIM*SIG1,5715dcc7-1480-11f0-87db-54a95b9ec813,caesarian,5,99,0.43887290358543396,0.007107257843017578,3104.0,0.5648139715194702,81,1
SLIM*SIG1,5715dcc7-1480-11f0-87db-54a95b9ec813,caesarian,5,100,0.43887290358543396,0.0,3160.0,0.5648139715194702,81,1
SLIM*SIG1,5715dcc7-1480-11f0-87db-54a95b9ec813,caesarian,5,101,0.43887290358543396,0.015732526779174805,2856.0,0.5648139715194702,81,1
SLIM*SIG1,5715dcc7-1480-11f0-87db-54a95b9ec813,caesarian,5,102,0.43887290358543396,0.01005101203918457,3096.0,0.5648139715194702,81,1
SLIM*SIG1,5715dcc7-1480-11f0-87db-54a95b9ec813,caesarian,5,103,0.43887290358543396,0.00800013542175293,3092.0,0.5648139715194702,81,1
SLIM*SIG1,5715dcc7-1480-11f0-87db-54a95b9ec813,caesarian,5,104,0.43887290358543396,0.008100748062133789,2747.0,0.5648139715194702,81,1
SLIM*SIG1,5715dcc7-1480-11f0-87db-54a95b9ec813,caesarian,5,105,0.43887290358543396,0.008488655090332031,3063.0,0.5648139715194702,81,1
SLIM*SIG1,5715dcc7-1480-11f0-87db-54a95b9ec813,caesarian,5,106,0.43887290358543396,0.008997917175292969,3540.0,0.5648139715194702,81,1
SLIM*SIG1,5715dcc7-1480-11f0-87db-54a95b9ec813,caesarian,5,107,0.43887290358543396,0.008107185363769531,3460.0,0.5648139715194702,81,1
SLIM*SIG1,5715dcc7-1480-11f0-87db-54a95b9ec813,caesarian,5,108,0.4385368824005127,0.008112192153930664,3523.0,0.564822256565094,94,1
SLIM*SIG1,5715dcc7-1480-11f0-87db-54a95b9ec813,caesarian,5,109,0.43662309646606445,0.0058214664459228516,3596.0,0.5629358291625977,109,1
SLIM*SIG1,5715dcc7-1480-11f0-87db-54a95b9ec813,caesarian,5,110,0.43662309646606445,0.008006811141967773,3793.0,0.5629358291625977,109,1
SLIM*SIG1,5715dcc7-1480-11f0-87db-54a95b9ec813,caesarian,5,111,0.43662309646606445,0.007007598876953125,3725.0,0.5629358291625977,109,1
SLIM*SIG1,5715dcc7-1480-11f0-87db-54a95b9ec813,caesarian,5,112,0.43662309646606445,0.00900721549987793,3955.0,0.5629358291625977,109,1
SLIM*SIG1,5715dcc7-1480-11f0-87db-54a95b9ec813,caesarian,5,113,0.43662309646606445,0.0,4374.0,0.5629358291625977,109,1
SLIM*SIG1,5715dcc7-1480-11f0-87db-54a95b9ec813,caesarian,5,114,0.43662309646606445,0.019353151321411133,4845.0,0.5629358291625977,109,1
SLIM*SIG1,5715dcc7-1480-11f0-87db-54a95b9ec813,caesarian,5,115,0.43662309646606445,0.008389472961425781,4950.0,0.5629358291625977,109,1
SLIM*SIG1,5715dcc7-1480-11f0-87db-54a95b9ec813,caesarian,5,116,0.43662309646606445,0.006994485855102539,4946.0,0.5629358291625977,109,1
SLIM*SIG1,5715dcc7-1480-11f0-87db-54a95b9ec813,caesarian,5,117,0.43662309646606445,0.0,5015.0,0.5629358291625977,109,1
SLIM*SIG1,5715dcc7-1480-11f0-87db-54a95b9ec813,caesarian,5,118,0.43662309646606445,0.018872976303100586,4880.0,0.5629358291625977,109,1
SLIM*SIG1,5715dcc7-1480-11f0-87db-54a95b9ec813,caesarian,5,119,0.4365963041782379,0.008904218673706055,4963.0,0.5631732940673828,122,1
SLIM*SIG1,5715dcc7-1480-11f0-87db-54a95b9ec813,caesarian,5,120,0.4365963041782379,0.003444671630859375,4877.0,0.5631732940673828,122,1
SLIM*SIG1,5715dcc7-1480-11f0-87db-54a95b9ec813,caesarian,5,121,0.4365963041782379,0.009006738662719727,4890.0,0.5631732940673828,122,1
SLIM*SIG1,5715dcc7-1480-11f0-87db-54a95b9ec813,caesarian,5,122,0.4365963041782379,0.006606578826904297,4816.0,0.5631732940673828,122,1
SLIM*SIG1,5715dcc7-1480-11f0-87db-54a95b9ec813,caesarian,5,123,0.4365963041782379,0.0,4559.0,0.5631732940673828,122,1
SLIM*SIG1,5715dcc7-1480-11f0-87db-54a95b9ec813,caesarian,5,124,0.4365963041782379,0.015631437301635742,4832.0,0.5631732940673828,122,1
SLIM*SIG1,5715dcc7-1480-11f0-87db-54a95b9ec813,caesarian,5,125,0.4365963041782379,0.0156252384185791,5073.0,0.5631732940673828,122,1
SLIM*SIG1,5715dcc7-1480-11f0-87db-54a95b9ec813,caesarian,5,126,0.4365963041782379,0.0,5142.0,0.5631732940673828,122,1
SLIM*SIG1,5715dcc7-1480-11f0-87db-54a95b9ec813,caesarian,5,127,0.4365963041782379,0.01979351043701172,5327.0,0.5631732940673828,122,1
SLIM*SIG1,5715dcc7-1480-11f0-87db-54a95b9ec813,caesarian,5,128,0.4365963041782379,0.009148120880126953,4961.0,0.5631732940673828,122,1
SLIM*SIG1,5715dcc7-1480-11f0-87db-54a95b9ec813,caesarian,5,129,0.4365963041782379,0.007872343063354492,4407.0,0.5631732940673828,122,1
SLIM*SIG1,5715dcc7-1480-11f0-87db-54a95b9ec813,caesarian,5,130,0.4365963041782379,0.006997823715209961,4404.0,0.5631732940673828,122,1
SLIM*SIG1,5715dcc7-1480-11f0-87db-54a95b9ec813,caesarian,5,131,0.4365963041782379,0.008097648620605469,3967.0,0.5631732940673828,122,1
SLIM*SIG1,5715dcc7-1480-11f0-87db-54a95b9ec813,caesarian,5,132,0.4365963041782379,0.008501768112182617,4394.0,0.5631732940673828,122,1
SLIM*SIG1,5715dcc7-1480-11f0-87db-54a95b9ec813,caesarian,5,133,0.4365963041782379,0.008004426956176758,4669.0,0.5631732940673828,122,1
SLIM*SIG1,5715dcc7-1480-11f0-87db-54a95b9ec813,caesarian,5,134,0.4365963041782379,0.007107734680175781,4327.0,0.5631732940673828,122,1
SLIM*SIG1,5715dcc7-1480-11f0-87db-54a95b9ec813,caesarian,5,135,0.4365644156932831,0.0075757503509521484,4509.0,0.5630425214767456,135,1
SLIM*SIG1,5715dcc7-1480-11f0-87db-54a95b9ec813,caesarian,5,136,0.4365644156932831,0.0,4774.0,0.5630425214767456,135,1
SLIM*SIG1,5715dcc7-1480-11f0-87db-54a95b9ec813,caesarian,5,137,0.4365644156932831,0.015106201171875,4932.0,0.5630425214767456,135,1
SLIM*SIG1,5715dcc7-1480-11f0-87db-54a95b9ec813,caesarian,5,138,0.4365644156932831,0.015731096267700195,5243.0,0.5630425214767456,135,1
SLIM*SIG1,5715dcc7-1480-11f0-87db-54a95b9ec813,caesarian,5,139,0.4365237057209015,0.010123729705810547,5751.0,0.5671845078468323,148,1
SLIM*SIG1,5715dcc7-1480-11f0-87db-54a95b9ec813,caesarian,5,140,0.4365237057209015,0.007996320724487305,5630.0,0.5671845078468323,148,1
SLIM*SIG1,5715dcc7-1480-11f0-87db-54a95b9ec813,caesarian,5,141,0.4365237057209015,0.009011030197143555,5689.0,0.5671845078468323,148,1
SLIM*SIG1,5715dcc7-1480-11f0-87db-54a95b9ec813,caesarian,5,142,0.4363594651222229,0.009735107421875,5784.0,0.5668144822120667,135,1
SLIM*SIG1,5715dcc7-1480-11f0-87db-54a95b9ec813,caesarian,5,143,0.4363594651222229,0.008546829223632812,5451.0,0.5668144822120667,135,1
SLIM*SIG1,5715dcc7-1480-11f0-87db-54a95b9ec813,caesarian,5,144,0.4363594651222229,0.007988691329956055,5116.0,0.5668144822120667,135,1
SLIM*SIG1,5715dcc7-1480-11f0-87db-54a95b9ec813,caesarian,5,145,0.4363594651222229,0.008086919784545898,5039.0,0.5668144822120667,135,1
SLIM*SIG1,5715dcc7-1480-11f0-87db-54a95b9ec813,caesarian,5,146,0.4363594651222229,0.005175352096557617,5252.0,0.5668144822120667,135,1
SLIM*SIG1,5715dcc7-1480-11f0-87db-54a95b9ec813,caesarian,5,147,0.4363594651222229,0.0,5622.0,0.5668144822120667,135,1
SLIM*SIG1,5715dcc7-1480-11f0-87db-54a95b9ec813,caesarian,5,148,0.4363594651222229,0.0,5804.0,0.5668144822120667,135,1
SLIM*SIG1,5715dcc7-1480-11f0-87db-54a95b9ec813,caesarian,5,149,0.4363594651222229,0.021169424057006836,5977.0,0.5668144822120667,135,1
SLIM*SIG1,5715dcc7-1480-11f0-87db-54a95b9ec813,caesarian,5,150,0.4363594651222229,0.007149219512939453,5457.0,0.5668144822120667,135,1
SLIM*SIG1,5715dcc7-1480-11f0-87db-54a95b9ec813,caesarian,5,151,0.4363594651222229,0.007899284362792969,5403.0,0.5668144822120667,135,1
SLIM*SIG1,5715dcc7-1480-11f0-87db-54a95b9ec813,caesarian,5,152,0.4363594651222229,0.009002447128295898,5208.0,0.5668144822120667,135,1
SLIM*SIG1,5715dcc7-1480-11f0-87db-54a95b9ec813,caesarian,5,153,0.4363594651222229,0.00834798812866211,5323.0,0.5668144822120667,135,1
SLIM*SIG1,5715dcc7-1480-11f0-87db-54a95b9ec813,caesarian,5,154,0.4363594651222229,0.009721517562866211,5479.0,0.5668144822120667,135,1
SLIM*SIG1,5715dcc7-1480-11f0-87db-54a95b9ec813,caesarian,5,155,0.4361315071582794,0.009896278381347656,5477.0,0.5662513971328735,122,1
SLIM*SIG1,5715dcc7-1480-11f0-87db-54a95b9ec813,caesarian,5,156,0.4361315071582794,0.008002758026123047,5378.0,0.5662513971328735,122,1
SLIM*SIG1,5715dcc7-1480-11f0-87db-54a95b9ec813,caesarian,5,157,0.4361315071582794,0.0,5331.0,0.5662513971328735,122,1
SLIM*SIG1,5715dcc7-1480-11f0-87db-54a95b9ec813,caesarian,5,158,0.4361315071582794,0.015108108520507812,5213.0,0.5662513971328735,122,1
SLIM*SIG1,5715dcc7-1480-11f0-87db-54a95b9ec813,caesarian,5,159,0.4361315071582794,0.0,5375.0,0.5662513971328735,122,1
SLIM*SIG1,5715dcc7-1480-11f0-87db-54a95b9ec813,caesarian,5,160,0.4361315071582794,0.01573467254638672,5395.0,0.5662513971328735,122,1
SLIM*SIG1,5715dcc7-1480-11f0-87db-54a95b9ec813,caesarian,5,161,0.4361315071582794,0.016368389129638672,5716.0,0.5662513971328735,122,1
SLIM*SIG1,5715dcc7-1480-11f0-87db-54a95b9ec813,caesarian,5,162,0.4361315071582794,0.009802579879760742,6157.0,0.5662513971328735,122,1
SLIM*SIG1,5715dcc7-1480-11f0-87db-54a95b9ec813,caesarian,5,163,0.4361315071582794,0.010424375534057617,6132.0,0.5662513971328735,122,1
SLIM*SIG1,5715dcc7-1480-11f0-87db-54a95b9ec813,caesarian,5,164,0.4361315071582794,0.00871586799621582,6022.0,0.5662513971328735,122,1
SLIM*SIG1,5715dcc7-1480-11f0-87db-54a95b9ec813,caesarian,5,165,0.4361315071582794,0.009998798370361328,6243.0,0.5662513971328735,122,1
SLIM*SIG1,5715dcc7-1480-11f0-87db-54a95b9ec813,caesarian,5,166,0.43582987785339355,0.009891748428344727,5989.0,0.5666553378105164,135,1
SLIM*SIG1,5715dcc7-1480-11f0-87db-54a95b9ec813,caesarian,5,167,0.43582987785339355,0.0013523101806640625,6060.0,0.5666553378105164,135,1
SLIM*SIG1,5715dcc7-1480-11f0-87db-54a95b9ec813,caesarian,5,168,0.43582987785339355,0.0157315731048584,6031.0,0.5666553378105164,135,1
SLIM*SIG1,5715dcc7-1480-11f0-87db-54a95b9ec813,caesarian,5,169,0.43582987785339355,0.01551961898803711,5526.0,0.5666553378105164,135,1
SLIM*SIG1,5715dcc7-1480-11f0-87db-54a95b9ec813,caesarian,5,170,0.43582987785339355,0.0,5660.0,0.5666553378105164,135,1
SLIM*SIG1,5715dcc7-1480-11f0-87db-54a95b9ec813,caesarian,5,171,0.43582987785339355,0.01904916763305664,5743.0,0.5666553378105164,135,1
SLIM*SIG1,5715dcc7-1480-11f0-87db-54a95b9ec813,caesarian,5,172,0.43582987785339355,0.008687019348144531,5721.0,0.5666553378105164,135,1
SLIM*SIG1,5715dcc7-1480-11f0-87db-54a95b9ec813,caesarian,5,173,0.43582987785339355,0.010408878326416016,5374.0,0.5666553378105164,135,1
SLIM*SIG1,5715dcc7-1480-11f0-87db-54a95b9ec813,caesarian,5,174,0.43582987785339355,0.011277914047241211,5529.0,0.5666553378105164,135,1
SLIM*SIG1,5715dcc7-1480-11f0-87db-54a95b9ec813,caesarian,5,175,0.43582987785339355,0.010574102401733398,5676.0,0.5666553378105164,135,1
SLIM*SIG1,5715dcc7-1480-11f0-87db-54a95b9ec813,caesarian,5,176,0.43582987785339355,0.010393619537353516,6062.0,0.5666553378105164,135,1
SLIM*SIG1,5715dcc7-1480-11f0-87db-54a95b9ec813,caesarian,5,177,0.43582987785339355,0.010376453399658203,6433.0,0.5666553378105164,135,1
SLIM*SIG1,5715dcc7-1480-11f0-87db-54a95b9ec813,caesarian,5,178,0.43529653549194336,0.011629581451416016,6316.0,0.5625303983688354,148,1
SLIM*SIG1,5715dcc7-1480-11f0-87db-54a95b9ec813,caesarian,5,179,0.43529653549194336,0.008597373962402344,5592.0,0.5625303983688354,148,1
SLIM*SIG1,5715dcc7-1480-11f0-87db-54a95b9ec813,caesarian,5,180,0.43529653549194336,0.005246877670288086,6040.0,0.5625303983688354,148,1
SLIM*SIG1,5715dcc7-1480-11f0-87db-54a95b9ec813,caesarian,5,181,0.43529653549194336,0.007174491882324219,6713.0,0.5625303983688354,148,1
SLIM*SIG1,5715dcc7-1480-11f0-87db-54a95b9ec813,caesarian,5,182,0.43529653549194336,0.019428253173828125,6539.0,0.5625303983688354,148,1
SLIM*SIG1,5715dcc7-1480-11f0-87db-54a95b9ec813,caesarian,5,183,0.43529653549194336,0.008161544799804688,6422.0,0.5625303983688354,148,1
SLIM*SIG1,5715dcc7-1480-11f0-87db-54a95b9ec813,caesarian,5,184,0.43529653549194336,0.010001420974731445,7048.0,0.5625303983688354,148,1
SLIM*SIG1,5715dcc7-1480-11f0-87db-54a95b9ec813,caesarian,5,185,0.43529653549194336,0.009998798370361328,7235.0,0.5625303983688354,148,1
SLIM*SIG1,5715dcc7-1480-11f0-87db-54a95b9ec813,caesarian,5,186,0.43529653549194336,0.01102137565612793,7389.0,0.5625303983688354,148,1
SLIM*SIG1,5715dcc7-1480-11f0-87db-54a95b9ec813,caesarian,5,187,0.43529653549194336,0.012982606887817383,7542.0,0.5625303983688354,148,1
SLIM*SIG1,5715dcc7-1480-11f0-87db-54a95b9ec813,caesarian,5,188,0.43529653549194336,0.008003950119018555,7806.0,0.5625303983688354,148,1
SLIM*SIG1,5715dcc7-1480-11f0-87db-54a95b9ec813,caesarian,5,189,0.43529653549194336,0.0,7950.0,0.5625303983688354,148,1
SLIM*SIG1,5715dcc7-1480-11f0-87db-54a95b9ec813,caesarian,5,190,0.43529653549194336,0.015751361846923828,7785.0,0.5625303983688354,148,1
SLIM*SIG1,5715dcc7-1480-11f0-87db-54a95b9ec813,caesarian,5,191,0.43529653549194336,0.015520334243774414,6958.0,0.5625303983688354,148,1
SLIM*SIG1,5715dcc7-1480-11f0-87db-54a95b9ec813,caesarian,5,192,0.43529653549194336,0.016545534133911133,6825.0,0.5625303983688354,148,1
SLIM*SIG1,5715dcc7-1480-11f0-87db-54a95b9ec813,caesarian,5,193,0.43529653549194336,0.009325981140136719,6788.0,0.5625303983688354,148,1
SLIM*SIG1,5715dcc7-1480-11f0-87db-54a95b9ec813,caesarian,5,194,0.43529653549194336,0.012360811233520508,6664.0,0.5625303983688354,148,1
SLIM*SIG1,5715dcc7-1480-11f0-87db-54a95b9ec813,caesarian,5,195,0.43529653549194336,0.01218271255493164,6831.0,0.5625303983688354,148,1
SLIM*SIG1,5715dcc7-1480-11f0-87db-54a95b9ec813,caesarian,5,196,0.43529653549194336,0.010575056076049805,6730.0,0.5625303983688354,148,1
SLIM*SIG1,5715dcc7-1480-11f0-87db-54a95b9ec813,caesarian,5,197,0.43529653549194336,0.008892297744750977,6595.0,0.5625303983688354,148,1
SLIM*SIG1,5715dcc7-1480-11f0-87db-54a95b9ec813,caesarian,5,198,0.43529653549194336,0.01113581657409668,6415.0,0.5625303983688354,148,1
SLIM*SIG1,5715dcc7-1480-11f0-87db-54a95b9ec813,caesarian,5,199,0.43529653549194336,0.008064508438110352,6393.0,0.5625303983688354,148,1
SLIM*SIG1,5715dcc7-1480-11f0-87db-54a95b9ec813,caesarian,5,200,0.43529653549194336,0.010072469711303711,6122.0,0.5625303983688354,148,1
SLIM*SIG1,5715dcc7-1480-11f0-87db-54a95b9ec813,caesarian,5,201,0.43529653549194336,0.010548591613769531,6232.0,0.5625303983688354,148,1
SLIM*SIG1,5715dcc7-1480-11f0-87db-54a95b9ec813,caesarian,5,202,0.43529653549194336,0.0020034313201904297,6529.0,0.5625303983688354,148,1
SLIM*SIG1,5715dcc7-1480-11f0-87db-54a95b9ec813,caesarian,5,203,0.43529653549194336,0.019983768463134766,6520.0,0.5625303983688354,148,1
SLIM*SIG1,5715dcc7-1480-11f0-87db-54a95b9ec813,caesarian,5,204,0.43529653549194336,0.01200103759765625,6381.0,0.5625303983688354,148,1
SLIM*SIG1,5715dcc7-1480-11f0-87db-54a95b9ec813,caesarian,5,205,0.43529653549194336,0.009993553161621094,6249.0,0.5625303983688354,148,1
SLIM*SIG1,5715dcc7-1480-11f0-87db-54a95b9ec813,caesarian,5,206,0.43529653549194336,0.010356664657592773,6699.0,0.5625303983688354,148,1
SLIM*SIG1,5715dcc7-1480-11f0-87db-54a95b9ec813,caesarian,5,207,0.43529653549194336,0.01001739501953125,6975.0,0.5625303983688354,148,1
SLIM*SIG1,5715dcc7-1480-11f0-87db-54a95b9ec813,caesarian,5,208,0.43529653549194336,0.010999679565429688,7160.0,0.5625303983688354,148,1
SLIM*SIG1,5715dcc7-1480-11f0-87db-54a95b9ec813,caesarian,5,209,0.43529653549194336,0.010159492492675781,7073.0,0.5625303983688354,148,1
SLIM*SIG1,5715dcc7-1480-11f0-87db-54a95b9ec813,caesarian,5,210,0.43529653549194336,0.010530233383178711,7109.0,0.5625303983688354,148,1
SLIM*SIG1,5715dcc7-1480-11f0-87db-54a95b9ec813,caesarian,5,211,0.43529653549194336,0.005028963088989258,7494.0,0.5625303983688354,148,1
SLIM*SIG1,5715dcc7-1480-11f0-87db-54a95b9ec813,caesarian,5,212,0.43529653549194336,0.0,7689.0,0.5625303983688354,148,1
SLIM*SIG1,5715dcc7-1480-11f0-87db-54a95b9ec813,caesarian,5,213,0.43529653549194336,0.024947643280029297,7971.0,0.5625303983688354,148,1
SLIM*SIG1,5715dcc7-1480-11f0-87db-54a95b9ec813,caesarian,5,214,0.43529653549194336,0.01100015640258789,8032.0,0.5625303983688354,148,1
SLIM*SIG1,5715dcc7-1480-11f0-87db-54a95b9ec813,caesarian,5,215,0.43529653549194336,0.010111331939697266,8251.0,0.5625303983688354,148,1
SLIM*SIG1,5715dcc7-1480-11f0-87db-54a95b9ec813,caesarian,5,216,0.43529653549194336,0.004889011383056641,8066.0,0.5625303983688354,148,1
SLIM*SIG1,5715dcc7-1480-11f0-87db-54a95b9ec813,caesarian,5,217,0.43529653549194336,0.0,7796.0,0.5625303983688354,148,1
SLIM*SIG1,5715dcc7-1480-11f0-87db-54a95b9ec813,caesarian,5,218,0.43529653549194336,0.015665769577026367,7426.0,0.5625303983688354,148,1
SLIM*SIG1,5715dcc7-1480-11f0-87db-54a95b9ec813,caesarian,5,219,0.43529653549194336,0.016830921173095703,7040.0,0.5625303983688354,148,1
SLIM*SIG1,5715dcc7-1480-11f0-87db-54a95b9ec813,caesarian,5,220,0.43529653549194336,0.0007445812225341797,6470.0,0.5625303983688354,148,1
SLIM*SIG1,5715dcc7-1480-11f0-87db-54a95b9ec813,caesarian,5,221,0.43529653549194336,0.015058517456054688,6563.0,0.5625303983688354,148,1
SLIM*SIG1,5715dcc7-1480-11f0-87db-54a95b9ec813,caesarian,5,222,0.43529653549194336,0.0,6367.0,0.5625303983688354,148,1
SLIM*SIG1,5715dcc7-1480-11f0-87db-54a95b9ec813,caesarian,5,223,0.43529653549194336,0.01567840576171875,6329.0,0.5625303983688354,148,1
SLIM*SIG1,5715dcc7-1480-11f0-87db-54a95b9ec813,caesarian,5,224,0.43529653549194336,0.0,6296.0,0.5625303983688354,148,1
SLIM*SIG1,5715dcc7-1480-11f0-87db-54a95b9ec813,caesarian,5,225,0.43529653549194336,0.026026010513305664,6317.0,0.5625303983688354,148,1
SLIM*SIG1,5715dcc7-1480-11f0-87db-54a95b9ec813,caesarian,5,226,0.43529653549194336,0.009337663650512695,6607.0,0.5625303983688354,148,1
SLIM*SIG1,5715dcc7-1480-11f0-87db-54a95b9ec813,caesarian,5,227,0.43507951498031616,0.00999760627746582,6780.0,0.5643606781959534,146,1
SLIM*SIG1,5715dcc7-1480-11f0-87db-54a95b9ec813,caesarian,5,228,0.43507951498031616,0.01100015640258789,7004.0,0.5643606781959534,146,1
SLIM*SIG1,5715dcc7-1480-11f0-87db-54a95b9ec813,caesarian,5,229,0.43507951498031616,0.00992727279663086,6805.0,0.5643606781959534,146,1
SLIM*SIG1,5715dcc7-1480-11f0-87db-54a95b9ec813,caesarian,5,230,0.43507951498031616,0.06525158882141113,6556.0,0.5643606781959534,146,1
SLIM*SIG1,5715dcc7-1480-11f0-87db-54a95b9ec813,caesarian,5,231,0.43507951498031616,0.008610963821411133,6185.0,0.5643606781959534,146,1
SLIM*SIG1,5715dcc7-1480-11f0-87db-54a95b9ec813,caesarian,5,232,0.43507951498031616,0.008896827697753906,5294.0,0.5643606781959534,146,1
SLIM*SIG1,5715dcc7-1480-11f0-87db-54a95b9ec813,caesarian,5,233,0.43507951498031616,0.008999109268188477,5262.0,0.5643606781959534,146,1
SLIM*SIG1,5715dcc7-1480-11f0-87db-54a95b9ec813,caesarian,5,234,0.43507951498031616,0.004407405853271484,5095.0,0.5643606781959534,146,1
SLIM*SIG1,5715dcc7-1480-11f0-87db-54a95b9ec813,caesarian,5,235,0.43507951498031616,0.015613079071044922,5345.0,0.5643606781959534,146,1
SLIM*SIG1,5715dcc7-1480-11f0-87db-54a95b9ec813,caesarian,5,236,0.43507951498031616,0.0,5950.0,0.5643606781959534,146,1
SLIM*SIG1,5715dcc7-1480-11f0-87db-54a95b9ec813,caesarian,5,237,0.43507951498031616,0.01563239097595215,6279.0,0.5643606781959534,146,1
SLIM*SIG1,5715dcc7-1480-11f0-87db-54a95b9ec813,caesarian,5,238,0.43507951498031616,0.0,6202.0,0.5643606781959534,146,1
SLIM*SIG1,5715dcc7-1480-11f0-87db-54a95b9ec813,caesarian,5,239,0.43507951498031616,0.01572585105895996,6612.0,0.5643606781959534,146,1
SLIM*SIG1,5715dcc7-1480-11f0-87db-54a95b9ec813,caesarian,5,240,0.43507951498031616,0.017491579055786133,6363.0,0.5643606781959534,146,1
SLIM*SIG1,5715dcc7-1480-11f0-87db-54a95b9ec813,caesarian,5,241,0.43507951498031616,0.010400056838989258,6647.0,0.5643606781959534,146,1
SLIM*SIG1,5715dcc7-1480-11f0-87db-54a95b9ec813,caesarian,5,242,0.43507951498031616,0.010000228881835938,6112.0,0.5643606781959534,146,1
SLIM*SIG1,5715dcc7-1480-11f0-87db-54a95b9ec813,caesarian,5,243,0.43507951498031616,0.009000062942504883,6853.0,0.5643606781959534,146,1
SLIM*SIG1,5715dcc7-1480-11f0-87db-54a95b9ec813,caesarian,5,244,0.43507951498031616,0.010658979415893555,7055.0,0.5643606781959534,146,1
SLIM*SIG1,5715dcc7-1480-11f0-87db-54a95b9ec813,caesarian,5,245,0.43507951498031616,0.008588075637817383,6524.0,0.5643606781959534,146,1
SLIM*SIG1,5715dcc7-1480-11f0-87db-54a95b9ec813,caesarian,5,246,0.43507951498031616,0.008996248245239258,6457.0,0.5643606781959534,146,1
SLIM*SIG1,5715dcc7-1480-11f0-87db-54a95b9ec813,caesarian,5,247,0.43507951498031616,0.008786678314208984,6964.0,0.5643606781959534,146,1
SLIM*SIG1,5715dcc7-1480-11f0-87db-54a95b9ec813,caesarian,5,248,0.43507951498031616,0.0,7018.0,0.5643606781959534,146,1
SLIM*SIG1,5715dcc7-1480-11f0-87db-54a95b9ec813,caesarian,5,249,0.4350028932094574,0.015032529830932617,6691.0,0.5642439126968384,159,1
SLIM*SIG1,5715dcc7-1480-11f0-87db-54a95b9ec813,caesarian,5,250,0.4350028932094574,0.021164655685424805,6574.0,0.5642439126968384,159,1
SLIM*SIG1,5715dcc7-1480-11f0-87db-54a95b9ec813,caesarian,5,251,0.4350028932094574,0.00945138931274414,6218.0,0.5642439126968384,159,1
SLIM*SIG1,5715dcc7-1480-11f0-87db-54a95b9ec813,caesarian,5,252,0.4350028932094574,0.009895801544189453,6149.0,0.5642439126968384,159,1
SLIM*SIG1,5715dcc7-1480-11f0-87db-54a95b9ec813,caesarian,5,253,0.4350028932094574,0.00921487808227539,6121.0,0.5642439126968384,159,1
SLIM*SIG1,5715dcc7-1480-11f0-87db-54a95b9ec813,caesarian,5,254,0.4350028932094574,0.010982513427734375,6370.0,0.5642439126968384,159,1
SLIM*SIG1,5715dcc7-1480-11f0-87db-54a95b9ec813,caesarian,5,255,0.4350028932094574,0.00951385498046875,6333.0,0.5642439126968384,159,1
SLIM*SIG1,5715dcc7-1480-11f0-87db-54a95b9ec813,caesarian,5,256,0.4350028932094574,0.009101152420043945,6615.0,0.5642439126968384,159,1
SLIM*SIG1,5715dcc7-1480-11f0-87db-54a95b9ec813,caesarian,5,257,0.4350028932094574,0.003505229949951172,6353.0,0.5642439126968384,159,1
SLIM*SIG1,5715dcc7-1480-11f0-87db-54a95b9ec813,caesarian,5,258,0.4350028932094574,0.0,6442.0,0.5642439126968384,159,1
SLIM*SIG1,5715dcc7-1480-11f0-87db-54a95b9ec813,caesarian,5,259,0.4350028932094574,0.015505075454711914,6654.0,0.5642439126968384,159,1
SLIM*SIG1,5715dcc7-1480-11f0-87db-54a95b9ec813,caesarian,5,260,0.4305937886238098,0.015632152557373047,6338.0,0.5045085549354553,172,1
SLIM*SIG1,5715dcc7-1480-11f0-87db-54a95b9ec813,caesarian,5,261,0.43014100193977356,0.0,6925.0,0.5082781314849854,159,1
SLIM*SIG1,5715dcc7-1480-11f0-87db-54a95b9ec813,caesarian,5,262,0.43014100193977356,0.019549846649169922,7412.0,0.5082781314849854,159,1
SLIM*SIG1,5715dcc7-1480-11f0-87db-54a95b9ec813,caesarian,5,263,0.430046409368515,0.008175373077392578,7384.0,0.5094270706176758,172,1
SLIM*SIG1,5715dcc7-1480-11f0-87db-54a95b9ec813,caesarian,5,264,0.42788827419281006,0.009131431579589844,7746.0,0.5148136019706726,159,1
SLIM*SIG1,5715dcc7-1480-11f0-87db-54a95b9ec813,caesarian,5,265,0.42788827419281006,0.008617162704467773,7681.0,0.5148136019706726,159,1
SLIM*SIG1,5715dcc7-1480-11f0-87db-54a95b9ec813,caesarian,5,266,0.4269618093967438,0.01010584831237793,7847.0,0.5134807229042053,146,1
SLIM*SIG1,5715dcc7-1480-11f0-87db-54a95b9ec813,caesarian,5,267,0.4258151352405548,0.00899648666381836,7948.0,0.5121616721153259,174,1
SLIM*SIG1,5715dcc7-1480-11f0-87db-54a95b9ec813,caesarian,5,268,0.4258151352405548,0.0,7918.0,0.5121616721153259,174,1
SLIM*SIG1,5715dcc7-1480-11f0-87db-54a95b9ec813,caesarian,5,269,0.4254245460033417,0.015728473663330078,7746.0,0.502262532711029,172,1
SLIM*SIG1,5715dcc7-1480-11f0-87db-54a95b9ec813,caesarian,5,270,0.42352691292762756,0.0,7739.0,0.49354347586631775,133,1
SLIM*SIG1,5715dcc7-1480-11f0-87db-54a95b9ec813,caesarian,5,271,0.42347249388694763,0.015620708465576172,7689.0,0.5057787299156189,176,1
SLIM*SIG1,5715dcc7-1480-11f0-87db-54a95b9ec813,caesarian,5,272,0.42347249388694763,0.0,7767.0,0.5057787299156189,176,1
SLIM*SIG1,5715dcc7-1480-11f0-87db-54a95b9ec813,caesarian,5,273,0.42347249388694763,0.015634536743164062,7449.0,0.5057787299156189,176,1
SLIM*SIG1,5715dcc7-1480-11f0-87db-54a95b9ec813,caesarian,5,274,0.4233299195766449,0.016370773315429688,7371.0,0.5135795474052429,189,1
SLIM*SIG1,5715dcc7-1480-11f0-87db-54a95b9ec813,caesarian,5,275,0.42252424359321594,0.010038375854492188,7360.0,0.5125715136528015,172,1
SLIM*SIG1,5715dcc7-1480-11f0-87db-54a95b9ec813,caesarian,5,276,0.42218300700187683,0.009610176086425781,7169.0,0.5123456716537476,202,1
SLIM*SIG1,5715dcc7-1480-11f0-87db-54a95b9ec813,caesarian,5,277,0.4195597171783447,0.009000301361083984,7377.0,0.5030078291893005,159,1
SLIM*SIG1,5715dcc7-1480-11f0-87db-54a95b9ec813,caesarian,5,278,0.4195597171783447,0.009204626083374023,7309.0,0.5030078291893005,159,1
SLIM*SIG1,5715dcc7-1480-11f0-87db-54a95b9ec813,caesarian,5,279,0.4195597171783447,0.00989079475402832,7454.0,0.5030078291893005,159,1
SLIM*SIG1,5715dcc7-1480-11f0-87db-54a95b9ec813,caesarian,5,280,0.4189332127571106,0.009106874465942383,7528.0,0.5031395554542542,185,1
SLIM*SIG1,5715dcc7-1480-11f0-87db-54a95b9ec813,caesarian,5,281,0.4189332127571106,0.010959863662719727,7763.0,0.5031395554542542,185,1
SLIM*SIG1,5715dcc7-1480-11f0-87db-54a95b9ec813,caesarian,5,282,0.4189332127571106,0.015645503997802734,7605.0,0.5031395554542542,185,1
SLIM*SIG1,5715dcc7-1480-11f0-87db-54a95b9ec813,caesarian,5,283,0.41852280497550964,0.010170459747314453,7593.0,0.5026172399520874,172,1
SLIM*SIG1,5715dcc7-1480-11f0-87db-54a95b9ec813,caesarian,5,284,0.41852280497550964,0.008480310440063477,7592.0,0.5026172399520874,172,1
SLIM*SIG1,5715dcc7-1480-11f0-87db-54a95b9ec813,caesarian,5,285,0.41852280497550964,0.013486146926879883,7902.0,0.5026172399520874,172,1
SLIM*SIG1,5715dcc7-1480-11f0-87db-54a95b9ec813,caesarian,5,286,0.41843193769454956,0.02814006805419922,8208.0,0.5024987459182739,185,1
SLIM*SIG1,5715dcc7-1480-11f0-87db-54a95b9ec813,caesarian,5,287,0.41843193769454956,0.011989116668701172,8262.0,0.5024987459182739,185,1
SLIM*SIG1,5715dcc7-1480-11f0-87db-54a95b9ec813,caesarian,5,288,0.4182267189025879,0.013191938400268555,8295.0,0.5003802180290222,159,1
SLIM*SIG1,5715dcc7-1480-11f0-87db-54a95b9ec813,caesarian,5,289,0.4182267189025879,0.01101064682006836,8332.0,0.5003802180290222,159,1
SLIM*SIG1,5715dcc7-1480-11f0-87db-54a95b9ec813,caesarian,5,290,0.4182267189025879,0.009955167770385742,8664.0,0.5003802180290222,159,1
SLIM*SIG1,5715dcc7-1480-11f0-87db-54a95b9ec813,caesarian,5,291,0.4182267189025879,0.003508329391479492,8322.0,0.5003802180290222,159,1
SLIM*SIG1,5715dcc7-1480-11f0-87db-54a95b9ec813,caesarian,5,292,0.4182267189025879,0.01927351951599121,8005.0,0.5003802180290222,159,1
SLIM*SIG1,5715dcc7-1480-11f0-87db-54a95b9ec813,caesarian,5,293,0.418148934841156,0.011017560958862305,8551.0,0.5003535747528076,172,1
SLIM*SIG1,5715dcc7-1480-11f0-87db-54a95b9ec813,caesarian,5,294,0.418148934841156,0.011487722396850586,8820.0,0.5003535747528076,172,1
SLIM*SIG1,5715dcc7-1480-11f0-87db-54a95b9ec813,caesarian,5,295,0.418148934841156,0.009982585906982422,8217.0,0.5003535747528076,172,1
SLIM*SIG1,5715dcc7-1480-11f0-87db-54a95b9ec813,caesarian,5,296,0.418148934841156,0.011003255844116211,7816.0,0.5003535747528076,172,1
SLIM*SIG1,5715dcc7-1480-11f0-87db-54a95b9ec813,caesarian,5,297,0.418148934841156,0.0030515193939208984,7881.0,0.5003535747528076,172,1
SLIM*SIG1,5715dcc7-1480-11f0-87db-54a95b9ec813,caesarian,5,298,0.418148934841156,0.015748262405395508,8308.0,0.5003535747528076,172,1
SLIM*SIG1,5715dcc7-1480-11f0-87db-54a95b9ec813,caesarian,5,299,0.418148934841156,0.0,8499.0,0.5003535747528076,172,1
SLIM*SIG1,5715dcc7-1480-11f0-87db-54a95b9ec813,caesarian,5,300,0.418148934841156,0.0,8270.0,0.5003535747528076,172,1
SLIM*SIG1,5715dcc7-1480-11f0-87db-54a95b9ec813,caesarian,5,301,0.418148934841156,0.01601696014404297,7962.0,0.5003535747528076,172,1
SLIM*SIG1,5715dcc7-1480-11f0-87db-54a95b9ec813,caesarian,5,302,0.41781213879585266,0.0,7497.0,0.49987271428108215,172,1
SLIM*SIG1,5715dcc7-1480-11f0-87db-54a95b9ec813,caesarian,5,303,0.41781213879585266,0.024331092834472656,7653.0,0.49987271428108215,172,1
SLIM*SIG1,5715dcc7-1480-11f0-87db-54a95b9ec813,caesarian,5,304,0.41781213879585266,0.009006738662719727,7705.0,0.49987271428108215,172,1
SLIM*SIG1,5715dcc7-1480-11f0-87db-54a95b9ec813,caesarian,5,305,0.41781213879585266,0.008999824523925781,7681.0,0.49987271428108215,172,1
SLIM*SIG1,5715dcc7-1480-11f0-87db-54a95b9ec813,caesarian,5,306,0.41781213879585266,0.010442256927490234,7456.0,0.49987271428108215,172,1
SLIM*SIG1,5715dcc7-1480-11f0-87db-54a95b9ec813,caesarian,5,307,0.41781213879585266,0.009102344512939453,7796.0,0.49987271428108215,172,1
SLIM*SIG1,5715dcc7-1480-11f0-87db-54a95b9ec813,caesarian,5,308,0.41781213879585266,0.010897159576416016,8092.0,0.49987271428108215,172,1
SLIM*SIG1,5715dcc7-1480-11f0-87db-54a95b9ec813,caesarian,5,309,0.41781213879585266,0.010005474090576172,8435.0,0.49987271428108215,172,1
SLIM*SIG1,5715dcc7-1480-11f0-87db-54a95b9ec813,caesarian,5,310,0.41781213879585266,0.0008993148803710938,8422.0,0.49987271428108215,172,1
SLIM*SIG1,5715dcc7-1480-11f0-87db-54a95b9ec813,caesarian,5,311,0.41773104667663574,0.016045808792114258,8671.0,0.49996137619018555,187,1
SLIM*SIG1,5715dcc7-1480-11f0-87db-54a95b9ec813,caesarian,5,312,0.41773104667663574,0.0,8662.0,0.49996137619018555,187,1
SLIM*SIG1,5715dcc7-1480-11f0-87db-54a95b9ec813,caesarian,5,313,0.41773104667663574,0.0208590030670166,8374.0,0.49996137619018555,187,1
SLIM*SIG1,5715dcc7-1480-11f0-87db-54a95b9ec813,caesarian,5,314,0.41773104667663574,0.00988912582397461,8203.0,0.49996137619018555,187,1
SLIM*SIG1,5715dcc7-1480-11f0-87db-54a95b9ec813,caesarian,5,315,0.41773104667663574,0.010102272033691406,8029.0,0.49996137619018555,187,1
SLIM*SIG1,5715dcc7-1480-11f0-87db-54a95b9ec813,caesarian,5,316,0.41773104667663574,0.009903669357299805,8130.0,0.49996137619018555,187,1
SLIM*SIG1,5715dcc7-1480-11f0-87db-54a95b9ec813,caesarian,5,317,0.41773104667663574,0.009896993637084961,8203.0,0.49996137619018555,187,1
SLIM*SIG1,5715dcc7-1480-11f0-87db-54a95b9ec813,caesarian,5,318,0.41773104667663574,0.010000467300415039,8672.0,0.49996137619018555,187,1
SLIM*SIG1,5715dcc7-1480-11f0-87db-54a95b9ec813,caesarian,5,319,0.41773104667663574,0.00900125503540039,8433.0,0.49996137619018555,187,1
SLIM*SIG1,5715dcc7-1480-11f0-87db-54a95b9ec813,caesarian,5,320,0.41773104667663574,0.0012061595916748047,8679.0,0.49996137619018555,187,1
SLIM*SIG1,5715dcc7-1480-11f0-87db-54a95b9ec813,caesarian,5,321,0.41773104667663574,0.015513420104980469,8712.0,0.49996137619018555,187,1
SLIM*SIG1,5715dcc7-1480-11f0-87db-54a95b9ec813,caesarian,5,322,0.41773104667663574,0.0,8684.0,0.49996137619018555,187,1
SLIM*SIG1,5715dcc7-1480-11f0-87db-54a95b9ec813,caesarian,5,323,0.41773104667663574,0.01573967933654785,8797.0,0.49996137619018555,187,1
SLIM*SIG1,5715dcc7-1480-11f0-87db-54a95b9ec813,caesarian,5,324,0.41773104667663574,0.0,8775.0,0.49996137619018555,187,1
SLIM*SIG1,5715dcc7-1480-11f0-87db-54a95b9ec813,caesarian,5,325,0.4177224338054657,0.026304960250854492,9064.0,0.4985654056072235,187,1
SLIM*SIG1,5715dcc7-1480-11f0-87db-54a95b9ec813,caesarian,5,326,0.4177224338054657,0.009424686431884766,9019.0,0.4985654056072235,187,1
SLIM*SIG1,5715dcc7-1480-11f0-87db-54a95b9ec813,caesarian,5,327,0.4177224338054657,0.011109113693237305,8981.0,0.4985654056072235,187,1
SLIM*SIG1,5715dcc7-1480-11f0-87db-54a95b9ec813,caesarian,5,328,0.4177224338054657,0.010892391204833984,8850.0,0.4985654056072235,187,1
SLIM*SIG1,5715dcc7-1480-11f0-87db-54a95b9ec813,caesarian,5,329,0.4177224338054657,0.010033369064331055,8750.0,0.4985654056072235,187,1
SLIM*SIG1,5715dcc7-1480-11f0-87db-54a95b9ec813,caesarian,5,330,0.4177224338054657,0.0,8878.0,0.4985654056072235,187,1
SLIM*SIG1,5715dcc7-1480-11f0-87db-54a95b9ec813,caesarian,5,331,0.4177224338054657,0.016148805618286133,9213.0,0.4985654056072235,187,1
SLIM*SIG1,5715dcc7-1480-11f0-87db-54a95b9ec813,caesarian,5,332,0.4177224338054657,0.0157318115234375,9283.0,0.4985654056072235,187,1
SLIM*SIG1,5715dcc7-1480-11f0-87db-54a95b9ec813,caesarian,5,333,0.4177224338054657,0.0,9536.0,0.4985654056072235,187,1
SLIM*SIG1,5715dcc7-1480-11f0-87db-54a95b9ec813,caesarian,5,334,0.4177224338054657,0.022547006607055664,9581.0,0.4985654056072235,187,1
SLIM*SIG1,5715dcc7-1480-11f0-87db-54a95b9ec813,caesarian,5,335,0.4177224338054657,0.010004043579101562,9792.0,0.4985654056072235,187,1
SLIM*SIG1,5715dcc7-1480-11f0-87db-54a95b9ec813,caesarian,5,336,0.4177224338054657,0.009464740753173828,9428.0,0.4985654056072235,187,1
SLIM*SIG1,5715dcc7-1480-11f0-87db-54a95b9ec813,caesarian,5,337,0.4177224338054657,0.009992837905883789,9820.0,0.4985654056072235,187,1
SLIM*SIG1,5715dcc7-1480-11f0-87db-54a95b9ec813,caesarian,5,338,0.4177224338054657,0.009999990463256836,9960.0,0.4985654056072235,187,1
SLIM*SIG1,5715dcc7-1480-11f0-87db-54a95b9ec813,caesarian,5,339,0.4177224338054657,0.0040967464447021484,10381.0,0.4985654056072235,187,1
SLIM*SIG1,5715dcc7-1480-11f0-87db-54a95b9ec813,caesarian,5,340,0.4177224338054657,0.016113758087158203,10277.0,0.4985654056072235,187,1
SLIM*SIG1,5715dcc7-1480-11f0-87db-54a95b9ec813,caesarian,5,341,0.4174770414829254,0.0,10556.0,0.49760109186172485,200,1
SLIM*SIG1,5715dcc7-1480-11f0-87db-54a95b9ec813,caesarian,5,342,0.41746410727500916,0.01563262939453125,10858.0,0.496380090713501,187,1
SLIM*SIG1,5715dcc7-1480-11f0-87db-54a95b9ec813,caesarian,5,343,0.41746410727500916,0.015624046325683594,10535.0,0.496380090713501,187,1
SLIM*SIG1,5715dcc7-1480-11f0-87db-54a95b9ec813,caesarian,5,344,0.41746410727500916,0.0,9989.0,0.496380090713501,187,1
SLIM*SIG1,5715dcc7-1480-11f0-87db-54a95b9ec813,caesarian,5,345,0.41746410727500916,0.02274632453918457,9368.0,0.496380090713501,187,1
SLIM*SIG1,5715dcc7-1480-11f0-87db-54a95b9ec813,caesarian,5,346,0.41746410727500916,0.007996797561645508,8584.0,0.496380090713501,187,1
SLIM*SIG1,5715dcc7-1480-11f0-87db-54a95b9ec813,caesarian,5,347,0.41746410727500916,0.01088714599609375,8512.0,0.496380090713501,187,1
SLIM*SIG1,5715dcc7-1480-11f0-87db-54a95b9ec813,caesarian,5,348,0.41746410727500916,0.009005308151245117,8342.0,0.496380090713501,187,1
SLIM*SIG1,5715dcc7-1480-11f0-87db-54a95b9ec813,caesarian,5,349,0.41746410727500916,0.0,7954.0,0.496380090713501,187,1
SLIM*SIG1,5715dcc7-1480-11f0-87db-54a95b9ec813,caesarian,5,350,0.41746410727500916,0.015170097351074219,7759.0,0.496380090713501,187,1
SLIM*SIG1,5715dcc7-1480-11f0-87db-54a95b9ec813,caesarian,5,351,0.41746410727500916,0.015635251998901367,7913.0,0.496380090713501,187,1
SLIM*SIG1,5715dcc7-1480-11f0-87db-54a95b9ec813,caesarian,5,352,0.41746410727500916,0.0,7477.0,0.496380090713501,187,1
SLIM*SIG1,5715dcc7-1480-11f0-87db-54a95b9ec813,caesarian,5,353,0.41746410727500916,0.015722036361694336,7423.0,0.496380090713501,187,1
SLIM*SIG1,5715dcc7-1480-11f0-87db-54a95b9ec813,caesarian,5,354,0.41746410727500916,0.01563262939453125,7805.0,0.496380090713501,187,1
SLIM*SIG1,5715dcc7-1480-11f0-87db-54a95b9ec813,caesarian,5,355,0.41746410727500916,0.0,7976.0,0.496380090713501,187,1
SLIM*SIG1,5715dcc7-1480-11f0-87db-54a95b9ec813,caesarian,5,356,0.41746410727500916,0.023234844207763672,8275.0,0.496380090713501,187,1
SLIM*SIG1,5715dcc7-1480-11f0-87db-54a95b9ec813,caesarian,5,357,0.41746410727500916,0.009001016616821289,8903.0,0.496380090713501,187,1
SLIM*SIG1,5715dcc7-1480-11f0-87db-54a95b9ec813,caesarian,5,358,0.41746410727500916,0.008929014205932617,8583.0,0.496380090713501,187,1
SLIM*SIG1,5715dcc7-1480-11f0-87db-54a95b9ec813,caesarian,5,359,0.41746410727500916,0.010720968246459961,8862.0,0.496380090713501,187,1
SLIM*SIG1,5715dcc7-1480-11f0-87db-54a95b9ec813,caesarian,5,360,0.41746410727500916,0.010052919387817383,8633.0,0.496380090713501,187,1
SLIM*SIG1,5715dcc7-1480-11f0-87db-54a95b9ec813,caesarian,5,361,0.41746410727500916,0.006201028823852539,8573.0,0.496380090713501,187,1
SLIM*SIG1,5715dcc7-1480-11f0-87db-54a95b9ec813,caesarian,5,362,0.41746410727500916,0.015729665756225586,8193.0,0.496380090713501,187,1
SLIM*SIG1,5715dcc7-1480-11f0-87db-54a95b9ec813,caesarian,5,363,0.41746410727500916,0.0,8506.0,0.496380090713501,187,1
SLIM*SIG1,5715dcc7-1480-11f0-87db-54a95b9ec813,caesarian,5,364,0.41746410727500916,0.015633106231689453,8815.0,0.496380090713501,187,1
SLIM*SIG1,5715dcc7-1480-11f0-87db-54a95b9ec813,caesarian,5,365,0.41746410727500916,0.021126270294189453,8751.0,0.496380090713501,187,1
SLIM*SIG1,5715dcc7-1480-11f0-87db-54a95b9ec813,caesarian,5,366,0.41746410727500916,0.011111021041870117,8515.0,0.496380090713501,187,1
SLIM*SIG1,5715dcc7-1480-11f0-87db-54a95b9ec813,caesarian,5,367,0.41746410727500916,0.010348320007324219,8469.0,0.496380090713501,187,1
SLIM*SIG1,5715dcc7-1480-11f0-87db-54a95b9ec813,caesarian,5,368,0.41746410727500916,0.011110782623291016,8299.0,0.496380090713501,187,1
SLIM*SIG1,5715dcc7-1480-11f0-87db-54a95b9ec813,caesarian,5,369,0.41746410727500916,0.010007143020629883,8193.0,0.496380090713501,187,1
SLIM*SIG1,5715dcc7-1480-11f0-87db-54a95b9ec813,caesarian,5,370,0.41746410727500916,0.01036977767944336,8242.0,0.496380090713501,187,1
SLIM*SIG1,5715dcc7-1480-11f0-87db-54a95b9ec813,caesarian,5,371,0.41746410727500916,0.012175559997558594,8077.0,0.496380090713501,187,1
SLIM*SIG1,5715dcc7-1480-11f0-87db-54a95b9ec813,caesarian,5,372,0.41746410727500916,0.011075258255004883,8088.0,0.496380090713501,187,1
SLIM*SIG1,5715dcc7-1480-11f0-87db-54a95b9ec813,caesarian,5,373,0.417412132024765,0.009186506271362305,7896.0,0.49553877115249634,185,1
SLIM*SIG1,5715dcc7-1480-11f0-87db-54a95b9ec813,caesarian,5,374,0.417412132024765,0.01235342025756836,8404.0,0.49553877115249634,185,1
SLIM*SIG1,5715dcc7-1480-11f0-87db-54a95b9ec813,caesarian,5,375,0.417412132024765,0.010936260223388672,8837.0,0.49553877115249634,185,1
SLIM*SIG1,5715dcc7-1480-11f0-87db-54a95b9ec813,caesarian,5,376,0.417412132024765,0.01123666763305664,8743.0,0.49553877115249634,185,1
SLIM*SIG1,5715dcc7-1480-11f0-87db-54a95b9ec813,caesarian,5,377,0.417412132024765,0.010617971420288086,8663.0,0.49553877115249634,185,1
SLIM*SIG1,5715dcc7-1480-11f0-87db-54a95b9ec813,caesarian,5,378,0.417412132024765,0.010132551193237305,8499.0,0.49553877115249634,185,1
SLIM*SIG1,5715dcc7-1480-11f0-87db-54a95b9ec813,caesarian,5,379,0.417412132024765,0.0014719963073730469,8568.0,0.49553877115249634,185,1
SLIM*SIG1,5715dcc7-1480-11f0-87db-54a95b9ec813,caesarian,5,380,0.417412132024765,0.014612913131713867,8434.0,0.49553877115249634,185,1
SLIM*SIG1,5715dcc7-1480-11f0-87db-54a95b9ec813,caesarian,5,381,0.417412132024765,0.015740633010864258,8185.0,0.49553877115249634,185,1
SLIM*SIG1,5715dcc7-1480-11f0-87db-54a95b9ec813,caesarian,5,382,0.417412132024765,0.0,8371.0,0.49553877115249634,185,1
SLIM*SIG1,5715dcc7-1480-11f0-87db-54a95b9ec813,caesarian,5,383,0.417412132024765,0.015619754791259766,8162.0,0.49553877115249634,185,1
SLIM*SIG1,5715dcc7-1480-11f0-87db-54a95b9ec813,caesarian,5,384,0.41736969351768494,0.01835489273071289,8554.0,0.4954446256160736,211,1
SLIM*SIG1,5715dcc7-1480-11f0-87db-54a95b9ec813,caesarian,5,385,0.41736969351768494,0.011510133743286133,8849.0,0.4954446256160736,211,1
SLIM*SIG1,5715dcc7-1480-11f0-87db-54a95b9ec813,caesarian,5,386,0.41551098227500916,0.010615348815917969,9059.0,0.49398374557495117,213,1
SLIM*SIG1,5715dcc7-1480-11f0-87db-54a95b9ec813,caesarian,5,387,0.41539639234542847,0.008996248245239258,9067.0,0.4940681457519531,226,1
SLIM*SIG1,5715dcc7-1480-11f0-87db-54a95b9ec813,caesarian,5,388,0.41511160135269165,0.010060548782348633,9723.0,0.49497702717781067,213,1
SLIM*SIG1,5715dcc7-1480-11f0-87db-54a95b9ec813,caesarian,5,389,0.41511160135269165,0.009002923965454102,9564.0,0.49497702717781067,213,1
SLIM*SIG1,5715dcc7-1480-11f0-87db-54a95b9ec813,caesarian,5,390,0.41511160135269165,0.011960744857788086,10263.0,0.49497702717781067,213,1
SLIM*SIG1,5715dcc7-1480-11f0-87db-54a95b9ec813,caesarian,5,391,0.4141073226928711,0.002196073532104492,10714.0,0.4952121376991272,187,1
SLIM*SIG1,5715dcc7-1480-11f0-87db-54a95b9ec813,caesarian,5,392,0.4141073226928711,0.023569583892822266,10691.0,0.4952121376991272,187,1
SLIM*SIG1,5715dcc7-1480-11f0-87db-54a95b9ec813,caesarian,5,393,0.4141073226928711,0.009451627731323242,10540.0,0.4952121376991272,187,1
SLIM*SIG1,5715dcc7-1480-11f0-87db-54a95b9ec813,caesarian,5,394,0.4141073226928711,0.011485576629638672,10726.0,0.4952121376991272,187,1
SLIM*SIG1,5715dcc7-1480-11f0-87db-54a95b9ec813,caesarian,5,395,0.41401413083076477,0.010620355606079102,10215.0,0.4951082766056061,174,1
SLIM*SIG1,5715dcc7-1480-11f0-87db-54a95b9ec813,caesarian,5,396,0.41401413083076477,0.01188802719116211,10340.0,0.4951082766056061,174,1
SLIM*SIG1,5715dcc7-1480-11f0-87db-54a95b9ec813,caesarian,5,397,0.41401413083076477,0.010114908218383789,10148.0,0.4951082766056061,174,1
SLIM*SIG1,5715dcc7-1480-11f0-87db-54a95b9ec813,caesarian,5,398,0.41401413083076477,0.011175870895385742,9749.0,0.4951082766056061,174,1
SLIM*SIG1,5715dcc7-1480-11f0-87db-54a95b9ec813,caesarian,5,399,0.41401413083076477,0.009639978408813477,9646.0,0.4951082766056061,174,1
SLIM*SIG1,5715dcc7-1480-11f0-87db-54a95b9ec813,caesarian,5,400,0.4137798547744751,0.0,8849.0,0.49601173400878906,148,1
SLIM*SIG1,5715dcc7-1480-11f0-87db-54a95b9ec813,caesarian,5,401,0.4132136404514313,0.014162540435791016,8703.0,0.5144596695899963,189,1
SLIM*SIG1,5715dcc7-1480-11f0-87db-54a95b9ec813,caesarian,5,402,0.41129758954048157,0.022798538208007812,8078.0,0.5262091755867004,176,1
SLIM*SIG1,5715dcc7-1480-11f0-87db-54a95b9ec813,caesarian,5,403,0.4082949459552765,0.009720563888549805,8580.0,0.5328342318534851,202,1
SLIM*SIG1,5715dcc7-1480-11f0-87db-54a95b9ec813,caesarian,5,404,0.4082949459552765,0.009997844696044922,9103.0,0.5328342318534851,202,1
SLIM*SIG1,5715dcc7-1480-11f0-87db-54a95b9ec813,caesarian,5,405,0.40671807527542114,0.01016998291015625,9212.0,0.5194272994995117,202,1
SLIM*SIG1,5715dcc7-1480-11f0-87db-54a95b9ec813,caesarian,5,406,0.40671807527542114,0.009891271591186523,9365.0,0.5194272994995117,202,1
SLIM*SIG1,5715dcc7-1480-11f0-87db-54a95b9ec813,caesarian,5,407,0.406460702419281,0.009999275207519531,9373.0,0.5323381423950195,202,1
SLIM*SIG1,5715dcc7-1480-11f0-87db-54a95b9ec813,caesarian,5,408,0.406460702419281,0.008750677108764648,9612.0,0.5323381423950195,202,1
SLIM*SIG1,5715dcc7-1480-11f0-87db-54a95b9ec813,caesarian,5,409,0.4021218717098236,0.0,10024.0,0.5305519104003906,202,1
SLIM*SIG1,5715dcc7-1480-11f0-87db-54a95b9ec813,caesarian,5,410,0.4020155966281891,0.015006780624389648,10143.0,0.5285013318061829,189,1
SLIM*SIG1,5715dcc7-1480-11f0-87db-54a95b9ec813,caesarian,5,411,0.4020155966281891,0.01563429832458496,10112.0,0.5285013318061829,189,1
SLIM*SIG1,5715dcc7-1480-11f0-87db-54a95b9ec813,caesarian,5,412,0.4020155966281891,0.015608549118041992,10105.0,0.5285013318061829,189,1
SLIM*SIG1,5715dcc7-1480-11f0-87db-54a95b9ec813,caesarian,5,413,0.4017399549484253,0.013625144958496094,10328.0,0.542873203754425,202,1
SLIM*SIG1,5715dcc7-1480-11f0-87db-54a95b9ec813,caesarian,5,414,0.4017399549484253,0.011095285415649414,10529.0,0.542873203754425,202,1
SLIM*SIG1,5715dcc7-1480-11f0-87db-54a95b9ec813,caesarian,5,415,0.4017399549484253,0.01000356674194336,10345.0,0.542873203754425,202,1
SLIM*SIG1,5715dcc7-1480-11f0-87db-54a95b9ec813,caesarian,5,416,0.4017399549484253,0.009047508239746094,10200.0,0.542873203754425,202,1
SLIM*SIG1,5715dcc7-1480-11f0-87db-54a95b9ec813,caesarian,5,417,0.4017399549484253,0.008000612258911133,9671.0,0.542873203754425,202,1
SLIM*SIG1,5715dcc7-1480-11f0-87db-54a95b9ec813,caesarian,5,418,0.4016849994659424,0.0,9322.0,0.542357861995697,189,1
SLIM*SIG1,5715dcc7-1480-11f0-87db-54a95b9ec813,caesarian,5,419,0.4016849994659424,0.015642881393432617,9469.0,0.542357861995697,189,1
SLIM*SIG1,5715dcc7-1480-11f0-87db-54a95b9ec813,caesarian,5,420,0.4016849994659424,0.015656471252441406,9295.0,0.542357861995697,189,1
SLIM*SIG1,5715dcc7-1480-11f0-87db-54a95b9ec813,caesarian,5,421,0.4016109108924866,0.0,9684.0,0.5557488799095154,206,1
SLIM*SIG1,5715dcc7-1480-11f0-87db-54a95b9ec813,caesarian,5,422,0.4016109108924866,0.024575471878051758,9933.0,0.5557488799095154,206,1
SLIM*SIG1,5715dcc7-1480-11f0-87db-54a95b9ec813,caesarian,5,423,0.4016109108924866,0.01087331771850586,9827.0,0.5557488799095154,206,1
SLIM*SIG1,5715dcc7-1480-11f0-87db-54a95b9ec813,caesarian,5,424,0.4014661908149719,0.01010751724243164,9960.0,0.5519399642944336,219,1
SLIM*SIG1,5715dcc7-1480-11f0-87db-54a95b9ec813,caesarian,5,425,0.4013954699039459,0.009920358657836914,10129.0,0.5520044565200806,206,1
SLIM*SIG1,5715dcc7-1480-11f0-87db-54a95b9ec813,caesarian,5,426,0.4013954699039459,0.009979248046875,10366.0,0.5520044565200806,206,1
SLIM*SIG1,5715dcc7-1480-11f0-87db-54a95b9ec813,caesarian,5,427,0.4013954699039459,0.0022575855255126953,10404.0,0.5520044565200806,206,1
SLIM*SIG1,5715dcc7-1480-11f0-87db-54a95b9ec813,caesarian,5,428,0.4013954699039459,0.015626907348632812,10639.0,0.5520044565200806,206,1
SLIM*SIG1,5715dcc7-1480-11f0-87db-54a95b9ec813,caesarian,5,429,0.4013954699039459,0.0,10693.0,0.5520044565200806,206,1
SLIM*SIG1,5715dcc7-1480-11f0-87db-54a95b9ec813,caesarian,5,430,0.4011974632740021,0.01562666893005371,10930.0,0.5825525522232056,253,1
SLIM*SIG1,5715dcc7-1480-11f0-87db-54a95b9ec813,caesarian,5,431,0.4011974632740021,0.016016721725463867,11065.0,0.5825525522232056,253,1
SLIM*SIG1,5715dcc7-1480-11f0-87db-54a95b9ec813,caesarian,5,432,0.3979131877422333,0.016403913497924805,10853.0,0.580150842666626,238,1
SLIM*SIG1,5715dcc7-1480-11f0-87db-54a95b9ec813,caesarian,5,433,0.39702150225639343,0.01218867301940918,11020.0,0.5870799422264099,251,1
SLIM*SIG1,5715dcc7-1480-11f0-87db-54a95b9ec813,caesarian,5,434,0.39702150225639343,0.009998083114624023,10969.0,0.5870799422264099,251,1
SLIM*SIG1,5715dcc7-1480-11f0-87db-54a95b9ec813,caesarian,5,435,0.39623045921325684,0.01099848747253418,11428.0,0.5787551999092102,251,1
SLIM*SIG1,5715dcc7-1480-11f0-87db-54a95b9ec813,caesarian,5,436,0.3961445987224579,0.012263774871826172,11760.0,0.6028943061828613,249,1
SLIM*SIG1,5715dcc7-1480-11f0-87db-54a95b9ec813,caesarian,5,437,0.39595767855644226,0.012000083923339844,12459.0,0.5900403261184692,240,1
SLIM*SIG1,5715dcc7-1480-11f0-87db-54a95b9ec813,caesarian,5,438,0.393809050321579,0.010221004486083984,12702.0,0.5991215705871582,253,1
SLIM*SIG1,5715dcc7-1480-11f0-87db-54a95b9ec813,caesarian,5,439,0.3891439437866211,0.0,12377.0,0.6183757185935974,266,1
SLIM*SIG1,5715dcc7-1480-11f0-87db-54a95b9ec813,caesarian,5,440,0.3891439437866211,0.015512943267822266,12629.0,0.6183757185935974,266,1
SLIM*SIG1,5715dcc7-1480-11f0-87db-54a95b9ec813,caesarian,5,441,0.3882065713405609,0.022554636001586914,12591.0,0.6333854794502258,238,1
SLIM*SIG1,5715dcc7-1480-11f0-87db-54a95b9ec813,caesarian,5,442,0.3877711296081543,0.01199960708618164,12478.0,0.6300229430198669,223,1
SLIM*SIG1,5715dcc7-1480-11f0-87db-54a95b9ec813,caesarian,5,443,0.38751187920570374,0.01199960708618164,12339.0,0.6354954838752747,238,1
SLIM*SIG1,5715dcc7-1480-11f0-87db-54a95b9ec813,caesarian,5,444,0.387411892414093,0.012705087661743164,12295.0,0.6369566917419434,249,1
SLIM*SIG1,5715dcc7-1480-11f0-87db-54a95b9ec813,caesarian,5,445,0.38734835386276245,0.012015104293823242,12215.0,0.6366459727287292,262,1
SLIM*SIG1,5715dcc7-1480-11f0-87db-54a95b9ec813,caesarian,5,446,0.38734835386276245,0.010177850723266602,12167.0,0.6366459727287292,262,1
SLIM*SIG1,5715dcc7-1480-11f0-87db-54a95b9ec813,caesarian,5,447,0.38734835386276245,0.0,12358.0,0.6366459727287292,262,1
SLIM*SIG1,5715dcc7-1480-11f0-87db-54a95b9ec813,caesarian,5,448,0.38734835386276245,0.015541315078735352,12531.0,0.6366459727287292,262,1
SLIM*SIG1,5715dcc7-1480-11f0-87db-54a95b9ec813,caesarian,5,449,0.38734835386276245,0.015661954879760742,12706.0,0.6366459727287292,262,1
SLIM*SIG1,5715dcc7-1480-11f0-87db-54a95b9ec813,caesarian,5,450,0.38734784722328186,0.017317533493041992,12806.0,0.636608362197876,262,1
SLIM*SIG1,5715dcc7-1480-11f0-87db-54a95b9ec813,caesarian,5,451,0.38734784722328186,0.009376049041748047,12904.0,0.636608362197876,262,1
SLIM*SIG1,5715dcc7-1480-11f0-87db-54a95b9ec813,caesarian,5,452,0.38731035590171814,0.010233163833618164,12778.0,0.6367206573486328,271,1
SLIM*SIG1,5715dcc7-1480-11f0-87db-54a95b9ec813,caesarian,5,453,0.38731035590171814,0.009108781814575195,12612.0,0.6367206573486328,271,1
SLIM*SIG1,5715dcc7-1480-11f0-87db-54a95b9ec813,caesarian,5,454,0.38731035590171814,0.012996912002563477,12968.0,0.6367206573486328,271,1
SLIM*SIG1,5715dcc7-1480-11f0-87db-54a95b9ec813,caesarian,5,455,0.38731035590171814,0.006931304931640625,12747.0,0.6367206573486328,271,1
SLIM*SIG1,5715dcc7-1480-11f0-87db-54a95b9ec813,caesarian,5,456,0.38731035590171814,0.013055801391601562,12875.0,0.6367206573486328,271,1
SLIM*SIG1,5715dcc7-1480-11f0-87db-54a95b9ec813,caesarian,5,457,0.38731035590171814,0.002117156982421875,12596.0,0.6367206573486328,271,1
SLIM*SIG1,5715dcc7-1480-11f0-87db-54a95b9ec813,caesarian,5,458,0.3872776925563812,0.015633344650268555,12299.0,0.6365532279014587,243,1
SLIM*SIG1,5715dcc7-1480-11f0-87db-54a95b9ec813,caesarian,5,459,0.3872776925563812,0.015625,12431.0,0.6365532279014587,243,1
SLIM*SIG1,5715dcc7-1480-11f0-87db-54a95b9ec813,caesarian,5,460,0.3872776925563812,0.0,12243.0,0.6365532279014587,243,1
SLIM*SIG1,5715dcc7-1480-11f0-87db-54a95b9ec813,caesarian,5,461,0.3872776925563812,0.023430347442626953,12595.0,0.6365532279014587,243,1
SLIM*SIG1,5715dcc7-1480-11f0-87db-54a95b9ec813,caesarian,5,462,0.3872776925563812,0.013564825057983398,12512.0,0.6365532279014587,243,1
SLIM*SIG1,5715dcc7-1480-11f0-87db-54a95b9ec813,caesarian,5,463,0.3872776925563812,0.015844106674194336,12576.0,0.6365532279014587,243,1
SLIM*SIG1,5715dcc7-1480-11f0-87db-54a95b9ec813,caesarian,5,464,0.3872776925563812,0.010119199752807617,12481.0,0.6365532279014587,243,1
SLIM*SIG1,5715dcc7-1480-11f0-87db-54a95b9ec813,caesarian,5,465,0.3872748017311096,0.012727022171020508,11962.0,0.6366996169090271,256,1
SLIM*SIG1,5715dcc7-1480-11f0-87db-54a95b9ec813,caesarian,5,466,0.3872748017311096,0.00842142105102539,11990.0,0.6366996169090271,256,1
SLIM*SIG1,5715dcc7-1480-11f0-87db-54a95b9ec813,caesarian,5,467,0.3872748017311096,0.01573801040649414,11913.0,0.6366996169090271,256,1
SLIM*SIG1,5715dcc7-1480-11f0-87db-54a95b9ec813,caesarian,5,468,0.3872748017311096,0.015623092651367188,11902.0,0.6366996169090271,256,1
SLIM*SIG1,5715dcc7-1480-11f0-87db-54a95b9ec813,caesarian,5,469,0.3872748017311096,0.01137542724609375,11623.0,0.6366996169090271,256,1
SLIM*SIG1,5715dcc7-1480-11f0-87db-54a95b9ec813,caesarian,5,470,0.3872748017311096,0.012003183364868164,11731.0,0.6366996169090271,256,1
SLIM*SIG1,5715dcc7-1480-11f0-87db-54a95b9ec813,caesarian,5,471,0.3872748017311096,0.013094902038574219,11889.0,0.6366996169090271,256,1
SLIM*SIG1,5715dcc7-1480-11f0-87db-54a95b9ec813,caesarian,5,472,0.3872748017311096,0.010734796524047852,11684.0,0.6366996169090271,256,1
SLIM*SIG1,5715dcc7-1480-11f0-87db-54a95b9ec813,caesarian,5,473,0.3872748017311096,0.011989831924438477,12041.0,0.6366996169090271,256,1
SLIM*SIG1,5715dcc7-1480-11f0-87db-54a95b9ec813,caesarian,5,474,0.38725945353507996,0.005432605743408203,12143.0,0.6368970274925232,282,1
SLIM*SIG1,5715dcc7-1480-11f0-87db-54a95b9ec813,caesarian,5,475,0.38725945353507996,0.01562666893005371,12102.0,0.6368970274925232,282,1
SLIM*SIG1,5715dcc7-1480-11f0-87db-54a95b9ec813,caesarian,5,476,0.38725945353507996,0.02080678939819336,12740.0,0.6368970274925232,282,1
SLIM*SIG1,5715dcc7-1480-11f0-87db-54a95b9ec813,caesarian,5,477,0.3872504234313965,0.014429092407226562,12723.0,0.637187123298645,282,1
SLIM*SIG1,5715dcc7-1480-11f0-87db-54a95b9ec813,caesarian,5,478,0.3872504234313965,0.011871814727783203,12416.0,0.637187123298645,282,1
SLIM*SIG1,5715dcc7-1480-11f0-87db-54a95b9ec813,caesarian,5,479,0.3872504234313965,0.012340307235717773,12439.0,0.637187123298645,282,1
SLIM*SIG1,5715dcc7-1480-11f0-87db-54a95b9ec813,caesarian,5,480,0.3872504234313965,0.012786626815795898,12184.0,0.637187123298645,282,1
SLIM*SIG1,5715dcc7-1480-11f0-87db-54a95b9ec813,caesarian,5,481,0.3872504234313965,0.013687610626220703,12145.0,0.637187123298645,282,1
SLIM*SIG1,5715dcc7-1480-11f0-87db-54a95b9ec813,caesarian,5,482,0.3872504234313965,0.011792421340942383,11974.0,0.637187123298645,282,1
SLIM*SIG1,5715dcc7-1480-11f0-87db-54a95b9ec813,caesarian,5,483,0.3872504234313965,0.007511138916015625,11901.0,0.637187123298645,282,1
SLIM*SIG1,5715dcc7-1480-11f0-87db-54a95b9ec813,caesarian,5,484,0.3872504234313965,0.006217241287231445,12611.0,0.637187123298645,282,1
SLIM*SIG1,5715dcc7-1480-11f0-87db-54a95b9ec813,caesarian,5,485,0.3872484862804413,0.015119314193725586,12372.0,0.6370512843132019,269,1
SLIM*SIG1,5715dcc7-1480-11f0-87db-54a95b9ec813,caesarian,5,486,0.3872484862804413,0.01644587516784668,12452.0,0.6370512843132019,269,1
SLIM*SIG1,5715dcc7-1480-11f0-87db-54a95b9ec813,caesarian,5,487,0.3872484862804413,0.010883331298828125,12727.0,0.6370512843132019,269,1
SLIM*SIG1,5715dcc7-1480-11f0-87db-54a95b9ec813,caesarian,5,488,0.3872484862804413,0.011717081069946289,12665.0,0.6370512843132019,269,1
SLIM*SIG1,5715dcc7-1480-11f0-87db-54a95b9ec813,caesarian,5,489,0.3872484862804413,0.010991334915161133,12667.0,0.6370512843132019,269,1
SLIM*SIG1,5715dcc7-1480-11f0-87db-54a95b9ec813,caesarian,5,490,0.3872484862804413,0.002161264419555664,12351.0,0.6370512843132019,269,1
SLIM*SIG1,5715dcc7-1480-11f0-87db-54a95b9ec813,caesarian,5,491,0.3872484862804413,0.015626192092895508,12304.0,0.6370512843132019,269,1
SLIM*SIG1,5715dcc7-1480-11f0-87db-54a95b9ec813,caesarian,5,492,0.3872484862804413,0.0,11914.0,0.6370512843132019,269,1
SLIM*SIG1,5715dcc7-1480-11f0-87db-54a95b9ec813,caesarian,5,493,0.3872484862804413,0.01562356948852539,12137.0,0.6370512843132019,269,1
SLIM*SIG1,5715dcc7-1480-11f0-87db-54a95b9ec813,caesarian,5,494,0.3872484862804413,0.015729904174804688,12286.0,0.6370512843132019,269,1
SLIM*SIG1,5715dcc7-1480-11f0-87db-54a95b9ec813,caesarian,5,495,0.3872484862804413,0.0,12193.0,0.6370512843132019,269,1
SLIM*SIG1,5715dcc7-1480-11f0-87db-54a95b9ec813,caesarian,5,496,0.3872484862804413,0.01552271842956543,12141.0,0.6370512843132019,269,1
SLIM*SIG1,5715dcc7-1480-11f0-87db-54a95b9ec813,caesarian,5,497,0.3872484862804413,0.021877765655517578,12119.0,0.6370512843132019,269,1
SLIM*SIG1,5715dcc7-1480-11f0-87db-54a95b9ec813,caesarian,5,498,0.3872484862804413,0.01010274887084961,12108.0,0.6370512843132019,269,1
SLIM*SIG1,5715dcc7-1480-11f0-87db-54a95b9ec813,caesarian,5,499,0.3872484862804413,0.01086282730102539,12296.0,0.6370512843132019,269,1
SLIM*SIG1,5715dcc7-1480-11f0-87db-54a95b9ec813,caesarian,5,500,0.3872484862804413,0.010995864868164062,12097.0,0.6370512843132019,269,1
