27d6ac92-0535-11f0-bfaa-54a95b9ec813,"{'run_info': ['SLIM+SIG2', UUID('27d6ac92-0535-11f0-bfaa-54a95b9ec813'), 'blood'], 'ffunction': <function f1_score at 0x0000023C336E59E0>, 'max_depth': 15, 'reconstruct': True, 'n_iter': 200, 'elitism': True, 'n_elites': 1, 'log': 1, 'verbose': False, 'n_jobs': 1, 'test_elite': True, 'log_path': '../../data/results/experiment2/blood/log_config_id_12.csv', 'initializer': <function rhh at 0x0000023C336E4FE0>, 'selector': <function tournament_selection_max.<locals>.ts at 0x0000023C36639F80>, 'crossover': <function geometric_crossover at 0x0000023C3342E840>, 'ms': <function generate_random_uniform.<locals>.generate_num at 0x0000023C3E2E67A0>, 'inflate_mutator': <function inflate_mutation.<locals>.inflate at 0x0000023C3E2E7880>, 'deflate_mutator': <function deflate_mutation at 0x0000023C336E7A60>, 'p_xo': 0, 'settings_dict': {'p_test': 0.2}, 'find_elit_func': <function get_best_max at 0x0000023C336E4040>, 'p_inflate': 0.75, 'copy_parent': True, 'operator': 'sum', 'pop_size': 50, 'seed': 1, 'p_m': 1, 'two_trees': True, 'p_deflate': 0.25, 'FUNCTIONS': {'add': {'function': <built-in method add of type object at 0x00007FFB1CF749D0>, 'arity': 2}, 'subtract': {'function': <built-in method sub of type object at 0x00007FFB1CF749D0>, 'arity': 2}, 'multiply': {'function': <built-in method mul of type object at 0x00007FFB1CF749D0>, 'arity': 2}, 'divide': {'function': <function protected_div at 0x0000023C3342DB20>, 'arity': 2}}, 'CONSTANTS': {'constant__10.0': <function slim.<locals>.<dictcomp>.<lambda> at 0x0000023C3E2E4C20>, 'constant__9.9': <function slim.<locals>.<dictcomp>.<lambda> at 0x0000023C3E2E5760>, 'constant__9.8': <function slim.<locals>.<dictcomp>.<lambda> at 0x0000023C3E2E6480>, 'constant__9.7': <function slim.<locals>.<dictcomp>.<lambda> at 0x0000023C3E2E7E20>, 'constant__9.6': <function slim.<locals>.<dictcomp>.<lambda> at 0x0000023C3E2E51C0>, 'constant__9.5': <function slim.<locals>.<dictcomp>.<lambda> at 0x0000023C3E2E47C0>, 'constant__9.4': <function slim.<locals>.<dictcomp>.<lambda> at 0x0000023C3E2E5440>, 'constant__9.3': <function slim.<locals>.<dictcomp>.<lambda> at 0x0000023C3E2E76A0>, 'constant__9.2': <function slim.<locals>.<dictcomp>.<lambda> at 0x0000023C3E2E56C0>, 'constant__9.1': <function slim.<locals>.<dictcomp>.<lambda> at 0x0000023C3E2E79C0>, 'constant__9.0': <function slim.<locals>.<dictcomp>.<lambda> at 0x0000023C3E2E5620>, 'constant__8.9': <function slim.<locals>.<dictcomp>.<lambda> at 0x0000023C3E2E7D80>, 'constant__8.8': <function slim.<locals>.<dictcomp>.<lambda> at 0x0000023C3E2E7EC0>, 'constant__8.7': <function slim.<locals>.<dictcomp>.<lambda> at 0x0000023C3E2E4360>, 'constant__8.6': <function slim.<locals>.<dictcomp>.<lambda> at 0x0000023C3E2E4680>, 'constant__8.5': <function slim.<locals>.<dictcomp>.<lambda> at 0x0000023C3E2E44A0>, 'constant__8.4': <function slim.<locals>.<dictcomp>.<lambda> at 0x0000023C3E2E77E0>, 'constant__8.3': <function slim.<locals>.<dictcomp>.<lambda> at 0x0000023C3E2E4900>, 'constant__8.2': <function slim.<locals>.<dictcomp>.<lambda> at 0x0000023C3E2E4540>, 'constant__8.1': <function slim.<locals>.<dictcomp>.<lambda> at 0x0000023C3E2E63E0>, 'constant__8.0': <function slim.<locals>.<dictcomp>.<lambda> at 0x0000023C3E2E5C60>, 'constant__7.9': <function slim.<locals>.<dictcomp>.<lambda> at 0x0000023C3E2E5800>, 'constant__7.8': <function slim.<locals>.<dictcomp>.<lambda> at 0x0000023C3E2E6A20>, 'constant__7.7': <function slim.<locals>.<dictcomp>.<lambda> at 0x0000023C3E2E5DA0>, 'constant__7.6': <function slim.<locals>.<dictcomp>.<lambda> at 0x0000023C3E2E68E0>, 'constant__7.5': <function slim.<locals>.<dictcomp>.<lambda> at 0x0000023C3E2E4860>, 'constant__7.4': <function slim.<locals>.<dictcomp>.<lambda> at 0x0000023C3E2E6200>, 'constant__7.3': <function slim.<locals>.<dictcomp>.<lambda> at 0x0000023C3E2E4E00>, 'constant__7.2': <function slim.<locals>.<dictcomp>.<lambda> at 0x0000023C3E2E54E0>, 'constant__7.1': <function slim.<locals>.<dictcomp>.<lambda> at 0x0000023C3E2E42C0>, 'constant__7.0': <function slim.<locals>.<dictcomp>.<lambda> at 0x0000023C3E2E4FE0>, 'constant__6.9': <function slim.<locals>.<dictcomp>.<lambda> at 0x0000023C3E2E6AC0>, 'constant__6.8': <function slim.<locals>.<dictcomp>.<lambda> at 0x0000023C3E2E6E80>, 'constant__6.7': <function slim.<locals>.<dictcomp>.<lambda> at 0x0000023C3E2E6980>, 'constant__6.6': <function slim.<locals>.<dictcomp>.<lambda> at 0x0000023C3E2E49A0>, 'constant__6.5': <function slim.<locals>.<dictcomp>.<lambda> at 0x0000023C3E2E7B00>, 'constant__6.4': <function slim.<locals>.<dictcomp>.<lambda> at 0x0000023C3E2E5580>, 'constant__6.3': <function slim.<locals>.<dictcomp>.<lambda> at 0x0000023C3E2E7560>, 'constant__6.2': <function slim.<locals>.<dictcomp>.<lambda> at 0x0000023C3E2E5D00>, 'constant__6.1': <function slim.<locals>.<dictcomp>.<lambda> at 0x0000023C3E2E6C00>, 'constant__6.0': <function slim.<locals>.<dictcomp>.<lambda> at 0x0000023C3E2E60C0>, 'constant__5.9': <function slim.<locals>.<dictcomp>.<lambda> at 0x0000023C3E2E7920>, 'constant__5.8': <function slim.<locals>.<dictcomp>.<lambda> at 0x0000023C3E2E4400>, 'constant__5.7': <function slim.<locals>.<dictcomp>.<lambda> at 0x0000023C3E2E6020>, 'constant__5.6': <function slim.<locals>.<dictcomp>.<lambda> at 0x0000023C3E2E6F20>, 'constant__5.5': <function slim.<locals>.<dictcomp>.<lambda> at 0x0000023C3E2E6FC0>, 'constant__5.4': <function slim.<locals>.<dictcomp>.<lambda> at 0x0000023C3E2E7740>, 'constant__5.3': <function slim.<locals>.<dictcomp>.<lambda> at 0x0000023C3E2E40E0>, 'constant__5.2': <function slim.<locals>.<dictcomp>.<lambda> at 0x0000023C3E2E4180>, 'constant__5.1': <function slim.<locals>.<dictcomp>.<lambda> at 0x0000023C3E2E4EA0>, 'constant__5.0': <function slim.<locals>.<dictcomp>.<lambda> at 0x0000023C3E2E5080>, 'constant__4.9': <function slim.<locals>.<dictcomp>.<lambda> at 0x0000023C3E2E5BC0>, 'constant__4.8': <function slim.<locals>.<dictcomp>.<lambda> at 0x0000023C3E2E4B80>, 'constant__4.7': <function slim.<locals>.<dictcomp>.<lambda> at 0x0000023C3E2E7F60>, 'constant__4.6': <function slim.<locals>.<dictcomp>.<lambda> at 0x0000023C3E2E7420>, 'constant__4.5': <function slim.<locals>.<dictcomp>.<lambda> at 0x0000023C3E2E59E0>, 'constant__4.4': <function slim.<locals>.<dictcomp>.<lambda> at 0x0000023C3E2E53A0>, 'constant__4.3': <function slim.<locals>.<dictcomp>.<lambda> at 0x0000023C3E2E45E0>, 'constant__4.2': <function slim.<locals>.<dictcomp>.<lambda> at 0x0000023C3E2E7CE0>, 'constant__4.1': <function slim.<locals>.<dictcomp>.<lambda> at 0x0000023C366216C0>, 'constant__4.0': <function slim.<locals>.<dictcomp>.<lambda> at 0x0000023C36623A60>, 'constant__3.9': <function slim.<locals>.<dictcomp>.<lambda> at 0x0000023C36622200>, 'constant__3.8': <function slim.<locals>.<dictcomp>.<lambda> at 0x0000023C36621EE0>, 'constant__3.7': <function slim.<locals>.<dictcomp>.<lambda> at 0x0000023C36621DA0>, 'constant__3.6': <function slim.<locals>.<dictcomp>.<lambda> at 0x0000023C36621F80>, 'constant__3.5': <function slim.<locals>.<dictcomp>.<lambda> at 0x0000023C366231A0>, 'constant__3.4': <function slim.<locals>.<dictcomp>.<lambda> at 0x0000023C36622480>, 'constant__3.3': <function slim.<locals>.<dictcomp>.<lambda> at 0x0000023C36623CE0>, 'constant__3.2': <function slim.<locals>.<dictcomp>.<lambda> at 0x0000023C366211C0>, 'constant__3.1': <function slim.<locals>.<dictcomp>.<lambda> at 0x0000023C36620400>, 'constant__3.0': <function slim.<locals>.<dictcomp>.<lambda> at 0x0000023C36622D40>, 'constant__2.9': <function slim.<locals>.<dictcomp>.<lambda> at 0x0000023C36622160>, 'constant__2.8': <function slim.<locals>.<dictcomp>.<lambda> at 0x0000023C36620040>, 'constant__2.7': <function slim.<locals>.<dictcomp>.<lambda> at 0x0000023C36622F20>, 'constant__2.6': <function slim.<locals>.<dictcomp>.<lambda> at 0x0000023C36621BC0>, 'constant__2.5': <function slim.<locals>.<dictcomp>.<lambda> at 0x0000023C33E5F9C0>, 'constant__2.4': <function slim.<locals>.<dictcomp>.<lambda> at 0x0000023C36638540>, 'constant__2.3': <function slim.<locals>.<dictcomp>.<lambda> at 0x0000023C3663B380>, 'constant__2.2': <function slim.<locals>.<dictcomp>.<lambda> at 0x0000023C36638CC0>, 'constant__2.1': <function slim.<locals>.<dictcomp>.<lambda> at 0x0000023C3663AD40>, 'constant__2.0': <function slim.<locals>.<dictcomp>.<lambda> at 0x0000023C3663ACA0>, 'constant__1.9': <function slim.<locals>.<dictcomp>.<lambda> at 0x0000023C36639A80>, 'constant__1.8': <function slim.<locals>.<dictcomp>.<lambda> at 0x0000023C3663ADE0>, 'constant__1.7': <function slim.<locals>.<dictcomp>.<lambda> at 0x0000023C3663B6A0>, 'constant__1.6': <function slim.<locals>.<dictcomp>.<lambda> at 0x0000023C3663A200>, 'constant__1.5': <function slim.<locals>.<dictcomp>.<lambda> at 0x0000023C3663B9C0>, 'constant__1.4': <function slim.<locals>.<dictcomp>.<lambda> at 0x0000023C36638220>, 'constant__1.3': <function slim.<locals>.<dictcomp>.<lambda> at 0x0000023C3663A7A0>, 'constant__1.2': <function slim.<locals>.<dictcomp>.<lambda> at 0x0000023C3663A520>, 'constant__1.1': <function slim.<locals>.<dictcomp>.<lambda> at 0x0000023C36639120>, 'constant__1.0': <function slim.<locals>.<dictcomp>.<lambda> at 0x0000023C3663A5C0>, 'constant__0.9': <function slim.<locals>.<dictcomp>.<lambda> at 0x0000023C3663BEC0>, 'constant__0.8': <function slim.<locals>.<dictcomp>.<lambda> at 0x0000023C36638360>, 'constant__0.7': <function slim.<locals>.<dictcomp>.<lambda> at 0x0000023C3663AAC0>, 'constant__0.6': <function slim.<locals>.<dictcomp>.<lambda> at 0x0000023C366399E0>, 'constant__0.5': <function slim.<locals>.<dictcomp>.<lambda> at 0x0000023C36639620>, 'constant__0.4': <function slim.<locals>.<dictcomp>.<lambda> at 0x0000023C366387C0>, 'constant__0.3': <function slim.<locals>.<dictcomp>.<lambda> at 0x0000023C3663BE20>, 'constant__0.2': <function slim.<locals>.<dictcomp>.<lambda> at 0x0000023C36638860>, 'constant__0.1': <function slim.<locals>.<dictcomp>.<lambda> at 0x0000023C3663B1A0>, 'constant_0.0': <function slim.<locals>.<dictcomp>.<lambda> at 0x0000023C36638EA0>, 'constant_0.1': <function slim.<locals>.<dictcomp>.<lambda> at 0x0000023C3663AB60>, 'constant_0.2': <function slim.<locals>.<dictcomp>.<lambda> at 0x0000023C36638680>, 'constant_0.3': <function slim.<locals>.<dictcomp>.<lambda> at 0x0000023C366398A0>, 'constant_0.4': <function slim.<locals>.<dictcomp>.<lambda> at 0x0000023C3663A0C0>, 'constant_0.5': <function slim.<locals>.<dictcomp>.<lambda> at 0x0000023C366384A0>, 'constant_0.6': <function slim.<locals>.<dictcomp>.<lambda> at 0x0000023C36639B20>, 'constant_0.7': <function slim.<locals>.<dictcomp>.<lambda> at 0x0000023C3663A840>, 'constant_0.8': <function slim.<locals>.<dictcomp>.<lambda> at 0x0000023C366385E0>, 'constant_0.9': <function slim.<locals>.<dictcomp>.<lambda> at 0x0000023C3663B420>, 'constant_1.0': <function slim.<locals>.<dictcomp>.<lambda> at 0x0000023C36638FE0>, 'constant_1.1': <function slim.<locals>.<dictcomp>.<lambda> at 0x0000023C366380E0>, 'constant_1.2': <function slim.<locals>.<dictcomp>.<lambda> at 0x0000023C3663B100>, 'constant_1.3': <function slim.<locals>.<dictcomp>.<lambda> at 0x0000023C3663B060>, 'constant_1.4': <function slim.<locals>.<dictcomp>.<lambda> at 0x0000023C366394E0>, 'constant_1.5': <function slim.<locals>.<dictcomp>.<lambda> at 0x0000023C36638AE0>, 'constant_1.6': <function slim.<locals>.<dictcomp>.<lambda> at 0x0000023C3663A980>, 'constant_1.7': <function slim.<locals>.<dictcomp>.<lambda> at 0x0000023C3663AC00>, 'constant_1.8': <function slim.<locals>.<dictcomp>.<lambda> at 0x0000023C3663B600>, 'constant_1.9': <function slim.<locals>.<dictcomp>.<lambda> at 0x0000023C36639760>, 'constant_2.0': <function slim.<locals>.<dictcomp>.<lambda> at 0x0000023C3663B560>, 'constant_2.1': <function slim.<locals>.<dictcomp>.<lambda> at 0x0000023C3663A340>, 'constant_2.2': <function slim.<locals>.<dictcomp>.<lambda> at 0x0000023C3663A700>, 'constant_2.3': <function slim.<locals>.<dictcomp>.<lambda> at 0x0000023C36638900>, 'constant_2.4': <function slim.<locals>.<dictcomp>.<lambda> at 0x0000023C36638180>, 'constant_2.5': <function slim.<locals>.<dictcomp>.<lambda> at 0x0000023C3663A480>, 'constant_2.6': <function slim.<locals>.<dictcomp>.<lambda> at 0x0000023C3663A3E0>, 'constant_2.7': <function slim.<locals>.<dictcomp>.<lambda> at 0x0000023C36639E40>, 'constant_2.8': <function slim.<locals>.<dictcomp>.<lambda> at 0x0000023C36639DA0>, 'constant_2.9': <function slim.<locals>.<dictcomp>.<lambda> at 0x0000023C3663B240>, 'constant_3.0': <function slim.<locals>.<dictcomp>.<lambda> at 0x0000023C36638040>, 'constant_3.1': <function slim.<locals>.<dictcomp>.<lambda> at 0x0000023C36639260>, 'constant_3.2': <function slim.<locals>.<dictcomp>.<lambda> at 0x0000023C36639940>, 'constant_3.3': <function slim.<locals>.<dictcomp>.<lambda> at 0x0000023C36639440>, 'constant_3.4': <function slim.<locals>.<dictcomp>.<lambda> at 0x0000023C39AD5940>, 'constant_3.5': <function slim.<locals>.<dictcomp>.<lambda> at 0x0000023C39AD6E80>, 'constant_3.6': <function slim.<locals>.<dictcomp>.<lambda> at 0x0000023C39AD77E0>, 'constant_3.7': <function slim.<locals>.<dictcomp>.<lambda> at 0x0000023C39AD7100>, 'constant_3.8': <function slim.<locals>.<dictcomp>.<lambda> at 0x0000023C39AD7BA0>, 'constant_3.9': <function slim.<locals>.<dictcomp>.<lambda> at 0x0000023C39AD5760>, 'constant_4.0': <function slim.<locals>.<dictcomp>.<lambda> at 0x0000023C39AD6DE0>, 'constant_4.1': <function slim.<locals>.<dictcomp>.<lambda> at 0x0000023C39AD7EC0>, 'constant_4.2': <function slim.<locals>.<dictcomp>.<lambda> at 0x0000023C39AD7A60>, 'constant_4.3': <function slim.<locals>.<dictcomp>.<lambda> at 0x0000023C39AD4860>, 'constant_4.4': <function slim.<locals>.<dictcomp>.<lambda> at 0x0000023C39AD51C0>, 'constant_4.5': <function slim.<locals>.<dictcomp>.<lambda> at 0x0000023C39AD4540>, 'constant_4.6': <function slim.<locals>.<dictcomp>.<lambda> at 0x0000023C34F3A3E0>, 'constant_4.7': <function slim.<locals>.<dictcomp>.<lambda> at 0x0000023C34F3BB00>, 'constant_4.8': <function slim.<locals>.<dictcomp>.<lambda> at 0x0000023C34F3A0C0>, 'constant_4.9': <function slim.<locals>.<dictcomp>.<lambda> at 0x0000023C34F3AD40>, 'constant_5.0': <function slim.<locals>.<dictcomp>.<lambda> at 0x0000023C34F3B100>, 'constant_5.1': <function slim.<locals>.<dictcomp>.<lambda> at 0x0000023C34F39F80>, 'constant_5.2': <function slim.<locals>.<dictcomp>.<lambda> at 0x0000023C34F38860>, 'constant_5.3': <function slim.<locals>.<dictcomp>.<lambda> at 0x0000023C34F38B80>, 'constant_5.4': <function slim.<locals>.<dictcomp>.<lambda> at 0x0000023C34F39800>, 'constant_5.5': <function slim.<locals>.<dictcomp>.<lambda> at 0x0000023C34F3B1A0>, 'constant_5.6': <function slim.<locals>.<dictcomp>.<lambda> at 0x0000023C34F3BCE0>, 'constant_5.7': <function slim.<locals>.<dictcomp>.<lambda> at 0x0000023C34F3BF60>, 'constant_5.8': <function slim.<locals>.<dictcomp>.<lambda> at 0x0000023C34F38D60>, 'constant_5.9': <function slim.<locals>.<dictcomp>.<lambda> at 0x0000023C34F38E00>, 'constant_6.0': <function slim.<locals>.<dictcomp>.<lambda> at 0x0000023C34F3A480>, 'constant_6.1': <function slim.<locals>.<dictcomp>.<lambda> at 0x0000023C34F3A020>, 'constant_6.2': <function slim.<locals>.<dictcomp>.<lambda> at 0x0000023C34F3B6A0>, 'constant_6.3': <function slim.<locals>.<dictcomp>.<lambda> at 0x0000023C34F3B9C0>, 'constant_6.4': <function slim.<locals>.<dictcomp>.<lambda> at 0x0000023C34F3A8E0>, 'constant_6.5': <function slim.<locals>.<dictcomp>.<lambda> at 0x0000023C34F39580>, 'constant_6.6': <function slim.<locals>.<dictcomp>.<lambda> at 0x0000023C34F38FE0>, 'constant_6.7': <function slim.<locals>.<dictcomp>.<lambda> at 0x0000023C34F3AA20>, 'constant_6.8': <function slim.<locals>.<dictcomp>.<lambda> at 0x0000023C34F3A160>, 'constant_6.9': <function slim.<locals>.<dictcomp>.<lambda> at 0x0000023C34F385E0>, 'constant_7.0': <function slim.<locals>.<dictcomp>.<lambda> at 0x0000023C34F39940>, 'constant_7.1': <function slim.<locals>.<dictcomp>.<lambda> at 0x0000023C34F3AB60>, 'constant_7.2': <function slim.<locals>.<dictcomp>.<lambda> at 0x0000023C34F3A5C0>, 'constant_7.3': <function slim.<locals>.<dictcomp>.<lambda> at 0x0000023C34F39120>, 'constant_7.4': <function slim.<locals>.<dictcomp>.<lambda> at 0x0000023C34F39260>, 'constant_7.5': <function slim.<locals>.<dictcomp>.<lambda> at 0x0000023C34F3B060>, 'constant_7.6': <function slim.<locals>.<dictcomp>.<lambda> at 0x0000023C34F39620>, 'constant_7.7': <function slim.<locals>.<dictcomp>.<lambda> at 0x0000023C34F39BC0>, 'constant_7.8': <function slim.<locals>.<dictcomp>.<lambda> at 0x0000023C34F38680>, 'constant_7.9': <function slim.<locals>.<dictcomp>.<lambda> at 0x0000023C34F3B740>, 'constant_8.0': <function slim.<locals>.<dictcomp>.<lambda> at 0x0000023C34F39E40>, 'constant_8.1': <function slim.<locals>.<dictcomp>.<lambda> at 0x0000023C34F3B7E0>, 'constant_8.2': <function slim.<locals>.<dictcomp>.<lambda> at 0x0000023C34F3B560>, 'constant_8.3': <function slim.<locals>.<dictcomp>.<lambda> at 0x0000023C34F399E0>, 'constant_8.4': <function slim.<locals>.<dictcomp>.<lambda> at 0x0000023C34F38CC0>, 'constant_8.5': <function slim.<locals>.<dictcomp>.<lambda> at 0x0000023C34F3A520>, 'constant_8.6': <function slim.<locals>.<dictcomp>.<lambda> at 0x0000023C34F394E0>, 'constant_8.7': <function slim.<locals>.<dictcomp>.<lambda> at 0x0000023C34F3A340>, 'constant_8.8': <function slim.<locals>.<dictcomp>.<lambda> at 0x0000023C34F38220>, 'constant_8.9': <function slim.<locals>.<dictcomp>.<lambda> at 0x0000023C34F3A2A0>, 'constant_9.0': <function slim.<locals>.<dictcomp>.<lambda> at 0x0000023C34F39EE0>, 'constant_9.1': <function slim.<locals>.<dictcomp>.<lambda> at 0x0000023C34F3ACA0>, 'constant_9.2': <function slim.<locals>.<dictcomp>.<lambda> at 0x0000023C34F39C60>, 'constant_9.3': <function slim.<locals>.<dictcomp>.<lambda> at 0x0000023C37FEEA20>, 'constant_9.4': <function slim.<locals>.<dictcomp>.<lambda> at 0x0000023C37FEE520>, 'constant_9.5': <function slim.<locals>.<dictcomp>.<lambda> at 0x0000023C37FEF6A0>, 'constant_9.6': <function slim.<locals>.<dictcomp>.<lambda> at 0x0000023C37FEE200>, 'constant_9.7': <function slim.<locals>.<dictcomp>.<lambda> at 0x0000023C37FEE660>, 'constant_9.8': <function slim.<locals>.<dictcomp>.<lambda> at 0x0000023C37FEE700>, 'constant_9.9': <function slim.<locals>.<dictcomp>.<lambda> at 0x0000023C37FEDEE0>, 'constant_10.0': <function slim.<locals>.<dictcomp>.<lambda> at 0x0000023C37FEDBC0>}, 'p_c': 0.2, 'init_depth': 6, 'init_pop_size': 50, 'p_test': 0.2}"
27d6ac92-0535-11f0-bfaa-54a95b9ec813,"{'run_info': ['SLIM+SIG2', UUID('27d6ac92-0535-11f0-bfaa-54a95b9ec813'), 'blood'], 'ffunction': <function f1_score at 0x0000023C336E59E0>, 'max_depth': 15, 'reconstruct': True, 'n_iter': 200, 'elitism': True, 'n_elites': 1, 'log': 1, 'verbose': False, 'n_jobs': 1, 'test_elite': True, 'log_path': '../../data/results/experiment2/blood/log_config_id_12.csv', 'initializer': <function rhh at 0x0000023C336E4FE0>, 'selector': <function tournament_selection_max.<locals>.ts at 0x0000023C39AD6340>, 'crossover': <function geometric_crossover at 0x0000023C3342E840>, 'ms': <function generate_random_uniform.<locals>.generate_num at 0x0000023C37FED620>, 'inflate_mutator': <function inflate_mutation.<locals>.inflate at 0x0000023C37FEC9A0>, 'deflate_mutator': <function deflate_mutation at 0x0000023C336E7A60>, 'p_xo': 0, 'settings_dict': {'p_test': 0.2}, 'find_elit_func': <function get_best_max at 0x0000023C336E4040>, 'p_inflate': 0.75, 'copy_parent': True, 'operator': 'sum', 'pop_size': 50, 'seed': 2, 'p_m': 1, 'two_trees': True, 'p_deflate': 0.25, 'FUNCTIONS': {'add': {'function': <built-in method add of type object at 0x00007FFB1CF749D0>, 'arity': 2}, 'subtract': {'function': <built-in method sub of type object at 0x00007FFB1CF749D0>, 'arity': 2}, 'multiply': {'function': <built-in method mul of type object at 0x00007FFB1CF749D0>, 'arity': 2}, 'divide': {'function': <function protected_div at 0x0000023C3342DB20>, 'arity': 2}}, 'CONSTANTS': {'constant__10.0': <function slim.<locals>.<dictcomp>.<lambda> at 0x0000023C37FEC900>, 'constant__9.9': <function slim.<locals>.<dictcomp>.<lambda> at 0x0000023C37FEC360>, 'constant__9.8': <function slim.<locals>.<dictcomp>.<lambda> at 0x0000023C37FED4E0>, 'constant__9.7': <function slim.<locals>.<dictcomp>.<lambda> at 0x0000023C37FEC4A0>, 'constant__9.6': <function slim.<locals>.<dictcomp>.<lambda> at 0x0000023C37FEC540>, 'constant__9.5': <function slim.<locals>.<dictcomp>.<lambda> at 0x0000023C37FEF9C0>, 'constant__9.4': <function slim.<locals>.<dictcomp>.<lambda> at 0x0000023C37FEEC00>, 'constant__9.3': <function slim.<locals>.<dictcomp>.<lambda> at 0x0000023C37FEC220>, 'constant__9.2': <function slim.<locals>.<dictcomp>.<lambda> at 0x0000023C37FED580>, 'constant__9.1': <function slim.<locals>.<dictcomp>.<lambda> at 0x0000023C37FECE00>, 'constant__9.0': <function slim.<locals>.<dictcomp>.<lambda> at 0x0000023C37FEEAC0>, 'constant__8.9': <function slim.<locals>.<dictcomp>.<lambda> at 0x0000023C37FECCC0>, 'constant__8.8': <function slim.<locals>.<dictcomp>.<lambda> at 0x0000023C37FEF1A0>, 'constant__8.7': <function slim.<locals>.<dictcomp>.<lambda> at 0x0000023C37FED260>, 'constant__8.6': <function slim.<locals>.<dictcomp>.<lambda> at 0x0000023C37FEF7E0>, 'constant__8.5': <function slim.<locals>.<dictcomp>.<lambda> at 0x0000023C37FEEB60>, 'constant__8.4': <function slim.<locals>.<dictcomp>.<lambda> at 0x0000023C37FEC860>, 'constant__8.3': <function slim.<locals>.<dictcomp>.<lambda> at 0x0000023C37FEC680>, 'constant__8.2': <function slim.<locals>.<dictcomp>.<lambda> at 0x0000023C37FEC180>, 'constant__8.1': <function slim.<locals>.<dictcomp>.<lambda> at 0x0000023C37FED9E0>, 'constant__8.0': <function slim.<locals>.<dictcomp>.<lambda> at 0x0000023C37FEDC60>, 'constant__7.9': <function slim.<locals>.<dictcomp>.<lambda> at 0x0000023C37FEEF20>, 'constant__7.8': <function slim.<locals>.<dictcomp>.<lambda> at 0x0000023C37FEC2C0>, 'constant__7.7': <function slim.<locals>.<dictcomp>.<lambda> at 0x0000023C37FED940>, 'constant__7.6': <function slim.<locals>.<dictcomp>.<lambda> at 0x0000023C37FEE2A0>, 'constant__7.5': <function slim.<locals>.<dictcomp>.<lambda> at 0x0000023C37FEC7C0>, 'constant__7.4': <function slim.<locals>.<dictcomp>.<lambda> at 0x0000023C37FEF100>, 'constant__7.3': <function slim.<locals>.<dictcomp>.<lambda> at 0x0000023C37FEC720>, 'constant__7.2': <function slim.<locals>.<dictcomp>.<lambda> at 0x0000023C37FEDDA0>, 'constant__7.1': <function slim.<locals>.<dictcomp>.<lambda> at 0x0000023C37FED800>, 'constant__7.0': <function slim.<locals>.<dictcomp>.<lambda> at 0x0000023C37FEE480>, 'constant__6.9': <function slim.<locals>.<dictcomp>.<lambda> at 0x0000023C37FECFE0>, 'constant__6.8': <function slim.<locals>.<dictcomp>.<lambda> at 0x0000023C37FEDF80>, 'constant__6.7': <function slim.<locals>.<dictcomp>.<lambda> at 0x0000023C37FEC0E0>, 'constant__6.6': <function slim.<locals>.<dictcomp>.<lambda> at 0x0000023C37FED300>, 'constant__6.5': <function slim.<locals>.<dictcomp>.<lambda> at 0x0000023C37FEE340>, 'constant__6.4': <function slim.<locals>.<dictcomp>.<lambda> at 0x0000023C37FEF060>, 'constant__6.3': <function slim.<locals>.<dictcomp>.<lambda> at 0x0000023C37FED440>, 'constant__6.2': <function slim.<locals>.<dictcomp>.<lambda> at 0x0000023C37FEE3E0>, 'constant__6.1': <function slim.<locals>.<dictcomp>.<lambda> at 0x0000023C37FEF880>, 'constant__6.0': <function slim.<locals>.<dictcomp>.<lambda> at 0x0000023C37FEF380>, 'constant__5.9': <function slim.<locals>.<dictcomp>.<lambda> at 0x0000023C37FEE840>, 'constant__5.8': <function slim.<locals>.<dictcomp>.<lambda> at 0x0000023C37FECA40>, 'constant__5.7': <function slim.<locals>.<dictcomp>.<lambda> at 0x0000023C37FED120>, 'constant__5.6': <function slim.<locals>.<dictcomp>.<lambda> at 0x0000023C37FEE980>, 'constant__5.5': <function slim.<locals>.<dictcomp>.<lambda> at 0x0000023C37FEF920>, 'constant__5.4': <function slim.<locals>.<dictcomp>.<lambda> at 0x0000023C37FEF2E0>, 'constant__5.3': <function slim.<locals>.<dictcomp>.<lambda> at 0x0000023C37FEEE80>, 'constant__5.2': <function slim.<locals>.<dictcomp>.<lambda> at 0x0000023C37FECAE0>, 'constant__5.1': <function slim.<locals>.<dictcomp>.<lambda> at 0x0000023C37FED8A0>, 'constant__5.0': <function slim.<locals>.<dictcomp>.<lambda> at 0x0000023C37FEFF60>, 'constant__4.9': <function slim.<locals>.<dictcomp>.<lambda> at 0x0000023C37FEFE20>, 'constant__4.8': <function slim.<locals>.<dictcomp>.<lambda> at 0x0000023C37FED080>, 'constant__4.7': <function slim.<locals>.<dictcomp>.<lambda> at 0x0000023C37FEFD80>, 'constant__4.6': <function slim.<locals>.<dictcomp>.<lambda> at 0x0000023C37FEFC40>, 'constant__4.5': <function slim.<locals>.<dictcomp>.<lambda> at 0x0000023C37FEF4C0>, 'constant__4.4': <function slim.<locals>.<dictcomp>.<lambda> at 0x0000023C37FEF740>, 'constant__4.3': <function slim.<locals>.<dictcomp>.<lambda> at 0x0000023C37FECC20>, 'constant__4.2': <function slim.<locals>.<dictcomp>.<lambda> at 0x0000023C37FEF240>, 'constant__4.1': <function slim.<locals>.<dictcomp>.<lambda> at 0x0000023C37FED1C0>, 'constant__4.0': <function slim.<locals>.<dictcomp>.<lambda> at 0x0000023C37FEFCE0>, 'constant__3.9': <function slim.<locals>.<dictcomp>.<lambda> at 0x0000023C37FECD60>, 'constant__3.8': <function slim.<locals>.<dictcomp>.<lambda> at 0x0000023C37FEF420>, 'constant__3.7': <function slim.<locals>.<dictcomp>.<lambda> at 0x0000023C37FEE0C0>, 'constant__3.6': <function slim.<locals>.<dictcomp>.<lambda> at 0x0000023C37FEEDE0>, 'constant__3.5': <function slim.<locals>.<dictcomp>.<lambda> at 0x0000023C37FECB80>, 'constant__3.4': <function slim.<locals>.<dictcomp>.<lambda> at 0x0000023C37FEF560>, 'constant__3.3': <function slim.<locals>.<dictcomp>.<lambda> at 0x0000023C37FEF600>, 'constant__3.2': <function slim.<locals>.<dictcomp>.<lambda> at 0x0000023C37FEDE40>, 'constant__3.1': <function slim.<locals>.<dictcomp>.<lambda> at 0x0000023C37FEFA60>, 'constant__3.0': <function slim.<locals>.<dictcomp>.<lambda> at 0x0000023C37FEDB20>, 'constant__2.9': <function slim.<locals>.<dictcomp>.<lambda> at 0x0000023C37FEE160>, 'constant__2.8': <function slim.<locals>.<dictcomp>.<lambda> at 0x0000023C37FECEA0>, 'constant__2.7': <function slim.<locals>.<dictcomp>.<lambda> at 0x0000023C37FEE7A0>, 'constant__2.6': <function slim.<locals>.<dictcomp>.<lambda> at 0x0000023C37FEC040>, 'constant__2.5': <function slim.<locals>.<dictcomp>.<lambda> at 0x0000023C37FECF40>, 'constant__2.4': <function slim.<locals>.<dictcomp>.<lambda> at 0x0000023C37FED6C0>, 'constant__2.3': <function slim.<locals>.<dictcomp>.<lambda> at 0x0000023C37FEE5C0>, 'constant__2.2': <function slim.<locals>.<dictcomp>.<lambda> at 0x0000023C37FED760>, 'constant__2.1': <function slim.<locals>.<dictcomp>.<lambda> at 0x0000023C37FEDD00>, 'constant__2.0': <function slim.<locals>.<dictcomp>.<lambda> at 0x0000023C37FEFEC0>, 'constant__1.9': <function slim.<locals>.<dictcomp>.<lambda> at 0x0000023C37FEC400>, 'constant__1.8': <function slim.<locals>.<dictcomp>.<lambda> at 0x0000023C37FEECA0>, 'constant__1.7': <function slim.<locals>.<dictcomp>.<lambda> at 0x0000023C37FEC5E0>, 'constant__1.6': <function slim.<locals>.<dictcomp>.<lambda> at 0x0000023C37FEED40>, 'constant__1.5': <function slim.<locals>.<dictcomp>.<lambda> at 0x0000023C3663BBA0>, 'constant__1.4': <function slim.<locals>.<dictcomp>.<lambda> at 0x0000023C3663BCE0>, 'constant__1.3': <function slim.<locals>.<dictcomp>.<lambda> at 0x0000023C3663B920>, 'constant__1.2': <function slim.<locals>.<dictcomp>.<lambda> at 0x0000023C3663BF60>, 'constant__1.1': <function slim.<locals>.<dictcomp>.<lambda> at 0x0000023C3663B2E0>, 'constant__1.0': <function slim.<locals>.<dictcomp>.<lambda> at 0x0000023C3663AE80>, 'constant__0.9': <function slim.<locals>.<dictcomp>.<lambda> at 0x0000023C3663BD80>, 'constant__0.8': <function slim.<locals>.<dictcomp>.<lambda> at 0x0000023C3663B740>, 'constant__0.7': <function slim.<locals>.<dictcomp>.<lambda> at 0x0000023C3663A2A0>, 'constant__0.6': <function slim.<locals>.<dictcomp>.<lambda> at 0x0000023C36638400>, 'constant__0.5': <function slim.<locals>.<dictcomp>.<lambda> at 0x0000023C36639080>, 'constant__0.4': <function slim.<locals>.<dictcomp>.<lambda> at 0x0000023C3663A020>, 'constant__0.3': <function slim.<locals>.<dictcomp>.<lambda> at 0x0000023C3663A8E0>, 'constant__0.2': <function slim.<locals>.<dictcomp>.<lambda> at 0x0000023C36639800>, 'constant__0.1': <function slim.<locals>.<dictcomp>.<lambda> at 0x0000023C36639EE0>, 'constant_0.0': <function slim.<locals>.<dictcomp>.<lambda> at 0x0000023C366396C0>, 'constant_0.1': <function slim.<locals>.<dictcomp>.<lambda> at 0x0000023C36638720>, 'constant_0.2': <function slim.<locals>.<dictcomp>.<lambda> at 0x0000023C366391C0>, 'constant_0.3': <function slim.<locals>.<dictcomp>.<lambda> at 0x0000023C3663A160>, 'constant_0.4': <function slim.<locals>.<dictcomp>.<lambda> at 0x0000023C3663BB00>, 'constant_0.5': <function slim.<locals>.<dictcomp>.<lambda> at 0x0000023C36638F40>, 'constant_0.6': <function slim.<locals>.<dictcomp>.<lambda> at 0x0000023C366389A0>, 'constant_0.7': <function slim.<locals>.<dictcomp>.<lambda> at 0x0000023C3663A660>, 'constant_0.8': <function slim.<locals>.<dictcomp>.<lambda> at 0x0000023C3663AA20>, 'constant_0.9': <function slim.<locals>.<dictcomp>.<lambda> at 0x0000023C3663BA60>, 'constant_1.0': <function slim.<locals>.<dictcomp>.<lambda> at 0x0000023C366382C0>, 'constant_1.1': <function slim.<locals>.<dictcomp>.<lambda> at 0x0000023C36639C60>, 'constant_1.2': <function slim.<locals>.<dictcomp>.<lambda> at 0x0000023C36639BC0>, 'constant_1.3': <function slim.<locals>.<dictcomp>.<lambda> at 0x0000023C36638A40>, 'constant_1.4': <function slim.<locals>.<dictcomp>.<lambda> at 0x0000023C3663BC40>, 'constant_1.5': <function slim.<locals>.<dictcomp>.<lambda> at 0x0000023C36638C20>, 'constant_1.6': <function slim.<locals>.<dictcomp>.<lambda> at 0x0000023C36639580>, 'constant_1.7': <function slim.<locals>.<dictcomp>.<lambda> at 0x0000023C3663AF20>, 'constant_1.8': <function slim.<locals>.<dictcomp>.<lambda> at 0x0000023C3663B7E0>, 'constant_1.9': <function slim.<locals>.<dictcomp>.<lambda> at 0x0000023C366393A0>, 'constant_2.0': <function slim.<locals>.<dictcomp>.<lambda> at 0x0000023C36639300>, 'constant_2.1': <function slim.<locals>.<dictcomp>.<lambda> at 0x0000023C3663B4C0>, 'constant_2.2': <function slim.<locals>.<dictcomp>.<lambda> at 0x0000023C3663AFC0>, 'constant_2.3': <function slim.<locals>.<dictcomp>.<lambda> at 0x0000023C34F3AC00>, 'constant_2.4': <function slim.<locals>.<dictcomp>.<lambda> at 0x0000023C34F3AAC0>, 'constant_2.5': <function slim.<locals>.<dictcomp>.<lambda> at 0x0000023C34F38C20>, 'constant_2.6': <function slim.<locals>.<dictcomp>.<lambda> at 0x0000023C34F384A0>, 'constant_2.7': <function slim.<locals>.<dictcomp>.<lambda> at 0x0000023C34F38540>, 'constant_2.8': <function slim.<locals>.<dictcomp>.<lambda> at 0x0000023C34F398A0>, 'constant_2.9': <function slim.<locals>.<dictcomp>.<lambda> at 0x0000023C34F3B920>, 'constant_3.0': <function slim.<locals>.<dictcomp>.<lambda> at 0x0000023C34F38720>, 'constant_3.1': <function slim.<locals>.<dictcomp>.<lambda> at 0x0000023C34F38180>, 'constant_3.2': <function slim.<locals>.<dictcomp>.<lambda> at 0x0000023C34F38EA0>, 'constant_3.3': <function slim.<locals>.<dictcomp>.<lambda> at 0x0000023C34F3BC40>, 'constant_3.4': <function slim.<locals>.<dictcomp>.<lambda> at 0x0000023C34F380E0>, 'constant_3.5': <function slim.<locals>.<dictcomp>.<lambda> at 0x0000023C34F3B600>, 'constant_3.6': <function slim.<locals>.<dictcomp>.<lambda> at 0x0000023C34F3A660>, 'constant_3.7': <function slim.<locals>.<dictcomp>.<lambda> at 0x0000023C34F39300>, 'constant_3.8': <function slim.<locals>.<dictcomp>.<lambda> at 0x0000023C34F38360>, 'constant_3.9': <function slim.<locals>.<dictcomp>.<lambda> at 0x0000023C34F38F40>, 'constant_4.0': <function slim.<locals>.<dictcomp>.<lambda> at 0x0000023C34F3BEC0>, 'constant_4.1': <function slim.<locals>.<dictcomp>.<lambda> at 0x0000023C34F3BE20>, 'constant_4.2': <function slim.<locals>.<dictcomp>.<lambda> at 0x0000023C34F387C0>, 'constant_4.3': <function slim.<locals>.<dictcomp>.<lambda> at 0x0000023C34F39760>, 'constant_4.4': <function slim.<locals>.<dictcomp>.<lambda> at 0x0000023C34F393A0>, 'constant_4.5': <function slim.<locals>.<dictcomp>.<lambda> at 0x0000023C34F382C0>, 'constant_4.6': <function slim.<locals>.<dictcomp>.<lambda> at 0x0000023C34F38A40>, 'constant_4.7': <function slim.<locals>.<dictcomp>.<lambda> at 0x0000023C34F3BBA0>, 'constant_4.8': <function slim.<locals>.<dictcomp>.<lambda> at 0x0000023C34F3AFC0>, 'constant_4.9': <function slim.<locals>.<dictcomp>.<lambda> at 0x0000023C34F38040>, 'constant_5.0': <function slim.<locals>.<dictcomp>.<lambda> at 0x0000023C34F3AE80>, 'constant_5.1': <function slim.<locals>.<dictcomp>.<lambda> at 0x0000023C34F3B380>, 'constant_5.2': <function slim.<locals>.<dictcomp>.<lambda> at 0x0000023C34F3A840>, 'constant_5.3': <function slim.<locals>.<dictcomp>.<lambda> at 0x0000023C34F3BD80>, 'constant_5.4': <function slim.<locals>.<dictcomp>.<lambda> at 0x0000023C34F3B420>, 'constant_5.5': <function slim.<locals>.<dictcomp>.<lambda> at 0x0000023C34F38400>, 'constant_5.6': <function slim.<locals>.<dictcomp>.<lambda> at 0x0000023C34F3A700>, 'constant_5.7': <function slim.<locals>.<dictcomp>.<lambda> at 0x0000023C34F39D00>, 'constant_5.8': <function slim.<locals>.<dictcomp>.<lambda> at 0x0000023C34F3B2E0>, 'constant_5.9': <function slim.<locals>.<dictcomp>.<lambda> at 0x0000023C34F3B240>, 'constant_6.0': <function slim.<locals>.<dictcomp>.<lambda> at 0x0000023C34F3A200>, 'constant_6.1': <function slim.<locals>.<dictcomp>.<lambda> at 0x0000023C34F38900>, 'constant_6.2': <function slim.<locals>.<dictcomp>.<lambda> at 0x0000023C34F39A80>, 'constant_6.3': <function slim.<locals>.<dictcomp>.<lambda> at 0x0000023C34F396C0>, 'constant_6.4': <function slim.<locals>.<dictcomp>.<lambda> at 0x0000023C34F39440>, 'constant_6.5': <function slim.<locals>.<dictcomp>.<lambda> at 0x0000023C34F3ADE0>, 'constant_6.6': <function slim.<locals>.<dictcomp>.<lambda> at 0x0000023C34F389A0>, 'constant_6.7': <function slim.<locals>.<dictcomp>.<lambda> at 0x0000023C34F3BA60>, 'constant_6.8': <function slim.<locals>.<dictcomp>.<lambda> at 0x0000023C34F39B20>, 'constant_6.9': <function slim.<locals>.<dictcomp>.<lambda> at 0x0000023C34F39DA0>, 'constant_7.0': <function slim.<locals>.<dictcomp>.<lambda> at 0x0000023C34F3B4C0>, 'constant_7.1': <function slim.<locals>.<dictcomp>.<lambda> at 0x0000023C34F3B880>, 'constant_7.2': <function slim.<locals>.<dictcomp>.<lambda> at 0x0000023C34F39080>, 'constant_7.3': <function slim.<locals>.<dictcomp>.<lambda> at 0x0000023C34F38AE0>, 'constant_7.4': <function slim.<locals>.<dictcomp>.<lambda> at 0x0000023C34F391C0>, 'constant_7.5': <function slim.<locals>.<dictcomp>.<lambda> at 0x0000023C34F3A7A0>, 'constant_7.6': <function slim.<locals>.<dictcomp>.<lambda> at 0x0000023C39AD47C0>, 'constant_7.7': <function slim.<locals>.<dictcomp>.<lambda> at 0x0000023C39AD63E0>, 'constant_7.8': <function slim.<locals>.<dictcomp>.<lambda> at 0x0000023C39AD72E0>, 'constant_7.9': <function slim.<locals>.<dictcomp>.<lambda> at 0x0000023C39AD6CA0>, 'constant_8.0': <function slim.<locals>.<dictcomp>.<lambda> at 0x0000023C39AD45E0>, 'constant_8.1': <function slim.<locals>.<dictcomp>.<lambda> at 0x0000023C39AD5120>, 'constant_8.2': <function slim.<locals>.<dictcomp>.<lambda> at 0x0000023C39AD65C0>, 'constant_8.3': <function slim.<locals>.<dictcomp>.<lambda> at 0x0000023C39AD5E40>, 'constant_8.4': <function slim.<locals>.<dictcomp>.<lambda> at 0x0000023C39AD6A20>, 'constant_8.5': <function slim.<locals>.<dictcomp>.<lambda> at 0x0000023C39AD4CC0>, 'constant_8.6': <function slim.<locals>.<dictcomp>.<lambda> at 0x0000023C39AD54E0>, 'constant_8.7': <function slim.<locals>.<dictcomp>.<lambda> at 0x0000023C39AD4FE0>, 'constant_8.8': <function slim.<locals>.<dictcomp>.<lambda> at 0x0000023C39AD7060>, 'constant_8.9': <function slim.<locals>.<dictcomp>.<lambda> at 0x0000023C39AD76A0>, 'constant_9.0': <function slim.<locals>.<dictcomp>.<lambda> at 0x0000023C39AD4E00>, 'constant_9.1': <function slim.<locals>.<dictcomp>.<lambda> at 0x0000023C39AD40E0>, 'constant_9.2': <function slim.<locals>.<dictcomp>.<lambda> at 0x0000023C39AD6F20>, 'constant_9.3': <function slim.<locals>.<dictcomp>.<lambda> at 0x0000023C39AD4900>, 'constant_9.4': <function slim.<locals>.<dictcomp>.<lambda> at 0x0000023C39AD4EA0>, 'constant_9.5': <function slim.<locals>.<dictcomp>.<lambda> at 0x0000023C39AD5F80>, 'constant_9.6': <function slim.<locals>.<dictcomp>.<lambda> at 0x0000023C39AD4A40>, 'constant_9.7': <function slim.<locals>.<dictcomp>.<lambda> at 0x0000023C39AD7E20>, 'constant_9.8': <function slim.<locals>.<dictcomp>.<lambda> at 0x0000023C39AD4B80>, 'constant_9.9': <function slim.<locals>.<dictcomp>.<lambda> at 0x0000023C39AD7380>, 'constant_10.0': <function slim.<locals>.<dictcomp>.<lambda> at 0x0000023C39AD7B00>}, 'p_c': 0.2, 'init_depth': 6, 'init_pop_size': 50, 'p_test': 0.2}"
27d6ac92-0535-11f0-bfaa-54a95b9ec813,"{'run_info': ['SLIM+SIG2', UUID('27d6ac92-0535-11f0-bfaa-54a95b9ec813'), 'blood'], 'ffunction': <function f1_score at 0x0000023C336E59E0>, 'max_depth': 15, 'reconstruct': True, 'n_iter': 200, 'elitism': True, 'n_elites': 1, 'log': 1, 'verbose': False, 'n_jobs': 1, 'test_elite': True, 'log_path': '../../data/results/experiment2/blood/log_config_id_12.csv', 'initializer': <function rhh at 0x0000023C336E4FE0>, 'selector': <function tournament_selection_max.<locals>.ts at 0x0000023C37FED620>, 'crossover': <function geometric_crossover at 0x0000023C3342E840>, 'ms': <function generate_random_uniform.<locals>.generate_num at 0x0000023C3663B1A0>, 'inflate_mutator': <function inflate_mutation.<locals>.inflate at 0x0000023C36638860>, 'deflate_mutator': <function deflate_mutation at 0x0000023C336E7A60>, 'p_xo': 0, 'settings_dict': {'p_test': 0.2}, 'find_elit_func': <function get_best_max at 0x0000023C336E4040>, 'p_inflate': 0.75, 'copy_parent': True, 'operator': 'sum', 'pop_size': 50, 'seed': 3, 'p_m': 1, 'two_trees': True, 'p_deflate': 0.25, 'FUNCTIONS': {'add': {'function': <built-in method add of type object at 0x00007FFB1CF749D0>, 'arity': 2}, 'subtract': {'function': <built-in method sub of type object at 0x00007FFB1CF749D0>, 'arity': 2}, 'multiply': {'function': <built-in method mul of type object at 0x00007FFB1CF749D0>, 'arity': 2}, 'divide': {'function': <function protected_div at 0x0000023C3342DB20>, 'arity': 2}}, 'CONSTANTS': {'constant__10.0': <function slim.<locals>.<dictcomp>.<lambda> at 0x0000023C3663BE20>, 'constant__9.9': <function slim.<locals>.<dictcomp>.<lambda> at 0x0000023C366387C0>, 'constant__9.8': <function slim.<locals>.<dictcomp>.<lambda> at 0x0000023C36639620>, 'constant__9.7': <function slim.<locals>.<dictcomp>.<lambda> at 0x0000023C366399E0>, 'constant__9.6': <function slim.<locals>.<dictcomp>.<lambda> at 0x0000023C3663AAC0>, 'constant__9.5': <function slim.<locals>.<dictcomp>.<lambda> at 0x0000023C36638360>, 'constant__9.4': <function slim.<locals>.<dictcomp>.<lambda> at 0x0000023C3663BEC0>, 'constant__9.3': <function slim.<locals>.<dictcomp>.<lambda> at 0x0000023C3663A5C0>, 'constant__9.2': <function slim.<locals>.<dictcomp>.<lambda> at 0x0000023C36639120>, 'constant__9.1': <function slim.<locals>.<dictcomp>.<lambda> at 0x0000023C3663A520>, 'constant__9.0': <function slim.<locals>.<dictcomp>.<lambda> at 0x0000023C3663A7A0>, 'constant__8.9': <function slim.<locals>.<dictcomp>.<lambda> at 0x0000023C36638220>, 'constant__8.8': <function slim.<locals>.<dictcomp>.<lambda> at 0x0000023C3663B9C0>, 'constant__8.7': <function slim.<locals>.<dictcomp>.<lambda> at 0x0000023C3663A200>, 'constant__8.6': <function slim.<locals>.<dictcomp>.<lambda> at 0x0000023C3663B6A0>, 'constant__8.5': <function slim.<locals>.<dictcomp>.<lambda> at 0x0000023C3663ADE0>, 'constant__8.4': <function slim.<locals>.<dictcomp>.<lambda> at 0x0000023C36639A80>, 'constant__8.3': <function slim.<locals>.<dictcomp>.<lambda> at 0x0000023C3663ACA0>, 'constant__8.2': <function slim.<locals>.<dictcomp>.<lambda> at 0x0000023C3663AD40>, 'constant__8.1': <function slim.<locals>.<dictcomp>.<lambda> at 0x0000023C36638CC0>, 'constant__8.0': <function slim.<locals>.<dictcomp>.<lambda> at 0x0000023C3663B380>, 'constant__7.9': <function slim.<locals>.<dictcomp>.<lambda> at 0x0000023C36638540>, 'constant__7.8': <function slim.<locals>.<dictcomp>.<lambda> at 0x0000023C36638B80>, 'constant__7.7': <function slim.<locals>.<dictcomp>.<lambda> at 0x0000023C36638E00>, 'constant__7.6': <function slim.<locals>.<dictcomp>.<lambda> at 0x0000023C36639D00>, 'constant__7.5': <function slim.<locals>.<dictcomp>.<lambda> at 0x0000023C34F39C60>, 'constant__7.4': <function slim.<locals>.<dictcomp>.<lambda> at 0x0000023C34F3ACA0>, 'constant__7.3': <function slim.<locals>.<dictcomp>.<lambda> at 0x0000023C34F39EE0>, 'constant__7.2': <function slim.<locals>.<dictcomp>.<lambda> at 0x0000023C34F3A2A0>, 'constant__7.1': <function slim.<locals>.<dictcomp>.<lambda> at 0x0000023C34F38220>, 'constant__7.0': <function slim.<locals>.<dictcomp>.<lambda> at 0x0000023C34F3A340>, 'constant__6.9': <function slim.<locals>.<dictcomp>.<lambda> at 0x0000023C34F394E0>, 'constant__6.8': <function slim.<locals>.<dictcomp>.<lambda> at 0x0000023C34F3A520>, 'constant__6.7': <function slim.<locals>.<dictcomp>.<lambda> at 0x0000023C34F38CC0>, 'constant__6.6': <function slim.<locals>.<dictcomp>.<lambda> at 0x0000023C34F399E0>, 'constant__6.5': <function slim.<locals>.<dictcomp>.<lambda> at 0x0000023C34F3B560>, 'constant__6.4': <function slim.<locals>.<dictcomp>.<lambda> at 0x0000023C34F3B7E0>, 'constant__6.3': <function slim.<locals>.<dictcomp>.<lambda> at 0x0000023C34F39E40>, 'constant__6.2': <function slim.<locals>.<dictcomp>.<lambda> at 0x0000023C34F3B740>, 'constant__6.1': <function slim.<locals>.<dictcomp>.<lambda> at 0x0000023C34F38680>, 'constant__6.0': <function slim.<locals>.<dictcomp>.<lambda> at 0x0000023C34F39BC0>, 'constant__5.9': <function slim.<locals>.<dictcomp>.<lambda> at 0x0000023C34F39620>, 'constant__5.8': <function slim.<locals>.<dictcomp>.<lambda> at 0x0000023C34F3B060>, 'constant__5.7': <function slim.<locals>.<dictcomp>.<lambda> at 0x0000023C34F39260>, 'constant__5.6': <function slim.<locals>.<dictcomp>.<lambda> at 0x0000023C34F39120>, 'constant__5.5': <function slim.<locals>.<dictcomp>.<lambda> at 0x0000023C34F3A5C0>, 'constant__5.4': <function slim.<locals>.<dictcomp>.<lambda> at 0x0000023C34F3AB60>, 'constant__5.3': <function slim.<locals>.<dictcomp>.<lambda> at 0x0000023C34F39940>, 'constant__5.2': <function slim.<locals>.<dictcomp>.<lambda> at 0x0000023C34F385E0>, 'constant__5.1': <function slim.<locals>.<dictcomp>.<lambda> at 0x0000023C34F3A160>, 'constant__5.0': <function slim.<locals>.<dictcomp>.<lambda> at 0x0000023C34F3AA20>, 'constant__4.9': <function slim.<locals>.<dictcomp>.<lambda> at 0x0000023C34F38FE0>, 'constant__4.8': <function slim.<locals>.<dictcomp>.<lambda> at 0x0000023C34F39580>, 'constant__4.7': <function slim.<locals>.<dictcomp>.<lambda> at 0x0000023C34F3A8E0>, 'constant__4.6': <function slim.<locals>.<dictcomp>.<lambda> at 0x0000023C34F3B9C0>, 'constant__4.5': <function slim.<locals>.<dictcomp>.<lambda> at 0x0000023C34F3B6A0>, 'constant__4.4': <function slim.<locals>.<dictcomp>.<lambda> at 0x0000023C34F3A020>, 'constant__4.3': <function slim.<locals>.<dictcomp>.<lambda> at 0x0000023C34F3A480>, 'constant__4.2': <function slim.<locals>.<dictcomp>.<lambda> at 0x0000023C34F38E00>, 'constant__4.1': <function slim.<locals>.<dictcomp>.<lambda> at 0x0000023C34F38D60>, 'constant__4.0': <function slim.<locals>.<dictcomp>.<lambda> at 0x0000023C34F3BF60>, 'constant__3.9': <function slim.<locals>.<dictcomp>.<lambda> at 0x0000023C34F3BCE0>, 'constant__3.8': <function slim.<locals>.<dictcomp>.<lambda> at 0x0000023C34F3B1A0>, 'constant__3.7': <function slim.<locals>.<dictcomp>.<lambda> at 0x0000023C34F39800>, 'constant__3.6': <function slim.<locals>.<dictcomp>.<lambda> at 0x0000023C34F38B80>, 'constant__3.5': <function slim.<locals>.<dictcomp>.<lambda> at 0x0000023C34F38860>, 'constant__3.4': <function slim.<locals>.<dictcomp>.<lambda> at 0x0000023C34F39F80>, 'constant__3.3': <function slim.<locals>.<dictcomp>.<lambda> at 0x0000023C34F3B100>, 'constant__3.2': <function slim.<locals>.<dictcomp>.<lambda> at 0x0000023C34F3AD40>, 'constant__3.1': <function slim.<locals>.<dictcomp>.<lambda> at 0x0000023C34F3A0C0>, 'constant__3.0': <function slim.<locals>.<dictcomp>.<lambda> at 0x0000023C34F3BB00>, 'constant__2.9': <function slim.<locals>.<dictcomp>.<lambda> at 0x0000023C34F3A3E0>, 'constant__2.8': <function slim.<locals>.<dictcomp>.<lambda> at 0x0000023C34F3AF20>, 'constant__2.7': <function slim.<locals>.<dictcomp>.<lambda> at 0x0000023C336E6700>, 'constant__2.6': <function slim.<locals>.<dictcomp>.<lambda> at 0x0000023C34F2CFE0>, 'constant__2.5': <function slim.<locals>.<dictcomp>.<lambda> at 0x0000023C34F2F6A0>, 'constant__2.4': <function slim.<locals>.<dictcomp>.<lambda> at 0x0000023C34F2F2E0>, 'constant__2.3': <function slim.<locals>.<dictcomp>.<lambda> at 0x0000023C34F2E3E0>, 'constant__2.2': <function slim.<locals>.<dictcomp>.<lambda> at 0x0000023C34F2DA80>, 'constant__2.1': <function slim.<locals>.<dictcomp>.<lambda> at 0x0000023C34F2E020>, 'constant__2.0': <function slim.<locals>.<dictcomp>.<lambda> at 0x0000023C34F2EA20>, 'constant__1.9': <function slim.<locals>.<dictcomp>.<lambda> at 0x0000023C34F2D1C0>, 'constant__1.8': <function slim.<locals>.<dictcomp>.<lambda> at 0x0000023C34F2D3A0>, 'constant__1.7': <function slim.<locals>.<dictcomp>.<lambda> at 0x0000023C34F2E5C0>, 'constant__1.6': <function slim.<locals>.<dictcomp>.<lambda> at 0x0000023C34F2D4E0>, 'constant__1.5': <function slim.<locals>.<dictcomp>.<lambda> at 0x0000023C34F2FE20>, 'constant__1.4': <function slim.<locals>.<dictcomp>.<lambda> at 0x0000023C34F2E700>, 'constant__1.3': <function slim.<locals>.<dictcomp>.<lambda> at 0x0000023C34F2F420>, 'constant__1.2': <function slim.<locals>.<dictcomp>.<lambda> at 0x0000023C34F2C220>, 'constant__1.1': <function slim.<locals>.<dictcomp>.<lambda> at 0x0000023C34F2FB00>, 'constant__1.0': <function slim.<locals>.<dictcomp>.<lambda> at 0x0000023C34F2F060>, 'constant__0.9': <function slim.<locals>.<dictcomp>.<lambda> at 0x0000023C34F2F240>, 'constant__0.8': <function slim.<locals>.<dictcomp>.<lambda> at 0x0000023C34F2EC00>, 'constant__0.7': <function slim.<locals>.<dictcomp>.<lambda> at 0x0000023C34F2DF80>, 'constant__0.6': <function slim.<locals>.<dictcomp>.<lambda> at 0x0000023C34F2CAE0>, 'constant__0.5': <function slim.<locals>.<dictcomp>.<lambda> at 0x0000023C34F2EF20>, 'constant__0.4': <function slim.<locals>.<dictcomp>.<lambda> at 0x0000023C34F2FEC0>, 'constant__0.3': <function slim.<locals>.<dictcomp>.<lambda> at 0x0000023C34F2E2A0>, 'constant__0.2': <function slim.<locals>.<dictcomp>.<lambda> at 0x0000023C34F2E8E0>, 'constant__0.1': <function slim.<locals>.<dictcomp>.<lambda> at 0x0000023C34F2FD80>, 'constant_0.0': <function slim.<locals>.<dictcomp>.<lambda> at 0x0000023C34F2D120>, 'constant_0.1': <function slim.<locals>.<dictcomp>.<lambda> at 0x0000023C34F2F7E0>, 'constant_0.2': <function slim.<locals>.<dictcomp>.<lambda> at 0x0000023C34F2C0E0>, 'constant_0.3': <function slim.<locals>.<dictcomp>.<lambda> at 0x0000023C34F2FBA0>, 'constant_0.4': <function slim.<locals>.<dictcomp>.<lambda> at 0x0000023C34F2DBC0>, 'constant_0.5': <function slim.<locals>.<dictcomp>.<lambda> at 0x0000023C34F2EE80>, 'constant_0.6': <function slim.<locals>.<dictcomp>.<lambda> at 0x0000023C34F2F100>, 'constant_0.7': <function slim.<locals>.<dictcomp>.<lambda> at 0x0000023C34F2CC20>, 'constant_0.8': <function slim.<locals>.<dictcomp>.<lambda> at 0x0000023C34F2E160>, 'constant_0.9': <function slim.<locals>.<dictcomp>.<lambda> at 0x0000023C34F2D8A0>, 'constant_1.0': <function slim.<locals>.<dictcomp>.<lambda> at 0x0000023C34F2C860>, 'constant_1.1': <function slim.<locals>.<dictcomp>.<lambda> at 0x0000023C34F2C720>, 'constant_1.2': <function slim.<locals>.<dictcomp>.<lambda> at 0x0000023C34F2FF60>, 'constant_1.3': <function slim.<locals>.<dictcomp>.<lambda> at 0x0000023C34F2D800>, 'constant_1.4': <function slim.<locals>.<dictcomp>.<lambda> at 0x0000023C34F2E980>, 'constant_1.5': <function slim.<locals>.<dictcomp>.<lambda> at 0x0000023C34F2E840>, 'constant_1.6': <function slim.<locals>.<dictcomp>.<lambda> at 0x0000023C34F2C360>, 'constant_1.7': <function slim.<locals>.<dictcomp>.<lambda> at 0x0000023C34F2C040>, 'constant_1.8': <function slim.<locals>.<dictcomp>.<lambda> at 0x0000023C34F2C540>, 'constant_1.9': <function slim.<locals>.<dictcomp>.<lambda> at 0x0000023C34F2E660>, 'constant_2.0': <function slim.<locals>.<dictcomp>.<lambda> at 0x0000023C34F2EFC0>, 'constant_2.1': <function slim.<locals>.<dictcomp>.<lambda> at 0x0000023C36621BC0>, 'constant_2.2': <function slim.<locals>.<dictcomp>.<lambda> at 0x0000023C36622F20>, 'constant_2.3': <function slim.<locals>.<dictcomp>.<lambda> at 0x0000023C36620040>, 'constant_2.4': <function slim.<locals>.<dictcomp>.<lambda> at 0x0000023C36622160>, 'constant_2.5': <function slim.<locals>.<dictcomp>.<lambda> at 0x0000023C36622D40>, 'constant_2.6': <function slim.<locals>.<dictcomp>.<lambda> at 0x0000023C36620400>, 'constant_2.7': <function slim.<locals>.<dictcomp>.<lambda> at 0x0000023C366211C0>, 'constant_2.8': <function slim.<locals>.<dictcomp>.<lambda> at 0x0000023C36623CE0>, 'constant_2.9': <function slim.<locals>.<dictcomp>.<lambda> at 0x0000023C36622480>, 'constant_3.0': <function slim.<locals>.<dictcomp>.<lambda> at 0x0000023C366231A0>, 'constant_3.1': <function slim.<locals>.<dictcomp>.<lambda> at 0x0000023C36621F80>, 'constant_3.2': <function slim.<locals>.<dictcomp>.<lambda> at 0x0000023C36621DA0>, 'constant_3.3': <function slim.<locals>.<dictcomp>.<lambda> at 0x0000023C36621EE0>, 'constant_3.4': <function slim.<locals>.<dictcomp>.<lambda> at 0x0000023C36622200>, 'constant_3.5': <function slim.<locals>.<dictcomp>.<lambda> at 0x0000023C36623A60>, 'constant_3.6': <function slim.<locals>.<dictcomp>.<lambda> at 0x0000023C366216C0>, 'constant_3.7': <function slim.<locals>.<dictcomp>.<lambda> at 0x0000023C36620540>, 'constant_3.8': <function slim.<locals>.<dictcomp>.<lambda> at 0x0000023C36621620>, 'constant_3.9': <function slim.<locals>.<dictcomp>.<lambda> at 0x0000023C366236A0>, 'constant_4.0': <function slim.<locals>.<dictcomp>.<lambda> at 0x0000023C36621B20>, 'constant_4.1': <function slim.<locals>.<dictcomp>.<lambda> at 0x0000023C36623F60>, 'constant_4.2': <function slim.<locals>.<dictcomp>.<lambda> at 0x0000023C36623100>, 'constant_4.3': <function slim.<locals>.<dictcomp>.<lambda> at 0x0000023C366205E0>, 'constant_4.4': <function slim.<locals>.<dictcomp>.<lambda> at 0x0000023C36623240>, 'constant_4.5': <function slim.<locals>.<dictcomp>.<lambda> at 0x0000023C366237E0>, 'constant_4.6': <function slim.<locals>.<dictcomp>.<lambda> at 0x0000023C36621760>, 'constant_4.7': <function slim.<locals>.<dictcomp>.<lambda> at 0x0000023C36623BA0>, 'constant_4.8': <function slim.<locals>.<dictcomp>.<lambda> at 0x0000023C36621940>, 'constant_4.9': <function slim.<locals>.<dictcomp>.<lambda> at 0x0000023C36622020>, 'constant_5.0': <function slim.<locals>.<dictcomp>.<lambda> at 0x0000023C366228E0>, 'constant_5.1': <function slim.<locals>.<dictcomp>.<lambda> at 0x0000023C36623D80>, 'constant_5.2': <function slim.<locals>.<dictcomp>.<lambda> at 0x0000023C36621C60>, 'constant_5.3': <function slim.<locals>.<dictcomp>.<lambda> at 0x0000023C36622C00>, 'constant_5.4': <function slim.<locals>.<dictcomp>.<lambda> at 0x0000023C36621080>, 'constant_5.5': <function slim.<locals>.<dictcomp>.<lambda> at 0x0000023C36620180>, 'constant_5.6': <function slim.<locals>.<dictcomp>.<lambda> at 0x0000023C366227A0>, 'constant_5.7': <function slim.<locals>.<dictcomp>.<lambda> at 0x0000023C36622E80>, 'constant_5.8': <function slim.<locals>.<dictcomp>.<lambda> at 0x0000023C366219E0>, 'constant_5.9': <function slim.<locals>.<dictcomp>.<lambda> at 0x0000023C36621D00>, 'constant_6.0': <function slim.<locals>.<dictcomp>.<lambda> at 0x0000023C36620EA0>, 'constant_6.1': <function slim.<locals>.<dictcomp>.<lambda> at 0x0000023C36623740>, 'constant_6.2': <function slim.<locals>.<dictcomp>.<lambda> at 0x0000023C36620C20>, 'constant_6.3': <function slim.<locals>.<dictcomp>.<lambda> at 0x0000023C366239C0>, 'constant_6.4': <function slim.<locals>.<dictcomp>.<lambda> at 0x0000023C366234C0>, 'constant_6.5': <function slim.<locals>.<dictcomp>.<lambda> at 0x0000023C36620220>, 'constant_6.6': <function slim.<locals>.<dictcomp>.<lambda> at 0x0000023C36623060>, 'constant_6.7': <function slim.<locals>.<dictcomp>.<lambda> at 0x0000023C36621120>, 'constant_6.8': <function slim.<locals>.<dictcomp>.<lambda> at 0x0000023C36621E40>, 'constant_6.9': <function slim.<locals>.<dictcomp>.<lambda> at 0x0000023C36620860>, 'constant_7.0': <function slim.<locals>.<dictcomp>.<lambda> at 0x0000023C36620360>, 'constant_7.1': <function slim.<locals>.<dictcomp>.<lambda> at 0x0000023C366225C0>, 'constant_7.2': <function slim.<locals>.<dictcomp>.<lambda> at 0x0000023C36623420>, 'constant_7.3': <function slim.<locals>.<dictcomp>.<lambda> at 0x0000023C36620680>, 'constant_7.4': <function slim.<locals>.<dictcomp>.<lambda> at 0x0000023C36622840>, 'constant_7.5': <function slim.<locals>.<dictcomp>.<lambda> at 0x0000023C36622A20>, 'constant_7.6': <function slim.<locals>.<dictcomp>.<lambda> at 0x0000023C36623600>, 'constant_7.7': <function slim.<locals>.<dictcomp>.<lambda> at 0x0000023C366222A0>, 'constant_7.8': <function slim.<locals>.<dictcomp>.<lambda> at 0x0000023C366213A0>, 'constant_7.9': <function slim.<locals>.<dictcomp>.<lambda> at 0x0000023C36622700>, 'constant_8.0': <function slim.<locals>.<dictcomp>.<lambda> at 0x0000023C36620D60>, 'constant_8.1': <function slim.<locals>.<dictcomp>.<lambda> at 0x0000023C36622B60>, 'constant_8.2': <function slim.<locals>.<dictcomp>.<lambda> at 0x0000023C366223E0>, 'constant_8.3': <function slim.<locals>.<dictcomp>.<lambda> at 0x0000023C36623560>, 'constant_8.4': <function slim.<locals>.<dictcomp>.<lambda> at 0x0000023C36623380>, 'constant_8.5': <function slim.<locals>.<dictcomp>.<lambda> at 0x0000023C36622340>, 'constant_8.6': <function slim.<locals>.<dictcomp>.<lambda> at 0x0000023C36620CC0>, 'constant_8.7': <function slim.<locals>.<dictcomp>.<lambda> at 0x0000023C36622CA0>, 'constant_8.8': <function slim.<locals>.<dictcomp>.<lambda> at 0x0000023C36621A80>, 'constant_8.9': <function slim.<locals>.<dictcomp>.<lambda> at 0x0000023C366204A0>, 'constant_9.0': <function slim.<locals>.<dictcomp>.<lambda> at 0x0000023C36622520>, 'constant_9.1': <function slim.<locals>.<dictcomp>.<lambda> at 0x0000023C36620A40>, 'constant_9.2': <function slim.<locals>.<dictcomp>.<lambda> at 0x0000023C36622FC0>, 'constant_9.3': <function slim.<locals>.<dictcomp>.<lambda> at 0x0000023C366232E0>, 'constant_9.4': <function slim.<locals>.<dictcomp>.<lambda> at 0x0000023C36623920>, 'constant_9.5': <function slim.<locals>.<dictcomp>.<lambda> at 0x0000023C36621440>, 'constant_9.6': <function slim.<locals>.<dictcomp>.<lambda> at 0x0000023C36622660>, 'constant_9.7': <function slim.<locals>.<dictcomp>.<lambda> at 0x0000023C37FEDBC0>, 'constant_9.8': <function slim.<locals>.<dictcomp>.<lambda> at 0x0000023C37FEDEE0>, 'constant_9.9': <function slim.<locals>.<dictcomp>.<lambda> at 0x0000023C37FEE700>, 'constant_10.0': <function slim.<locals>.<dictcomp>.<lambda> at 0x0000023C37FEE660>}, 'p_c': 0.2, 'init_depth': 6, 'init_pop_size': 50, 'p_test': 0.2}"
27d6ac92-0535-11f0-bfaa-54a95b9ec813,"{'run_info': ['SLIM+SIG2', UUID('27d6ac92-0535-11f0-bfaa-54a95b9ec813'), 'blood'], 'ffunction': <function f1_score at 0x0000023C336E59E0>, 'max_depth': 15, 'reconstruct': True, 'n_iter': 200, 'elitism': True, 'n_elites': 1, 'log': 1, 'verbose': False, 'n_jobs': 1, 'test_elite': True, 'log_path': '../../data/results/experiment2/blood/log_config_id_12.csv', 'initializer': <function rhh at 0x0000023C336E4FE0>, 'selector': <function tournament_selection_max.<locals>.ts at 0x0000023C3663B1A0>, 'crossover': <function geometric_crossover at 0x0000023C3342E840>, 'ms': <function generate_random_uniform.<locals>.generate_num at 0x0000023C36622AC0>, 'inflate_mutator': <function inflate_mutation.<locals>.inflate at 0x0000023C366202C0>, 'deflate_mutator': <function deflate_mutation at 0x0000023C336E7A60>, 'p_xo': 0, 'settings_dict': {'p_test': 0.2}, 'find_elit_func': <function get_best_max at 0x0000023C336E4040>, 'p_inflate': 0.75, 'copy_parent': True, 'operator': 'sum', 'pop_size': 50, 'seed': 4, 'p_m': 1, 'two_trees': True, 'p_deflate': 0.25, 'FUNCTIONS': {'add': {'function': <built-in method add of type object at 0x00007FFB1CF749D0>, 'arity': 2}, 'subtract': {'function': <built-in method sub of type object at 0x00007FFB1CF749D0>, 'arity': 2}, 'multiply': {'function': <built-in method mul of type object at 0x00007FFB1CF749D0>, 'arity': 2}, 'divide': {'function': <function protected_div at 0x0000023C3342DB20>, 'arity': 2}}, 'CONSTANTS': {'constant__10.0': <function slim.<locals>.<dictcomp>.<lambda> at 0x0000023C36620F40>, 'constant__9.9': <function slim.<locals>.<dictcomp>.<lambda> at 0x0000023C366220C0>, 'constant__9.8': <function slim.<locals>.<dictcomp>.<lambda> at 0x0000023C36621800>, 'constant__9.7': <function slim.<locals>.<dictcomp>.<lambda> at 0x0000023C366218A0>, 'constant__9.6': <function slim.<locals>.<dictcomp>.<lambda> at 0x0000023C36621300>, 'constant__9.5': <function slim.<locals>.<dictcomp>.<lambda> at 0x0000023C36620720>, 'constant__9.4': <function slim.<locals>.<dictcomp>.<lambda> at 0x0000023C36620B80>, 'constant__9.3': <function slim.<locals>.<dictcomp>.<lambda> at 0x0000023C366207C0>, 'constant__9.2': <function slim.<locals>.<dictcomp>.<lambda> at 0x0000023C366200E0>, 'constant__9.1': <function slim.<locals>.<dictcomp>.<lambda> at 0x0000023C36623880>, 'constant__9.0': <function slim.<locals>.<dictcomp>.<lambda> at 0x0000023C366214E0>, 'constant__8.9': <function slim.<locals>.<dictcomp>.<lambda> at 0x0000023C36623E20>, 'constant__8.8': <function slim.<locals>.<dictcomp>.<lambda> at 0x0000023C36620900>, 'constant__8.7': <function slim.<locals>.<dictcomp>.<lambda> at 0x0000023C36622DE0>, 'constant__8.6': <function slim.<locals>.<dictcomp>.<lambda> at 0x0000023C36623C40>, 'constant__8.5': <function slim.<locals>.<dictcomp>.<lambda> at 0x0000023C36622980>, 'constant__8.4': <function slim.<locals>.<dictcomp>.<lambda> at 0x0000023C36620E00>, 'constant__8.3': <function slim.<locals>.<dictcomp>.<lambda> at 0x0000023C36620FE0>, 'constant__8.2': <function slim.<locals>.<dictcomp>.<lambda> at 0x0000023C36623B00>, 'constant__8.1': <function slim.<locals>.<dictcomp>.<lambda> at 0x0000023C36621260>, 'constant__8.0': <function slim.<locals>.<dictcomp>.<lambda> at 0x0000023C36621580>, 'constant__7.9': <function slim.<locals>.<dictcomp>.<lambda> at 0x0000023C366209A0>, 'constant__7.8': <function slim.<locals>.<dictcomp>.<lambda> at 0x0000023C36623EC0>, 'constant__7.7': <function slim.<locals>.<dictcomp>.<lambda> at 0x0000023C33E5F9C0>, 'constant__7.6': <function slim.<locals>.<dictcomp>.<lambda> at 0x0000023C37FEED40>, 'constant__7.5': <function slim.<locals>.<dictcomp>.<lambda> at 0x0000023C37FEC5E0>, 'constant__7.4': <function slim.<locals>.<dictcomp>.<lambda> at 0x0000023C37FEECA0>, 'constant__7.3': <function slim.<locals>.<dictcomp>.<lambda> at 0x0000023C37FEC400>, 'constant__7.2': <function slim.<locals>.<dictcomp>.<lambda> at 0x0000023C37FEFEC0>, 'constant__7.1': <function slim.<locals>.<dictcomp>.<lambda> at 0x0000023C37FEDD00>, 'constant__7.0': <function slim.<locals>.<dictcomp>.<lambda> at 0x0000023C37FED760>, 'constant__6.9': <function slim.<locals>.<dictcomp>.<lambda> at 0x0000023C37FEE5C0>, 'constant__6.8': <function slim.<locals>.<dictcomp>.<lambda> at 0x0000023C37FED6C0>, 'constant__6.7': <function slim.<locals>.<dictcomp>.<lambda> at 0x0000023C37FECF40>, 'constant__6.6': <function slim.<locals>.<dictcomp>.<lambda> at 0x0000023C37FEC040>, 'constant__6.5': <function slim.<locals>.<dictcomp>.<lambda> at 0x0000023C37FEE7A0>, 'constant__6.4': <function slim.<locals>.<dictcomp>.<lambda> at 0x0000023C37FECEA0>, 'constant__6.3': <function slim.<locals>.<dictcomp>.<lambda> at 0x0000023C37FEE160>, 'constant__6.2': <function slim.<locals>.<dictcomp>.<lambda> at 0x0000023C37FEDB20>, 'constant__6.1': <function slim.<locals>.<dictcomp>.<lambda> at 0x0000023C37FEFA60>, 'constant__6.0': <function slim.<locals>.<dictcomp>.<lambda> at 0x0000023C37FEDE40>, 'constant__5.9': <function slim.<locals>.<dictcomp>.<lambda> at 0x0000023C37FEF600>, 'constant__5.8': <function slim.<locals>.<dictcomp>.<lambda> at 0x0000023C37FEF560>, 'constant__5.7': <function slim.<locals>.<dictcomp>.<lambda> at 0x0000023C37FECB80>, 'constant__5.6': <function slim.<locals>.<dictcomp>.<lambda> at 0x0000023C37FEEDE0>, 'constant__5.5': <function slim.<locals>.<dictcomp>.<lambda> at 0x0000023C37FEE0C0>, 'constant__5.4': <function slim.<locals>.<dictcomp>.<lambda> at 0x0000023C37FEF420>, 'constant__5.3': <function slim.<locals>.<dictcomp>.<lambda> at 0x0000023C37FECD60>, 'constant__5.2': <function slim.<locals>.<dictcomp>.<lambda> at 0x0000023C37FEFCE0>, 'constant__5.1': <function slim.<locals>.<dictcomp>.<lambda> at 0x0000023C37FED1C0>, 'constant__5.0': <function slim.<locals>.<dictcomp>.<lambda> at 0x0000023C37FEF240>, 'constant__4.9': <function slim.<locals>.<dictcomp>.<lambda> at 0x0000023C37FECC20>, 'constant__4.8': <function slim.<locals>.<dictcomp>.<lambda> at 0x0000023C37FEF740>, 'constant__4.7': <function slim.<locals>.<dictcomp>.<lambda> at 0x0000023C37FEF4C0>, 'constant__4.6': <function slim.<locals>.<dictcomp>.<lambda> at 0x0000023C37FEFC40>, 'constant__4.5': <function slim.<locals>.<dictcomp>.<lambda> at 0x0000023C37FEFD80>, 'constant__4.4': <function slim.<locals>.<dictcomp>.<lambda> at 0x0000023C37FED080>, 'constant__4.3': <function slim.<locals>.<dictcomp>.<lambda> at 0x0000023C37FEFE20>, 'constant__4.2': <function slim.<locals>.<dictcomp>.<lambda> at 0x0000023C37FEFF60>, 'constant__4.1': <function slim.<locals>.<dictcomp>.<lambda> at 0x0000023C37FED8A0>, 'constant__4.0': <function slim.<locals>.<dictcomp>.<lambda> at 0x0000023C37FECAE0>, 'constant__3.9': <function slim.<locals>.<dictcomp>.<lambda> at 0x0000023C37FEEE80>, 'constant__3.8': <function slim.<locals>.<dictcomp>.<lambda> at 0x0000023C37FEF2E0>, 'constant__3.7': <function slim.<locals>.<dictcomp>.<lambda> at 0x0000023C37FEF920>, 'constant__3.6': <function slim.<locals>.<dictcomp>.<lambda> at 0x0000023C37FEE980>, 'constant__3.5': <function slim.<locals>.<dictcomp>.<lambda> at 0x0000023C37FED120>, 'constant__3.4': <function slim.<locals>.<dictcomp>.<lambda> at 0x0000023C37FECA40>, 'constant__3.3': <function slim.<locals>.<dictcomp>.<lambda> at 0x0000023C37FEE840>, 'constant__3.2': <function slim.<locals>.<dictcomp>.<lambda> at 0x0000023C37FEF380>, 'constant__3.1': <function slim.<locals>.<dictcomp>.<lambda> at 0x0000023C37FEF880>, 'constant__3.0': <function slim.<locals>.<dictcomp>.<lambda> at 0x0000023C37FEE3E0>, 'constant__2.9': <function slim.<locals>.<dictcomp>.<lambda> at 0x0000023C37FED440>, 'constant__2.8': <function slim.<locals>.<dictcomp>.<lambda> at 0x0000023C37FEF060>, 'constant__2.7': <function slim.<locals>.<dictcomp>.<lambda> at 0x0000023C37FEE340>, 'constant__2.6': <function slim.<locals>.<dictcomp>.<lambda> at 0x0000023C37FED300>, 'constant__2.5': <function slim.<locals>.<dictcomp>.<lambda> at 0x0000023C37FEC0E0>, 'constant__2.4': <function slim.<locals>.<dictcomp>.<lambda> at 0x0000023C37FEDF80>, 'constant__2.3': <function slim.<locals>.<dictcomp>.<lambda> at 0x0000023C37FECFE0>, 'constant__2.2': <function slim.<locals>.<dictcomp>.<lambda> at 0x0000023C37FEE480>, 'constant__2.1': <function slim.<locals>.<dictcomp>.<lambda> at 0x0000023C37FED800>, 'constant__2.0': <function slim.<locals>.<dictcomp>.<lambda> at 0x0000023C37FEDDA0>, 'constant__1.9': <function slim.<locals>.<dictcomp>.<lambda> at 0x0000023C37FEC720>, 'constant__1.8': <function slim.<locals>.<dictcomp>.<lambda> at 0x0000023C37FEF100>, 'constant__1.7': <function slim.<locals>.<dictcomp>.<lambda> at 0x0000023C37FEC7C0>, 'constant__1.6': <function slim.<locals>.<dictcomp>.<lambda> at 0x0000023C37FEE2A0>, 'constant__1.5': <function slim.<locals>.<dictcomp>.<lambda> at 0x0000023C37FED940>, 'constant__1.4': <function slim.<locals>.<dictcomp>.<lambda> at 0x0000023C37FEC2C0>, 'constant__1.3': <function slim.<locals>.<dictcomp>.<lambda> at 0x0000023C37FEEF20>, 'constant__1.2': <function slim.<locals>.<dictcomp>.<lambda> at 0x0000023C37FEDC60>, 'constant__1.1': <function slim.<locals>.<dictcomp>.<lambda> at 0x0000023C37FED9E0>, 'constant__1.0': <function slim.<locals>.<dictcomp>.<lambda> at 0x0000023C37FEC180>, 'constant__0.9': <function slim.<locals>.<dictcomp>.<lambda> at 0x0000023C37FEC680>, 'constant__0.8': <function slim.<locals>.<dictcomp>.<lambda> at 0x0000023C37FEC860>, 'constant__0.7': <function slim.<locals>.<dictcomp>.<lambda> at 0x0000023C37FEEB60>, 'constant__0.6': <function slim.<locals>.<dictcomp>.<lambda> at 0x0000023C37FEF7E0>, 'constant__0.5': <function slim.<locals>.<dictcomp>.<lambda> at 0x0000023C37FED260>, 'constant__0.4': <function slim.<locals>.<dictcomp>.<lambda> at 0x0000023C37FEF1A0>, 'constant__0.3': <function slim.<locals>.<dictcomp>.<lambda> at 0x0000023C37FECCC0>, 'constant__0.2': <function slim.<locals>.<dictcomp>.<lambda> at 0x0000023C37FEEAC0>, 'constant__0.1': <function slim.<locals>.<dictcomp>.<lambda> at 0x0000023C37FECE00>, 'constant_0.0': <function slim.<locals>.<dictcomp>.<lambda> at 0x0000023C37FED580>, 'constant_0.1': <function slim.<locals>.<dictcomp>.<lambda> at 0x0000023C37FEC220>, 'constant_0.2': <function slim.<locals>.<dictcomp>.<lambda> at 0x0000023C37FEEC00>, 'constant_0.3': <function slim.<locals>.<dictcomp>.<lambda> at 0x0000023C37FEF9C0>, 'constant_0.4': <function slim.<locals>.<dictcomp>.<lambda> at 0x0000023C37FEC540>, 'constant_0.5': <function slim.<locals>.<dictcomp>.<lambda> at 0x0000023C37FEC4A0>, 'constant_0.6': <function slim.<locals>.<dictcomp>.<lambda> at 0x0000023C37FED4E0>, 'constant_0.7': <function slim.<locals>.<dictcomp>.<lambda> at 0x0000023C37FEC360>, 'constant_0.8': <function slim.<locals>.<dictcomp>.<lambda> at 0x0000023C37FEC900>, 'constant_0.9': <function slim.<locals>.<dictcomp>.<lambda> at 0x0000023C37FED3A0>, 'constant_1.0': <function slim.<locals>.<dictcomp>.<lambda> at 0x0000023C37FEFBA0>, 'constant_1.1': <function slim.<locals>.<dictcomp>.<lambda> at 0x0000023C37FEE520>, 'constant_1.2': <function slim.<locals>.<dictcomp>.<lambda> at 0x0000023C37FEFB00>, 'constant_1.3': <function slim.<locals>.<dictcomp>.<lambda> at 0x0000023C37FEEA20>, 'constant_1.4': <function slim.<locals>.<dictcomp>.<lambda> at 0x0000023C37FEE020>, 'constant_1.5': <function slim.<locals>.<dictcomp>.<lambda> at 0x0000023C37FEE8E0>, 'constant_1.6': <function slim.<locals>.<dictcomp>.<lambda> at 0x0000023C37FEDA80>, 'constant_1.7': <function slim.<locals>.<dictcomp>.<lambda> at 0x0000023C37FEEFC0>, 'constant_1.8': <function slim.<locals>.<dictcomp>.<lambda> at 0x0000023C34E87A60>, 'constant_1.9': <function slim.<locals>.<dictcomp>.<lambda> at 0x0000023C34E879C0>, 'constant_2.0': <function slim.<locals>.<dictcomp>.<lambda> at 0x0000023C34E85940>, 'constant_2.1': <function slim.<locals>.<dictcomp>.<lambda> at 0x0000023C34E87F60>, 'constant_2.2': <function slim.<locals>.<dictcomp>.<lambda> at 0x0000023C34E87420>, 'constant_2.3': <function slim.<locals>.<dictcomp>.<lambda> at 0x0000023C34E877E0>, 'constant_2.4': <function slim.<locals>.<dictcomp>.<lambda> at 0x0000023C34E87880>, 'constant_2.5': <function slim.<locals>.<dictcomp>.<lambda> at 0x0000023C34E87060>, 'constant_2.6': <function slim.<locals>.<dictcomp>.<lambda> at 0x0000023C34E858A0>, 'constant_2.7': <function slim.<locals>.<dictcomp>.<lambda> at 0x0000023C34E87240>, 'constant_2.8': <function slim.<locals>.<dictcomp>.<lambda> at 0x0000023C34E87920>, 'constant_2.9': <function slim.<locals>.<dictcomp>.<lambda> at 0x0000023C34E87E20>, 'constant_3.0': <function slim.<locals>.<dictcomp>.<lambda> at 0x0000023C34E85620>, 'constant_3.1': <function slim.<locals>.<dictcomp>.<lambda> at 0x0000023C34E87CE0>, 'constant_3.2': <function slim.<locals>.<dictcomp>.<lambda> at 0x0000023C34E87100>, 'constant_3.3': <function slim.<locals>.<dictcomp>.<lambda> at 0x0000023C34E87380>, 'constant_3.4': <function slim.<locals>.<dictcomp>.<lambda> at 0x0000023C34E85580>, 'constant_3.5': <function slim.<locals>.<dictcomp>.<lambda> at 0x0000023C34E859E0>, 'constant_3.6': <function slim.<locals>.<dictcomp>.<lambda> at 0x0000023C34E872E0>, 'constant_3.7': <function slim.<locals>.<dictcomp>.<lambda> at 0x0000023C34E87D80>, 'constant_3.8': <function slim.<locals>.<dictcomp>.<lambda> at 0x0000023C34E876A0>, 'constant_3.9': <function slim.<locals>.<dictcomp>.<lambda> at 0x0000023C34E86020>, 'constant_4.0': <function slim.<locals>.<dictcomp>.<lambda> at 0x0000023C34E87560>, 'constant_4.1': <function slim.<locals>.<dictcomp>.<lambda> at 0x0000023C34E87740>, 'constant_4.2': <function slim.<locals>.<dictcomp>.<lambda> at 0x0000023C34E87EC0>, 'constant_4.3': <function slim.<locals>.<dictcomp>.<lambda> at 0x0000023C34E871A0>, 'constant_4.4': <function slim.<locals>.<dictcomp>.<lambda> at 0x0000023C34E85E40>, 'constant_4.5': <function slim.<locals>.<dictcomp>.<lambda> at 0x0000023C34E85080>, 'constant_4.6': <function slim.<locals>.<dictcomp>.<lambda> at 0x0000023C34E87BA0>, 'constant_4.7': <function slim.<locals>.<dictcomp>.<lambda> at 0x0000023C34E85B20>, 'constant_4.8': <function slim.<locals>.<dictcomp>.<lambda> at 0x0000023C34E87C40>, 'constant_4.9': <function slim.<locals>.<dictcomp>.<lambda> at 0x0000023C34E87B00>, 'constant_5.0': <function slim.<locals>.<dictcomp>.<lambda> at 0x0000023C34E856C0>, 'constant_5.1': <function slim.<locals>.<dictcomp>.<lambda> at 0x0000023C34E87600>, 'constant_5.2': <function slim.<locals>.<dictcomp>.<lambda> at 0x0000023C34E874C0>, 'constant_5.3': <function slim.<locals>.<dictcomp>.<lambda> at 0x0000023C3663AFC0>, 'constant_5.4': <function slim.<locals>.<dictcomp>.<lambda> at 0x0000023C3663B4C0>, 'constant_5.5': <function slim.<locals>.<dictcomp>.<lambda> at 0x0000023C36639300>, 'constant_5.6': <function slim.<locals>.<dictcomp>.<lambda> at 0x0000023C366393A0>, 'constant_5.7': <function slim.<locals>.<dictcomp>.<lambda> at 0x0000023C3663B7E0>, 'constant_5.8': <function slim.<locals>.<dictcomp>.<lambda> at 0x0000023C3663AF20>, 'constant_5.9': <function slim.<locals>.<dictcomp>.<lambda> at 0x0000023C36639580>, 'constant_6.0': <function slim.<locals>.<dictcomp>.<lambda> at 0x0000023C36638C20>, 'constant_6.1': <function slim.<locals>.<dictcomp>.<lambda> at 0x0000023C3663BC40>, 'constant_6.2': <function slim.<locals>.<dictcomp>.<lambda> at 0x0000023C36638A40>, 'constant_6.3': <function slim.<locals>.<dictcomp>.<lambda> at 0x0000023C36639BC0>, 'constant_6.4': <function slim.<locals>.<dictcomp>.<lambda> at 0x0000023C36639C60>, 'constant_6.5': <function slim.<locals>.<dictcomp>.<lambda> at 0x0000023C366382C0>, 'constant_6.6': <function slim.<locals>.<dictcomp>.<lambda> at 0x0000023C3663BA60>, 'constant_6.7': <function slim.<locals>.<dictcomp>.<lambda> at 0x0000023C3663AA20>, 'constant_6.8': <function slim.<locals>.<dictcomp>.<lambda> at 0x0000023C3663A660>, 'constant_6.9': <function slim.<locals>.<dictcomp>.<lambda> at 0x0000023C366389A0>, 'constant_7.0': <function slim.<locals>.<dictcomp>.<lambda> at 0x0000023C36638F40>, 'constant_7.1': <function slim.<locals>.<dictcomp>.<lambda> at 0x0000023C3663BB00>, 'constant_7.2': <function slim.<locals>.<dictcomp>.<lambda> at 0x0000023C3663A160>, 'constant_7.3': <function slim.<locals>.<dictcomp>.<lambda> at 0x0000023C366391C0>, 'constant_7.4': <function slim.<locals>.<dictcomp>.<lambda> at 0x0000023C36638720>, 'constant_7.5': <function slim.<locals>.<dictcomp>.<lambda> at 0x0000023C366396C0>, 'constant_7.6': <function slim.<locals>.<dictcomp>.<lambda> at 0x0000023C36639EE0>, 'constant_7.7': <function slim.<locals>.<dictcomp>.<lambda> at 0x0000023C36639800>, 'constant_7.8': <function slim.<locals>.<dictcomp>.<lambda> at 0x0000023C3663A8E0>, 'constant_7.9': <function slim.<locals>.<dictcomp>.<lambda> at 0x0000023C3663A020>, 'constant_8.0': <function slim.<locals>.<dictcomp>.<lambda> at 0x0000023C36639080>, 'constant_8.1': <function slim.<locals>.<dictcomp>.<lambda> at 0x0000023C36638400>, 'constant_8.2': <function slim.<locals>.<dictcomp>.<lambda> at 0x0000023C3663A2A0>, 'constant_8.3': <function slim.<locals>.<dictcomp>.<lambda> at 0x0000023C3663B740>, 'constant_8.4': <function slim.<locals>.<dictcomp>.<lambda> at 0x0000023C3663BD80>, 'constant_8.5': <function slim.<locals>.<dictcomp>.<lambda> at 0x0000023C3663AE80>, 'constant_8.6': <function slim.<locals>.<dictcomp>.<lambda> at 0x0000023C3663B2E0>, 'constant_8.7': <function slim.<locals>.<dictcomp>.<lambda> at 0x0000023C3663BF60>, 'constant_8.8': <function slim.<locals>.<dictcomp>.<lambda> at 0x0000023C3663B920>, 'constant_8.9': <function slim.<locals>.<dictcomp>.<lambda> at 0x0000023C3663BCE0>, 'constant_9.0': <function slim.<locals>.<dictcomp>.<lambda> at 0x0000023C3663BBA0>, 'constant_9.1': <function slim.<locals>.<dictcomp>.<lambda> at 0x0000023C3663A0C0>, 'constant_9.2': <function slim.<locals>.<dictcomp>.<lambda> at 0x0000023C36638900>, 'constant_9.3': <function slim.<locals>.<dictcomp>.<lambda> at 0x0000023C3663A3E0>, 'constant_9.4': <function slim.<locals>.<dictcomp>.<lambda> at 0x0000023C3663A700>, 'constant_9.5': <function slim.<locals>.<dictcomp>.<lambda> at 0x0000023C3663AB60>, 'constant_9.6': <function slim.<locals>.<dictcomp>.<lambda> at 0x0000023C36638FE0>, 'constant_9.7': <function slim.<locals>.<dictcomp>.<lambda> at 0x0000023C3663B880>, 'constant_9.8': <function slim.<locals>.<dictcomp>.<lambda> at 0x0000023C366380E0>, 'constant_9.9': <function slim.<locals>.<dictcomp>.<lambda> at 0x0000023C3663A840>, 'constant_10.0': <function slim.<locals>.<dictcomp>.<lambda> at 0x0000023C3663A480>}, 'p_c': 0.2, 'init_depth': 6, 'init_pop_size': 50, 'p_test': 0.2}"
27d6ac92-0535-11f0-bfaa-54a95b9ec813,"{'run_info': ['SLIM+SIG2', UUID('27d6ac92-0535-11f0-bfaa-54a95b9ec813'), 'blood'], 'ffunction': <function f1_score at 0x0000023C336E59E0>, 'max_depth': 15, 'reconstruct': True, 'n_iter': 200, 'elitism': True, 'n_elites': 1, 'log': 1, 'verbose': False, 'n_jobs': 1, 'test_elite': True, 'log_path': '../../data/results/experiment2/blood/log_config_id_12.csv', 'initializer': <function rhh at 0x0000023C336E4FE0>, 'selector': <function tournament_selection_max.<locals>.ts at 0x0000023C36622AC0>, 'crossover': <function geometric_crossover at 0x0000023C3342E840>, 'ms': <function generate_random_uniform.<locals>.generate_num at 0x0000023C36639620>, 'inflate_mutator': <function inflate_mutation.<locals>.inflate at 0x0000023C366387C0>, 'deflate_mutator': <function deflate_mutation at 0x0000023C336E7A60>, 'p_xo': 0, 'settings_dict': {'p_test': 0.2}, 'find_elit_func': <function get_best_max at 0x0000023C336E4040>, 'p_inflate': 0.75, 'copy_parent': True, 'operator': 'sum', 'pop_size': 50, 'seed': 5, 'p_m': 1, 'two_trees': True, 'p_deflate': 0.25, 'FUNCTIONS': {'add': {'function': <built-in method add of type object at 0x00007FFB1CF749D0>, 'arity': 2}, 'subtract': {'function': <built-in method sub of type object at 0x00007FFB1CF749D0>, 'arity': 2}, 'multiply': {'function': <built-in method mul of type object at 0x00007FFB1CF749D0>, 'arity': 2}, 'divide': {'function': <function protected_div at 0x0000023C3342DB20>, 'arity': 2}}, 'CONSTANTS': {'constant__10.0': <function slim.<locals>.<dictcomp>.<lambda> at 0x0000023C3663BE20>, 'constant__9.9': <function slim.<locals>.<dictcomp>.<lambda> at 0x0000023C36638AE0>, 'constant__9.8': <function slim.<locals>.<dictcomp>.<lambda> at 0x0000023C36638040>, 'constant__9.7': <function slim.<locals>.<dictcomp>.<lambda> at 0x0000023C36639760>, 'constant__9.6': <function slim.<locals>.<dictcomp>.<lambda> at 0x0000023C3663B100>, 'constant__9.5': <function slim.<locals>.<dictcomp>.<lambda> at 0x0000023C366384A0>, 'constant__9.4': <function slim.<locals>.<dictcomp>.<lambda> at 0x0000023C36639E40>, 'constant__9.3': <function slim.<locals>.<dictcomp>.<lambda> at 0x0000023C3663B420>, 'constant__9.2': <function slim.<locals>.<dictcomp>.<lambda> at 0x0000023C3663B560>, 'constant__9.1': <function slim.<locals>.<dictcomp>.<lambda> at 0x0000023C3663AC00>, 'constant__9.0': <function slim.<locals>.<dictcomp>.<lambda> at 0x0000023C36639440>, 'constant__8.9': <function slim.<locals>.<dictcomp>.<lambda> at 0x0000023C36638D60>, 'constant__8.8': <function slim.<locals>.<dictcomp>.<lambda> at 0x0000023C366398A0>, 'constant__8.7': <function slim.<locals>.<dictcomp>.<lambda> at 0x0000023C34F1C900>, 'constant__8.6': <function slim.<locals>.<dictcomp>.<lambda> at 0x0000023C34F1EA20>, 'constant__8.5': <function slim.<locals>.<dictcomp>.<lambda> at 0x0000023C34F1F7E0>, 'constant__8.4': <function slim.<locals>.<dictcomp>.<lambda> at 0x0000023C34F1D300>, 'constant__8.3': <function slim.<locals>.<dictcomp>.<lambda> at 0x0000023C34F1F2E0>, 'constant__8.2': <function slim.<locals>.<dictcomp>.<lambda> at 0x0000023C34F1E480>, 'constant__8.1': <function slim.<locals>.<dictcomp>.<lambda> at 0x0000023C34F1CC20>, 'constant__8.0': <function slim.<locals>.<dictcomp>.<lambda> at 0x0000023C34F1D940>, 'constant__7.9': <function slim.<locals>.<dictcomp>.<lambda> at 0x0000023C34F1C220>, 'constant__7.8': <function slim.<locals>.<dictcomp>.<lambda> at 0x0000023C34F1E200>, 'constant__7.7': <function slim.<locals>.<dictcomp>.<lambda> at 0x0000023C34F1C7C0>, 'constant__7.6': <function slim.<locals>.<dictcomp>.<lambda> at 0x0000023C34F1C400>, 'constant__7.5': <function slim.<locals>.<dictcomp>.<lambda> at 0x0000023C34F1E700>, 'constant__7.4': <function slim.<locals>.<dictcomp>.<lambda> at 0x0000023C34F1F9C0>, 'constant__7.3': <function slim.<locals>.<dictcomp>.<lambda> at 0x0000023C34F1FA60>, 'constant__7.2': <function slim.<locals>.<dictcomp>.<lambda> at 0x0000023C34F1E7A0>, 'constant__7.1': <function slim.<locals>.<dictcomp>.<lambda> at 0x0000023C34F1CFE0>, 'constant__7.0': <function slim.<locals>.<dictcomp>.<lambda> at 0x0000023C34F1FF60>, 'constant__6.9': <function slim.<locals>.<dictcomp>.<lambda> at 0x0000023C34F1C040>, 'constant__6.8': <function slim.<locals>.<dictcomp>.<lambda> at 0x0000023C34F1E660>, 'constant__6.7': <function slim.<locals>.<dictcomp>.<lambda> at 0x0000023C34F1F880>, 'constant__6.6': <function slim.<locals>.<dictcomp>.<lambda> at 0x0000023C34F1D260>, 'constant__6.5': <function slim.<locals>.<dictcomp>.<lambda> at 0x0000023C34F1CAE0>, 'constant__6.4': <function slim.<locals>.<dictcomp>.<lambda> at 0x0000023C34F1EC00>, 'constant__6.3': <function slim.<locals>.<dictcomp>.<lambda> at 0x0000023C34F1F060>, 'constant__6.2': <function slim.<locals>.<dictcomp>.<lambda> at 0x0000023C34F1D4E0>, 'constant__6.1': <function slim.<locals>.<dictcomp>.<lambda> at 0x0000023C34F1CEA0>, 'constant__6.0': <function slim.<locals>.<dictcomp>.<lambda> at 0x0000023C34F1C5E0>, 'constant__5.9': <function slim.<locals>.<dictcomp>.<lambda> at 0x0000023C34F1E8E0>, 'constant__5.8': <function slim.<locals>.<dictcomp>.<lambda> at 0x0000023C34F1EAC0>, 'constant__5.7': <function slim.<locals>.<dictcomp>.<lambda> at 0x0000023C34F1D580>, 'constant__5.6': <function slim.<locals>.<dictcomp>.<lambda> at 0x0000023C34F1E980>, 'constant__5.5': <function slim.<locals>.<dictcomp>.<lambda> at 0x0000023C34F1D760>, 'constant__5.4': <function slim.<locals>.<dictcomp>.<lambda> at 0x0000023C34F1E840>, 'constant__5.3': <function slim.<locals>.<dictcomp>.<lambda> at 0x0000023C34F1DA80>, 'constant__5.2': <function slim.<locals>.<dictcomp>.<lambda> at 0x0000023C34F1F240>, 'constant__5.1': <function slim.<locals>.<dictcomp>.<lambda> at 0x0000023C34F1E2A0>, 'constant__5.0': <function slim.<locals>.<dictcomp>.<lambda> at 0x0000023C34F1DDA0>, 'constant__4.9': <function slim.<locals>.<dictcomp>.<lambda> at 0x0000023C34F1F920>, 'constant__4.8': <function slim.<locals>.<dictcomp>.<lambda> at 0x0000023C34F1EF20>, 'constant__4.7': <function slim.<locals>.<dictcomp>.<lambda> at 0x0000023C34F1D620>, 'constant__4.6': <function slim.<locals>.<dictcomp>.<lambda> at 0x0000023C34F1F380>, 'constant__4.5': <function slim.<locals>.<dictcomp>.<lambda> at 0x0000023C34F1EFC0>, 'constant__4.4': <function slim.<locals>.<dictcomp>.<lambda> at 0x0000023C34F1C4A0>, 'constant__4.3': <function slim.<locals>.<dictcomp>.<lambda> at 0x0000023C34F1EDE0>, 'constant__4.2': <function slim.<locals>.<dictcomp>.<lambda> at 0x0000023C34F1CB80>, 'constant__4.1': <function slim.<locals>.<dictcomp>.<lambda> at 0x0000023C34F1DB20>, 'constant__4.0': <function slim.<locals>.<dictcomp>.<lambda> at 0x0000023C34F1EE80>, 'constant__3.9': <function slim.<locals>.<dictcomp>.<lambda> at 0x0000023C34F1FC40>, 'constant__3.8': <function slim.<locals>.<dictcomp>.<lambda> at 0x0000023C34F1DEE0>, 'constant__3.7': <function slim.<locals>.<dictcomp>.<lambda> at 0x0000023C34F1FE20>, 'constant__3.6': <function slim.<locals>.<dictcomp>.<lambda> at 0x0000023C34F1F100>, 'constant__3.5': <function slim.<locals>.<dictcomp>.<lambda> at 0x0000023C34F1ED40>, 'constant__3.4': <function slim.<locals>.<dictcomp>.<lambda> at 0x0000023C34F1FEC0>, 'constant__3.3': <function slim.<locals>.<dictcomp>.<lambda> at 0x0000023C34F1DE40>, 'constant__3.2': <function slim.<locals>.<dictcomp>.<lambda> at 0x0000023C34F1F600>, 'constant__3.1': <function slim.<locals>.<dictcomp>.<lambda> at 0x0000023C34F1D440>, 'constant__3.0': <function slim.<locals>.<dictcomp>.<lambda> at 0x0000023C34F1FD80>, 'constant__2.9': <function slim.<locals>.<dictcomp>.<lambda> at 0x0000023C34F1CA40>, 'constant__2.8': <function slim.<locals>.<dictcomp>.<lambda> at 0x0000023C34F1FB00>, 'constant__2.7': <function slim.<locals>.<dictcomp>.<lambda> at 0x0000023C34F1C720>, 'constant__2.6': <function slim.<locals>.<dictcomp>.<lambda> at 0x0000023C34F1F420>, 'constant__2.5': <function slim.<locals>.<dictcomp>.<lambda> at 0x0000023C34F1C680>, 'constant__2.4': <function slim.<locals>.<dictcomp>.<lambda> at 0x0000023C34F1F560>, 'constant__2.3': <function slim.<locals>.<dictcomp>.<lambda> at 0x0000023C34F1C9A0>, 'constant__2.2': <function slim.<locals>.<dictcomp>.<lambda> at 0x0000023C34F1E160>, 'constant__2.1': <function slim.<locals>.<dictcomp>.<lambda> at 0x0000023C34F1C180>, 'constant__2.0': <function slim.<locals>.<dictcomp>.<lambda> at 0x0000023C34F1DC60>, 'constant__1.9': <function slim.<locals>.<dictcomp>.<lambda> at 0x0000023C34F1DF80>, 'constant__1.8': <function slim.<locals>.<dictcomp>.<lambda> at 0x0000023C34F1CCC0>, 'constant__1.7': <function slim.<locals>.<dictcomp>.<lambda> at 0x0000023C34F1D800>, 'constant__1.6': <function slim.<locals>.<dictcomp>.<lambda> at 0x0000023C34F1EB60>, 'constant__1.5': <function slim.<locals>.<dictcomp>.<lambda> at 0x0000023C34F1D120>, 'constant__1.4': <function slim.<locals>.<dictcomp>.<lambda> at 0x0000023C34F1E520>, 'constant__1.3': <function slim.<locals>.<dictcomp>.<lambda> at 0x0000023C34F1D8A0>, 'constant__1.2': <function slim.<locals>.<dictcomp>.<lambda> at 0x0000023C34F1E020>, 'constant__1.1': <function slim.<locals>.<dictcomp>.<lambda> at 0x0000023C34F1C2C0>, 'constant__1.0': <function slim.<locals>.<dictcomp>.<lambda> at 0x0000023C34F1DD00>, 'constant__0.9': <function slim.<locals>.<dictcomp>.<lambda> at 0x0000023C34F1E0C0>, 'constant__0.8': <function slim.<locals>.<dictcomp>.<lambda> at 0x0000023C34F1D9E0>, 'constant__0.7': <function slim.<locals>.<dictcomp>.<lambda> at 0x0000023C34F1E5C0>, 'constant__0.6': <function slim.<locals>.<dictcomp>.<lambda> at 0x0000023C34F1C860>, 'constant__0.5': <function slim.<locals>.<dictcomp>.<lambda> at 0x0000023C34F1CE00>, 'constant__0.4': <function slim.<locals>.<dictcomp>.<lambda> at 0x0000023C34F1DBC0>, 'constant__0.3': <function slim.<locals>.<dictcomp>.<lambda> at 0x0000023C34F1F1A0>, 'constant__0.2': <function slim.<locals>.<dictcomp>.<lambda> at 0x0000023C34F1E340>, 'constant__0.1': <function slim.<locals>.<dictcomp>.<lambda> at 0x0000023C34F1D6C0>, 'constant_0.0': <function slim.<locals>.<dictcomp>.<lambda> at 0x0000023C34F1C360>, 'constant_0.1': <function slim.<locals>.<dictcomp>.<lambda> at 0x0000023C34F1FCE0>, 'constant_0.2': <function slim.<locals>.<dictcomp>.<lambda> at 0x0000023C34F1CD60>, 'constant_0.3': <function slim.<locals>.<dictcomp>.<lambda> at 0x0000023C34F1F4C0>, 'constant_0.4': <function slim.<locals>.<dictcomp>.<lambda> at 0x0000023C34F1D1C0>, 'constant_0.5': <function slim.<locals>.<dictcomp>.<lambda> at 0x0000023C34F1D3A0>, 'constant_0.6': <function slim.<locals>.<dictcomp>.<lambda> at 0x0000023C34F1C540>, 'constant_0.7': <function slim.<locals>.<dictcomp>.<lambda> at 0x0000023C34F1F6A0>, 'constant_0.8': <function slim.<locals>.<dictcomp>.<lambda> at 0x0000023C34F1E3E0>, 'constant_0.9': <function slim.<locals>.<dictcomp>.<lambda> at 0x0000023C34F1CF40>, 'constant_1.0': <function slim.<locals>.<dictcomp>.<lambda> at 0x0000023C34F1FBA0>, 'constant_1.1': <function slim.<locals>.<dictcomp>.<lambda> at 0x0000023C34F1D080>, 'constant_1.2': <function slim.<locals>.<dictcomp>.<lambda> at 0x0000023C336E6700>, 'constant_1.3': <function slim.<locals>.<dictcomp>.<lambda> at 0x0000023C336E7CE0>, 'constant_1.4': <function slim.<locals>.<dictcomp>.<lambda> at 0x0000023C36622660>, 'constant_1.5': <function slim.<locals>.<dictcomp>.<lambda> at 0x0000023C36621440>, 'constant_1.6': <function slim.<locals>.<dictcomp>.<lambda> at 0x0000023C36623920>, 'constant_1.7': <function slim.<locals>.<dictcomp>.<lambda> at 0x0000023C366232E0>, 'constant_1.8': <function slim.<locals>.<dictcomp>.<lambda> at 0x0000023C36622FC0>, 'constant_1.9': <function slim.<locals>.<dictcomp>.<lambda> at 0x0000023C36620A40>, 'constant_2.0': <function slim.<locals>.<dictcomp>.<lambda> at 0x0000023C36622520>, 'constant_2.1': <function slim.<locals>.<dictcomp>.<lambda> at 0x0000023C366204A0>, 'constant_2.2': <function slim.<locals>.<dictcomp>.<lambda> at 0x0000023C36621A80>, 'constant_2.3': <function slim.<locals>.<dictcomp>.<lambda> at 0x0000023C36622CA0>, 'constant_2.4': <function slim.<locals>.<dictcomp>.<lambda> at 0x0000023C36620CC0>, 'constant_2.5': <function slim.<locals>.<dictcomp>.<lambda> at 0x0000023C36622340>, 'constant_2.6': <function slim.<locals>.<dictcomp>.<lambda> at 0x0000023C36623380>, 'constant_2.7': <function slim.<locals>.<dictcomp>.<lambda> at 0x0000023C36623560>, 'constant_2.8': <function slim.<locals>.<dictcomp>.<lambda> at 0x0000023C366223E0>, 'constant_2.9': <function slim.<locals>.<dictcomp>.<lambda> at 0x0000023C36622B60>, 'constant_3.0': <function slim.<locals>.<dictcomp>.<lambda> at 0x0000023C36620D60>, 'constant_3.1': <function slim.<locals>.<dictcomp>.<lambda> at 0x0000023C36622700>, 'constant_3.2': <function slim.<locals>.<dictcomp>.<lambda> at 0x0000023C366213A0>, 'constant_3.3': <function slim.<locals>.<dictcomp>.<lambda> at 0x0000023C366222A0>, 'constant_3.4': <function slim.<locals>.<dictcomp>.<lambda> at 0x0000023C36623600>, 'constant_3.5': <function slim.<locals>.<dictcomp>.<lambda> at 0x0000023C36622A20>, 'constant_3.6': <function slim.<locals>.<dictcomp>.<lambda> at 0x0000023C36622840>, 'constant_3.7': <function slim.<locals>.<dictcomp>.<lambda> at 0x0000023C36620680>, 'constant_3.8': <function slim.<locals>.<dictcomp>.<lambda> at 0x0000023C36623420>, 'constant_3.9': <function slim.<locals>.<dictcomp>.<lambda> at 0x0000023C366225C0>, 'constant_4.0': <function slim.<locals>.<dictcomp>.<lambda> at 0x0000023C36620360>, 'constant_4.1': <function slim.<locals>.<dictcomp>.<lambda> at 0x0000023C36620860>, 'constant_4.2': <function slim.<locals>.<dictcomp>.<lambda> at 0x0000023C36621E40>, 'constant_4.3': <function slim.<locals>.<dictcomp>.<lambda> at 0x0000023C36621120>, 'constant_4.4': <function slim.<locals>.<dictcomp>.<lambda> at 0x0000023C36623060>, 'constant_4.5': <function slim.<locals>.<dictcomp>.<lambda> at 0x0000023C36620220>, 'constant_4.6': <function slim.<locals>.<dictcomp>.<lambda> at 0x0000023C366234C0>, 'constant_4.7': <function slim.<locals>.<dictcomp>.<lambda> at 0x0000023C366239C0>, 'constant_4.8': <function slim.<locals>.<dictcomp>.<lambda> at 0x0000023C36620C20>, 'constant_4.9': <function slim.<locals>.<dictcomp>.<lambda> at 0x0000023C36623740>, 'constant_5.0': <function slim.<locals>.<dictcomp>.<lambda> at 0x0000023C36620EA0>, 'constant_5.1': <function slim.<locals>.<dictcomp>.<lambda> at 0x0000023C36621D00>, 'constant_5.2': <function slim.<locals>.<dictcomp>.<lambda> at 0x0000023C366219E0>, 'constant_5.3': <function slim.<locals>.<dictcomp>.<lambda> at 0x0000023C36622E80>, 'constant_5.4': <function slim.<locals>.<dictcomp>.<lambda> at 0x0000023C366227A0>, 'constant_5.5': <function slim.<locals>.<dictcomp>.<lambda> at 0x0000023C36620180>, 'constant_5.6': <function slim.<locals>.<dictcomp>.<lambda> at 0x0000023C36621080>, 'constant_5.7': <function slim.<locals>.<dictcomp>.<lambda> at 0x0000023C36622C00>, 'constant_5.8': <function slim.<locals>.<dictcomp>.<lambda> at 0x0000023C36621C60>, 'constant_5.9': <function slim.<locals>.<dictcomp>.<lambda> at 0x0000023C36623D80>, 'constant_6.0': <function slim.<locals>.<dictcomp>.<lambda> at 0x0000023C366228E0>, 'constant_6.1': <function slim.<locals>.<dictcomp>.<lambda> at 0x0000023C36622020>, 'constant_6.2': <function slim.<locals>.<dictcomp>.<lambda> at 0x0000023C36621940>, 'constant_6.3': <function slim.<locals>.<dictcomp>.<lambda> at 0x0000023C36623BA0>, 'constant_6.4': <function slim.<locals>.<dictcomp>.<lambda> at 0x0000023C36621760>, 'constant_6.5': <function slim.<locals>.<dictcomp>.<lambda> at 0x0000023C366237E0>, 'constant_6.6': <function slim.<locals>.<dictcomp>.<lambda> at 0x0000023C36623240>, 'constant_6.7': <function slim.<locals>.<dictcomp>.<lambda> at 0x0000023C366205E0>, 'constant_6.8': <function slim.<locals>.<dictcomp>.<lambda> at 0x0000023C36623100>, 'constant_6.9': <function slim.<locals>.<dictcomp>.<lambda> at 0x0000023C36623F60>, 'constant_7.0': <function slim.<locals>.<dictcomp>.<lambda> at 0x0000023C36621B20>, 'constant_7.1': <function slim.<locals>.<dictcomp>.<lambda> at 0x0000023C366236A0>, 'constant_7.2': <function slim.<locals>.<dictcomp>.<lambda> at 0x0000023C36621620>, 'constant_7.3': <function slim.<locals>.<dictcomp>.<lambda> at 0x0000023C36620540>, 'constant_7.4': <function slim.<locals>.<dictcomp>.<lambda> at 0x0000023C366216C0>, 'constant_7.5': <function slim.<locals>.<dictcomp>.<lambda> at 0x0000023C36623A60>, 'constant_7.6': <function slim.<locals>.<dictcomp>.<lambda> at 0x0000023C36622200>, 'constant_7.7': <function slim.<locals>.<dictcomp>.<lambda> at 0x0000023C36621EE0>, 'constant_7.8': <function slim.<locals>.<dictcomp>.<lambda> at 0x0000023C36621DA0>, 'constant_7.9': <function slim.<locals>.<dictcomp>.<lambda> at 0x0000023C36621F80>, 'constant_8.0': <function slim.<locals>.<dictcomp>.<lambda> at 0x0000023C366231A0>, 'constant_8.1': <function slim.<locals>.<dictcomp>.<lambda> at 0x0000023C36622480>, 'constant_8.2': <function slim.<locals>.<dictcomp>.<lambda> at 0x0000023C36623CE0>, 'constant_8.3': <function slim.<locals>.<dictcomp>.<lambda> at 0x0000023C366211C0>, 'constant_8.4': <function slim.<locals>.<dictcomp>.<lambda> at 0x0000023C36620400>, 'constant_8.5': <function slim.<locals>.<dictcomp>.<lambda> at 0x0000023C36622D40>, 'constant_8.6': <function slim.<locals>.<dictcomp>.<lambda> at 0x0000023C36622160>, 'constant_8.7': <function slim.<locals>.<dictcomp>.<lambda> at 0x0000023C36620040>, 'constant_8.8': <function slim.<locals>.<dictcomp>.<lambda> at 0x0000023C36622F20>, 'constant_8.9': <function slim.<locals>.<dictcomp>.<lambda> at 0x0000023C36621BC0>, 'constant_9.0': <function slim.<locals>.<dictcomp>.<lambda> at 0x0000023C36620AE0>, 'constant_9.1': <function slim.<locals>.<dictcomp>.<lambda> at 0x0000023C39AD7100>, 'constant_9.2': <function slim.<locals>.<dictcomp>.<lambda> at 0x0000023C39AD5300>, 'constant_9.3': <function slim.<locals>.<dictcomp>.<lambda> at 0x0000023C39AD6DE0>, 'constant_9.4': <function slim.<locals>.<dictcomp>.<lambda> at 0x0000023C39AD68E0>, 'constant_9.5': <function slim.<locals>.<dictcomp>.<lambda> at 0x0000023C39AD5940>, 'constant_9.6': <function slim.<locals>.<dictcomp>.<lambda> at 0x0000023C39AD5F80>, 'constant_9.7': <function slim.<locals>.<dictcomp>.<lambda> at 0x0000023C39AD51C0>, 'constant_9.8': <function slim.<locals>.<dictcomp>.<lambda> at 0x0000023C39AD5D00>, 'constant_9.9': <function slim.<locals>.<dictcomp>.<lambda> at 0x0000023C39AD4860>, 'constant_10.0': <function slim.<locals>.<dictcomp>.<lambda> at 0x0000023C39AD7560>}, 'p_c': 0.2, 'init_depth': 6, 'init_pop_size': 50, 'p_test': 0.2}"
27d6ac92-0535-11f0-bfaa-54a95b9ec813,"{'run_info': ['SLIM+SIG2', UUID('27d6ac92-0535-11f0-bfaa-54a95b9ec813'), 'blood'], 'ffunction': <function f1_score at 0x0000023C336E59E0>, 'max_depth': 15, 'reconstruct': True, 'n_iter': 200, 'elitism': True, 'n_elites': 1, 'log': 1, 'verbose': False, 'n_jobs': 1, 'test_elite': True, 'log_path': '../../data/results/experiment2/blood/log_config_id_12.csv', 'initializer': <function rhh at 0x0000023C336E4FE0>, 'selector': <function tournament_selection_max.<locals>.ts at 0x0000023C36639620>, 'crossover': <function geometric_crossover at 0x0000023C3342E840>, 'ms': <function generate_random_uniform.<locals>.generate_num at 0x0000023C34E87C40>, 'inflate_mutator': <function inflate_mutation.<locals>.inflate at 0x0000023C34E85B20>, 'deflate_mutator': <function deflate_mutation at 0x0000023C336E7A60>, 'p_xo': 0, 'settings_dict': {'p_test': 0.2}, 'find_elit_func': <function get_best_max at 0x0000023C336E4040>, 'p_inflate': 0.75, 'copy_parent': True, 'operator': 'sum', 'pop_size': 50, 'seed': 6, 'p_m': 1, 'two_trees': True, 'p_deflate': 0.25, 'FUNCTIONS': {'add': {'function': <built-in method add of type object at 0x00007FFB1CF749D0>, 'arity': 2}, 'subtract': {'function': <built-in method sub of type object at 0x00007FFB1CF749D0>, 'arity': 2}, 'multiply': {'function': <built-in method mul of type object at 0x00007FFB1CF749D0>, 'arity': 2}, 'divide': {'function': <function protected_div at 0x0000023C3342DB20>, 'arity': 2}}, 'CONSTANTS': {'constant__10.0': <function slim.<locals>.<dictcomp>.<lambda> at 0x0000023C34E87BA0>, 'constant__9.9': <function slim.<locals>.<dictcomp>.<lambda> at 0x0000023C34E85080>, 'constant__9.8': <function slim.<locals>.<dictcomp>.<lambda> at 0x0000023C34E85E40>, 'constant__9.7': <function slim.<locals>.<dictcomp>.<lambda> at 0x0000023C34E871A0>, 'constant__9.6': <function slim.<locals>.<dictcomp>.<lambda> at 0x0000023C34E87EC0>, 'constant__9.5': <function slim.<locals>.<dictcomp>.<lambda> at 0x0000023C34E87740>, 'constant__9.4': <function slim.<locals>.<dictcomp>.<lambda> at 0x0000023C34E87560>, 'constant__9.3': <function slim.<locals>.<dictcomp>.<lambda> at 0x0000023C34E86020>, 'constant__9.2': <function slim.<locals>.<dictcomp>.<lambda> at 0x0000023C34E876A0>, 'constant__9.1': <function slim.<locals>.<dictcomp>.<lambda> at 0x0000023C34E87D80>, 'constant__9.0': <function slim.<locals>.<dictcomp>.<lambda> at 0x0000023C34E872E0>, 'constant__8.9': <function slim.<locals>.<dictcomp>.<lambda> at 0x0000023C34E859E0>, 'constant__8.8': <function slim.<locals>.<dictcomp>.<lambda> at 0x0000023C34E85580>, 'constant__8.7': <function slim.<locals>.<dictcomp>.<lambda> at 0x0000023C34E87380>, 'constant__8.6': <function slim.<locals>.<dictcomp>.<lambda> at 0x0000023C34E87100>, 'constant__8.5': <function slim.<locals>.<dictcomp>.<lambda> at 0x0000023C34E87CE0>, 'constant__8.4': <function slim.<locals>.<dictcomp>.<lambda> at 0x0000023C34E85620>, 'constant__8.3': <function slim.<locals>.<dictcomp>.<lambda> at 0x0000023C34E87E20>, 'constant__8.2': <function slim.<locals>.<dictcomp>.<lambda> at 0x0000023C34E87920>, 'constant__8.1': <function slim.<locals>.<dictcomp>.<lambda> at 0x0000023C34E87240>, 'constant__8.0': <function slim.<locals>.<dictcomp>.<lambda> at 0x0000023C34E858A0>, 'constant__7.9': <function slim.<locals>.<dictcomp>.<lambda> at 0x0000023C34E87060>, 'constant__7.8': <function slim.<locals>.<dictcomp>.<lambda> at 0x0000023C34E87880>, 'constant__7.7': <function slim.<locals>.<dictcomp>.<lambda> at 0x0000023C34E877E0>, 'constant__7.6': <function slim.<locals>.<dictcomp>.<lambda> at 0x0000023C34E87420>, 'constant__7.5': <function slim.<locals>.<dictcomp>.<lambda> at 0x0000023C34E87F60>, 'constant__7.4': <function slim.<locals>.<dictcomp>.<lambda> at 0x0000023C34E85940>, 'constant__7.3': <function slim.<locals>.<dictcomp>.<lambda> at 0x0000023C34E879C0>, 'constant__7.2': <function slim.<locals>.<dictcomp>.<lambda> at 0x0000023C34E87A60>, 'constant__7.1': <function slim.<locals>.<dictcomp>.<lambda> at 0x0000023C33E5F9C0>, 'constant__7.0': <function slim.<locals>.<dictcomp>.<lambda> at 0x0000023C36623EC0>, 'constant__6.9': <function slim.<locals>.<dictcomp>.<lambda> at 0x0000023C366209A0>, 'constant__6.8': <function slim.<locals>.<dictcomp>.<lambda> at 0x0000023C36621580>, 'constant__6.7': <function slim.<locals>.<dictcomp>.<lambda> at 0x0000023C36621260>, 'constant__6.6': <function slim.<locals>.<dictcomp>.<lambda> at 0x0000023C36623B00>, 'constant__6.5': <function slim.<locals>.<dictcomp>.<lambda> at 0x0000023C36620FE0>, 'constant__6.4': <function slim.<locals>.<dictcomp>.<lambda> at 0x0000023C36620E00>, 'constant__6.3': <function slim.<locals>.<dictcomp>.<lambda> at 0x0000023C36622980>, 'constant__6.2': <function slim.<locals>.<dictcomp>.<lambda> at 0x0000023C36623C40>, 'constant__6.1': <function slim.<locals>.<dictcomp>.<lambda> at 0x0000023C36622DE0>, 'constant__6.0': <function slim.<locals>.<dictcomp>.<lambda> at 0x0000023C36620900>, 'constant__5.9': <function slim.<locals>.<dictcomp>.<lambda> at 0x0000023C36623E20>, 'constant__5.8': <function slim.<locals>.<dictcomp>.<lambda> at 0x0000023C366214E0>, 'constant__5.7': <function slim.<locals>.<dictcomp>.<lambda> at 0x0000023C36623880>, 'constant__5.6': <function slim.<locals>.<dictcomp>.<lambda> at 0x0000023C366200E0>, 'constant__5.5': <function slim.<locals>.<dictcomp>.<lambda> at 0x0000023C366207C0>, 'constant__5.4': <function slim.<locals>.<dictcomp>.<lambda> at 0x0000023C36620B80>, 'constant__5.3': <function slim.<locals>.<dictcomp>.<lambda> at 0x0000023C36620720>, 'constant__5.2': <function slim.<locals>.<dictcomp>.<lambda> at 0x0000023C36621300>, 'constant__5.1': <function slim.<locals>.<dictcomp>.<lambda> at 0x0000023C366218A0>, 'constant__5.0': <function slim.<locals>.<dictcomp>.<lambda> at 0x0000023C36621800>, 'constant__4.9': <function slim.<locals>.<dictcomp>.<lambda> at 0x0000023C366220C0>, 'constant__4.8': <function slim.<locals>.<dictcomp>.<lambda> at 0x0000023C36620F40>, 'constant__4.7': <function slim.<locals>.<dictcomp>.<lambda> at 0x0000023C34F1ECA0>, 'constant__4.6': <function slim.<locals>.<dictcomp>.<lambda> at 0x0000023C34F1C0E0>, 'constant__4.5': <function slim.<locals>.<dictcomp>.<lambda> at 0x0000023C34F1F740>, 'constant__4.4': <function slim.<locals>.<dictcomp>.<lambda> at 0x0000023C3663A480>, 'constant__4.3': <function slim.<locals>.<dictcomp>.<lambda> at 0x0000023C3663A840>, 'constant__4.2': <function slim.<locals>.<dictcomp>.<lambda> at 0x0000023C366380E0>, 'constant__4.1': <function slim.<locals>.<dictcomp>.<lambda> at 0x0000023C3663B880>, 'constant__4.0': <function slim.<locals>.<dictcomp>.<lambda> at 0x0000023C36638FE0>, 'constant__3.9': <function slim.<locals>.<dictcomp>.<lambda> at 0x0000023C3663AB60>, 'constant__3.8': <function slim.<locals>.<dictcomp>.<lambda> at 0x0000023C3663A700>, 'constant__3.7': <function slim.<locals>.<dictcomp>.<lambda> at 0x0000023C3663A3E0>, 'constant__3.6': <function slim.<locals>.<dictcomp>.<lambda> at 0x0000023C36638900>, 'constant__3.5': <function slim.<locals>.<dictcomp>.<lambda> at 0x0000023C3663A0C0>, 'constant__3.4': <function slim.<locals>.<dictcomp>.<lambda> at 0x0000023C3663BBA0>, 'constant__3.3': <function slim.<locals>.<dictcomp>.<lambda> at 0x0000023C3663BCE0>, 'constant__3.2': <function slim.<locals>.<dictcomp>.<lambda> at 0x0000023C3663B920>, 'constant__3.1': <function slim.<locals>.<dictcomp>.<lambda> at 0x0000023C3663BF60>, 'constant__3.0': <function slim.<locals>.<dictcomp>.<lambda> at 0x0000023C3663B2E0>, 'constant__2.9': <function slim.<locals>.<dictcomp>.<lambda> at 0x0000023C3663AE80>, 'constant__2.8': <function slim.<locals>.<dictcomp>.<lambda> at 0x0000023C3663BD80>, 'constant__2.7': <function slim.<locals>.<dictcomp>.<lambda> at 0x0000023C3663B740>, 'constant__2.6': <function slim.<locals>.<dictcomp>.<lambda> at 0x0000023C3663A2A0>, 'constant__2.5': <function slim.<locals>.<dictcomp>.<lambda> at 0x0000023C36638400>, 'constant__2.4': <function slim.<locals>.<dictcomp>.<lambda> at 0x0000023C36639080>, 'constant__2.3': <function slim.<locals>.<dictcomp>.<lambda> at 0x0000023C3663A020>, 'constant__2.2': <function slim.<locals>.<dictcomp>.<lambda> at 0x0000023C3663A8E0>, 'constant__2.1': <function slim.<locals>.<dictcomp>.<lambda> at 0x0000023C36639800>, 'constant__2.0': <function slim.<locals>.<dictcomp>.<lambda> at 0x0000023C36639EE0>, 'constant__1.9': <function slim.<locals>.<dictcomp>.<lambda> at 0x0000023C366396C0>, 'constant__1.8': <function slim.<locals>.<dictcomp>.<lambda> at 0x0000023C36638720>, 'constant__1.7': <function slim.<locals>.<dictcomp>.<lambda> at 0x0000023C366391C0>, 'constant__1.6': <function slim.<locals>.<dictcomp>.<lambda> at 0x0000023C3663A160>, 'constant__1.5': <function slim.<locals>.<dictcomp>.<lambda> at 0x0000023C3663BB00>, 'constant__1.4': <function slim.<locals>.<dictcomp>.<lambda> at 0x0000023C36638F40>, 'constant__1.3': <function slim.<locals>.<dictcomp>.<lambda> at 0x0000023C366389A0>, 'constant__1.2': <function slim.<locals>.<dictcomp>.<lambda> at 0x0000023C3663A660>, 'constant__1.1': <function slim.<locals>.<dictcomp>.<lambda> at 0x0000023C3663AA20>, 'constant__1.0': <function slim.<locals>.<dictcomp>.<lambda> at 0x0000023C3663BA60>, 'constant__0.9': <function slim.<locals>.<dictcomp>.<lambda> at 0x0000023C366382C0>, 'constant__0.8': <function slim.<locals>.<dictcomp>.<lambda> at 0x0000023C36639C60>, 'constant__0.7': <function slim.<locals>.<dictcomp>.<lambda> at 0x0000023C36639BC0>, 'constant__0.6': <function slim.<locals>.<dictcomp>.<lambda> at 0x0000023C36638A40>, 'constant__0.5': <function slim.<locals>.<dictcomp>.<lambda> at 0x0000023C3663BC40>, 'constant__0.4': <function slim.<locals>.<dictcomp>.<lambda> at 0x0000023C36638C20>, 'constant__0.3': <function slim.<locals>.<dictcomp>.<lambda> at 0x0000023C36639580>, 'constant__0.2': <function slim.<locals>.<dictcomp>.<lambda> at 0x0000023C3663AF20>, 'constant__0.1': <function slim.<locals>.<dictcomp>.<lambda> at 0x0000023C3663B7E0>, 'constant_0.0': <function slim.<locals>.<dictcomp>.<lambda> at 0x0000023C366393A0>, 'constant_0.1': <function slim.<locals>.<dictcomp>.<lambda> at 0x0000023C36639300>, 'constant_0.2': <function slim.<locals>.<dictcomp>.<lambda> at 0x0000023C3663B4C0>, 'constant_0.3': <function slim.<locals>.<dictcomp>.<lambda> at 0x0000023C3663AFC0>, 'constant_0.4': <function slim.<locals>.<dictcomp>.<lambda> at 0x0000023C36638540>, 'constant_0.5': <function slim.<locals>.<dictcomp>.<lambda> at 0x0000023C36639F80>, 'constant_0.6': <function slim.<locals>.<dictcomp>.<lambda> at 0x0000023C36639260>, 'constant_0.7': <function slim.<locals>.<dictcomp>.<lambda> at 0x0000023C3663ACA0>, 'constant_0.8': <function slim.<locals>.<dictcomp>.<lambda> at 0x0000023C36639940>, 'constant_0.9': <function slim.<locals>.<dictcomp>.<lambda> at 0x0000023C36638EA0>, 'constant_1.0': <function slim.<locals>.<dictcomp>.<lambda> at 0x0000023C36638CC0>, 'constant_1.1': <function slim.<locals>.<dictcomp>.<lambda> at 0x0000023C3663A7A0>, 'constant_1.2': <function slim.<locals>.<dictcomp>.<lambda> at 0x0000023C3663A980>, 'constant_1.3': <function slim.<locals>.<dictcomp>.<lambda> at 0x0000023C3663B9C0>, 'constant_1.4': <function slim.<locals>.<dictcomp>.<lambda> at 0x0000023C3663A520>, 'constant_1.5': <function slim.<locals>.<dictcomp>.<lambda> at 0x0000023C36638E00>, 'constant_1.6': <function slim.<locals>.<dictcomp>.<lambda> at 0x0000023C3663A200>, 'constant_1.7': <function slim.<locals>.<dictcomp>.<lambda> at 0x0000023C3663ADE0>, 'constant_1.8': <function slim.<locals>.<dictcomp>.<lambda> at 0x0000023C36639D00>, 'constant_1.9': <function slim.<locals>.<dictcomp>.<lambda> at 0x0000023C366399E0>, 'constant_2.0': <function slim.<locals>.<dictcomp>.<lambda> at 0x0000023C36639120>, 'constant_2.1': <function slim.<locals>.<dictcomp>.<lambda> at 0x0000023C37FEEFC0>, 'constant_2.2': <function slim.<locals>.<dictcomp>.<lambda> at 0x0000023C37FEDA80>, 'constant_2.3': <function slim.<locals>.<dictcomp>.<lambda> at 0x0000023C37FEE8E0>, 'constant_2.4': <function slim.<locals>.<dictcomp>.<lambda> at 0x0000023C37FEE020>, 'constant_2.5': <function slim.<locals>.<dictcomp>.<lambda> at 0x0000023C37FEEA20>, 'constant_2.6': <function slim.<locals>.<dictcomp>.<lambda> at 0x0000023C37FEFB00>, 'constant_2.7': <function slim.<locals>.<dictcomp>.<lambda> at 0x0000023C37FEE520>, 'constant_2.8': <function slim.<locals>.<dictcomp>.<lambda> at 0x0000023C37FEFBA0>, 'constant_2.9': <function slim.<locals>.<dictcomp>.<lambda> at 0x0000023C37FED3A0>, 'constant_3.0': <function slim.<locals>.<dictcomp>.<lambda> at 0x0000023C37FEC900>, 'constant_3.1': <function slim.<locals>.<dictcomp>.<lambda> at 0x0000023C37FEC360>, 'constant_3.2': <function slim.<locals>.<dictcomp>.<lambda> at 0x0000023C37FED4E0>, 'constant_3.3': <function slim.<locals>.<dictcomp>.<lambda> at 0x0000023C37FEC4A0>, 'constant_3.4': <function slim.<locals>.<dictcomp>.<lambda> at 0x0000023C37FEC540>, 'constant_3.5': <function slim.<locals>.<dictcomp>.<lambda> at 0x0000023C37FEF9C0>, 'constant_3.6': <function slim.<locals>.<dictcomp>.<lambda> at 0x0000023C37FEEC00>, 'constant_3.7': <function slim.<locals>.<dictcomp>.<lambda> at 0x0000023C37FEC220>, 'constant_3.8': <function slim.<locals>.<dictcomp>.<lambda> at 0x0000023C37FED580>, 'constant_3.9': <function slim.<locals>.<dictcomp>.<lambda> at 0x0000023C37FECE00>, 'constant_4.0': <function slim.<locals>.<dictcomp>.<lambda> at 0x0000023C37FEEAC0>, 'constant_4.1': <function slim.<locals>.<dictcomp>.<lambda> at 0x0000023C37FECCC0>, 'constant_4.2': <function slim.<locals>.<dictcomp>.<lambda> at 0x0000023C37FEF1A0>, 'constant_4.3': <function slim.<locals>.<dictcomp>.<lambda> at 0x0000023C37FED260>, 'constant_4.4': <function slim.<locals>.<dictcomp>.<lambda> at 0x0000023C37FEF7E0>, 'constant_4.5': <function slim.<locals>.<dictcomp>.<lambda> at 0x0000023C37FEEB60>, 'constant_4.6': <function slim.<locals>.<dictcomp>.<lambda> at 0x0000023C37FEC860>, 'constant_4.7': <function slim.<locals>.<dictcomp>.<lambda> at 0x0000023C37FEC680>, 'constant_4.8': <function slim.<locals>.<dictcomp>.<lambda> at 0x0000023C37FEC180>, 'constant_4.9': <function slim.<locals>.<dictcomp>.<lambda> at 0x0000023C37FED9E0>, 'constant_5.0': <function slim.<locals>.<dictcomp>.<lambda> at 0x0000023C37FEDC60>, 'constant_5.1': <function slim.<locals>.<dictcomp>.<lambda> at 0x0000023C37FEEF20>, 'constant_5.2': <function slim.<locals>.<dictcomp>.<lambda> at 0x0000023C37FEC2C0>, 'constant_5.3': <function slim.<locals>.<dictcomp>.<lambda> at 0x0000023C37FED940>, 'constant_5.4': <function slim.<locals>.<dictcomp>.<lambda> at 0x0000023C37FEE2A0>, 'constant_5.5': <function slim.<locals>.<dictcomp>.<lambda> at 0x0000023C37FEC7C0>, 'constant_5.6': <function slim.<locals>.<dictcomp>.<lambda> at 0x0000023C37FEF100>, 'constant_5.7': <function slim.<locals>.<dictcomp>.<lambda> at 0x0000023C37FEC720>, 'constant_5.8': <function slim.<locals>.<dictcomp>.<lambda> at 0x0000023C37FEDDA0>, 'constant_5.9': <function slim.<locals>.<dictcomp>.<lambda> at 0x0000023C37FED800>, 'constant_6.0': <function slim.<locals>.<dictcomp>.<lambda> at 0x0000023C37FEE480>, 'constant_6.1': <function slim.<locals>.<dictcomp>.<lambda> at 0x0000023C37FECFE0>, 'constant_6.2': <function slim.<locals>.<dictcomp>.<lambda> at 0x0000023C37FEDF80>, 'constant_6.3': <function slim.<locals>.<dictcomp>.<lambda> at 0x0000023C37FEC0E0>, 'constant_6.4': <function slim.<locals>.<dictcomp>.<lambda> at 0x0000023C37FED300>, 'constant_6.5': <function slim.<locals>.<dictcomp>.<lambda> at 0x0000023C37FEE340>, 'constant_6.6': <function slim.<locals>.<dictcomp>.<lambda> at 0x0000023C37FEF060>, 'constant_6.7': <function slim.<locals>.<dictcomp>.<lambda> at 0x0000023C37FED440>, 'constant_6.8': <function slim.<locals>.<dictcomp>.<lambda> at 0x0000023C37FEE3E0>, 'constant_6.9': <function slim.<locals>.<dictcomp>.<lambda> at 0x0000023C37FEF880>, 'constant_7.0': <function slim.<locals>.<dictcomp>.<lambda> at 0x0000023C37FEF380>, 'constant_7.1': <function slim.<locals>.<dictcomp>.<lambda> at 0x0000023C37FEE840>, 'constant_7.2': <function slim.<locals>.<dictcomp>.<lambda> at 0x0000023C37FECA40>, 'constant_7.3': <function slim.<locals>.<dictcomp>.<lambda> at 0x0000023C37FED120>, 'constant_7.4': <function slim.<locals>.<dictcomp>.<lambda> at 0x0000023C37FEE980>, 'constant_7.5': <function slim.<locals>.<dictcomp>.<lambda> at 0x0000023C37FEF920>, 'constant_7.6': <function slim.<locals>.<dictcomp>.<lambda> at 0x0000023C37FEF2E0>, 'constant_7.7': <function slim.<locals>.<dictcomp>.<lambda> at 0x0000023C37FEEE80>, 'constant_7.8': <function slim.<locals>.<dictcomp>.<lambda> at 0x0000023C37FECAE0>, 'constant_7.9': <function slim.<locals>.<dictcomp>.<lambda> at 0x0000023C37FED8A0>, 'constant_8.0': <function slim.<locals>.<dictcomp>.<lambda> at 0x0000023C37FEFF60>, 'constant_8.1': <function slim.<locals>.<dictcomp>.<lambda> at 0x0000023C37FEFE20>, 'constant_8.2': <function slim.<locals>.<dictcomp>.<lambda> at 0x0000023C37FED080>, 'constant_8.3': <function slim.<locals>.<dictcomp>.<lambda> at 0x0000023C37FEFD80>, 'constant_8.4': <function slim.<locals>.<dictcomp>.<lambda> at 0x0000023C37FEFC40>, 'constant_8.5': <function slim.<locals>.<dictcomp>.<lambda> at 0x0000023C37FEF4C0>, 'constant_8.6': <function slim.<locals>.<dictcomp>.<lambda> at 0x0000023C37FEF740>, 'constant_8.7': <function slim.<locals>.<dictcomp>.<lambda> at 0x0000023C37FECC20>, 'constant_8.8': <function slim.<locals>.<dictcomp>.<lambda> at 0x0000023C37FEF240>, 'constant_8.9': <function slim.<locals>.<dictcomp>.<lambda> at 0x0000023C37FED1C0>, 'constant_9.0': <function slim.<locals>.<dictcomp>.<lambda> at 0x0000023C37FEFCE0>, 'constant_9.1': <function slim.<locals>.<dictcomp>.<lambda> at 0x0000023C37FECD60>, 'constant_9.2': <function slim.<locals>.<dictcomp>.<lambda> at 0x0000023C37FEF420>, 'constant_9.3': <function slim.<locals>.<dictcomp>.<lambda> at 0x0000023C37FEE0C0>, 'constant_9.4': <function slim.<locals>.<dictcomp>.<lambda> at 0x0000023C37FEEDE0>, 'constant_9.5': <function slim.<locals>.<dictcomp>.<lambda> at 0x0000023C37FECB80>, 'constant_9.6': <function slim.<locals>.<dictcomp>.<lambda> at 0x0000023C37FEF560>, 'constant_9.7': <function slim.<locals>.<dictcomp>.<lambda> at 0x0000023C37FEF600>, 'constant_9.8': <function slim.<locals>.<dictcomp>.<lambda> at 0x0000023C37FEDE40>, 'constant_9.9': <function slim.<locals>.<dictcomp>.<lambda> at 0x0000023C37FEFA60>, 'constant_10.0': <function slim.<locals>.<dictcomp>.<lambda> at 0x0000023C37FEDB20>}, 'p_c': 0.2, 'init_depth': 6, 'init_pop_size': 50, 'p_test': 0.2}"
27d6ac92-0535-11f0-bfaa-54a95b9ec813,"{'run_info': ['SLIM+SIG2', UUID('27d6ac92-0535-11f0-bfaa-54a95b9ec813'), 'blood'], 'ffunction': <function f1_score at 0x0000023C336E59E0>, 'max_depth': 15, 'reconstruct': True, 'n_iter': 200, 'elitism': True, 'n_elites': 1, 'log': 1, 'verbose': False, 'n_jobs': 1, 'test_elite': True, 'log_path': '../../data/results/experiment2/blood/log_config_id_12.csv', 'initializer': <function rhh at 0x0000023C336E4FE0>, 'selector': <function tournament_selection_max.<locals>.ts at 0x0000023C34E87C40>, 'crossover': <function geometric_crossover at 0x0000023C3342E840>, 'ms': <function generate_random_uniform.<locals>.generate_num at 0x0000023C34F1E340>, 'inflate_mutator': <function inflate_mutation.<locals>.inflate at 0x0000023C34F1F1A0>, 'deflate_mutator': <function deflate_mutation at 0x0000023C336E7A60>, 'p_xo': 0, 'settings_dict': {'p_test': 0.2}, 'find_elit_func': <function get_best_max at 0x0000023C336E4040>, 'p_inflate': 0.75, 'copy_parent': True, 'operator': 'sum', 'pop_size': 50, 'seed': 7, 'p_m': 1, 'two_trees': True, 'p_deflate': 0.25, 'FUNCTIONS': {'add': {'function': <built-in method add of type object at 0x00007FFB1CF749D0>, 'arity': 2}, 'subtract': {'function': <built-in method sub of type object at 0x00007FFB1CF749D0>, 'arity': 2}, 'multiply': {'function': <built-in method mul of type object at 0x00007FFB1CF749D0>, 'arity': 2}, 'divide': {'function': <function protected_div at 0x0000023C3342DB20>, 'arity': 2}}, 'CONSTANTS': {'constant__10.0': <function slim.<locals>.<dictcomp>.<lambda> at 0x0000023C34F1DBC0>, 'constant__9.9': <function slim.<locals>.<dictcomp>.<lambda> at 0x0000023C34F1CE00>, 'constant__9.8': <function slim.<locals>.<dictcomp>.<lambda> at 0x0000023C34F1C860>, 'constant__9.7': <function slim.<locals>.<dictcomp>.<lambda> at 0x0000023C34F1E5C0>, 'constant__9.6': <function slim.<locals>.<dictcomp>.<lambda> at 0x0000023C34F1D9E0>, 'constant__9.5': <function slim.<locals>.<dictcomp>.<lambda> at 0x0000023C34F1E0C0>, 'constant__9.4': <function slim.<locals>.<dictcomp>.<lambda> at 0x0000023C34F1DD00>, 'constant__9.3': <function slim.<locals>.<dictcomp>.<lambda> at 0x0000023C34F1C2C0>, 'constant__9.2': <function slim.<locals>.<dictcomp>.<lambda> at 0x0000023C34F1E020>, 'constant__9.1': <function slim.<locals>.<dictcomp>.<lambda> at 0x0000023C34F1D8A0>, 'constant__9.0': <function slim.<locals>.<dictcomp>.<lambda> at 0x0000023C34F1E520>, 'constant__8.9': <function slim.<locals>.<dictcomp>.<lambda> at 0x0000023C34F1D120>, 'constant__8.8': <function slim.<locals>.<dictcomp>.<lambda> at 0x0000023C34F1EB60>, 'constant__8.7': <function slim.<locals>.<dictcomp>.<lambda> at 0x0000023C34F1D800>, 'constant__8.6': <function slim.<locals>.<dictcomp>.<lambda> at 0x0000023C34F1CCC0>, 'constant__8.5': <function slim.<locals>.<dictcomp>.<lambda> at 0x0000023C34F1DF80>, 'constant__8.4': <function slim.<locals>.<dictcomp>.<lambda> at 0x0000023C34F1DC60>, 'constant__8.3': <function slim.<locals>.<dictcomp>.<lambda> at 0x0000023C34F1C180>, 'constant__8.2': <function slim.<locals>.<dictcomp>.<lambda> at 0x0000023C34F1E160>, 'constant__8.1': <function slim.<locals>.<dictcomp>.<lambda> at 0x0000023C34F1C9A0>, 'constant__8.0': <function slim.<locals>.<dictcomp>.<lambda> at 0x0000023C34F1F560>, 'constant__7.9': <function slim.<locals>.<dictcomp>.<lambda> at 0x0000023C34F1C680>, 'constant__7.8': <function slim.<locals>.<dictcomp>.<lambda> at 0x0000023C34F1F420>, 'constant__7.7': <function slim.<locals>.<dictcomp>.<lambda> at 0x0000023C34F1C720>, 'constant__7.6': <function slim.<locals>.<dictcomp>.<lambda> at 0x0000023C34F1FB00>, 'constant__7.5': <function slim.<locals>.<dictcomp>.<lambda> at 0x0000023C34F1CA40>, 'constant__7.4': <function slim.<locals>.<dictcomp>.<lambda> at 0x0000023C34F1FD80>, 'constant__7.3': <function slim.<locals>.<dictcomp>.<lambda> at 0x0000023C34F1D440>, 'constant__7.2': <function slim.<locals>.<dictcomp>.<lambda> at 0x0000023C34F1F600>, 'constant__7.1': <function slim.<locals>.<dictcomp>.<lambda> at 0x0000023C34F1DE40>, 'constant__7.0': <function slim.<locals>.<dictcomp>.<lambda> at 0x0000023C34F1FEC0>, 'constant__6.9': <function slim.<locals>.<dictcomp>.<lambda> at 0x0000023C34F1ED40>, 'constant__6.8': <function slim.<locals>.<dictcomp>.<lambda> at 0x0000023C34F1F100>, 'constant__6.7': <function slim.<locals>.<dictcomp>.<lambda> at 0x0000023C34F1FE20>, 'constant__6.6': <function slim.<locals>.<dictcomp>.<lambda> at 0x0000023C34F1DEE0>, 'constant__6.5': <function slim.<locals>.<dictcomp>.<lambda> at 0x0000023C34F1FC40>, 'constant__6.4': <function slim.<locals>.<dictcomp>.<lambda> at 0x0000023C34F1EE80>, 'constant__6.3': <function slim.<locals>.<dictcomp>.<lambda> at 0x0000023C34F1DB20>, 'constant__6.2': <function slim.<locals>.<dictcomp>.<lambda> at 0x0000023C34F1CB80>, 'constant__6.1': <function slim.<locals>.<dictcomp>.<lambda> at 0x0000023C34F1EDE0>, 'constant__6.0': <function slim.<locals>.<dictcomp>.<lambda> at 0x0000023C34F1C4A0>, 'constant__5.9': <function slim.<locals>.<dictcomp>.<lambda> at 0x0000023C34F1EFC0>, 'constant__5.8': <function slim.<locals>.<dictcomp>.<lambda> at 0x0000023C34F1F380>, 'constant__5.7': <function slim.<locals>.<dictcomp>.<lambda> at 0x0000023C34F1D620>, 'constant__5.6': <function slim.<locals>.<dictcomp>.<lambda> at 0x0000023C34F1EF20>, 'constant__5.5': <function slim.<locals>.<dictcomp>.<lambda> at 0x0000023C34F1F920>, 'constant__5.4': <function slim.<locals>.<dictcomp>.<lambda> at 0x0000023C34F1DDA0>, 'constant__5.3': <function slim.<locals>.<dictcomp>.<lambda> at 0x0000023C34F1E2A0>, 'constant__5.2': <function slim.<locals>.<dictcomp>.<lambda> at 0x0000023C34F1F240>, 'constant__5.1': <function slim.<locals>.<dictcomp>.<lambda> at 0x0000023C34F1DA80>, 'constant__5.0': <function slim.<locals>.<dictcomp>.<lambda> at 0x0000023C34F1E840>, 'constant__4.9': <function slim.<locals>.<dictcomp>.<lambda> at 0x0000023C34F1D760>, 'constant__4.8': <function slim.<locals>.<dictcomp>.<lambda> at 0x0000023C34F1E980>, 'constant__4.7': <function slim.<locals>.<dictcomp>.<lambda> at 0x0000023C34F1D580>, 'constant__4.6': <function slim.<locals>.<dictcomp>.<lambda> at 0x0000023C34F1EAC0>, 'constant__4.5': <function slim.<locals>.<dictcomp>.<lambda> at 0x0000023C34F1E8E0>, 'constant__4.4': <function slim.<locals>.<dictcomp>.<lambda> at 0x0000023C34F1C5E0>, 'constant__4.3': <function slim.<locals>.<dictcomp>.<lambda> at 0x0000023C34F1CEA0>, 'constant__4.2': <function slim.<locals>.<dictcomp>.<lambda> at 0x0000023C34F1D4E0>, 'constant__4.1': <function slim.<locals>.<dictcomp>.<lambda> at 0x0000023C34F1F060>, 'constant__4.0': <function slim.<locals>.<dictcomp>.<lambda> at 0x0000023C34F1EC00>, 'constant__3.9': <function slim.<locals>.<dictcomp>.<lambda> at 0x0000023C34F1CAE0>, 'constant__3.8': <function slim.<locals>.<dictcomp>.<lambda> at 0x0000023C34F1D260>, 'constant__3.7': <function slim.<locals>.<dictcomp>.<lambda> at 0x0000023C34F1F880>, 'constant__3.6': <function slim.<locals>.<dictcomp>.<lambda> at 0x0000023C34F1E660>, 'constant__3.5': <function slim.<locals>.<dictcomp>.<lambda> at 0x0000023C34F1C040>, 'constant__3.4': <function slim.<locals>.<dictcomp>.<lambda> at 0x0000023C34F1FF60>, 'constant__3.3': <function slim.<locals>.<dictcomp>.<lambda> at 0x0000023C34F1CFE0>, 'constant__3.2': <function slim.<locals>.<dictcomp>.<lambda> at 0x0000023C34F1E7A0>, 'constant__3.1': <function slim.<locals>.<dictcomp>.<lambda> at 0x0000023C34F1FA60>, 'constant__3.0': <function slim.<locals>.<dictcomp>.<lambda> at 0x0000023C34F1F9C0>, 'constant__2.9': <function slim.<locals>.<dictcomp>.<lambda> at 0x0000023C34F1E700>, 'constant__2.8': <function slim.<locals>.<dictcomp>.<lambda> at 0x0000023C34F1C400>, 'constant__2.7': <function slim.<locals>.<dictcomp>.<lambda> at 0x0000023C34F1C7C0>, 'constant__2.6': <function slim.<locals>.<dictcomp>.<lambda> at 0x0000023C34F1E200>, 'constant__2.5': <function slim.<locals>.<dictcomp>.<lambda> at 0x0000023C34F1C220>, 'constant__2.4': <function slim.<locals>.<dictcomp>.<lambda> at 0x0000023C34F1D940>, 'constant__2.3': <function slim.<locals>.<dictcomp>.<lambda> at 0x0000023C34F1CC20>, 'constant__2.2': <function slim.<locals>.<dictcomp>.<lambda> at 0x0000023C34F1E480>, 'constant__2.1': <function slim.<locals>.<dictcomp>.<lambda> at 0x0000023C34F1F2E0>, 'constant__2.0': <function slim.<locals>.<dictcomp>.<lambda> at 0x0000023C34F1D300>, 'constant__1.9': <function slim.<locals>.<dictcomp>.<lambda> at 0x0000023C34F1F7E0>, 'constant__1.8': <function slim.<locals>.<dictcomp>.<lambda> at 0x0000023C34F1EA20>, 'constant__1.7': <function slim.<locals>.<dictcomp>.<lambda> at 0x0000023C34F1C900>, 'constant__1.6': <function slim.<locals>.<dictcomp>.<lambda> at 0x0000023C5C343EC0>, 'constant__1.5': <function slim.<locals>.<dictcomp>.<lambda> at 0x0000023C39ABBCE0>, 'constant__1.4': <function slim.<locals>.<dictcomp>.<lambda> at 0x0000023C39ABB560>, 'constant__1.3': <function slim.<locals>.<dictcomp>.<lambda> at 0x0000023C39AB9D00>, 'constant__1.2': <function slim.<locals>.<dictcomp>.<lambda> at 0x0000023C39ABBC40>, 'constant__1.1': <function slim.<locals>.<dictcomp>.<lambda> at 0x0000023C39ABAFC0>, 'constant__1.0': <function slim.<locals>.<dictcomp>.<lambda> at 0x0000023C39AB9760>, 'constant__0.9': <function slim.<locals>.<dictcomp>.<lambda> at 0x0000023C39AB9300>, 'constant__0.8': <function slim.<locals>.<dictcomp>.<lambda> at 0x0000023C39AB9080>, 'constant__0.7': <function slim.<locals>.<dictcomp>.<lambda> at 0x0000023C39AB9440>, 'constant__0.6': <function slim.<locals>.<dictcomp>.<lambda> at 0x0000023C39ABB6A0>, 'constant__0.5': <function slim.<locals>.<dictcomp>.<lambda> at 0x0000023C39ABBBA0>, 'constant__0.4': <function slim.<locals>.<dictcomp>.<lambda> at 0x0000023C39ABA7A0>, 'constant__0.3': <function slim.<locals>.<dictcomp>.<lambda> at 0x0000023C39ABA980>, 'constant__0.2': <function slim.<locals>.<dictcomp>.<lambda> at 0x0000023C39ABA700>, 'constant__0.1': <function slim.<locals>.<dictcomp>.<lambda> at 0x0000023C39ABA2A0>, 'constant_0.0': <function slim.<locals>.<dictcomp>.<lambda> at 0x0000023C39AB8220>, 'constant_0.1': <function slim.<locals>.<dictcomp>.<lambda> at 0x0000023C39ABB2E0>, 'constant_0.2': <function slim.<locals>.<dictcomp>.<lambda> at 0x0000023C39AB94E0>, 'constant_0.3': <function slim.<locals>.<dictcomp>.<lambda> at 0x0000023C37FEC400>, 'constant_0.4': <function slim.<locals>.<dictcomp>.<lambda> at 0x0000023C37FEDD00>, 'constant_0.5': <function slim.<locals>.<dictcomp>.<lambda> at 0x0000023C37FEC5E0>, 'constant_0.6': <function slim.<locals>.<dictcomp>.<lambda> at 0x0000023C37FEFEC0>, 'constant_0.7': <function slim.<locals>.<dictcomp>.<lambda> at 0x0000023C37FEF6A0>, 'constant_0.8': <function slim.<locals>.<dictcomp>.<lambda> at 0x0000023C37FEED40>, 'constant_0.9': <function slim.<locals>.<dictcomp>.<lambda> at 0x0000023C37FED620>, 'constant_1.0': <function slim.<locals>.<dictcomp>.<lambda> at 0x0000023C37FEE160>, 'constant_1.1': <function slim.<locals>.<dictcomp>.<lambda> at 0x0000023C37FEE700>, 'constant_1.2': <function slim.<locals>.<dictcomp>.<lambda> at 0x0000023C37FEC9A0>, 'constant_1.3': <function slim.<locals>.<dictcomp>.<lambda> at 0x0000023C37FED760>, 'constant_1.4': <function slim.<locals>.<dictcomp>.<lambda> at 0x0000023C37FEE7A0>, 'constant_1.5': <function slim.<locals>.<dictcomp>.<lambda> at 0x0000023C37FEC040>, 'constant_1.6': <function slim.<locals>.<dictcomp>.<lambda> at 0x0000023C37FED6C0>, 'constant_1.7': <function slim.<locals>.<dictcomp>.<lambda> at 0x0000023C37FEDEE0>, 'constant_1.8': <function slim.<locals>.<dictcomp>.<lambda> at 0x0000023C37FECEA0>, 'constant_1.9': <function slim.<locals>.<dictcomp>.<lambda> at 0x0000023C37FEDBC0>, 'constant_2.0': <function slim.<locals>.<dictcomp>.<lambda> at 0x0000023C37FECF40>, 'constant_2.1': <function slim.<locals>.<dictcomp>.<lambda> at 0x0000023C37FEE660>, 'constant_2.2': <function slim.<locals>.<dictcomp>.<lambda> at 0x0000023C37FEE5C0>, 'constant_2.3': <function slim.<locals>.<dictcomp>.<lambda> at 0x0000023C34E856C0>, 'constant_2.4': <function slim.<locals>.<dictcomp>.<lambda> at 0x0000023C34E874C0>, 'constant_2.5': <function slim.<locals>.<dictcomp>.<lambda> at 0x0000023C34E87600>, 'constant_2.6': <function slim.<locals>.<dictcomp>.<lambda> at 0x0000023C34E87B00>, 'constant_2.7': <function slim.<locals>.<dictcomp>.<lambda> at 0x0000023C366398A0>, 'constant_2.8': <function slim.<locals>.<dictcomp>.<lambda> at 0x0000023C36638D60>, 'constant_2.9': <function slim.<locals>.<dictcomp>.<lambda> at 0x0000023C36639440>, 'constant_3.0': <function slim.<locals>.<dictcomp>.<lambda> at 0x0000023C3663AC00>, 'constant_3.1': <function slim.<locals>.<dictcomp>.<lambda> at 0x0000023C3663B560>, 'constant_3.2': <function slim.<locals>.<dictcomp>.<lambda> at 0x0000023C3663B420>, 'constant_3.3': <function slim.<locals>.<dictcomp>.<lambda> at 0x0000023C36639E40>, 'constant_3.4': <function slim.<locals>.<dictcomp>.<lambda> at 0x0000023C366384A0>, 'constant_3.5': <function slim.<locals>.<dictcomp>.<lambda> at 0x0000023C3663B100>, 'constant_3.6': <function slim.<locals>.<dictcomp>.<lambda> at 0x0000023C36639760>, 'constant_3.7': <function slim.<locals>.<dictcomp>.<lambda> at 0x0000023C36638040>, 'constant_3.8': <function slim.<locals>.<dictcomp>.<lambda> at 0x0000023C36638AE0>, 'constant_3.9': <function slim.<locals>.<dictcomp>.<lambda> at 0x0000023C3663BE20>, 'constant_4.0': <function slim.<locals>.<dictcomp>.<lambda> at 0x0000023C36638B80>, 'constant_4.1': <function slim.<locals>.<dictcomp>.<lambda> at 0x0000023C36638220>, 'constant_4.2': <function slim.<locals>.<dictcomp>.<lambda> at 0x0000023C36639B20>, 'constant_4.3': <function slim.<locals>.<dictcomp>.<lambda> at 0x0000023C36638360>, 'constant_4.4': <function slim.<locals>.<dictcomp>.<lambda> at 0x0000023C3663B600>, 'constant_4.5': <function slim.<locals>.<dictcomp>.<lambda> at 0x0000023C3663A340>, 'constant_4.6': <function slim.<locals>.<dictcomp>.<lambda> at 0x0000023C36638680>, 'constant_4.7': <function slim.<locals>.<dictcomp>.<lambda> at 0x0000023C3663AD40>, 'constant_4.8': <function slim.<locals>.<dictcomp>.<lambda> at 0x0000023C3663B240>, 'constant_4.9': <function slim.<locals>.<dictcomp>.<lambda> at 0x0000023C366385E0>, 'constant_5.0': <function slim.<locals>.<dictcomp>.<lambda> at 0x0000023C3663B380>, 'constant_5.1': <function slim.<locals>.<dictcomp>.<lambda> at 0x0000023C366394E0>, 'constant_5.2': <function slim.<locals>.<dictcomp>.<lambda> at 0x0000023C3663BEC0>, 'constant_5.3': <function slim.<locals>.<dictcomp>.<lambda> at 0x0000023C36638860>, 'constant_5.4': <function slim.<locals>.<dictcomp>.<lambda> at 0x0000023C3663A5C0>, 'constant_5.5': <function slim.<locals>.<dictcomp>.<lambda> at 0x0000023C36639A80>, 'constant_5.6': <function slim.<locals>.<dictcomp>.<lambda> at 0x0000023C3663AAC0>, 'constant_5.7': <function slim.<locals>.<dictcomp>.<lambda> at 0x0000023C3663B060>, 'constant_5.8': <function slim.<locals>.<dictcomp>.<lambda> at 0x0000023C3663B6A0>, 'constant_5.9': <function slim.<locals>.<dictcomp>.<lambda> at 0x0000023C36638180>, 'constant_6.0': <function slim.<locals>.<dictcomp>.<lambda> at 0x0000023C39AD7560>, 'constant_6.1': <function slim.<locals>.<dictcomp>.<lambda> at 0x0000023C39AD4860>, 'constant_6.2': <function slim.<locals>.<dictcomp>.<lambda> at 0x0000023C39AD5D00>, 'constant_6.3': <function slim.<locals>.<dictcomp>.<lambda> at 0x0000023C39AD51C0>, 'constant_6.4': <function slim.<locals>.<dictcomp>.<lambda> at 0x0000023C39AD5F80>, 'constant_6.5': <function slim.<locals>.<dictcomp>.<lambda> at 0x0000023C39AD5940>, 'constant_6.6': <function slim.<locals>.<dictcomp>.<lambda> at 0x0000023C39AD68E0>, 'constant_6.7': <function slim.<locals>.<dictcomp>.<lambda> at 0x0000023C39AD6DE0>, 'constant_6.8': <function slim.<locals>.<dictcomp>.<lambda> at 0x0000023C39AD5300>, 'constant_6.9': <function slim.<locals>.<dictcomp>.<lambda> at 0x0000023C39AD7100>, 'constant_7.0': <function slim.<locals>.<dictcomp>.<lambda> at 0x0000023C39AD6B60>, 'constant_7.1': <function slim.<locals>.<dictcomp>.<lambda> at 0x0000023C39AD6660>, 'constant_7.2': <function slim.<locals>.<dictcomp>.<lambda> at 0x0000023C39AD5440>, 'constant_7.3': <function slim.<locals>.<dictcomp>.<lambda> at 0x0000023C39AD4220>, 'constant_7.4': <function slim.<locals>.<dictcomp>.<lambda> at 0x0000023C39AD6A20>, 'constant_7.5': <function slim.<locals>.<dictcomp>.<lambda> at 0x0000023C39AD6340>, 'constant_7.6': <function slim.<locals>.<dictcomp>.<lambda> at 0x0000023C39AD4B80>, 'constant_7.7': <function slim.<locals>.<dictcomp>.<lambda> at 0x0000023C39AD63E0>, 'constant_7.8': <function slim.<locals>.<dictcomp>.<lambda> at 0x0000023C39AD4180>, 'constant_7.9': <function slim.<locals>.<dictcomp>.<lambda> at 0x0000023C39AD5760>, 'constant_8.0': <function slim.<locals>.<dictcomp>.<lambda> at 0x0000023C39AD4A40>, 'constant_8.1': <function slim.<locals>.<dictcomp>.<lambda> at 0x0000023C39AD59E0>, 'constant_8.2': <function slim.<locals>.<dictcomp>.<lambda> at 0x0000023C39AD79C0>, 'constant_8.3': <function slim.<locals>.<dictcomp>.<lambda> at 0x0000023C39AD5580>, 'constant_8.4': <function slim.<locals>.<dictcomp>.<lambda> at 0x0000023C39AD77E0>, 'constant_8.5': <function slim.<locals>.<dictcomp>.<lambda> at 0x0000023C39AD6D40>, 'constant_8.6': <function slim.<locals>.<dictcomp>.<lambda> at 0x0000023C39AD72E0>, 'constant_8.7': <function slim.<locals>.<dictcomp>.<lambda> at 0x0000023C39AD5080>, 'constant_8.8': <function slim.<locals>.<dictcomp>.<lambda> at 0x0000023C39AD7880>, 'constant_8.9': <function slim.<locals>.<dictcomp>.<lambda> at 0x0000023C39AD54E0>, 'constant_9.0': <function slim.<locals>.<dictcomp>.<lambda> at 0x0000023C39AD7420>, 'constant_9.1': <function slim.<locals>.<dictcomp>.<lambda> at 0x0000023C39AD4040>, 'constant_9.2': <function slim.<locals>.<dictcomp>.<lambda> at 0x0000023C39AD67A0>, 'constant_9.3': <function slim.<locals>.<dictcomp>.<lambda> at 0x0000023C39AD7EC0>, 'constant_9.4': <function slim.<locals>.<dictcomp>.<lambda> at 0x0000023C39AD6840>, 'constant_9.5': <function slim.<locals>.<dictcomp>.<lambda> at 0x0000023C39AD53A0>, 'constant_9.6': <function slim.<locals>.<dictcomp>.<lambda> at 0x0000023C39AD4F40>, 'constant_9.7': <function slim.<locals>.<dictcomp>.<lambda> at 0x0000023C39AD4D60>, 'constant_9.8': <function slim.<locals>.<dictcomp>.<lambda> at 0x0000023C39AD44A0>, 'constant_9.9': <function slim.<locals>.<dictcomp>.<lambda> at 0x0000023C39AD5120>, 'constant_10.0': <function slim.<locals>.<dictcomp>.<lambda> at 0x0000023C39AD6980>}, 'p_c': 0.2, 'init_depth': 6, 'init_pop_size': 50, 'p_test': 0.2}"
27d6ac92-0535-11f0-bfaa-54a95b9ec813,"{'run_info': ['SLIM+SIG2', UUID('27d6ac92-0535-11f0-bfaa-54a95b9ec813'), 'blood'], 'ffunction': <function f1_score at 0x0000023C336E59E0>, 'max_depth': 15, 'reconstruct': True, 'n_iter': 200, 'elitism': True, 'n_elites': 1, 'log': 1, 'verbose': False, 'n_jobs': 1, 'test_elite': True, 'log_path': '../../data/results/experiment2/blood/log_config_id_12.csv', 'initializer': <function rhh at 0x0000023C336E4FE0>, 'selector': <function tournament_selection_max.<locals>.ts at 0x0000023C3663B4C0>, 'crossover': <function geometric_crossover at 0x0000023C3342E840>, 'ms': <function generate_random_uniform.<locals>.generate_num at 0x0000023C34E87F60>, 'inflate_mutator': <function inflate_mutation.<locals>.inflate at 0x0000023C34E87420>, 'deflate_mutator': <function deflate_mutation at 0x0000023C336E7A60>, 'p_xo': 0, 'settings_dict': {'p_test': 0.2}, 'find_elit_func': <function get_best_max at 0x0000023C336E4040>, 'p_inflate': 0.75, 'copy_parent': True, 'operator': 'sum', 'pop_size': 50, 'seed': 8, 'p_m': 1, 'two_trees': True, 'p_deflate': 0.25, 'FUNCTIONS': {'add': {'function': <built-in method add of type object at 0x00007FFB1CF749D0>, 'arity': 2}, 'subtract': {'function': <built-in method sub of type object at 0x00007FFB1CF749D0>, 'arity': 2}, 'multiply': {'function': <built-in method mul of type object at 0x00007FFB1CF749D0>, 'arity': 2}, 'divide': {'function': <function protected_div at 0x0000023C3342DB20>, 'arity': 2}}, 'CONSTANTS': {'constant__10.0': <function slim.<locals>.<dictcomp>.<lambda> at 0x0000023C34E877E0>, 'constant__9.9': <function slim.<locals>.<dictcomp>.<lambda> at 0x0000023C34E87880>, 'constant__9.8': <function slim.<locals>.<dictcomp>.<lambda> at 0x0000023C34E87060>, 'constant__9.7': <function slim.<locals>.<dictcomp>.<lambda> at 0x0000023C34E858A0>, 'constant__9.6': <function slim.<locals>.<dictcomp>.<lambda> at 0x0000023C34E87240>, 'constant__9.5': <function slim.<locals>.<dictcomp>.<lambda> at 0x0000023C34E87920>, 'constant__9.4': <function slim.<locals>.<dictcomp>.<lambda> at 0x0000023C34E87E20>, 'constant__9.3': <function slim.<locals>.<dictcomp>.<lambda> at 0x0000023C34E85620>, 'constant__9.2': <function slim.<locals>.<dictcomp>.<lambda> at 0x0000023C34E87CE0>, 'constant__9.1': <function slim.<locals>.<dictcomp>.<lambda> at 0x0000023C34E87100>, 'constant__9.0': <function slim.<locals>.<dictcomp>.<lambda> at 0x0000023C34E87380>, 'constant__8.9': <function slim.<locals>.<dictcomp>.<lambda> at 0x0000023C34E85580>, 'constant__8.8': <function slim.<locals>.<dictcomp>.<lambda> at 0x0000023C34E859E0>, 'constant__8.7': <function slim.<locals>.<dictcomp>.<lambda> at 0x0000023C34E872E0>, 'constant__8.6': <function slim.<locals>.<dictcomp>.<lambda> at 0x0000023C34E87D80>, 'constant__8.5': <function slim.<locals>.<dictcomp>.<lambda> at 0x0000023C34E876A0>, 'constant__8.4': <function slim.<locals>.<dictcomp>.<lambda> at 0x0000023C34E86020>, 'constant__8.3': <function slim.<locals>.<dictcomp>.<lambda> at 0x0000023C34E87560>, 'constant__8.2': <function slim.<locals>.<dictcomp>.<lambda> at 0x0000023C34E87740>, 'constant__8.1': <function slim.<locals>.<dictcomp>.<lambda> at 0x0000023C34E87EC0>, 'constant__8.0': <function slim.<locals>.<dictcomp>.<lambda> at 0x0000023C34E871A0>, 'constant__7.9': <function slim.<locals>.<dictcomp>.<lambda> at 0x0000023C34E85E40>, 'constant__7.8': <function slim.<locals>.<dictcomp>.<lambda> at 0x0000023C34E85080>, 'constant__7.7': <function slim.<locals>.<dictcomp>.<lambda> at 0x0000023C34E87BA0>, 'constant__7.6': <function slim.<locals>.<dictcomp>.<lambda> at 0x0000023C37FEDB20>, 'constant__7.5': <function slim.<locals>.<dictcomp>.<lambda> at 0x0000023C37FEFA60>, 'constant__7.4': <function slim.<locals>.<dictcomp>.<lambda> at 0x0000023C37FEDE40>, 'constant__7.3': <function slim.<locals>.<dictcomp>.<lambda> at 0x0000023C37FEF600>, 'constant__7.2': <function slim.<locals>.<dictcomp>.<lambda> at 0x0000023C37FEF560>, 'constant__7.1': <function slim.<locals>.<dictcomp>.<lambda> at 0x0000023C37FECB80>, 'constant__7.0': <function slim.<locals>.<dictcomp>.<lambda> at 0x0000023C37FEEDE0>, 'constant__6.9': <function slim.<locals>.<dictcomp>.<lambda> at 0x0000023C37FEE0C0>, 'constant__6.8': <function slim.<locals>.<dictcomp>.<lambda> at 0x0000023C37FEF420>, 'constant__6.7': <function slim.<locals>.<dictcomp>.<lambda> at 0x0000023C37FECD60>, 'constant__6.6': <function slim.<locals>.<dictcomp>.<lambda> at 0x0000023C37FEFCE0>, 'constant__6.5': <function slim.<locals>.<dictcomp>.<lambda> at 0x0000023C37FED1C0>, 'constant__6.4': <function slim.<locals>.<dictcomp>.<lambda> at 0x0000023C37FEF240>, 'constant__6.3': <function slim.<locals>.<dictcomp>.<lambda> at 0x0000023C37FECC20>, 'constant__6.2': <function slim.<locals>.<dictcomp>.<lambda> at 0x0000023C37FEF740>, 'constant__6.1': <function slim.<locals>.<dictcomp>.<lambda> at 0x0000023C37FEF4C0>, 'constant__6.0': <function slim.<locals>.<dictcomp>.<lambda> at 0x0000023C37FEFC40>, 'constant__5.9': <function slim.<locals>.<dictcomp>.<lambda> at 0x0000023C37FEFD80>, 'constant__5.8': <function slim.<locals>.<dictcomp>.<lambda> at 0x0000023C37FED080>, 'constant__5.7': <function slim.<locals>.<dictcomp>.<lambda> at 0x0000023C37FEFE20>, 'constant__5.6': <function slim.<locals>.<dictcomp>.<lambda> at 0x0000023C37FEFF60>, 'constant__5.5': <function slim.<locals>.<dictcomp>.<lambda> at 0x0000023C37FED8A0>, 'constant__5.4': <function slim.<locals>.<dictcomp>.<lambda> at 0x0000023C37FECAE0>, 'constant__5.3': <function slim.<locals>.<dictcomp>.<lambda> at 0x0000023C37FEEE80>, 'constant__5.2': <function slim.<locals>.<dictcomp>.<lambda> at 0x0000023C37FEF2E0>, 'constant__5.1': <function slim.<locals>.<dictcomp>.<lambda> at 0x0000023C37FEF920>, 'constant__5.0': <function slim.<locals>.<dictcomp>.<lambda> at 0x0000023C37FEE980>, 'constant__4.9': <function slim.<locals>.<dictcomp>.<lambda> at 0x0000023C37FED120>, 'constant__4.8': <function slim.<locals>.<dictcomp>.<lambda> at 0x0000023C37FECA40>, 'constant__4.7': <function slim.<locals>.<dictcomp>.<lambda> at 0x0000023C37FEE840>, 'constant__4.6': <function slim.<locals>.<dictcomp>.<lambda> at 0x0000023C37FEF380>, 'constant__4.5': <function slim.<locals>.<dictcomp>.<lambda> at 0x0000023C37FEF880>, 'constant__4.4': <function slim.<locals>.<dictcomp>.<lambda> at 0x0000023C37FEE3E0>, 'constant__4.3': <function slim.<locals>.<dictcomp>.<lambda> at 0x0000023C37FED440>, 'constant__4.2': <function slim.<locals>.<dictcomp>.<lambda> at 0x0000023C37FEF060>, 'constant__4.1': <function slim.<locals>.<dictcomp>.<lambda> at 0x0000023C37FEE340>, 'constant__4.0': <function slim.<locals>.<dictcomp>.<lambda> at 0x0000023C37FED300>, 'constant__3.9': <function slim.<locals>.<dictcomp>.<lambda> at 0x0000023C37FEC0E0>, 'constant__3.8': <function slim.<locals>.<dictcomp>.<lambda> at 0x0000023C37FEDF80>, 'constant__3.7': <function slim.<locals>.<dictcomp>.<lambda> at 0x0000023C37FECFE0>, 'constant__3.6': <function slim.<locals>.<dictcomp>.<lambda> at 0x0000023C37FEE480>, 'constant__3.5': <function slim.<locals>.<dictcomp>.<lambda> at 0x0000023C37FED800>, 'constant__3.4': <function slim.<locals>.<dictcomp>.<lambda> at 0x0000023C37FEDDA0>, 'constant__3.3': <function slim.<locals>.<dictcomp>.<lambda> at 0x0000023C37FEC720>, 'constant__3.2': <function slim.<locals>.<dictcomp>.<lambda> at 0x0000023C37FEF100>, 'constant__3.1': <function slim.<locals>.<dictcomp>.<lambda> at 0x0000023C37FEC7C0>, 'constant__3.0': <function slim.<locals>.<dictcomp>.<lambda> at 0x0000023C37FEE2A0>, 'constant__2.9': <function slim.<locals>.<dictcomp>.<lambda> at 0x0000023C37FED940>, 'constant__2.8': <function slim.<locals>.<dictcomp>.<lambda> at 0x0000023C37FEC2C0>, 'constant__2.7': <function slim.<locals>.<dictcomp>.<lambda> at 0x0000023C37FEEF20>, 'constant__2.6': <function slim.<locals>.<dictcomp>.<lambda> at 0x0000023C37FEDC60>, 'constant__2.5': <function slim.<locals>.<dictcomp>.<lambda> at 0x0000023C37FED9E0>, 'constant__2.4': <function slim.<locals>.<dictcomp>.<lambda> at 0x0000023C37FEC180>, 'constant__2.3': <function slim.<locals>.<dictcomp>.<lambda> at 0x0000023C37FEC680>, 'constant__2.2': <function slim.<locals>.<dictcomp>.<lambda> at 0x0000023C37FEC860>, 'constant__2.1': <function slim.<locals>.<dictcomp>.<lambda> at 0x0000023C37FEEB60>, 'constant__2.0': <function slim.<locals>.<dictcomp>.<lambda> at 0x0000023C37FEF7E0>, 'constant__1.9': <function slim.<locals>.<dictcomp>.<lambda> at 0x0000023C37FED260>, 'constant__1.8': <function slim.<locals>.<dictcomp>.<lambda> at 0x0000023C37FEF1A0>, 'constant__1.7': <function slim.<locals>.<dictcomp>.<lambda> at 0x0000023C37FECCC0>, 'constant__1.6': <function slim.<locals>.<dictcomp>.<lambda> at 0x0000023C37FEEAC0>, 'constant__1.5': <function slim.<locals>.<dictcomp>.<lambda> at 0x0000023C37FECE00>, 'constant__1.4': <function slim.<locals>.<dictcomp>.<lambda> at 0x0000023C37FED580>, 'constant__1.3': <function slim.<locals>.<dictcomp>.<lambda> at 0x0000023C37FEC220>, 'constant__1.2': <function slim.<locals>.<dictcomp>.<lambda> at 0x0000023C37FEEC00>, 'constant__1.1': <function slim.<locals>.<dictcomp>.<lambda> at 0x0000023C37FEF9C0>, 'constant__1.0': <function slim.<locals>.<dictcomp>.<lambda> at 0x0000023C37FEC540>, 'constant__0.9': <function slim.<locals>.<dictcomp>.<lambda> at 0x0000023C37FEC4A0>, 'constant__0.8': <function slim.<locals>.<dictcomp>.<lambda> at 0x0000023C37FED4E0>, 'constant__0.7': <function slim.<locals>.<dictcomp>.<lambda> at 0x0000023C37FEC360>, 'constant__0.6': <function slim.<locals>.<dictcomp>.<lambda> at 0x0000023C37FEC900>, 'constant__0.5': <function slim.<locals>.<dictcomp>.<lambda> at 0x0000023C37FED3A0>, 'constant__0.4': <function slim.<locals>.<dictcomp>.<lambda> at 0x0000023C37FEFBA0>, 'constant__0.3': <function slim.<locals>.<dictcomp>.<lambda> at 0x0000023C37FEE520>, 'constant__0.2': <function slim.<locals>.<dictcomp>.<lambda> at 0x0000023C37FEFB00>, 'constant__0.1': <function slim.<locals>.<dictcomp>.<lambda> at 0x0000023C37FEEA20>, 'constant_0.0': <function slim.<locals>.<dictcomp>.<lambda> at 0x0000023C37FEE020>, 'constant_0.1': <function slim.<locals>.<dictcomp>.<lambda> at 0x0000023C37FEE8E0>, 'constant_0.2': <function slim.<locals>.<dictcomp>.<lambda> at 0x0000023C37FEDA80>, 'constant_0.3': <function slim.<locals>.<dictcomp>.<lambda> at 0x0000023C37FEEFC0>, 'constant_0.4': <function slim.<locals>.<dictcomp>.<lambda> at 0x0000023C37FEECA0>, 'constant_0.5': <function slim.<locals>.<dictcomp>.<lambda> at 0x0000023C37FEE200>, 'constant_0.6': <function slim.<locals>.<dictcomp>.<lambda> at 0x0000023C39ABA480>, 'constant_0.7': <function slim.<locals>.<dictcomp>.<lambda> at 0x0000023C39AB8E00>, 'constant_0.8': <function slim.<locals>.<dictcomp>.<lambda> at 0x0000023C39AB8860>, 'constant_0.9': <function slim.<locals>.<dictcomp>.<lambda> at 0x0000023C39ABAC00>, 'constant_1.0': <function slim.<locals>.<dictcomp>.<lambda> at 0x0000023C39ABB880>, 'constant_1.1': <function slim.<locals>.<dictcomp>.<lambda> at 0x0000023C39ABBD80>, 'constant_1.2': <function slim.<locals>.<dictcomp>.<lambda> at 0x0000023C39AB8FE0>, 'constant_1.3': <function slim.<locals>.<dictcomp>.<lambda> at 0x0000023C39ABA200>, 'constant_1.4': <function slim.<locals>.<dictcomp>.<lambda> at 0x0000023C39AB8C20>, 'constant_1.5': <function slim.<locals>.<dictcomp>.<lambda> at 0x0000023C39AB8CC0>, 'constant_1.6': <function slim.<locals>.<dictcomp>.<lambda> at 0x0000023C39ABBA60>, 'constant_1.7': <function slim.<locals>.<dictcomp>.<lambda> at 0x0000023C39ABA020>, 'constant_1.8': <function slim.<locals>.<dictcomp>.<lambda> at 0x0000023C39AB8F40>, 'constant_1.9': <function slim.<locals>.<dictcomp>.<lambda> at 0x0000023C39AB9F80>, 'constant_2.0': <function slim.<locals>.<dictcomp>.<lambda> at 0x0000023C39ABBEC0>, 'constant_2.1': <function slim.<locals>.<dictcomp>.<lambda> at 0x0000023C39AB8EA0>, 'constant_2.2': <function slim.<locals>.<dictcomp>.<lambda> at 0x0000023C39AB8720>, 'constant_2.3': <function slim.<locals>.<dictcomp>.<lambda> at 0x0000023C39AB9E40>, 'constant_2.4': <function slim.<locals>.<dictcomp>.<lambda> at 0x0000023C39AB9A80>, 'constant_2.5': <function slim.<locals>.<dictcomp>.<lambda> at 0x0000023C39AB8900>, 'constant_2.6': <function slim.<locals>.<dictcomp>.<lambda> at 0x0000023C39AB8360>, 'constant_2.7': <function slim.<locals>.<dictcomp>.<lambda> at 0x0000023C39ABB9C0>, 'constant_2.8': <function slim.<locals>.<dictcomp>.<lambda> at 0x0000023C39ABAF20>, 'constant_2.9': <function slim.<locals>.<dictcomp>.<lambda> at 0x0000023C39AB80E0>, 'constant_3.0': <function slim.<locals>.<dictcomp>.<lambda> at 0x0000023C39AB9620>, 'constant_3.1': <function slim.<locals>.<dictcomp>.<lambda> at 0x0000023C39ABA160>, 'constant_3.2': <function slim.<locals>.<dictcomp>.<lambda> at 0x0000023C39ABA660>, 'constant_3.3': <function slim.<locals>.<dictcomp>.<lambda> at 0x0000023C39AB99E0>, 'constant_3.4': <function slim.<locals>.<dictcomp>.<lambda> at 0x0000023C39ABB600>, 'constant_3.5': <function slim.<locals>.<dictcomp>.<lambda> at 0x0000023C39AB8680>, 'constant_3.6': <function slim.<locals>.<dictcomp>.<lambda> at 0x0000023C39AB9DA0>, 'constant_3.7': <function slim.<locals>.<dictcomp>.<lambda> at 0x0000023C39AB85E0>, 'constant_3.8': <function slim.<locals>.<dictcomp>.<lambda> at 0x0000023C39ABB380>, 'constant_3.9': <function slim.<locals>.<dictcomp>.<lambda> at 0x0000023C39AB9260>, 'constant_4.0': <function slim.<locals>.<dictcomp>.<lambda> at 0x0000023C39ABB1A0>, 'constant_4.1': <function slim.<locals>.<dictcomp>.<lambda> at 0x0000023C39ABA840>, 'constant_4.2': <function slim.<locals>.<dictcomp>.<lambda> at 0x0000023C39AB8400>, 'constant_4.3': <function slim.<locals>.<dictcomp>.<lambda> at 0x0000023C39AB9580>, 'constant_4.4': <function slim.<locals>.<dictcomp>.<lambda> at 0x0000023C39AD7CE0>, 'constant_4.5': <function slim.<locals>.<dictcomp>.<lambda> at 0x0000023C39AD7F60>, 'constant_4.6': <function slim.<locals>.<dictcomp>.<lambda> at 0x0000023C39AD4CC0>, 'constant_4.7': <function slim.<locals>.<dictcomp>.<lambda> at 0x0000023C39AD5DA0>, 'constant_4.8': <function slim.<locals>.<dictcomp>.<lambda> at 0x0000023C39AD5800>, 'constant_4.9': <function slim.<locals>.<dictcomp>.<lambda> at 0x0000023C39AD5BC0>, 'constant_5.0': <function slim.<locals>.<dictcomp>.<lambda> at 0x0000023C39AD5620>, 'constant_5.1': <function slim.<locals>.<dictcomp>.<lambda> at 0x0000023C39AD4540>, 'constant_5.2': <function slim.<locals>.<dictcomp>.<lambda> at 0x0000023C39AD5A80>, 'constant_5.3': <function slim.<locals>.<dictcomp>.<lambda> at 0x0000023C39AD4680>, 'constant_5.4': <function slim.<locals>.<dictcomp>.<lambda> at 0x0000023C39AD4400>, 'constant_5.5': <function slim.<locals>.<dictcomp>.<lambda> at 0x0000023C39AD7A60>, 'constant_5.6': <function slim.<locals>.<dictcomp>.<lambda> at 0x0000023C39AD49A0>, 'constant_5.7': <function slim.<locals>.<dictcomp>.<lambda> at 0x0000023C39AD7C40>, 'constant_5.8': <function slim.<locals>.<dictcomp>.<lambda> at 0x0000023C39AD7740>, 'constant_5.9': <function slim.<locals>.<dictcomp>.<lambda> at 0x0000023C39AD7920>, 'constant_6.0': <function slim.<locals>.<dictcomp>.<lambda> at 0x0000023C39AD4E00>, 'constant_6.1': <function slim.<locals>.<dictcomp>.<lambda> at 0x0000023C39AD4720>, 'constant_6.2': <function slim.<locals>.<dictcomp>.<lambda> at 0x0000023C39AD6480>, 'constant_6.3': <function slim.<locals>.<dictcomp>.<lambda> at 0x0000023C39AD7380>, 'constant_6.4': <function slim.<locals>.<dictcomp>.<lambda> at 0x0000023C39AD6700>, 'constant_6.5': <function slim.<locals>.<dictcomp>.<lambda> at 0x0000023C39AD71A0>, 'constant_6.6': <function slim.<locals>.<dictcomp>.<lambda> at 0x0000023C39AD5260>, 'constant_6.7': <function slim.<locals>.<dictcomp>.<lambda> at 0x0000023C39AD4AE0>, 'constant_6.8': <function slim.<locals>.<dictcomp>.<lambda> at 0x0000023C39AD76A0>, 'constant_6.9': <function slim.<locals>.<dictcomp>.<lambda> at 0x0000023C39AD6160>, 'constant_7.0': <function slim.<locals>.<dictcomp>.<lambda> at 0x0000023C39AD6CA0>, 'constant_7.1': <function slim.<locals>.<dictcomp>.<lambda> at 0x0000023C39AD6F20>, 'constant_7.2': <function slim.<locals>.<dictcomp>.<lambda> at 0x0000023C39AD7600>, 'constant_7.3': <function slim.<locals>.<dictcomp>.<lambda> at 0x0000023C39AD62A0>, 'constant_7.4': <function slim.<locals>.<dictcomp>.<lambda> at 0x0000023C39AD7E20>, 'constant_7.5': <function slim.<locals>.<dictcomp>.<lambda> at 0x0000023C39AD4FE0>, 'constant_7.6': <function slim.<locals>.<dictcomp>.<lambda> at 0x0000023C39AD4360>, 'constant_7.7': <function slim.<locals>.<dictcomp>.<lambda> at 0x0000023C39AD5E40>, 'constant_7.8': <function slim.<locals>.<dictcomp>.<lambda> at 0x0000023C39AD56C0>, 'constant_7.9': <function slim.<locals>.<dictcomp>.<lambda> at 0x0000023C39AD47C0>, 'constant_8.0': <function slim.<locals>.<dictcomp>.<lambda> at 0x0000023C39AD74C0>, 'constant_8.1': <function slim.<locals>.<dictcomp>.<lambda> at 0x0000023C336E7CE0>, 'constant_8.2': <function slim.<locals>.<dictcomp>.<lambda> at 0x0000023C336E6700>, 'constant_8.3': <function slim.<locals>.<dictcomp>.<lambda> at 0x0000023C36639120>, 'constant_8.4': <function slim.<locals>.<dictcomp>.<lambda> at 0x0000023C366399E0>, 'constant_8.5': <function slim.<locals>.<dictcomp>.<lambda> at 0x0000023C36639D00>, 'constant_8.6': <function slim.<locals>.<dictcomp>.<lambda> at 0x0000023C3663ADE0>, 'constant_8.7': <function slim.<locals>.<dictcomp>.<lambda> at 0x0000023C3663A200>, 'constant_8.8': <function slim.<locals>.<dictcomp>.<lambda> at 0x0000023C36638E00>, 'constant_8.9': <function slim.<locals>.<dictcomp>.<lambda> at 0x0000023C3663A520>, 'constant_9.0': <function slim.<locals>.<dictcomp>.<lambda> at 0x0000023C3663B9C0>, 'constant_9.1': <function slim.<locals>.<dictcomp>.<lambda> at 0x0000023C3663A980>, 'constant_9.2': <function slim.<locals>.<dictcomp>.<lambda> at 0x0000023C3663A7A0>, 'constant_9.3': <function slim.<locals>.<dictcomp>.<lambda> at 0x0000023C36638CC0>, 'constant_9.4': <function slim.<locals>.<dictcomp>.<lambda> at 0x0000023C36638EA0>, 'constant_9.5': <function slim.<locals>.<dictcomp>.<lambda> at 0x0000023C36639940>, 'constant_9.6': <function slim.<locals>.<dictcomp>.<lambda> at 0x0000023C3663ACA0>, 'constant_9.7': <function slim.<locals>.<dictcomp>.<lambda> at 0x0000023C36639260>, 'constant_9.8': <function slim.<locals>.<dictcomp>.<lambda> at 0x0000023C36639F80>, 'constant_9.9': <function slim.<locals>.<dictcomp>.<lambda> at 0x0000023C36638540>, 'constant_10.0': <function slim.<locals>.<dictcomp>.<lambda> at 0x0000023C3663AFC0>}, 'p_c': 0.2, 'init_depth': 6, 'init_pop_size': 50, 'p_test': 0.2}"
27d6ac92-0535-11f0-bfaa-54a95b9ec813,"{'run_info': ['SLIM+SIG2', UUID('27d6ac92-0535-11f0-bfaa-54a95b9ec813'), 'blood'], 'ffunction': <function f1_score at 0x0000023C336E59E0>, 'max_depth': 15, 'reconstruct': True, 'n_iter': 200, 'elitism': True, 'n_elites': 1, 'log': 1, 'verbose': False, 'n_jobs': 1, 'test_elite': True, 'log_path': '../../data/results/experiment2/blood/log_config_id_12.csv', 'initializer': <function rhh at 0x0000023C336E4FE0>, 'selector': <function tournament_selection_max.<locals>.ts at 0x0000023C34E87F60>, 'crossover': <function geometric_crossover at 0x0000023C3342E840>, 'ms': <function generate_random_uniform.<locals>.generate_num at 0x0000023C34F1EF20>, 'inflate_mutator': <function inflate_mutation.<locals>.inflate at 0x0000023C34F1D620>, 'deflate_mutator': <function deflate_mutation at 0x0000023C336E7A60>, 'p_xo': 0, 'settings_dict': {'p_test': 0.2}, 'find_elit_func': <function get_best_max at 0x0000023C336E4040>, 'p_inflate': 0.75, 'copy_parent': True, 'operator': 'sum', 'pop_size': 50, 'seed': 9, 'p_m': 1, 'two_trees': True, 'p_deflate': 0.25, 'FUNCTIONS': {'add': {'function': <built-in method add of type object at 0x00007FFB1CF749D0>, 'arity': 2}, 'subtract': {'function': <built-in method sub of type object at 0x00007FFB1CF749D0>, 'arity': 2}, 'multiply': {'function': <built-in method mul of type object at 0x00007FFB1CF749D0>, 'arity': 2}, 'divide': {'function': <function protected_div at 0x0000023C3342DB20>, 'arity': 2}}, 'CONSTANTS': {'constant__10.0': <function slim.<locals>.<dictcomp>.<lambda> at 0x0000023C34F1F380>, 'constant__9.9': <function slim.<locals>.<dictcomp>.<lambda> at 0x0000023C34F1EFC0>, 'constant__9.8': <function slim.<locals>.<dictcomp>.<lambda> at 0x0000023C34F1C4A0>, 'constant__9.7': <function slim.<locals>.<dictcomp>.<lambda> at 0x0000023C34F1EDE0>, 'constant__9.6': <function slim.<locals>.<dictcomp>.<lambda> at 0x0000023C34F1CB80>, 'constant__9.5': <function slim.<locals>.<dictcomp>.<lambda> at 0x0000023C34F1DB20>, 'constant__9.4': <function slim.<locals>.<dictcomp>.<lambda> at 0x0000023C34F1EE80>, 'constant__9.3': <function slim.<locals>.<dictcomp>.<lambda> at 0x0000023C34F1FC40>, 'constant__9.2': <function slim.<locals>.<dictcomp>.<lambda> at 0x0000023C34F1DEE0>, 'constant__9.1': <function slim.<locals>.<dictcomp>.<lambda> at 0x0000023C34F1FE20>, 'constant__9.0': <function slim.<locals>.<dictcomp>.<lambda> at 0x0000023C34F1F100>, 'constant__8.9': <function slim.<locals>.<dictcomp>.<lambda> at 0x0000023C34F1ED40>, 'constant__8.8': <function slim.<locals>.<dictcomp>.<lambda> at 0x0000023C34F1FEC0>, 'constant__8.7': <function slim.<locals>.<dictcomp>.<lambda> at 0x0000023C34F1DE40>, 'constant__8.6': <function slim.<locals>.<dictcomp>.<lambda> at 0x0000023C34F1F600>, 'constant__8.5': <function slim.<locals>.<dictcomp>.<lambda> at 0x0000023C34F1D440>, 'constant__8.4': <function slim.<locals>.<dictcomp>.<lambda> at 0x0000023C34F1FD80>, 'constant__8.3': <function slim.<locals>.<dictcomp>.<lambda> at 0x0000023C34F1CA40>, 'constant__8.2': <function slim.<locals>.<dictcomp>.<lambda> at 0x0000023C34F1FB00>, 'constant__8.1': <function slim.<locals>.<dictcomp>.<lambda> at 0x0000023C34F1C720>, 'constant__8.0': <function slim.<locals>.<dictcomp>.<lambda> at 0x0000023C34F1F420>, 'constant__7.9': <function slim.<locals>.<dictcomp>.<lambda> at 0x0000023C34F1C680>, 'constant__7.8': <function slim.<locals>.<dictcomp>.<lambda> at 0x0000023C34F1F560>, 'constant__7.7': <function slim.<locals>.<dictcomp>.<lambda> at 0x0000023C34F1C9A0>, 'constant__7.6': <function slim.<locals>.<dictcomp>.<lambda> at 0x0000023C34F1E160>, 'constant__7.5': <function slim.<locals>.<dictcomp>.<lambda> at 0x0000023C34F1C180>, 'constant__7.4': <function slim.<locals>.<dictcomp>.<lambda> at 0x0000023C34F1DC60>, 'constant__7.3': <function slim.<locals>.<dictcomp>.<lambda> at 0x0000023C34F1DF80>, 'constant__7.2': <function slim.<locals>.<dictcomp>.<lambda> at 0x0000023C34F1CCC0>, 'constant__7.1': <function slim.<locals>.<dictcomp>.<lambda> at 0x0000023C34F1D800>, 'constant__7.0': <function slim.<locals>.<dictcomp>.<lambda> at 0x0000023C34F1EB60>, 'constant__6.9': <function slim.<locals>.<dictcomp>.<lambda> at 0x0000023C34F1D120>, 'constant__6.8': <function slim.<locals>.<dictcomp>.<lambda> at 0x0000023C34F1E520>, 'constant__6.7': <function slim.<locals>.<dictcomp>.<lambda> at 0x0000023C34F1D8A0>, 'constant__6.6': <function slim.<locals>.<dictcomp>.<lambda> at 0x0000023C34F1E020>, 'constant__6.5': <function slim.<locals>.<dictcomp>.<lambda> at 0x0000023C34F1C2C0>, 'constant__6.4': <function slim.<locals>.<dictcomp>.<lambda> at 0x0000023C34F1DD00>, 'constant__6.3': <function slim.<locals>.<dictcomp>.<lambda> at 0x0000023C34F1E0C0>, 'constant__6.2': <function slim.<locals>.<dictcomp>.<lambda> at 0x0000023C34F1D9E0>, 'constant__6.1': <function slim.<locals>.<dictcomp>.<lambda> at 0x0000023C34F1E5C0>, 'constant__6.0': <function slim.<locals>.<dictcomp>.<lambda> at 0x0000023C34F1C860>, 'constant__5.9': <function slim.<locals>.<dictcomp>.<lambda> at 0x0000023C34F1CE00>, 'constant__5.8': <function slim.<locals>.<dictcomp>.<lambda> at 0x0000023C34F1DBC0>, 'constant__5.7': <function slim.<locals>.<dictcomp>.<lambda> at 0x0000023C34F1ECA0>, 'constant__5.6': <function slim.<locals>.<dictcomp>.<lambda> at 0x0000023C39AD6980>, 'constant__5.5': <function slim.<locals>.<dictcomp>.<lambda> at 0x0000023C39AD5120>, 'constant__5.4': <function slim.<locals>.<dictcomp>.<lambda> at 0x0000023C39AD44A0>, 'constant__5.3': <function slim.<locals>.<dictcomp>.<lambda> at 0x0000023C39AD4D60>, 'constant__5.2': <function slim.<locals>.<dictcomp>.<lambda> at 0x0000023C39AD4F40>, 'constant__5.1': <function slim.<locals>.<dictcomp>.<lambda> at 0x0000023C39AD53A0>, 'constant__5.0': <function slim.<locals>.<dictcomp>.<lambda> at 0x0000023C39AD6840>, 'constant__4.9': <function slim.<locals>.<dictcomp>.<lambda> at 0x0000023C39AD7EC0>, 'constant__4.8': <function slim.<locals>.<dictcomp>.<lambda> at 0x0000023C39AD67A0>, 'constant__4.7': <function slim.<locals>.<dictcomp>.<lambda> at 0x0000023C39AD4040>, 'constant__4.6': <function slim.<locals>.<dictcomp>.<lambda> at 0x0000023C39AD7420>, 'constant__4.5': <function slim.<locals>.<dictcomp>.<lambda> at 0x0000023C39AD54E0>, 'constant__4.4': <function slim.<locals>.<dictcomp>.<lambda> at 0x0000023C39AD7880>, 'constant__4.3': <function slim.<locals>.<dictcomp>.<lambda> at 0x0000023C39AD5080>, 'constant__4.2': <function slim.<locals>.<dictcomp>.<lambda> at 0x0000023C39AD72E0>, 'constant__4.1': <function slim.<locals>.<dictcomp>.<lambda> at 0x0000023C39AD6D40>, 'constant__4.0': <function slim.<locals>.<dictcomp>.<lambda> at 0x0000023C39AD77E0>, 'constant__3.9': <function slim.<locals>.<dictcomp>.<lambda> at 0x0000023C39AD5580>, 'constant__3.8': <function slim.<locals>.<dictcomp>.<lambda> at 0x0000023C39AD79C0>, 'constant__3.7': <function slim.<locals>.<dictcomp>.<lambda> at 0x0000023C39AD59E0>, 'constant__3.6': <function slim.<locals>.<dictcomp>.<lambda> at 0x0000023C39AD4A40>, 'constant__3.5': <function slim.<locals>.<dictcomp>.<lambda> at 0x0000023C39AD5760>, 'constant__3.4': <function slim.<locals>.<dictcomp>.<lambda> at 0x0000023C39AD4180>, 'constant__3.3': <function slim.<locals>.<dictcomp>.<lambda> at 0x0000023C39AD63E0>, 'constant__3.2': <function slim.<locals>.<dictcomp>.<lambda> at 0x0000023C39AD4B80>, 'constant__3.1': <function slim.<locals>.<dictcomp>.<lambda> at 0x0000023C39AD6340>, 'constant__3.0': <function slim.<locals>.<dictcomp>.<lambda> at 0x0000023C39AD6A20>, 'constant__2.9': <function slim.<locals>.<dictcomp>.<lambda> at 0x0000023C39AD4220>, 'constant__2.8': <function slim.<locals>.<dictcomp>.<lambda> at 0x0000023C39AD5440>, 'constant__2.7': <function slim.<locals>.<dictcomp>.<lambda> at 0x0000023C39AD6660>, 'constant__2.6': <function slim.<locals>.<dictcomp>.<lambda> at 0x0000023C39AD6B60>, 'constant__2.5': <function slim.<locals>.<dictcomp>.<lambda> at 0x0000023C39AD7100>, 'constant__2.4': <function slim.<locals>.<dictcomp>.<lambda> at 0x0000023C39AD5300>, 'constant__2.3': <function slim.<locals>.<dictcomp>.<lambda> at 0x0000023C39AD6DE0>, 'constant__2.2': <function slim.<locals>.<dictcomp>.<lambda> at 0x0000023C39AD68E0>, 'constant__2.1': <function slim.<locals>.<dictcomp>.<lambda> at 0x0000023C39AD5940>, 'constant__2.0': <function slim.<locals>.<dictcomp>.<lambda> at 0x0000023C39AD5F80>, 'constant__1.9': <function slim.<locals>.<dictcomp>.<lambda> at 0x0000023C39AD51C0>, 'constant__1.8': <function slim.<locals>.<dictcomp>.<lambda> at 0x0000023C39AD5D00>, 'constant__1.7': <function slim.<locals>.<dictcomp>.<lambda> at 0x0000023C39AD4860>, 'constant__1.6': <function slim.<locals>.<dictcomp>.<lambda> at 0x0000023C39AD7560>, 'constant__1.5': <function slim.<locals>.<dictcomp>.<lambda> at 0x0000023C39AD6020>, 'constant__1.4': <function slim.<locals>.<dictcomp>.<lambda> at 0x0000023C39AD7D80>, 'constant__1.3': <function slim.<locals>.<dictcomp>.<lambda> at 0x0000023C39AD4EA0>, 'constant__1.2': <function slim.<locals>.<dictcomp>.<lambda> at 0x0000023C39AD6FC0>, 'constant__1.1': <function slim.<locals>.<dictcomp>.<lambda> at 0x0000023C39AD7240>, 'constant__1.0': <function slim.<locals>.<dictcomp>.<lambda> at 0x0000023C34F3A520>, 'constant__0.9': <function slim.<locals>.<dictcomp>.<lambda> at 0x0000023C34F39BC0>, 'constant__0.8': <function slim.<locals>.<dictcomp>.<lambda> at 0x0000023C34F3B060>, 'constant__0.7': <function slim.<locals>.<dictcomp>.<lambda> at 0x0000023C34F38040>, 'constant__0.6': <function slim.<locals>.<dictcomp>.<lambda> at 0x0000023C34F38A40>, 'constant__0.5': <function slim.<locals>.<dictcomp>.<lambda> at 0x0000023C34F3B380>, 'constant__0.4': <function slim.<locals>.<dictcomp>.<lambda> at 0x0000023C34F3BD80>, 'constant__0.3': <function slim.<locals>.<dictcomp>.<lambda> at 0x0000023C34F39440>, 'constant__0.2': <function slim.<locals>.<dictcomp>.<lambda> at 0x0000023C34F38EA0>, 'constant__0.1': <function slim.<locals>.<dictcomp>.<lambda> at 0x0000023C34F3A200>, 'constant_0.0': <function slim.<locals>.<dictcomp>.<lambda> at 0x0000023C34F3AC00>, 'constant_0.1': <function slim.<locals>.<dictcomp>.<lambda> at 0x0000023C34F3A340>, 'constant_0.2': <function slim.<locals>.<dictcomp>.<lambda> at 0x0000023C34F3AA20>, 'constant_0.3': <function slim.<locals>.<dictcomp>.<lambda> at 0x0000023C34F38FE0>, 'constant_0.4': <function slim.<locals>.<dictcomp>.<lambda> at 0x0000023C34F396C0>, 'constant_0.5': <function slim.<locals>.<dictcomp>.<lambda> at 0x0000023C34F2A480>, 'constant_0.6': <function slim.<locals>.<dictcomp>.<lambda> at 0x0000023C34F2ADE0>, 'constant_0.7': <function slim.<locals>.<dictcomp>.<lambda> at 0x0000023C34F29F80>, 'constant_0.8': <function slim.<locals>.<dictcomp>.<lambda> at 0x0000023C34F28E00>, 'constant_0.9': <function slim.<locals>.<dictcomp>.<lambda> at 0x0000023C34F2B600>, 'constant_1.0': <function slim.<locals>.<dictcomp>.<lambda> at 0x0000023C34F2B380>, 'constant_1.1': <function slim.<locals>.<dictcomp>.<lambda> at 0x0000023C34F2B880>, 'constant_1.2': <function slim.<locals>.<dictcomp>.<lambda> at 0x0000023C34F28360>, 'constant_1.3': <function slim.<locals>.<dictcomp>.<lambda> at 0x0000023C34F28040>, 'constant_1.4': <function slim.<locals>.<dictcomp>.<lambda> at 0x0000023C34F28C20>, 'constant_1.5': <function slim.<locals>.<dictcomp>.<lambda> at 0x0000023C34F2A020>, 'constant_1.6': <function slim.<locals>.<dictcomp>.<lambda> at 0x0000023C34F2BBA0>, 'constant_1.7': <function slim.<locals>.<dictcomp>.<lambda> at 0x0000023C34F2A0C0>, 'constant_1.8': <function slim.<locals>.<dictcomp>.<lambda> at 0x0000023C34F29DA0>, 'constant_1.9': <function slim.<locals>.<dictcomp>.<lambda> at 0x0000023C34F2A5C0>, 'constant_2.0': <function slim.<locals>.<dictcomp>.<lambda> at 0x0000023C34F2B920>, 'constant_2.1': <function slim.<locals>.<dictcomp>.<lambda> at 0x0000023C34F2AFC0>, 'constant_2.2': <function slim.<locals>.<dictcomp>.<lambda> at 0x0000023C34F28900>, 'constant_2.3': <function slim.<locals>.<dictcomp>.<lambda> at 0x0000023C34F28A40>, 'constant_2.4': <function slim.<locals>.<dictcomp>.<lambda> at 0x0000023C34F28AE0>, 'constant_2.5': <function slim.<locals>.<dictcomp>.<lambda> at 0x0000023C34F28680>, 'constant_2.6': <function slim.<locals>.<dictcomp>.<lambda> at 0x0000023C34F29A80>, 'constant_2.7': <function slim.<locals>.<dictcomp>.<lambda> at 0x0000023C34F2B9C0>, 'constant_2.8': <function slim.<locals>.<dictcomp>.<lambda> at 0x0000023C34F2BE20>, 'constant_2.9': <function slim.<locals>.<dictcomp>.<lambda> at 0x0000023C34F2A660>, 'constant_3.0': <function slim.<locals>.<dictcomp>.<lambda> at 0x0000023C34F2B7E0>, 'constant_3.1': <function slim.<locals>.<dictcomp>.<lambda> at 0x0000023C34F282C0>, 'constant_3.2': <function slim.<locals>.<dictcomp>.<lambda> at 0x0000023C34F28540>, 'constant_3.3': <function slim.<locals>.<dictcomp>.<lambda> at 0x0000023C34F2AA20>, 'constant_3.4': <function slim.<locals>.<dictcomp>.<lambda> at 0x0000023C34F2BA60>, 'constant_3.5': <function slim.<locals>.<dictcomp>.<lambda> at 0x0000023C34F2B560>, 'constant_3.6': <function slim.<locals>.<dictcomp>.<lambda> at 0x0000023C34F287C0>, 'constant_3.7': <function slim.<locals>.<dictcomp>.<lambda> at 0x0000023C34F2BF60>, 'constant_3.8': <function slim.<locals>.<dictcomp>.<lambda> at 0x0000023C34F28220>, 'constant_3.9': <function slim.<locals>.<dictcomp>.<lambda> at 0x0000023C34F2B4C0>, 'constant_4.0': <function slim.<locals>.<dictcomp>.<lambda> at 0x0000023C34F2AE80>, 'constant_4.1': <function slim.<locals>.<dictcomp>.<lambda> at 0x0000023C34F28180>, 'constant_4.2': <function slim.<locals>.<dictcomp>.<lambda> at 0x0000023C34F29120>, 'constant_4.3': <function slim.<locals>.<dictcomp>.<lambda> at 0x0000023C34F29B20>, 'constant_4.4': <function slim.<locals>.<dictcomp>.<lambda> at 0x0000023C34F2BEC0>, 'constant_4.5': <function slim.<locals>.<dictcomp>.<lambda> at 0x0000023C34F29BC0>, 'constant_4.6': <function slim.<locals>.<dictcomp>.<lambda> at 0x0000023C34F2A2A0>, 'constant_4.7': <function slim.<locals>.<dictcomp>.<lambda> at 0x0000023C34F2A520>, 'constant_4.8': <function slim.<locals>.<dictcomp>.<lambda> at 0x0000023C34F28720>, 'constant_4.9': <function slim.<locals>.<dictcomp>.<lambda> at 0x0000023C34F2A980>, 'constant_5.0': <function slim.<locals>.<dictcomp>.<lambda> at 0x0000023C34F29440>, 'constant_5.1': <function slim.<locals>.<dictcomp>.<lambda> at 0x0000023C34F2B420>, 'constant_5.2': <function slim.<locals>.<dictcomp>.<lambda> at 0x0000023C34F285E0>, 'constant_5.3': <function slim.<locals>.<dictcomp>.<lambda> at 0x0000023C34F29C60>, 'constant_5.4': <function slim.<locals>.<dictcomp>.<lambda> at 0x0000023C34F296C0>, 'constant_5.5': <function slim.<locals>.<dictcomp>.<lambda> at 0x0000023C34F2A8E0>, 'constant_5.6': <function slim.<locals>.<dictcomp>.<lambda> at 0x0000023C34F29080>, 'constant_5.7': <function slim.<locals>.<dictcomp>.<lambda> at 0x0000023C34F2A840>, 'constant_5.8': <function slim.<locals>.<dictcomp>.<lambda> at 0x0000023C34F29620>, 'constant_5.9': <function slim.<locals>.<dictcomp>.<lambda> at 0x0000023C34F2B6A0>, 'constant_6.0': <function slim.<locals>.<dictcomp>.<lambda> at 0x0000023C34F2A3E0>, 'constant_6.1': <function slim.<locals>.<dictcomp>.<lambda> at 0x0000023C34F28400>, 'constant_6.2': <function slim.<locals>.<dictcomp>.<lambda> at 0x0000023C34F298A0>, 'constant_6.3': <function slim.<locals>.<dictcomp>.<lambda> at 0x0000023C34F2A7A0>, 'constant_6.4': <function slim.<locals>.<dictcomp>.<lambda> at 0x0000023C34F284A0>, 'constant_6.5': <function slim.<locals>.<dictcomp>.<lambda> at 0x0000023C34F2A200>, 'constant_6.6': <function slim.<locals>.<dictcomp>.<lambda> at 0x0000023C34F294E0>, 'constant_6.7': <function slim.<locals>.<dictcomp>.<lambda> at 0x0000023C34F2B100>, 'constant_6.8': <function slim.<locals>.<dictcomp>.<lambda> at 0x0000023C34F293A0>, 'constant_6.9': <function slim.<locals>.<dictcomp>.<lambda> at 0x0000023C34F2B060>, 'constant_7.0': <function slim.<locals>.<dictcomp>.<lambda> at 0x0000023C34F2AB60>, 'constant_7.1': <function slim.<locals>.<dictcomp>.<lambda> at 0x0000023C34F2A340>, 'constant_7.2': <function slim.<locals>.<dictcomp>.<lambda> at 0x0000023C34F2B1A0>, 'constant_7.3': <function slim.<locals>.<dictcomp>.<lambda> at 0x0000023C34F29300>, 'constant_7.4': <function slim.<locals>.<dictcomp>.<lambda> at 0x0000023C34F2B740>, 'constant_7.5': <function slim.<locals>.<dictcomp>.<lambda> at 0x0000023C34F280E0>, 'constant_7.6': <function slim.<locals>.<dictcomp>.<lambda> at 0x0000023C34F28EA0>, 'constant_7.7': <function slim.<locals>.<dictcomp>.<lambda> at 0x0000023C34F29D00>, 'constant_7.8': <function slim.<locals>.<dictcomp>.<lambda> at 0x0000023C34F29260>, 'constant_7.9': <function slim.<locals>.<dictcomp>.<lambda> at 0x0000023C34F2BC40>, 'constant_8.0': <function slim.<locals>.<dictcomp>.<lambda> at 0x0000023C34F2BB00>, 'constant_8.1': <function slim.<locals>.<dictcomp>.<lambda> at 0x0000023C34F29760>, 'constant_8.2': <function slim.<locals>.<dictcomp>.<lambda> at 0x0000023C34F29940>, 'constant_8.3': <function slim.<locals>.<dictcomp>.<lambda> at 0x0000023C34F29EE0>, 'constant_8.4': <function slim.<locals>.<dictcomp>.<lambda> at 0x0000023C34F2B240>, 'constant_8.5': <function slim.<locals>.<dictcomp>.<lambda> at 0x0000023C34F28D60>, 'constant_8.6': <function slim.<locals>.<dictcomp>.<lambda> at 0x0000023C34F291C0>, 'constant_8.7': <function slim.<locals>.<dictcomp>.<lambda> at 0x0000023C34F2AAC0>, 'constant_8.8': <function slim.<locals>.<dictcomp>.<lambda> at 0x0000023C34F28860>, 'constant_8.9': <function slim.<locals>.<dictcomp>.<lambda> at 0x0000023C34F2AF20>, 'constant_9.0': <function slim.<locals>.<dictcomp>.<lambda> at 0x0000023C34F299E0>, 'constant_9.1': <function slim.<locals>.<dictcomp>.<lambda> at 0x0000023C34F2BD80>, 'constant_9.2': <function slim.<locals>.<dictcomp>.<lambda> at 0x0000023C34F28FE0>, 'constant_9.3': <function slim.<locals>.<dictcomp>.<lambda> at 0x0000023C34F29800>, 'constant_9.4': <function slim.<locals>.<dictcomp>.<lambda> at 0x0000023C34F29580>, 'constant_9.5': <function slim.<locals>.<dictcomp>.<lambda> at 0x0000023C34F28F40>, 'constant_9.6': <function slim.<locals>.<dictcomp>.<lambda> at 0x0000023C34E87B00>, 'constant_9.7': <function slim.<locals>.<dictcomp>.<lambda> at 0x0000023C34E87600>, 'constant_9.8': <function slim.<locals>.<dictcomp>.<lambda> at 0x0000023C34E874C0>, 'constant_9.9': <function slim.<locals>.<dictcomp>.<lambda> at 0x0000023C34E856C0>, 'constant_10.0': <function slim.<locals>.<dictcomp>.<lambda> at 0x0000023C34E85940>}, 'p_c': 0.2, 'init_depth': 6, 'init_pop_size': 50, 'p_test': 0.2}"
27d6ac92-0535-11f0-bfaa-54a95b9ec813,"{'run_info': ['SLIM+SIG2', UUID('27d6ac92-0535-11f0-bfaa-54a95b9ec813'), 'blood'], 'ffunction': <function f1_score at 0x0000023C336E59E0>, 'max_depth': 15, 'reconstruct': True, 'n_iter': 200, 'elitism': True, 'n_elites': 1, 'log': 1, 'verbose': False, 'n_jobs': 1, 'test_elite': True, 'log_path': '../../data/results/experiment2/blood/log_config_id_12.csv', 'initializer': <function rhh at 0x0000023C336E4FE0>, 'selector': <function tournament_selection_max.<locals>.ts at 0x0000023C34F1EF20>, 'crossover': <function geometric_crossover at 0x0000023C3342E840>, 'ms': <function generate_random_uniform.<locals>.generate_num at 0x0000023C34F38E00>, 'inflate_mutator': <function inflate_mutation.<locals>.inflate at 0x0000023C34F39260>, 'deflate_mutator': <function deflate_mutation at 0x0000023C336E7A60>, 'p_xo': 0, 'settings_dict': {'p_test': 0.2}, 'find_elit_func': <function get_best_max at 0x0000023C336E4040>, 'p_inflate': 0.75, 'copy_parent': True, 'operator': 'sum', 'pop_size': 50, 'seed': 10, 'p_m': 1, 'two_trees': True, 'p_deflate': 0.25, 'FUNCTIONS': {'add': {'function': <built-in method add of type object at 0x00007FFB1CF749D0>, 'arity': 2}, 'subtract': {'function': <built-in method sub of type object at 0x00007FFB1CF749D0>, 'arity': 2}, 'multiply': {'function': <built-in method mul of type object at 0x00007FFB1CF749D0>, 'arity': 2}, 'divide': {'function': <function protected_div at 0x0000023C3342DB20>, 'arity': 2}}, 'CONSTANTS': {'constant__10.0': <function slim.<locals>.<dictcomp>.<lambda> at 0x0000023C34F39760>, 'constant__9.9': <function slim.<locals>.<dictcomp>.<lambda> at 0x0000023C34F3B9C0>, 'constant__9.8': <function slim.<locals>.<dictcomp>.<lambda> at 0x0000023C34F3BB00>, 'constant__9.7': <function slim.<locals>.<dictcomp>.<lambda> at 0x0000023C34F38220>, 'constant__9.6': <function slim.<locals>.<dictcomp>.<lambda> at 0x0000023C34F38720>, 'constant__9.5': <function slim.<locals>.<dictcomp>.<lambda> at 0x0000023C34F39580>, 'constant__9.4': <function slim.<locals>.<dictcomp>.<lambda> at 0x0000023C34F3A8E0>, 'constant__9.3': <function slim.<locals>.<dictcomp>.<lambda> at 0x0000023C34F38400>, 'constant__9.2': <function slim.<locals>.<dictcomp>.<lambda> at 0x0000023C34F3BBA0>, 'constant__9.1': <function slim.<locals>.<dictcomp>.<lambda> at 0x0000023C34F385E0>, 'constant__9.0': <function slim.<locals>.<dictcomp>.<lambda> at 0x0000023C34F39EE0>, 'constant__8.9': <function slim.<locals>.<dictcomp>.<lambda> at 0x0000023C34F3A3E0>, 'constant__8.8': <function slim.<locals>.<dictcomp>.<lambda> at 0x0000023C34F3B100>, 'constant__8.7': <function slim.<locals>.<dictcomp>.<lambda> at 0x0000023C34F387C0>, 'constant__8.6': <function slim.<locals>.<dictcomp>.<lambda> at 0x0000023C34F3AF20>, 'constant__8.5': <function slim.<locals>.<dictcomp>.<lambda> at 0x0000023C34F3AAC0>, 'constant__8.4': <function slim.<locals>.<dictcomp>.<lambda> at 0x0000023C34F3A0C0>, 'constant__8.3': <function slim.<locals>.<dictcomp>.<lambda> at 0x0000023C34F39800>, 'constant__8.2': <function slim.<locals>.<dictcomp>.<lambda> at 0x0000023C34F3ACA0>, 'constant__8.1': <function slim.<locals>.<dictcomp>.<lambda> at 0x0000023C34F382C0>, 'constant__8.0': <function slim.<locals>.<dictcomp>.<lambda> at 0x0000023C34F39300>, 'constant__7.9': <function slim.<locals>.<dictcomp>.<lambda> at 0x0000023C34F3BEC0>, 'constant__7.8': <function slim.<locals>.<dictcomp>.<lambda> at 0x0000023C34F3B880>, 'constant__7.7': <function slim.<locals>.<dictcomp>.<lambda> at 0x0000023C34F3A660>, 'constant__7.6': <function slim.<locals>.<dictcomp>.<lambda> at 0x0000023C34F3A160>, 'constant__7.5': <function slim.<locals>.<dictcomp>.<lambda> at 0x0000023C34F391C0>, 'constant__7.4': <function slim.<locals>.<dictcomp>.<lambda> at 0x0000023C34F3B920>, 'constant__7.3': <function slim.<locals>.<dictcomp>.<lambda> at 0x0000023C34F3BA60>, 'constant__7.2': <function slim.<locals>.<dictcomp>.<lambda> at 0x0000023C34F38AE0>, 'constant__7.1': <function slim.<locals>.<dictcomp>.<lambda> at 0x0000023C34F39A80>, 'constant__7.0': <function slim.<locals>.<dictcomp>.<lambda> at 0x0000023C34F39D00>, 'constant__6.9': <function slim.<locals>.<dictcomp>.<lambda> at 0x0000023C34F3ADE0>, 'constant__6.8': <function slim.<locals>.<dictcomp>.<lambda> at 0x0000023C34F394E0>, 'constant__6.7': <function slim.<locals>.<dictcomp>.<lambda> at 0x0000023C34F38680>, 'constant__6.6': <function slim.<locals>.<dictcomp>.<lambda> at 0x0000023C34F393A0>, 'constant__6.5': <function slim.<locals>.<dictcomp>.<lambda> at 0x0000023C34F3B560>, 'constant__6.4': <function slim.<locals>.<dictcomp>.<lambda> at 0x0000023C34F3A7A0>, 'constant__6.3': <function slim.<locals>.<dictcomp>.<lambda> at 0x0000023C34F380E0>, 'constant__6.2': <function slim.<locals>.<dictcomp>.<lambda> at 0x0000023C34F3AD40>, 'constant__6.1': <function slim.<locals>.<dictcomp>.<lambda> at 0x0000023C34F3B2E0>, 'constant__6.0': <function slim.<locals>.<dictcomp>.<lambda> at 0x0000023C34F3B740>, 'constant__5.9': <function slim.<locals>.<dictcomp>.<lambda> at 0x0000023C34F38B80>, 'constant__5.8': <function slim.<locals>.<dictcomp>.<lambda> at 0x0000023C34F3B1A0>, 'constant__5.7': <function slim.<locals>.<dictcomp>.<lambda> at 0x0000023C34F3B7E0>, 'constant__5.6': <function slim.<locals>.<dictcomp>.<lambda> at 0x0000023C34F3B420>, 'constant__5.5': <function slim.<locals>.<dictcomp>.<lambda> at 0x0000023C34F39940>, 'constant__5.4': <function slim.<locals>.<dictcomp>.<lambda> at 0x0000023C34F3BCE0>, 'constant__5.3': <function slim.<locals>.<dictcomp>.<lambda> at 0x0000023C5C343EC0>, 'constant__5.2': <function slim.<locals>.<dictcomp>.<lambda> at 0x0000023C34F1CF40>, 'constant__5.1': <function slim.<locals>.<dictcomp>.<lambda> at 0x0000023C34F1E480>, 'constant__5.0': <function slim.<locals>.<dictcomp>.<lambda> at 0x0000023C34F1FF60>, 'constant__4.9': <function slim.<locals>.<dictcomp>.<lambda> at 0x0000023C34F1FBA0>, 'constant__4.8': <function slim.<locals>.<dictcomp>.<lambda> at 0x0000023C34F1C360>, 'constant__4.7': <function slim.<locals>.<dictcomp>.<lambda> at 0x0000023C34F1CFE0>, 'constant__4.6': <function slim.<locals>.<dictcomp>.<lambda> at 0x0000023C34F1C220>, 'constant__4.5': <function slim.<locals>.<dictcomp>.<lambda> at 0x0000023C34F1FA60>, 'constant__4.4': <function slim.<locals>.<dictcomp>.<lambda> at 0x0000023C34F1E980>, 'constant__4.3': <function slim.<locals>.<dictcomp>.<lambda> at 0x0000023C34F1F240>, 'constant__4.2': <function slim.<locals>.<dictcomp>.<lambda> at 0x0000023C34F1EC00>, 'constant__4.1': <function slim.<locals>.<dictcomp>.<lambda> at 0x0000023C34F1F9C0>, 'constant__4.0': <function slim.<locals>.<dictcomp>.<lambda> at 0x0000023C34F1EA20>, 'constant__3.9': <function slim.<locals>.<dictcomp>.<lambda> at 0x0000023C34F1C040>, 'constant__3.8': <function slim.<locals>.<dictcomp>.<lambda> at 0x0000023C34F1C400>, 'constant__3.7': <function slim.<locals>.<dictcomp>.<lambda> at 0x0000023C34F1D760>, 'constant__3.6': <function slim.<locals>.<dictcomp>.<lambda> at 0x0000023C34F1F880>, 'constant__3.5': <function slim.<locals>.<dictcomp>.<lambda> at 0x0000023C34F1E840>, 'constant__3.4': <function slim.<locals>.<dictcomp>.<lambda> at 0x0000023C34F1F2E0>, 'constant__3.3': <function slim.<locals>.<dictcomp>.<lambda> at 0x0000023C34F1D080>, 'constant__3.2': <function slim.<locals>.<dictcomp>.<lambda> at 0x0000023C34F1F920>, 'constant__3.1': <function slim.<locals>.<dictcomp>.<lambda> at 0x0000023C34F1FCE0>, 'constant__3.0': <function slim.<locals>.<dictcomp>.<lambda> at 0x0000023C34F1CEA0>, 'constant__2.9': <function slim.<locals>.<dictcomp>.<lambda> at 0x0000023C34F1D6C0>, 'constant__2.8': <function slim.<locals>.<dictcomp>.<lambda> at 0x0000023C34F1D260>, 'constant__2.7': <function slim.<locals>.<dictcomp>.<lambda> at 0x0000023C34F1E340>, 'constant__2.6': <function slim.<locals>.<dictcomp>.<lambda> at 0x0000023C34F1C540>, 'constant__2.5': <function slim.<locals>.<dictcomp>.<lambda> at 0x0000023C34F1E3E0>, 'constant__2.4': <function slim.<locals>.<dictcomp>.<lambda> at 0x0000023C34F1D3A0>, 'constant__2.3': <function slim.<locals>.<dictcomp>.<lambda> at 0x0000023C34F1CD60>, 'constant__2.2': <function slim.<locals>.<dictcomp>.<lambda> at 0x0000023C34F1C5E0>, 'constant__2.1': <function slim.<locals>.<dictcomp>.<lambda> at 0x0000023C34F1E660>, 'constant__2.0': <function slim.<locals>.<dictcomp>.<lambda> at 0x0000023C34F1F1A0>, 'constant__1.9': <function slim.<locals>.<dictcomp>.<lambda> at 0x0000023C34F1E8E0>, 'constant__1.8': <function slim.<locals>.<dictcomp>.<lambda> at 0x0000023C34F1E2A0>, 'constant__1.7': <function slim.<locals>.<dictcomp>.<lambda> at 0x0000023C34F1D580>, 'constant__1.6': <function slim.<locals>.<dictcomp>.<lambda> at 0x0000023C34F1F4C0>, 'constant__1.5': <function slim.<locals>.<dictcomp>.<lambda> at 0x0000023C34F1EAC0>, 'constant__1.4': <function slim.<locals>.<dictcomp>.<lambda> at 0x0000023C34F1CC20>, 'constant__1.3': <function slim.<locals>.<dictcomp>.<lambda> at 0x0000023C34F1F740>, 'constant__1.2': <function slim.<locals>.<dictcomp>.<lambda> at 0x0000023C34F1E700>, 'constant__1.1': <function slim.<locals>.<dictcomp>.<lambda> at 0x0000023C34F1F060>, 'constant__1.0': <function slim.<locals>.<dictcomp>.<lambda> at 0x0000023C34F1DDA0>, 'constant__0.9': <function slim.<locals>.<dictcomp>.<lambda> at 0x0000023C34F1C0E0>, 'constant__0.8': <function slim.<locals>.<dictcomp>.<lambda> at 0x0000023C34F1D4E0>, 'constant__0.7': <function slim.<locals>.<dictcomp>.<lambda> at 0x0000023C34F1C7C0>, 'constant__0.6': <function slim.<locals>.<dictcomp>.<lambda> at 0x0000023C34F1D300>, 'constant__0.5': <function slim.<locals>.<dictcomp>.<lambda> at 0x0000023C34F1E7A0>, 'constant__0.4': <function slim.<locals>.<dictcomp>.<lambda> at 0x0000023C34F1CAE0>, 'constant__0.3': <function slim.<locals>.<dictcomp>.<lambda> at 0x0000023C34F1C900>, 'constant__0.2': <function slim.<locals>.<dictcomp>.<lambda> at 0x0000023C34F1D1C0>, 'constant__0.1': <function slim.<locals>.<dictcomp>.<lambda> at 0x0000023C34F1DA80>, 'constant_0.0': <function slim.<locals>.<dictcomp>.<lambda> at 0x0000023C34F1F6A0>, 'constant_0.1': <function slim.<locals>.<dictcomp>.<lambda> at 0x0000023C34F1D940>, 'constant_0.2': <function slim.<locals>.<dictcomp>.<lambda> at 0x0000023C39AD74C0>, 'constant_0.3': <function slim.<locals>.<dictcomp>.<lambda> at 0x0000023C39AD47C0>, 'constant_0.4': <function slim.<locals>.<dictcomp>.<lambda> at 0x0000023C39AD56C0>, 'constant_0.5': <function slim.<locals>.<dictcomp>.<lambda> at 0x0000023C39AD5E40>, 'constant_0.6': <function slim.<locals>.<dictcomp>.<lambda> at 0x0000023C39AD4360>, 'constant_0.7': <function slim.<locals>.<dictcomp>.<lambda> at 0x0000023C39AD4FE0>, 'constant_0.8': <function slim.<locals>.<dictcomp>.<lambda> at 0x0000023C39AD7E20>, 'constant_0.9': <function slim.<locals>.<dictcomp>.<lambda> at 0x0000023C39AD62A0>, 'constant_1.0': <function slim.<locals>.<dictcomp>.<lambda> at 0x0000023C39AD7600>, 'constant_1.1': <function slim.<locals>.<dictcomp>.<lambda> at 0x0000023C39AD6F20>, 'constant_1.2': <function slim.<locals>.<dictcomp>.<lambda> at 0x0000023C39AD6CA0>, 'constant_1.3': <function slim.<locals>.<dictcomp>.<lambda> at 0x0000023C39AD6160>, 'constant_1.4': <function slim.<locals>.<dictcomp>.<lambda> at 0x0000023C39AD76A0>, 'constant_1.5': <function slim.<locals>.<dictcomp>.<lambda> at 0x0000023C39AD4AE0>, 'constant_1.6': <function slim.<locals>.<dictcomp>.<lambda> at 0x0000023C39AD5260>, 'constant_1.7': <function slim.<locals>.<dictcomp>.<lambda> at 0x0000023C39AD71A0>, 'constant_1.8': <function slim.<locals>.<dictcomp>.<lambda> at 0x0000023C39AD6700>, 'constant_1.9': <function slim.<locals>.<dictcomp>.<lambda> at 0x0000023C39AD7380>, 'constant_2.0': <function slim.<locals>.<dictcomp>.<lambda> at 0x0000023C39AD6480>, 'constant_2.1': <function slim.<locals>.<dictcomp>.<lambda> at 0x0000023C39AD4720>, 'constant_2.2': <function slim.<locals>.<dictcomp>.<lambda> at 0x0000023C39AD4E00>, 'constant_2.3': <function slim.<locals>.<dictcomp>.<lambda> at 0x0000023C39AD7920>, 'constant_2.4': <function slim.<locals>.<dictcomp>.<lambda> at 0x0000023C39AD7740>, 'constant_2.5': <function slim.<locals>.<dictcomp>.<lambda> at 0x0000023C39AD7C40>, 'constant_2.6': <function slim.<locals>.<dictcomp>.<lambda> at 0x0000023C39AD49A0>, 'constant_2.7': <function slim.<locals>.<dictcomp>.<lambda> at 0x0000023C39AD7A60>, 'constant_2.8': <function slim.<locals>.<dictcomp>.<lambda> at 0x0000023C39AD4400>, 'constant_2.9': <function slim.<locals>.<dictcomp>.<lambda> at 0x0000023C39AD4680>, 'constant_3.0': <function slim.<locals>.<dictcomp>.<lambda> at 0x0000023C39AD5A80>, 'constant_3.1': <function slim.<locals>.<dictcomp>.<lambda> at 0x0000023C39AD4540>, 'constant_3.2': <function slim.<locals>.<dictcomp>.<lambda> at 0x0000023C39AD5620>, 'constant_3.3': <function slim.<locals>.<dictcomp>.<lambda> at 0x0000023C39AD5BC0>, 'constant_3.4': <function slim.<locals>.<dictcomp>.<lambda> at 0x0000023C39AD5800>, 'constant_3.5': <function slim.<locals>.<dictcomp>.<lambda> at 0x0000023C39AD5DA0>, 'constant_3.6': <function slim.<locals>.<dictcomp>.<lambda> at 0x0000023C39AD4CC0>, 'constant_3.7': <function slim.<locals>.<dictcomp>.<lambda> at 0x0000023C39AD7F60>, 'constant_3.8': <function slim.<locals>.<dictcomp>.<lambda> at 0x0000023C39AD7CE0>, 'constant_3.9': <function slim.<locals>.<dictcomp>.<lambda> at 0x0000023C39AD45E0>, 'constant_4.0': <function slim.<locals>.<dictcomp>.<lambda> at 0x0000023C39AD5B20>, 'constant_4.1': <function slim.<locals>.<dictcomp>.<lambda> at 0x0000023C39AD5EE0>, 'constant_4.2': <function slim.<locals>.<dictcomp>.<lambda> at 0x0000023C39AD6C00>, 'constant_4.3': <function slim.<locals>.<dictcomp>.<lambda> at 0x0000023C39AD7060>, 'constant_4.4': <function slim.<locals>.<dictcomp>.<lambda> at 0x0000023C39AD60C0>, 'constant_4.5': <function slim.<locals>.<dictcomp>.<lambda> at 0x0000023C39AD7BA0>, 'constant_4.6': <function slim.<locals>.<dictcomp>.<lambda> at 0x0000023C39AD58A0>, 'constant_4.7': <function slim.<locals>.<dictcomp>.<lambda> at 0x0000023C39AD65C0>, 'constant_4.8': <function slim.<locals>.<dictcomp>.<lambda> at 0x0000023C39AD4900>, 'constant_4.9': <function slim.<locals>.<dictcomp>.<lambda> at 0x0000023C39AD7B00>, 'constant_5.0': <function slim.<locals>.<dictcomp>.<lambda> at 0x0000023C39AD6AC0>, 'constant_5.1': <function slim.<locals>.<dictcomp>.<lambda> at 0x0000023C39AD5C60>, 'constant_5.2': <function slim.<locals>.<dictcomp>.<lambda> at 0x0000023C39AD6520>, 'constant_5.3': <function slim.<locals>.<dictcomp>.<lambda> at 0x0000023C39AD6200>, 'constant_5.4': <function slim.<locals>.<dictcomp>.<lambda> at 0x0000023C39AD6E80>, 'constant_5.5': <function slim.<locals>.<dictcomp>.<lambda> at 0x0000023C39AD42C0>, 'constant_5.6': <function slim.<locals>.<dictcomp>.<lambda> at 0x0000023C39AD4C20>, 'constant_5.7': <function slim.<locals>.<dictcomp>.<lambda> at 0x0000023C37FEE200>, 'constant_5.8': <function slim.<locals>.<dictcomp>.<lambda> at 0x0000023C37FEECA0>, 'constant_5.9': <function slim.<locals>.<dictcomp>.<lambda> at 0x0000023C37FEEFC0>, 'constant_6.0': <function slim.<locals>.<dictcomp>.<lambda> at 0x0000023C37FEDA80>, 'constant_6.1': <function slim.<locals>.<dictcomp>.<lambda> at 0x0000023C37FEE8E0>, 'constant_6.2': <function slim.<locals>.<dictcomp>.<lambda> at 0x0000023C37FEE020>, 'constant_6.3': <function slim.<locals>.<dictcomp>.<lambda> at 0x0000023C37FEEA20>, 'constant_6.4': <function slim.<locals>.<dictcomp>.<lambda> at 0x0000023C37FEFB00>, 'constant_6.5': <function slim.<locals>.<dictcomp>.<lambda> at 0x0000023C37FEE520>, 'constant_6.6': <function slim.<locals>.<dictcomp>.<lambda> at 0x0000023C37FEFBA0>, 'constant_6.7': <function slim.<locals>.<dictcomp>.<lambda> at 0x0000023C37FED3A0>, 'constant_6.8': <function slim.<locals>.<dictcomp>.<lambda> at 0x0000023C37FEC900>, 'constant_6.9': <function slim.<locals>.<dictcomp>.<lambda> at 0x0000023C37FEC360>, 'constant_7.0': <function slim.<locals>.<dictcomp>.<lambda> at 0x0000023C37FED4E0>, 'constant_7.1': <function slim.<locals>.<dictcomp>.<lambda> at 0x0000023C37FEC4A0>, 'constant_7.2': <function slim.<locals>.<dictcomp>.<lambda> at 0x0000023C37FEC540>, 'constant_7.3': <function slim.<locals>.<dictcomp>.<lambda> at 0x0000023C37FEF9C0>, 'constant_7.4': <function slim.<locals>.<dictcomp>.<lambda> at 0x0000023C37FEEC00>, 'constant_7.5': <function slim.<locals>.<dictcomp>.<lambda> at 0x0000023C37FEC220>, 'constant_7.6': <function slim.<locals>.<dictcomp>.<lambda> at 0x0000023C37FED580>, 'constant_7.7': <function slim.<locals>.<dictcomp>.<lambda> at 0x0000023C37FECE00>, 'constant_7.8': <function slim.<locals>.<dictcomp>.<lambda> at 0x0000023C37FEEAC0>, 'constant_7.9': <function slim.<locals>.<dictcomp>.<lambda> at 0x0000023C37FECCC0>, 'constant_8.0': <function slim.<locals>.<dictcomp>.<lambda> at 0x0000023C37FEF1A0>, 'constant_8.1': <function slim.<locals>.<dictcomp>.<lambda> at 0x0000023C37FED260>, 'constant_8.2': <function slim.<locals>.<dictcomp>.<lambda> at 0x0000023C37FEF7E0>, 'constant_8.3': <function slim.<locals>.<dictcomp>.<lambda> at 0x0000023C37FEEB60>, 'constant_8.4': <function slim.<locals>.<dictcomp>.<lambda> at 0x0000023C37FEC860>, 'constant_8.5': <function slim.<locals>.<dictcomp>.<lambda> at 0x0000023C37FEC680>, 'constant_8.6': <function slim.<locals>.<dictcomp>.<lambda> at 0x0000023C37FEC180>, 'constant_8.7': <function slim.<locals>.<dictcomp>.<lambda> at 0x0000023C37FED9E0>, 'constant_8.8': <function slim.<locals>.<dictcomp>.<lambda> at 0x0000023C37FEDC60>, 'constant_8.9': <function slim.<locals>.<dictcomp>.<lambda> at 0x0000023C37FEEF20>, 'constant_9.0': <function slim.<locals>.<dictcomp>.<lambda> at 0x0000023C37FEC2C0>, 'constant_9.1': <function slim.<locals>.<dictcomp>.<lambda> at 0x0000023C37FED940>, 'constant_9.2': <function slim.<locals>.<dictcomp>.<lambda> at 0x0000023C37FEE2A0>, 'constant_9.3': <function slim.<locals>.<dictcomp>.<lambda> at 0x0000023C37FEC7C0>, 'constant_9.4': <function slim.<locals>.<dictcomp>.<lambda> at 0x0000023C37FEF100>, 'constant_9.5': <function slim.<locals>.<dictcomp>.<lambda> at 0x0000023C37FEC720>, 'constant_9.6': <function slim.<locals>.<dictcomp>.<lambda> at 0x0000023C37FEDDA0>, 'constant_9.7': <function slim.<locals>.<dictcomp>.<lambda> at 0x0000023C37FED800>, 'constant_9.8': <function slim.<locals>.<dictcomp>.<lambda> at 0x0000023C37FEE480>, 'constant_9.9': <function slim.<locals>.<dictcomp>.<lambda> at 0x0000023C37FECFE0>, 'constant_10.0': <function slim.<locals>.<dictcomp>.<lambda> at 0x0000023C37FEDF80>}, 'p_c': 0.2, 'init_depth': 6, 'init_pop_size': 50, 'p_test': 0.2}"
