SLIM*SIG1,5715dcc7-1480-11f0-87db-54a95b9ec813,student,1,0,0.46769091486930847,0.01602625846862793,670.0,0.48334604501724243,31,1
SLIM*SIG1,5715dcc7-1480-11f0-87db-54a95b9ec813,student,1,1,0.46769091486930847,0.0,651.0,0.48334604501724243,31,1
SLIM*SIG1,5715dcc7-1480-11f0-87db-54a95b9ec813,student,1,2,0.46769091486930847,0.0,660.0,0.48334604501724243,31,1
SLIM*SIG1,5715dcc7-1480-11f0-87db-54a95b9ec813,student,1,3,0.46769091486930847,0.0,675.0,0.48334604501724243,31,1
SLIM*SIG1,5715dcc7-1480-11f0-87db-54a95b9ec813,student,1,4,0.46769091486930847,0.0,740.0,0.48334604501724243,31,1
SLIM*SIG1,5715dcc7-1480-11f0-87db-54a95b9ec813,student,1,5,0.46769091486930847,0.01566338539123535,1003.0,0.48334604501724243,31,1
SLIM*SIG1,5715dcc7-1480-11f0-87db-54a95b9ec813,student,1,6,0.4657028615474701,0.0,1253.0,0.48215070366859436,44,1
SLIM*SIG1,5715dcc7-1480-11f0-87db-54a95b9ec813,student,1,7,0.4657028615474701,0.0,1505.0,0.48215070366859436,44,1
SLIM*SIG1,5715dcc7-1480-11f0-87db-54a95b9ec813,student,1,8,0.46463897824287415,0.015594959259033203,1615.0,0.48040828108787537,44,1
SLIM*SIG1,5715dcc7-1480-11f0-87db-54a95b9ec813,student,1,9,0.46463897824287415,0.0,1617.0,0.48040828108787537,44,1
SLIM*SIG1,5715dcc7-1480-11f0-87db-54a95b9ec813,student,1,10,0.44761186838150024,0.0,1602.0,0.46450692415237427,44,1
SLIM*SIG1,5715dcc7-1480-11f0-87db-54a95b9ec813,student,1,11,0.44761186838150024,0.01573348045349121,1628.0,0.46450692415237427,44,1
SLIM*SIG1,5715dcc7-1480-11f0-87db-54a95b9ec813,student,1,12,0.44761186838150024,0.0,1680.0,0.46450692415237427,44,1
SLIM*SIG1,5715dcc7-1480-11f0-87db-54a95b9ec813,student,1,13,0.44761186838150024,0.0,1628.0,0.46450692415237427,44,1
SLIM*SIG1,5715dcc7-1480-11f0-87db-54a95b9ec813,student,1,14,0.43767836689949036,0.015517950057983398,1656.0,0.45583575963974,57,1
SLIM*SIG1,5715dcc7-1480-11f0-87db-54a95b9ec813,student,1,15,0.43767836689949036,0.006792306900024414,1732.0,0.45583575963974,57,1
SLIM*SIG1,5715dcc7-1480-11f0-87db-54a95b9ec813,student,1,16,0.43767836689949036,0.0015478134155273438,1747.0,0.45583575963974,57,1
SLIM*SIG1,5715dcc7-1480-11f0-87db-54a95b9ec813,student,1,17,0.43767836689949036,0.0,1825.0,0.45583575963974,57,1
SLIM*SIG1,5715dcc7-1480-11f0-87db-54a95b9ec813,student,1,18,0.43767836689949036,0.0,1812.0,0.45583575963974,57,1
SLIM*SIG1,5715dcc7-1480-11f0-87db-54a95b9ec813,student,1,19,0.43767836689949036,0.015607118606567383,1732.0,0.45583575963974,57,1
SLIM*SIG1,5715dcc7-1480-11f0-87db-54a95b9ec813,student,1,20,0.43767836689949036,0.0,1732.0,0.45583575963974,57,1
SLIM*SIG1,5715dcc7-1480-11f0-87db-54a95b9ec813,student,1,21,0.42920225858688354,0.0,1758.0,0.44219860434532166,57,1
SLIM*SIG1,5715dcc7-1480-11f0-87db-54a95b9ec813,student,1,22,0.42920225858688354,0.01573634147644043,1771.0,0.44219860434532166,57,1
SLIM*SIG1,5715dcc7-1480-11f0-87db-54a95b9ec813,student,1,23,0.42920225858688354,0.0,1732.0,0.44219860434532166,57,1
SLIM*SIG1,5715dcc7-1480-11f0-87db-54a95b9ec813,student,1,24,0.42920225858688354,0.0,1680.0,0.44219860434532166,57,1
SLIM*SIG1,5715dcc7-1480-11f0-87db-54a95b9ec813,student,1,25,0.42920225858688354,0.015620708465576172,1680.0,0.44219860434532166,57,1
SLIM*SIG1,5715dcc7-1480-11f0-87db-54a95b9ec813,student,1,26,0.42920225858688354,0.0,1758.0,0.44219860434532166,57,1
SLIM*SIG1,5715dcc7-1480-11f0-87db-54a95b9ec813,student,1,27,0.42920225858688354,0.0,1745.0,0.44219860434532166,57,1
SLIM*SIG1,5715dcc7-1480-11f0-87db-54a95b9ec813,student,1,28,0.42920225858688354,0.015530824661254883,1682.0,0.44219860434532166,57,1
SLIM*SIG1,5715dcc7-1480-11f0-87db-54a95b9ec813,student,1,29,0.40611472725868225,0.0,1719.0,0.4187944531440735,70,1
SLIM*SIG1,5715dcc7-1480-11f0-87db-54a95b9ec813,student,1,30,0.4035041034221649,0.0,1745.0,0.41542643308639526,83,1
SLIM*SIG1,5715dcc7-1480-11f0-87db-54a95b9ec813,student,1,31,0.4035041034221649,0.015618562698364258,1942.0,0.41542643308639526,83,1
SLIM*SIG1,5715dcc7-1480-11f0-87db-54a95b9ec813,student,1,32,0.4035041034221649,0.0,1927.0,0.41542643308639526,83,1
SLIM*SIG1,5715dcc7-1480-11f0-87db-54a95b9ec813,student,1,33,0.4035041034221649,0.0,1927.0,0.41542643308639526,83,1
SLIM*SIG1,5715dcc7-1480-11f0-87db-54a95b9ec813,student,1,34,0.4035041034221649,0.015625,1931.0,0.41542643308639526,83,1
SLIM*SIG1,5715dcc7-1480-11f0-87db-54a95b9ec813,student,1,35,0.4035041034221649,0.006029367446899414,1836.0,0.41542643308639526,83,1
SLIM*SIG1,5715dcc7-1480-11f0-87db-54a95b9ec813,student,1,36,0.4035041034221649,0.0,1786.0,0.41542643308639526,83,1
SLIM*SIG1,5715dcc7-1480-11f0-87db-54a95b9ec813,student,1,37,0.4035041034221649,0.0,1862.0,0.41542643308639526,83,1
SLIM*SIG1,5715dcc7-1480-11f0-87db-54a95b9ec813,student,1,38,0.4035041034221649,0.015523195266723633,1875.0,0.41542643308639526,83,1
SLIM*SIG1,5715dcc7-1480-11f0-87db-54a95b9ec813,student,1,39,0.4004363715648651,0.0037817955017089844,2252.0,0.41265884041786194,96,1
SLIM*SIG1,5715dcc7-1480-11f0-87db-54a95b9ec813,student,1,40,0.4004363715648651,0.009698867797851562,2408.0,0.41265884041786194,96,1
SLIM*SIG1,5715dcc7-1480-11f0-87db-54a95b9ec813,student,1,41,0.4004363715648651,0.006948232650756836,2811.0,0.41265884041786194,96,1
SLIM*SIG1,5715dcc7-1480-11f0-87db-54a95b9ec813,student,1,42,0.4004363715648651,0.0051004886627197266,2655.0,0.41265884041786194,96,1
SLIM*SIG1,5715dcc7-1480-11f0-87db-54a95b9ec813,student,1,43,0.4004363715648651,0.0060007572174072266,2527.0,0.41265884041786194,96,1
SLIM*SIG1,5715dcc7-1480-11f0-87db-54a95b9ec813,student,1,44,0.4004363715648651,0.005896091461181641,2525.0,0.41265884041786194,96,1
SLIM*SIG1,5715dcc7-1480-11f0-87db-54a95b9ec813,student,1,45,0.4004363715648651,0.005000591278076172,2657.0,0.41265884041786194,96,1
SLIM*SIG1,5715dcc7-1480-11f0-87db-54a95b9ec813,student,1,46,0.4004363715648651,0.0023055076599121094,2967.0,0.41265884041786194,96,1
SLIM*SIG1,5715dcc7-1480-11f0-87db-54a95b9ec813,student,1,47,0.4004363715648651,0.0,2982.0,0.41265884041786194,96,1
SLIM*SIG1,5715dcc7-1480-11f0-87db-54a95b9ec813,student,1,48,0.4004363715648651,0.015626907348632812,2945.0,0.41265884041786194,96,1
SLIM*SIG1,5715dcc7-1480-11f0-87db-54a95b9ec813,student,1,49,0.4004363715648651,0.0,2811.0,0.41265884041786194,96,1
SLIM*SIG1,5715dcc7-1480-11f0-87db-54a95b9ec813,student,1,50,0.4004363715648651,0.0,2798.0,0.41265884041786194,96,1
SLIM*SIG1,5715dcc7-1480-11f0-87db-54a95b9ec813,student,1,51,0.4004363715648651,0.020538330078125,3045.0,0.41265884041786194,96,1
SLIM*SIG1,5715dcc7-1480-11f0-87db-54a95b9ec813,student,1,52,0.4004363715648651,0.0019931793212890625,3099.0,0.41265884041786194,96,1
SLIM*SIG1,5715dcc7-1480-11f0-87db-54a95b9ec813,student,1,53,0.4004363715648651,0.0,2969.0,0.41265884041786194,96,1
SLIM*SIG1,5715dcc7-1480-11f0-87db-54a95b9ec813,student,1,54,0.4004363715648651,0.016123294830322266,2724.0,0.41265884041786194,96,1
SLIM*SIG1,5715dcc7-1480-11f0-87db-54a95b9ec813,student,1,55,0.3943452537059784,0.0,2451.0,0.4063073396682739,109,1
SLIM*SIG1,5715dcc7-1480-11f0-87db-54a95b9ec813,student,1,56,0.3943452537059784,0.0,2583.0,0.4063073396682739,109,1
SLIM*SIG1,5715dcc7-1480-11f0-87db-54a95b9ec813,student,1,57,0.3940839469432831,0.015633344650268555,2440.0,0.40760985016822815,109,1
SLIM*SIG1,5715dcc7-1480-11f0-87db-54a95b9ec813,student,1,58,0.3940839469432831,0.0,2462.0,0.40760985016822815,109,1
SLIM*SIG1,5715dcc7-1480-11f0-87db-54a95b9ec813,student,1,59,0.39352643489837646,0.0,2566.0,0.4068244993686676,96,1
SLIM*SIG1,5715dcc7-1480-11f0-87db-54a95b9ec813,student,1,60,0.39352643489837646,0.015624523162841797,2499.0,0.4068244993686676,96,1
SLIM*SIG1,5715dcc7-1480-11f0-87db-54a95b9ec813,student,1,61,0.39352643489837646,0.0,2785.0,0.4068244993686676,96,1
SLIM*SIG1,5715dcc7-1480-11f0-87db-54a95b9ec813,student,1,62,0.39352643489837646,0.015623331069946289,2564.0,0.4068244993686676,96,1
SLIM*SIG1,5715dcc7-1480-11f0-87db-54a95b9ec813,student,1,63,0.39292848110198975,0.0,2590.0,0.4058319330215454,109,1
SLIM*SIG1,5715dcc7-1480-11f0-87db-54a95b9ec813,student,1,64,0.39292848110198975,0.018886804580688477,2746.0,0.4058319330215454,109,1
SLIM*SIG1,5715dcc7-1480-11f0-87db-54a95b9ec813,student,1,65,0.39292848110198975,0.008736371994018555,2772.0,0.4058319330215454,109,1
SLIM*SIG1,5715dcc7-1480-11f0-87db-54a95b9ec813,student,1,66,0.39292848110198975,0.007999658584594727,2759.0,0.4058319330215454,109,1
SLIM*SIG1,5715dcc7-1480-11f0-87db-54a95b9ec813,student,1,67,0.39292848110198975,0.007830381393432617,2837.0,0.4058319330215454,109,1
SLIM*SIG1,5715dcc7-1480-11f0-87db-54a95b9ec813,student,1,68,0.39292848110198975,0.008944988250732422,3123.0,0.4058319330215454,109,1
SLIM*SIG1,5715dcc7-1480-11f0-87db-54a95b9ec813,student,1,69,0.39292848110198975,0.0074388980865478516,3084.0,0.4058319330215454,109,1
SLIM*SIG1,5715dcc7-1480-11f0-87db-54a95b9ec813,student,1,70,0.39292848110198975,0.007834196090698242,3097.0,0.4058319330215454,109,1
SLIM*SIG1,5715dcc7-1480-11f0-87db-54a95b9ec813,student,1,71,0.39292848110198975,0.007035493850708008,3424.0,0.4058319330215454,109,1
SLIM*SIG1,5715dcc7-1480-11f0-87db-54a95b9ec813,student,1,72,0.39292848110198975,0.009379863739013672,3539.0,0.4058319330215454,109,1
SLIM*SIG1,5715dcc7-1480-11f0-87db-54a95b9ec813,student,1,73,0.3906222879886627,0.00958704948425293,3515.0,0.40487152338027954,98,1
SLIM*SIG1,5715dcc7-1480-11f0-87db-54a95b9ec813,student,1,74,0.3903096914291382,0.007856130599975586,3493.0,0.4045453369617462,111,1
SLIM*SIG1,5715dcc7-1480-11f0-87db-54a95b9ec813,student,1,75,0.3903096914291382,0.007807493209838867,3538.0,0.4045453369617462,111,1
SLIM*SIG1,5715dcc7-1480-11f0-87db-54a95b9ec813,student,1,76,0.3903096914291382,0.008288860321044922,3459.0,0.4045453369617462,111,1
SLIM*SIG1,5715dcc7-1480-11f0-87db-54a95b9ec813,student,1,77,0.3903096914291382,0.009305477142333984,3178.0,0.4045453369617462,111,1
SLIM*SIG1,5715dcc7-1480-11f0-87db-54a95b9ec813,student,1,78,0.3903096914291382,0.0018486976623535156,3111.0,0.4045453369617462,111,1
SLIM*SIG1,5715dcc7-1480-11f0-87db-54a95b9ec813,student,1,79,0.3903096914291382,0.01507568359375,3052.0,0.4045453369617462,111,1
SLIM*SIG1,5715dcc7-1480-11f0-87db-54a95b9ec813,student,1,80,0.3903096914291382,0.0,2903.0,0.4045453369617462,111,1
SLIM*SIG1,5715dcc7-1480-11f0-87db-54a95b9ec813,student,1,81,0.3903096914291382,0.015651702880859375,3005.0,0.4045453369617462,111,1
SLIM*SIG1,5715dcc7-1480-11f0-87db-54a95b9ec813,student,1,82,0.3903096914291382,0.0,3332.0,0.4045453369617462,111,1
SLIM*SIG1,5715dcc7-1480-11f0-87db-54a95b9ec813,student,1,83,0.3903096914291382,0.015624046325683594,3091.0,0.4045453369617462,111,1
SLIM*SIG1,5715dcc7-1480-11f0-87db-54a95b9ec813,student,1,84,0.3903096914291382,0.0075266361236572266,2974.0,0.4045453369617462,111,1
SLIM*SIG1,5715dcc7-1480-11f0-87db-54a95b9ec813,student,1,85,0.3903096914291382,0.008515119552612305,2824.0,0.4045453369617462,111,1
SLIM*SIG1,5715dcc7-1480-11f0-87db-54a95b9ec813,student,1,86,0.3903096914291382,0.0,2992.0,0.4045453369617462,111,1
SLIM*SIG1,5715dcc7-1480-11f0-87db-54a95b9ec813,student,1,87,0.3903096914291382,0.0,2674.0,0.4045453369617462,111,1
SLIM*SIG1,5715dcc7-1480-11f0-87db-54a95b9ec813,student,1,88,0.3903096914291382,0.01566314697265625,2802.0,0.4045453369617462,111,1
SLIM*SIG1,5715dcc7-1480-11f0-87db-54a95b9ec813,student,1,89,0.3903096914291382,0.0,2818.0,0.4045453369617462,111,1
SLIM*SIG1,5715dcc7-1480-11f0-87db-54a95b9ec813,student,1,90,0.3903096914291382,0.015599489212036133,2781.0,0.4045453369617462,111,1
SLIM*SIG1,5715dcc7-1480-11f0-87db-54a95b9ec813,student,1,91,0.3903096914291382,0.0,2392.0,0.4045453369617462,111,1
SLIM*SIG1,5715dcc7-1480-11f0-87db-54a95b9ec813,student,1,92,0.3903096914291382,0.0,2409.0,0.4045453369617462,111,1
SLIM*SIG1,5715dcc7-1480-11f0-87db-54a95b9ec813,student,1,93,0.3903096914291382,0.015622377395629883,2400.0,0.4045453369617462,111,1
SLIM*SIG1,5715dcc7-1480-11f0-87db-54a95b9ec813,student,1,94,0.3903096914291382,0.005115985870361328,2733.0,0.4045453369617462,111,1
SLIM*SIG1,5715dcc7-1480-11f0-87db-54a95b9ec813,student,1,95,0.3903096914291382,0.0,3083.0,0.4045453369617462,111,1
SLIM*SIG1,5715dcc7-1480-11f0-87db-54a95b9ec813,student,1,96,0.3903096914291382,0.015073537826538086,3337.0,0.4045453369617462,111,1
SLIM*SIG1,5715dcc7-1480-11f0-87db-54a95b9ec813,student,1,97,0.3903096914291382,0.0013751983642578125,3056.0,0.4045453369617462,111,1
SLIM*SIG1,5715dcc7-1480-11f0-87db-54a95b9ec813,student,1,98,0.3903096914291382,0.0,3075.0,0.4045453369617462,111,1
SLIM*SIG1,5715dcc7-1480-11f0-87db-54a95b9ec813,student,1,99,0.3903096914291382,0.015718460083007812,2980.0,0.4045453369617462,111,1
SLIM*SIG1,5715dcc7-1480-11f0-87db-54a95b9ec813,student,1,100,0.3903096914291382,0.0,3054.0,0.4045453369617462,111,1
SLIM*SIG1,5715dcc7-1480-11f0-87db-54a95b9ec813,student,1,101,0.3903096914291382,0.015534639358520508,2842.0,0.4045453369617462,111,1
SLIM*SIG1,5715dcc7-1480-11f0-87db-54a95b9ec813,student,1,102,0.3903096914291382,0.0,2771.0,0.4045453369617462,111,1
SLIM*SIG1,5715dcc7-1480-11f0-87db-54a95b9ec813,student,1,103,0.3903096914291382,0.015622854232788086,2693.0,0.4045453369617462,111,1
SLIM*SIG1,5715dcc7-1480-11f0-87db-54a95b9ec813,student,1,104,0.3903096914291382,0.0,2721.0,0.4045453369617462,111,1
SLIM*SIG1,5715dcc7-1480-11f0-87db-54a95b9ec813,student,1,105,0.3903096914291382,0.016116857528686523,2846.0,0.4045453369617462,111,1
SLIM*SIG1,5715dcc7-1480-11f0-87db-54a95b9ec813,student,1,106,0.3903096914291382,0.007614850997924805,2864.0,0.4045453369617462,111,1
SLIM*SIG1,5715dcc7-1480-11f0-87db-54a95b9ec813,student,1,107,0.3903096914291382,0.0077648162841796875,2957.0,0.4045453369617462,111,1
SLIM*SIG1,5715dcc7-1480-11f0-87db-54a95b9ec813,student,1,108,0.3903096914291382,0.006701231002807617,2848.0,0.4045453369617462,111,1
SLIM*SIG1,5715dcc7-1480-11f0-87db-54a95b9ec813,student,1,109,0.3903096914291382,0.006766319274902344,3300.0,0.4045453369617462,111,1
SLIM*SIG1,5715dcc7-1480-11f0-87db-54a95b9ec813,student,1,110,0.3903096914291382,0.006865501403808594,3800.0,0.4045453369617462,111,1
SLIM*SIG1,5715dcc7-1480-11f0-87db-54a95b9ec813,student,1,111,0.3903096914291382,0.0,3548.0,0.4045453369617462,111,1
SLIM*SIG1,5715dcc7-1480-11f0-87db-54a95b9ec813,student,1,112,0.3903096914291382,0.014974117279052734,3547.0,0.4045453369617462,111,1
SLIM*SIG1,5715dcc7-1480-11f0-87db-54a95b9ec813,student,1,113,0.3903096914291382,0.00816798210144043,3121.0,0.4045453369617462,111,1
SLIM*SIG1,5715dcc7-1480-11f0-87db-54a95b9ec813,student,1,114,0.3903096914291382,0.00713038444519043,3022.0,0.4045453369617462,111,1
SLIM*SIG1,5715dcc7-1480-11f0-87db-54a95b9ec813,student,1,115,0.3902435004711151,0.007573843002319336,3157.0,0.40489667654037476,124,1
SLIM*SIG1,5715dcc7-1480-11f0-87db-54a95b9ec813,student,1,116,0.3902435004711151,0.006670951843261719,3229.0,0.40489667654037476,124,1
SLIM*SIG1,5715dcc7-1480-11f0-87db-54a95b9ec813,student,1,117,0.389309823513031,0.006630420684814453,3543.0,0.4022819399833679,124,1
SLIM*SIG1,5715dcc7-1480-11f0-87db-54a95b9ec813,student,1,118,0.389309823513031,0.0074002742767333984,3634.0,0.4022819399833679,124,1
SLIM*SIG1,5715dcc7-1480-11f0-87db-54a95b9ec813,student,1,119,0.389309823513031,0.0,3659.0,0.4022819399833679,124,1
SLIM*SIG1,5715dcc7-1480-11f0-87db-54a95b9ec813,student,1,120,0.389309823513031,0.0,3818.0,0.4022819399833679,124,1
SLIM*SIG1,5715dcc7-1480-11f0-87db-54a95b9ec813,student,1,121,0.389309823513031,0.005269050598144531,3997.0,0.4022819399833679,124,1
SLIM*SIG1,5715dcc7-1480-11f0-87db-54a95b9ec813,student,1,122,0.389309823513031,0.010519027709960938,4442.0,0.4022819399833679,124,1
SLIM*SIG1,5715dcc7-1480-11f0-87db-54a95b9ec813,student,1,123,0.389309823513031,0.0054280757904052734,4540.0,0.4022819399833679,124,1
SLIM*SIG1,5715dcc7-1480-11f0-87db-54a95b9ec813,student,1,124,0.389309823513031,0.0,4283.0,0.4022819399833679,124,1
SLIM*SIG1,5715dcc7-1480-11f0-87db-54a95b9ec813,student,1,125,0.389309823513031,0.01569390296936035,3969.0,0.4022819399833679,124,1
SLIM*SIG1,5715dcc7-1480-11f0-87db-54a95b9ec813,student,1,126,0.389309823513031,0.0,3922.0,0.4022819399833679,124,1
SLIM*SIG1,5715dcc7-1480-11f0-87db-54a95b9ec813,student,1,127,0.389056921005249,0.015626907348632812,3790.0,0.40189802646636963,124,1
SLIM*SIG1,5715dcc7-1480-11f0-87db-54a95b9ec813,student,1,128,0.389056921005249,0.0,3983.0,0.40189802646636963,124,1
SLIM*SIG1,5715dcc7-1480-11f0-87db-54a95b9ec813,student,1,129,0.389056921005249,0.015623807907104492,4012.0,0.40189802646636963,124,1
SLIM*SIG1,5715dcc7-1480-11f0-87db-54a95b9ec813,student,1,130,0.389056921005249,0.0,4157.0,0.40189802646636963,124,1
SLIM*SIG1,5715dcc7-1480-11f0-87db-54a95b9ec813,student,1,131,0.389056921005249,0.0,4273.0,0.40189802646636963,124,1
SLIM*SIG1,5715dcc7-1480-11f0-87db-54a95b9ec813,student,1,132,0.389056921005249,0.015614986419677734,4136.0,0.40189802646636963,124,1
SLIM*SIG1,5715dcc7-1480-11f0-87db-54a95b9ec813,student,1,133,0.389056921005249,0.0,4073.0,0.40189802646636963,124,1
SLIM*SIG1,5715dcc7-1480-11f0-87db-54a95b9ec813,student,1,134,0.389056921005249,0.015711307525634766,4200.0,0.40189802646636963,124,1
SLIM*SIG1,5715dcc7-1480-11f0-87db-54a95b9ec813,student,1,135,0.389056921005249,0.0,3864.0,0.40189802646636963,124,1
SLIM*SIG1,5715dcc7-1480-11f0-87db-54a95b9ec813,student,1,136,0.389056921005249,0.012802362442016602,3898.0,0.40189802646636963,124,1
SLIM*SIG1,5715dcc7-1480-11f0-87db-54a95b9ec813,student,1,137,0.389056921005249,0.005074977874755859,4072.0,0.40189802646636963,124,1
SLIM*SIG1,5715dcc7-1480-11f0-87db-54a95b9ec813,student,1,138,0.389056921005249,0.0,4158.0,0.40189802646636963,124,1
SLIM*SIG1,5715dcc7-1480-11f0-87db-54a95b9ec813,student,1,139,0.389056921005249,0.0,4342.0,0.40189802646636963,124,1
SLIM*SIG1,5715dcc7-1480-11f0-87db-54a95b9ec813,student,1,140,0.389056921005249,0.0,4005.0,0.40189802646636963,124,1
SLIM*SIG1,5715dcc7-1480-11f0-87db-54a95b9ec813,student,1,141,0.389056921005249,0.0,3650.0,0.40189802646636963,124,1
SLIM*SIG1,5715dcc7-1480-11f0-87db-54a95b9ec813,student,1,142,0.3876363933086395,0.01552724838256836,3874.0,0.4017904996871948,98,1
SLIM*SIG1,5715dcc7-1480-11f0-87db-54a95b9ec813,student,1,143,0.3876363933086395,0.0,3941.0,0.4017904996871948,98,1
SLIM*SIG1,5715dcc7-1480-11f0-87db-54a95b9ec813,student,1,144,0.3876363933086395,0.0,3851.0,0.4017904996871948,98,1
SLIM*SIG1,5715dcc7-1480-11f0-87db-54a95b9ec813,student,1,145,0.3876363933086395,0.0,3856.0,0.4017904996871948,98,1
SLIM*SIG1,5715dcc7-1480-11f0-87db-54a95b9ec813,student,1,146,0.3876363933086395,0.0,3763.0,0.4017904996871948,98,1
SLIM*SIG1,5715dcc7-1480-11f0-87db-54a95b9ec813,student,1,147,0.3876363933086395,0.0156252384185791,3599.0,0.4017904996871948,98,1
SLIM*SIG1,5715dcc7-1480-11f0-87db-54a95b9ec813,student,1,148,0.3876363933086395,0.0,3535.0,0.4017904996871948,98,1
SLIM*SIG1,5715dcc7-1480-11f0-87db-54a95b9ec813,student,1,149,0.3876363933086395,0.01572561264038086,3393.0,0.4017904996871948,98,1
SLIM*SIG1,5715dcc7-1480-11f0-87db-54a95b9ec813,student,1,150,0.3876363933086395,0.004106760025024414,3255.0,0.4017904996871948,98,1
SLIM*SIG1,5715dcc7-1480-11f0-87db-54a95b9ec813,student,1,151,0.3876363933086395,0.0,3127.0,0.4017904996871948,98,1
SLIM*SIG1,5715dcc7-1480-11f0-87db-54a95b9ec813,student,1,152,0.3876363933086395,0.017694473266601562,3177.0,0.4017904996871948,98,1
SLIM*SIG1,5715dcc7-1480-11f0-87db-54a95b9ec813,student,1,153,0.3876363933086395,0.0,3246.0,0.4017904996871948,98,1
SLIM*SIG1,5715dcc7-1480-11f0-87db-54a95b9ec813,student,1,154,0.3876363933086395,0.0,3348.0,0.4017904996871948,98,1
SLIM*SIG1,5715dcc7-1480-11f0-87db-54a95b9ec813,student,1,155,0.3876363933086395,0.01567220687866211,3090.0,0.4017904996871948,98,1
SLIM*SIG1,5715dcc7-1480-11f0-87db-54a95b9ec813,student,1,156,0.3876363933086395,0.0,3218.0,0.4017904996871948,98,1
SLIM*SIG1,5715dcc7-1480-11f0-87db-54a95b9ec813,student,1,157,0.3876363933086395,0.015597105026245117,3029.0,0.4017904996871948,98,1
SLIM*SIG1,5715dcc7-1480-11f0-87db-54a95b9ec813,student,1,158,0.3876363933086395,0.0,2988.0,0.4017904996871948,98,1
SLIM*SIG1,5715dcc7-1480-11f0-87db-54a95b9ec813,student,1,159,0.3876363933086395,0.015721797943115234,2780.0,0.4017904996871948,98,1
SLIM*SIG1,5715dcc7-1480-11f0-87db-54a95b9ec813,student,1,160,0.3876363933086395,0.0,2795.0,0.4017904996871948,98,1
SLIM*SIG1,5715dcc7-1480-11f0-87db-54a95b9ec813,student,1,161,0.3876363933086395,0.0,2623.0,0.4017904996871948,98,1
SLIM*SIG1,5715dcc7-1480-11f0-87db-54a95b9ec813,student,1,162,0.3876363933086395,0.0,2928.0,0.4017904996871948,98,1
SLIM*SIG1,5715dcc7-1480-11f0-87db-54a95b9ec813,student,1,163,0.3876363933086395,0.0,3320.0,0.4017904996871948,98,1
SLIM*SIG1,5715dcc7-1480-11f0-87db-54a95b9ec813,student,1,164,0.3876363933086395,0.020198583602905273,3138.0,0.4017904996871948,98,1
SLIM*SIG1,5715dcc7-1480-11f0-87db-54a95b9ec813,student,1,165,0.3876363933086395,0.0,2883.0,0.4017904996871948,98,1
SLIM*SIG1,5715dcc7-1480-11f0-87db-54a95b9ec813,student,1,166,0.3876363933086395,0.014894247055053711,2701.0,0.4017904996871948,98,1
SLIM*SIG1,5715dcc7-1480-11f0-87db-54a95b9ec813,student,1,167,0.3876363933086395,0.0018305778503417969,2666.0,0.4017904996871948,98,1
SLIM*SIG1,5715dcc7-1480-11f0-87db-54a95b9ec813,student,1,168,0.3876363933086395,0.0,2824.0,0.4017904996871948,98,1
SLIM*SIG1,5715dcc7-1480-11f0-87db-54a95b9ec813,student,1,169,0.3876363933086395,0.015726089477539062,3090.0,0.4017904996871948,98,1
SLIM*SIG1,5715dcc7-1480-11f0-87db-54a95b9ec813,student,1,170,0.3876363933086395,0.0,2958.0,0.4017904996871948,98,1
SLIM*SIG1,5715dcc7-1480-11f0-87db-54a95b9ec813,student,1,171,0.3876363933086395,0.015527725219726562,2943.0,0.4017904996871948,98,1
SLIM*SIG1,5715dcc7-1480-11f0-87db-54a95b9ec813,student,1,172,0.3858546018600464,0.0,3029.0,0.3984086811542511,111,1
SLIM*SIG1,5715dcc7-1480-11f0-87db-54a95b9ec813,student,1,173,0.3858546018600464,0.01572585105895996,2896.0,0.3984086811542511,111,1
SLIM*SIG1,5715dcc7-1480-11f0-87db-54a95b9ec813,student,1,174,0.3858546018600464,0.0,3007.0,0.3984086811542511,111,1
SLIM*SIG1,5715dcc7-1480-11f0-87db-54a95b9ec813,student,1,175,0.3858546018600464,0.0,3180.0,0.3984086811542511,111,1
SLIM*SIG1,5715dcc7-1480-11f0-87db-54a95b9ec813,student,1,176,0.3858546018600464,0.01565098762512207,3277.0,0.3984086811542511,111,1
SLIM*SIG1,5715dcc7-1480-11f0-87db-54a95b9ec813,student,1,177,0.3858546018600464,0.0,3299.0,0.3984086811542511,111,1
SLIM*SIG1,5715dcc7-1480-11f0-87db-54a95b9ec813,student,1,178,0.3858546018600464,0.015603780746459961,3256.0,0.3984086811542511,111,1
SLIM*SIG1,5715dcc7-1480-11f0-87db-54a95b9ec813,student,1,179,0.3858546018600464,0.005120515823364258,3318.0,0.3984086811542511,111,1
SLIM*SIG1,5715dcc7-1480-11f0-87db-54a95b9ec813,student,1,180,0.3858546018600464,0.0,3160.0,0.3984086811542511,111,1
SLIM*SIG1,5715dcc7-1480-11f0-87db-54a95b9ec813,student,1,181,0.3858546018600464,0.011006593704223633,2801.0,0.3984086811542511,111,1
SLIM*SIG1,5715dcc7-1480-11f0-87db-54a95b9ec813,student,1,182,0.3858546018600464,0.0,2682.0,0.3984086811542511,111,1
SLIM*SIG1,5715dcc7-1480-11f0-87db-54a95b9ec813,student,1,183,0.3858546018600464,0.01574110984802246,2307.0,0.3984086811542511,111,1
SLIM*SIG1,5715dcc7-1480-11f0-87db-54a95b9ec813,student,1,184,0.3858546018600464,0.0,2497.0,0.3984086811542511,111,1
SLIM*SIG1,5715dcc7-1480-11f0-87db-54a95b9ec813,student,1,185,0.3858546018600464,0.0,2514.0,0.3984086811542511,111,1
SLIM*SIG1,5715dcc7-1480-11f0-87db-54a95b9ec813,student,1,186,0.3858546018600464,0.015620708465576172,2371.0,0.3984086811542511,111,1
SLIM*SIG1,5715dcc7-1480-11f0-87db-54a95b9ec813,student,1,187,0.3858546018600464,0.007245063781738281,2429.0,0.3984086811542511,111,1
SLIM*SIG1,5715dcc7-1480-11f0-87db-54a95b9ec813,student,1,188,0.3858546018600464,0.0,2541.0,0.3984086811542511,111,1
SLIM*SIG1,5715dcc7-1480-11f0-87db-54a95b9ec813,student,1,189,0.3858546018600464,0.0,2532.0,0.3984086811542511,111,1
SLIM*SIG1,5715dcc7-1480-11f0-87db-54a95b9ec813,student,1,190,0.3831685185432434,0.0,2759.0,0.3931455612182617,124,1
SLIM*SIG1,5715dcc7-1480-11f0-87db-54a95b9ec813,student,1,191,0.3831685185432434,0.0,2789.0,0.3931455612182617,124,1
SLIM*SIG1,5715dcc7-1480-11f0-87db-54a95b9ec813,student,1,192,0.3816976249217987,0.015633821487426758,3195.0,0.39060553908348083,137,1
SLIM*SIG1,5715dcc7-1480-11f0-87db-54a95b9ec813,student,1,193,0.3816976249217987,0.0,3318.0,0.39060553908348083,137,1
SLIM*SIG1,5715dcc7-1480-11f0-87db-54a95b9ec813,student,1,194,0.3816976249217987,0.015722274780273438,3319.0,0.39060553908348083,137,1
SLIM*SIG1,5715dcc7-1480-11f0-87db-54a95b9ec813,student,1,195,0.3816976249217987,0.003604412078857422,3633.0,0.39060553908348083,137,1
SLIM*SIG1,5715dcc7-1480-11f0-87db-54a95b9ec813,student,1,196,0.3816976249217987,0.0,3772.0,0.39060553908348083,137,1
SLIM*SIG1,5715dcc7-1480-11f0-87db-54a95b9ec813,student,1,197,0.3816976249217987,0.012505531311035156,4311.0,0.39060553908348083,137,1
SLIM*SIG1,5715dcc7-1480-11f0-87db-54a95b9ec813,student,1,198,0.3816976249217987,0.0,4452.0,0.39060553908348083,137,1
SLIM*SIG1,5715dcc7-1480-11f0-87db-54a95b9ec813,student,1,199,0.3816976249217987,0.01563286781311035,4634.0,0.39060553908348083,137,1
SLIM*SIG1,5715dcc7-1480-11f0-87db-54a95b9ec813,student,1,200,0.3816976249217987,0.0,4746.0,0.39060553908348083,137,1
SLIM*SIG1,5715dcc7-1480-11f0-87db-54a95b9ec813,student,1,201,0.3816976249217987,0.01726055145263672,5099.0,0.39060553908348083,137,1
SLIM*SIG1,5715dcc7-1480-11f0-87db-54a95b9ec813,student,1,202,0.3816976249217987,0.0043697357177734375,5222.0,0.39060553908348083,137,1
SLIM*SIG1,5715dcc7-1480-11f0-87db-54a95b9ec813,student,1,203,0.3816976249217987,0.0,5101.0,0.39060553908348083,137,1
SLIM*SIG1,5715dcc7-1480-11f0-87db-54a95b9ec813,student,1,204,0.3816976249217987,0.015628337860107422,4874.0,0.39060553908348083,137,1
SLIM*SIG1,5715dcc7-1480-11f0-87db-54a95b9ec813,student,1,205,0.3816976249217987,0.0,4681.0,0.39060553908348083,137,1
SLIM*SIG1,5715dcc7-1480-11f0-87db-54a95b9ec813,student,1,206,0.3816976249217987,0.015623331069946289,4616.0,0.39060553908348083,137,1
SLIM*SIG1,5715dcc7-1480-11f0-87db-54a95b9ec813,student,1,207,0.3816976249217987,0.0,4337.0,0.39060553908348083,137,1
SLIM*SIG1,5715dcc7-1480-11f0-87db-54a95b9ec813,student,1,208,0.3816976249217987,0.0,4489.0,0.39060553908348083,137,1
SLIM*SIG1,5715dcc7-1480-11f0-87db-54a95b9ec813,student,1,209,0.3816976249217987,0.018235445022583008,4344.0,0.39060553908348083,137,1
SLIM*SIG1,5715dcc7-1480-11f0-87db-54a95b9ec813,student,1,210,0.3808270990848541,0.0,4519.0,0.3894199728965759,109,1
SLIM*SIG1,5715dcc7-1480-11f0-87db-54a95b9ec813,student,1,211,0.3808270990848541,0.013505697250366211,4552.0,0.3894199728965759,109,1
SLIM*SIG1,5715dcc7-1480-11f0-87db-54a95b9ec813,student,1,212,0.3808270990848541,0.0,4578.0,0.3894199728965759,109,1
SLIM*SIG1,5715dcc7-1480-11f0-87db-54a95b9ec813,student,1,213,0.3808270990848541,0.0,4398.0,0.3894199728965759,109,1
SLIM*SIG1,5715dcc7-1480-11f0-87db-54a95b9ec813,student,1,214,0.3808270990848541,0.015633583068847656,4117.0,0.3894199728965759,109,1
SLIM*SIG1,5715dcc7-1480-11f0-87db-54a95b9ec813,student,1,215,0.38041946291923523,0.0,3998.0,0.38888755440711975,122,1
SLIM*SIG1,5715dcc7-1480-11f0-87db-54a95b9ec813,student,1,216,0.38041946291923523,0.0169980525970459,3918.0,0.38888755440711975,122,1
SLIM*SIG1,5715dcc7-1480-11f0-87db-54a95b9ec813,student,1,217,0.38041946291923523,0.004118680953979492,3552.0,0.38888755440711975,122,1
SLIM*SIG1,5715dcc7-1480-11f0-87db-54a95b9ec813,student,1,218,0.38041946291923523,0.0,3526.0,0.38888755440711975,122,1
SLIM*SIG1,5715dcc7-1480-11f0-87db-54a95b9ec813,student,1,219,0.38041946291923523,0.01567363739013672,3580.0,0.38888755440711975,122,1
SLIM*SIG1,5715dcc7-1480-11f0-87db-54a95b9ec813,student,1,220,0.38041946291923523,0.0,3619.0,0.38888755440711975,122,1
SLIM*SIG1,5715dcc7-1480-11f0-87db-54a95b9ec813,student,1,221,0.38041946291923523,0.015651226043701172,3597.0,0.38888755440711975,122,1
SLIM*SIG1,5715dcc7-1480-11f0-87db-54a95b9ec813,student,1,222,0.38041946291923523,0.0,3699.0,0.38888755440711975,122,1
SLIM*SIG1,5715dcc7-1480-11f0-87db-54a95b9ec813,student,1,223,0.38041946291923523,0.0,3950.0,0.38888755440711975,122,1
SLIM*SIG1,5715dcc7-1480-11f0-87db-54a95b9ec813,student,1,224,0.38041946291923523,0.017632007598876953,3976.0,0.38888755440711975,122,1
SLIM*SIG1,5715dcc7-1480-11f0-87db-54a95b9ec813,student,1,225,0.38041946291923523,0.0,3881.0,0.38888755440711975,122,1
SLIM*SIG1,5715dcc7-1480-11f0-87db-54a95b9ec813,student,1,226,0.38041946291923523,0.014006614685058594,4033.0,0.38888755440711975,122,1
SLIM*SIG1,5715dcc7-1480-11f0-87db-54a95b9ec813,student,1,227,0.38041946291923523,0.0,4033.0,0.38888755440711975,122,1
SLIM*SIG1,5715dcc7-1480-11f0-87db-54a95b9ec813,student,1,228,0.38041946291923523,0.01566171646118164,4022.0,0.38888755440711975,122,1
SLIM*SIG1,5715dcc7-1480-11f0-87db-54a95b9ec813,student,1,229,0.38041946291923523,0.0,3790.0,0.38888755440711975,122,1
SLIM*SIG1,5715dcc7-1480-11f0-87db-54a95b9ec813,student,1,230,0.38041946291923523,0.01925063133239746,3931.0,0.38888755440711975,122,1
SLIM*SIG1,5715dcc7-1480-11f0-87db-54a95b9ec813,student,1,231,0.38041946291923523,0.0,4191.0,0.38888755440711975,122,1
SLIM*SIG1,5715dcc7-1480-11f0-87db-54a95b9ec813,student,1,232,0.38041946291923523,0.0,4046.0,0.38888755440711975,122,1
SLIM*SIG1,5715dcc7-1480-11f0-87db-54a95b9ec813,student,1,233,0.38041946291923523,0.015776872634887695,3799.0,0.38888755440711975,122,1
SLIM*SIG1,5715dcc7-1480-11f0-87db-54a95b9ec813,student,1,234,0.38041946291923523,0.0,4046.0,0.38888755440711975,122,1
SLIM*SIG1,5715dcc7-1480-11f0-87db-54a95b9ec813,student,1,235,0.38041946291923523,0.015522956848144531,3929.0,0.38888755440711975,122,1
SLIM*SIG1,5715dcc7-1480-11f0-87db-54a95b9ec813,student,1,236,0.38041946291923523,0.0,3721.0,0.38888755440711975,122,1
SLIM*SIG1,5715dcc7-1480-11f0-87db-54a95b9ec813,student,1,237,0.38041946291923523,0.01572704315185547,3578.0,0.38888755440711975,122,1
SLIM*SIG1,5715dcc7-1480-11f0-87db-54a95b9ec813,student,1,238,0.38041946291923523,0.004109382629394531,3266.0,0.38888755440711975,122,1
SLIM*SIG1,5715dcc7-1480-11f0-87db-54a95b9ec813,student,1,239,0.38041946291923523,0.0,3370.0,0.38888755440711975,122,1
SLIM*SIG1,5715dcc7-1480-11f0-87db-54a95b9ec813,student,1,240,0.38041946291923523,0.012006759643554688,3591.0,0.38888755440711975,122,1
SLIM*SIG1,5715dcc7-1480-11f0-87db-54a95b9ec813,student,1,241,0.38041946291923523,0.0,3656.0,0.38888755440711975,122,1
SLIM*SIG1,5715dcc7-1480-11f0-87db-54a95b9ec813,student,1,242,0.38041946291923523,0.0,3383.0,0.38888755440711975,122,1
SLIM*SIG1,5715dcc7-1480-11f0-87db-54a95b9ec813,student,1,243,0.38041946291923523,0.01563239097595215,3188.0,0.38888755440711975,122,1
SLIM*SIG1,5715dcc7-1480-11f0-87db-54a95b9ec813,student,1,244,0.38041946291923523,0.0,2928.0,0.38888755440711975,122,1
SLIM*SIG1,5715dcc7-1480-11f0-87db-54a95b9ec813,student,1,245,0.38041946291923523,0.01573014259338379,2850.0,0.38888755440711975,122,1
SLIM*SIG1,5715dcc7-1480-11f0-87db-54a95b9ec813,student,1,246,0.38041946291923523,0.0018596649169921875,2967.0,0.38888755440711975,122,1
SLIM*SIG1,5715dcc7-1480-11f0-87db-54a95b9ec813,student,1,247,0.38041946291923523,0.0,2798.0,0.38888755440711975,122,1
SLIM*SIG1,5715dcc7-1480-11f0-87db-54a95b9ec813,student,1,248,0.38041946291923523,0.015650033950805664,3032.0,0.38888755440711975,122,1
SLIM*SIG1,5715dcc7-1480-11f0-87db-54a95b9ec813,student,1,249,0.38041946291923523,0.0,3110.0,0.38888755440711975,122,1
SLIM*SIG1,5715dcc7-1480-11f0-87db-54a95b9ec813,student,1,250,0.38041946291923523,0.0,3125.0,0.38888755440711975,122,1
SLIM*SIG1,5715dcc7-1480-11f0-87db-54a95b9ec813,student,1,251,0.38041946291923523,0.015624523162841797,3151.0,0.38888755440711975,122,1
SLIM*SIG1,5715dcc7-1480-11f0-87db-54a95b9ec813,student,1,252,0.38041946291923523,0.0,3216.0,0.38888755440711975,122,1
SLIM*SIG1,5715dcc7-1480-11f0-87db-54a95b9ec813,student,1,253,0.38041946291923523,0.0,3162.0,0.38888755440711975,122,1
SLIM*SIG1,5715dcc7-1480-11f0-87db-54a95b9ec813,student,1,254,0.38041946291923523,0.0036122798919677734,3279.0,0.38888755440711975,122,1
SLIM*SIG1,5715dcc7-1480-11f0-87db-54a95b9ec813,student,1,255,0.38041946291923523,0.0,3112.0,0.38888755440711975,122,1
SLIM*SIG1,5715dcc7-1480-11f0-87db-54a95b9ec813,student,1,256,0.38041946291923523,0.012505292892456055,2915.0,0.38888755440711975,122,1
SLIM*SIG1,5715dcc7-1480-11f0-87db-54a95b9ec813,student,1,257,0.38041946291923523,0.0,3136.0,0.38888755440711975,122,1
SLIM*SIG1,5715dcc7-1480-11f0-87db-54a95b9ec813,student,1,258,0.38041946291923523,0.0,3071.0,0.38888755440711975,122,1
SLIM*SIG1,5715dcc7-1480-11f0-87db-54a95b9ec813,student,1,259,0.38041946291923523,0.015751123428344727,3279.0,0.38888755440711975,122,1
SLIM*SIG1,5715dcc7-1480-11f0-87db-54a95b9ec813,student,1,260,0.38041946291923523,0.0,3398.0,0.38888755440711975,122,1
SLIM*SIG1,5715dcc7-1480-11f0-87db-54a95b9ec813,student,1,261,0.38041946291923523,0.017906665802001953,3333.0,0.38888755440711975,122,1
SLIM*SIG1,5715dcc7-1480-11f0-87db-54a95b9ec813,student,1,262,0.38041946291923523,0.0013356208801269531,3071.0,0.38888755440711975,122,1
SLIM*SIG1,5715dcc7-1480-11f0-87db-54a95b9ec813,student,1,263,0.38041946291923523,0.0,3058.0,0.38888755440711975,122,1
SLIM*SIG1,5715dcc7-1480-11f0-87db-54a95b9ec813,student,1,264,0.38041946291923523,0.015628337860107422,2876.0,0.38888755440711975,122,1
SLIM*SIG1,5715dcc7-1480-11f0-87db-54a95b9ec813,student,1,265,0.38041946291923523,0.0,2798.0,0.38888755440711975,122,1
SLIM*SIG1,5715dcc7-1480-11f0-87db-54a95b9ec813,student,1,266,0.38041946291923523,0.0,3214.0,0.38888755440711975,122,1
SLIM*SIG1,5715dcc7-1480-11f0-87db-54a95b9ec813,student,1,267,0.38041946291923523,0.015723228454589844,3593.0,0.38888755440711975,122,1
SLIM*SIG1,5715dcc7-1480-11f0-87db-54a95b9ec813,student,1,268,0.38041946291923523,0.0,3567.0,0.38888755440711975,122,1
SLIM*SIG1,5715dcc7-1480-11f0-87db-54a95b9ec813,student,1,269,0.38041946291923523,0.0,3838.0,0.38888755440711975,122,1
SLIM*SIG1,5715dcc7-1480-11f0-87db-54a95b9ec813,student,1,270,0.38041946291923523,0.0045087337493896484,4007.0,0.38888755440711975,122,1
SLIM*SIG1,5715dcc7-1480-11f0-87db-54a95b9ec813,student,1,271,0.38041946291923523,0.0,4176.0,0.38888755440711975,122,1
SLIM*SIG1,5715dcc7-1480-11f0-87db-54a95b9ec813,student,1,272,0.38041946291923523,0.011632919311523438,4267.0,0.38888755440711975,122,1
SLIM*SIG1,5715dcc7-1480-11f0-87db-54a95b9ec813,student,1,273,0.38041946291923523,0.0,4254.0,0.38888755440711975,122,1
SLIM*SIG1,5715dcc7-1480-11f0-87db-54a95b9ec813,student,1,274,0.38041946291923523,0.0,3929.0,0.38888755440711975,122,1
SLIM*SIG1,5715dcc7-1480-11f0-87db-54a95b9ec813,student,1,275,0.38041946291923523,0.015631914138793945,3760.0,0.38888755440711975,122,1
SLIM*SIG1,5715dcc7-1480-11f0-87db-54a95b9ec813,student,1,276,0.38041946291923523,0.0,3903.0,0.38888755440711975,122,1
SLIM*SIG1,5715dcc7-1480-11f0-87db-54a95b9ec813,student,1,277,0.38041946291923523,0.015729904174804688,3903.0,0.38888755440711975,122,1
SLIM*SIG1,5715dcc7-1480-11f0-87db-54a95b9ec813,student,1,278,0.38041946291923523,0.0,4176.0,0.38888755440711975,122,1
SLIM*SIG1,5715dcc7-1480-11f0-87db-54a95b9ec813,student,1,279,0.38041946291923523,0.015621662139892578,3981.0,0.38888755440711975,122,1
SLIM*SIG1,5715dcc7-1480-11f0-87db-54a95b9ec813,student,1,280,0.38041946291923523,0.0,4189.0,0.38888755440711975,122,1
SLIM*SIG1,5715dcc7-1480-11f0-87db-54a95b9ec813,student,1,281,0.38041946291923523,0.0,4098.0,0.38888755440711975,122,1
SLIM*SIG1,5715dcc7-1480-11f0-87db-54a95b9ec813,student,1,282,0.38041946291923523,0.006499767303466797,3890.0,0.38888755440711975,122,1
SLIM*SIG1,5715dcc7-1480-11f0-87db-54a95b9ec813,student,1,283,0.38041946291923523,0.00037550926208496094,3539.0,0.38888755440711975,122,1
SLIM*SIG1,5715dcc7-1480-11f0-87db-54a95b9ec813,student,1,284,0.38041946291923523,0.0,3409.0,0.38888755440711975,122,1
SLIM*SIG1,5715dcc7-1480-11f0-87db-54a95b9ec813,student,1,285,0.38041946291923523,0.01562666893005371,3019.0,0.38888755440711975,122,1
SLIM*SIG1,5715dcc7-1480-11f0-87db-54a95b9ec813,student,1,286,0.38041946291923523,0.0026116371154785156,2954.0,0.38888755440711975,122,1
SLIM*SIG1,5715dcc7-1480-11f0-87db-54a95b9ec813,student,1,287,0.38041946291923523,0.0,2967.0,0.38888755440711975,122,1
SLIM*SIG1,5715dcc7-1480-11f0-87db-54a95b9ec813,student,1,288,0.38041946291923523,0.013609170913696289,3242.0,0.38888755440711975,122,1
SLIM*SIG1,5715dcc7-1480-11f0-87db-54a95b9ec813,student,1,289,0.38041946291923523,0.0,3539.0,0.38888755440711975,122,1
SLIM*SIG1,5715dcc7-1480-11f0-87db-54a95b9ec813,student,1,290,0.38041946291923523,0.01574087142944336,3487.0,0.38888755440711975,122,1
SLIM*SIG1,5715dcc7-1480-11f0-87db-54a95b9ec813,student,1,291,0.38041946291923523,0.0,3879.0,0.38888755440711975,122,1
SLIM*SIG1,5715dcc7-1480-11f0-87db-54a95b9ec813,student,1,292,0.38041946291923523,0.015516519546508789,3695.0,0.38888755440711975,122,1
SLIM*SIG1,5715dcc7-1480-11f0-87db-54a95b9ec813,student,1,293,0.38041946291923523,0.0,3890.0,0.38888755440711975,122,1
SLIM*SIG1,5715dcc7-1480-11f0-87db-54a95b9ec813,student,1,294,0.38041946291923523,0.0,3916.0,0.38888755440711975,122,1
SLIM*SIG1,5715dcc7-1480-11f0-87db-54a95b9ec813,student,1,295,0.38041946291923523,0.0,3929.0,0.38888755440711975,122,1
SLIM*SIG1,5715dcc7-1480-11f0-87db-54a95b9ec813,student,1,296,0.38041946291923523,0.0,3825.0,0.38888755440711975,122,1
SLIM*SIG1,5715dcc7-1480-11f0-87db-54a95b9ec813,student,1,297,0.38041946291923523,0.02008986473083496,3565.0,0.38888755440711975,122,1
SLIM*SIG1,5715dcc7-1480-11f0-87db-54a95b9ec813,student,1,298,0.38041946291923523,0.0008065700531005859,3071.0,0.38888755440711975,122,1
SLIM*SIG1,5715dcc7-1480-11f0-87db-54a95b9ec813,student,1,299,0.38041946291923523,0.0,2837.0,0.38888755440711975,122,1
SLIM*SIG1,5715dcc7-1480-11f0-87db-54a95b9ec813,student,1,300,0.38041946291923523,0.015752553939819336,2694.0,0.38888755440711975,122,1
SLIM*SIG1,5715dcc7-1480-11f0-87db-54a95b9ec813,student,1,301,0.38041946291923523,0.0,2668.0,0.38888755440711975,122,1
SLIM*SIG1,5715dcc7-1480-11f0-87db-54a95b9ec813,student,1,302,0.38041946291923523,0.0,2787.0,0.38888755440711975,122,1
SLIM*SIG1,5715dcc7-1480-11f0-87db-54a95b9ec813,student,1,303,0.38041946291923523,0.014007329940795898,2720.0,0.38888755440711975,122,1
SLIM*SIG1,5715dcc7-1480-11f0-87db-54a95b9ec813,student,1,304,0.38041946291923523,0.0,2434.0,0.38888755440711975,122,1
SLIM*SIG1,5715dcc7-1480-11f0-87db-54a95b9ec813,student,1,305,0.38041946291923523,0.0,2551.0,0.38888755440711975,122,1
SLIM*SIG1,5715dcc7-1480-11f0-87db-54a95b9ec813,student,1,306,0.38041946291923523,0.015664339065551758,2876.0,0.38888755440711975,122,1
SLIM*SIG1,5715dcc7-1480-11f0-87db-54a95b9ec813,student,1,307,0.38041946291923523,0.0,3227.0,0.38888755440711975,122,1
SLIM*SIG1,5715dcc7-1480-11f0-87db-54a95b9ec813,student,1,308,0.38041946291923523,0.015594482421875,3242.0,0.38888755440711975,122,1
SLIM*SIG1,5715dcc7-1480-11f0-87db-54a95b9ec813,student,1,309,0.38041946291923523,0.0,3398.0,0.38888755440711975,122,1
SLIM*SIG1,5715dcc7-1480-11f0-87db-54a95b9ec813,student,1,310,0.38041946291923523,0.015720129013061523,3526.0,0.38888755440711975,122,1
SLIM*SIG1,5715dcc7-1480-11f0-87db-54a95b9ec813,student,1,311,0.38041946291923523,0.0,3708.0,0.38888755440711975,122,1
SLIM*SIG1,5715dcc7-1480-11f0-87db-54a95b9ec813,student,1,312,0.38041946291923523,0.0,3851.0,0.38888755440711975,122,1
SLIM*SIG1,5715dcc7-1480-11f0-87db-54a95b9ec813,student,1,313,0.38041946291923523,0.02105545997619629,3942.0,0.38888755440711975,122,1
SLIM*SIG1,5715dcc7-1480-11f0-87db-54a95b9ec813,student,1,314,0.38041946291923523,0.0,3994.0,0.38888755440711975,122,1
SLIM*SIG1,5715dcc7-1480-11f0-87db-54a95b9ec813,student,1,315,0.38038718700408936,0.0,3695.0,0.3886977732181549,135,1
SLIM*SIG1,5715dcc7-1480-11f0-87db-54a95b9ec813,student,1,316,0.38038718700408936,0.018326759338378906,3500.0,0.3886977732181549,135,1
SLIM*SIG1,5715dcc7-1480-11f0-87db-54a95b9ec813,student,1,317,0.38038718700408936,0.0,3357.0,0.3886977732181549,135,1
SLIM*SIG1,5715dcc7-1480-11f0-87db-54a95b9ec813,student,1,318,0.38038718700408936,0.013506412506103516,3671.0,0.3886977732181549,135,1
SLIM*SIG1,5715dcc7-1480-11f0-87db-54a95b9ec813,student,1,319,0.38038718700408936,0.0,3955.0,0.3886977732181549,135,1
SLIM*SIG1,5715dcc7-1480-11f0-87db-54a95b9ec813,student,1,320,0.38038718700408936,0.0,4111.0,0.3886977732181549,135,1
SLIM*SIG1,5715dcc7-1480-11f0-87db-54a95b9ec813,student,1,321,0.380355566740036,0.015744447708129883,4215.0,0.3891191780567169,135,1
SLIM*SIG1,5715dcc7-1480-11f0-87db-54a95b9ec813,student,1,322,0.380355566740036,0.0,4592.0,0.3891191780567169,135,1
SLIM*SIG1,5715dcc7-1480-11f0-87db-54a95b9ec813,student,1,323,0.380355566740036,0.015618324279785156,4644.0,0.3891191780567169,135,1
SLIM*SIG1,5715dcc7-1480-11f0-87db-54a95b9ec813,student,1,324,0.380355566740036,0.0,4540.0,0.3891191780567169,135,1
SLIM*SIG1,5715dcc7-1480-11f0-87db-54a95b9ec813,student,1,325,0.380355566740036,0.0,4514.0,0.3891191780567169,135,1
SLIM*SIG1,5715dcc7-1480-11f0-87db-54a95b9ec813,student,1,326,0.380355566740036,0.0,4386.0,0.3891191780567169,135,1
SLIM*SIG1,5715dcc7-1480-11f0-87db-54a95b9ec813,student,1,327,0.380355566740036,0.0,4308.0,0.3891191780567169,135,1
SLIM*SIG1,5715dcc7-1480-11f0-87db-54a95b9ec813,student,1,328,0.37977761030197144,0.019515514373779297,4423.0,0.388555109500885,148,1
SLIM*SIG1,5715dcc7-1480-11f0-87db-54a95b9ec813,student,1,329,0.37977761030197144,0.00010943412780761719,4514.0,0.388555109500885,148,1
SLIM*SIG1,5715dcc7-1480-11f0-87db-54a95b9ec813,student,1,330,0.37977761030197144,0.0,4891.0,0.388555109500885,148,1
SLIM*SIG1,5715dcc7-1480-11f0-87db-54a95b9ec813,student,1,331,0.37977761030197144,0.018738985061645508,4826.0,0.388555109500885,148,1
SLIM*SIG1,5715dcc7-1480-11f0-87db-54a95b9ec813,student,1,332,0.37977761030197144,0.0,4878.0,0.388555109500885,148,1
SLIM*SIG1,5715dcc7-1480-11f0-87db-54a95b9ec813,student,1,333,0.3793249726295471,0.0,4917.0,0.3878105878829956,135,1
SLIM*SIG1,5715dcc7-1480-11f0-87db-54a95b9ec813,student,1,334,0.3793249726295471,0.013005733489990234,4802.0,0.3878105878829956,135,1
SLIM*SIG1,5715dcc7-1480-11f0-87db-54a95b9ec813,student,1,335,0.3793249726295471,0.0,4930.0,0.3878105878829956,135,1
SLIM*SIG1,5715dcc7-1480-11f0-87db-54a95b9ec813,student,1,336,0.3793249726295471,0.015633583068847656,4631.0,0.3878105878829956,135,1
SLIM*SIG1,5715dcc7-1480-11f0-87db-54a95b9ec813,student,1,337,0.3793249726295471,0.0,4345.0,0.3878105878829956,135,1
SLIM*SIG1,5715dcc7-1480-11f0-87db-54a95b9ec813,student,1,338,0.3793249726295471,0.015623807907104492,4371.0,0.3878105878829956,135,1
SLIM*SIG1,5715dcc7-1480-11f0-87db-54a95b9ec813,student,1,339,0.3793249726295471,0.0,4085.0,0.3878105878829956,135,1
SLIM*SIG1,5715dcc7-1480-11f0-87db-54a95b9ec813,student,1,340,0.3793249726295471,0.0,4007.0,0.3878105878829956,135,1
SLIM*SIG1,5715dcc7-1480-11f0-87db-54a95b9ec813,student,1,341,0.3793249726295471,0.01562666893005371,3864.0,0.3878105878829956,135,1
SLIM*SIG1,5715dcc7-1480-11f0-87db-54a95b9ec813,student,1,342,0.3793249726295471,0.0,3877.0,0.3878105878829956,135,1
SLIM*SIG1,5715dcc7-1480-11f0-87db-54a95b9ec813,student,1,343,0.3793249726295471,0.015623092651367188,3994.0,0.3878105878829956,135,1
SLIM*SIG1,5715dcc7-1480-11f0-87db-54a95b9ec813,student,1,344,0.3793249726295471,0.0,4215.0,0.3878105878829956,135,1
SLIM*SIG1,5715dcc7-1480-11f0-87db-54a95b9ec813,student,1,345,0.3793249726295471,0.0,4280.0,0.3878105878829956,135,1
SLIM*SIG1,5715dcc7-1480-11f0-87db-54a95b9ec813,student,1,346,0.3793249726295471,0.0,4306.0,0.3878105878829956,135,1
SLIM*SIG1,5715dcc7-1480-11f0-87db-54a95b9ec813,student,1,347,0.3793249726295471,0.009041070938110352,4553.0,0.3878105878829956,135,1
SLIM*SIG1,5715dcc7-1480-11f0-87db-54a95b9ec813,student,1,348,0.3793249726295471,0.010918617248535156,5060.0,0.3878105878829956,135,1
SLIM*SIG1,5715dcc7-1480-11f0-87db-54a95b9ec813,student,1,349,0.3793249726295471,0.002574920654296875,4750.0,0.3878105878829956,135,1
SLIM*SIG1,5715dcc7-1480-11f0-87db-54a95b9ec813,student,1,350,0.3793249726295471,0.0,4644.0,0.3878105878829956,135,1
SLIM*SIG1,5715dcc7-1480-11f0-87db-54a95b9ec813,student,1,351,0.3793249726295471,0.015660524368286133,4659.0,0.3878105878829956,135,1
SLIM*SIG1,5715dcc7-1480-11f0-87db-54a95b9ec813,student,1,352,0.3793249726295471,0.0,4425.0,0.3878105878829956,135,1
SLIM*SIG1,5715dcc7-1480-11f0-87db-54a95b9ec813,student,1,353,0.3793249726295471,0.015623331069946289,4579.0,0.3878105878829956,135,1
SLIM*SIG1,5715dcc7-1480-11f0-87db-54a95b9ec813,student,1,354,0.3793249726295471,0.0,4293.0,0.3878105878829956,135,1
SLIM*SIG1,5715dcc7-1480-11f0-87db-54a95b9ec813,student,1,355,0.3793249726295471,0.015654563903808594,4386.0,0.3878105878829956,135,1
SLIM*SIG1,5715dcc7-1480-11f0-87db-54a95b9ec813,student,1,356,0.3793249726295471,0.0,4217.0,0.3878105878829956,135,1
SLIM*SIG1,5715dcc7-1480-11f0-87db-54a95b9ec813,student,1,357,0.3793249726295471,0.015596151351928711,4412.0,0.3878105878829956,135,1
SLIM*SIG1,5715dcc7-1480-11f0-87db-54a95b9ec813,student,1,358,0.3793249726295471,0.0,4386.0,0.3878105878829956,135,1
SLIM*SIG1,5715dcc7-1480-11f0-87db-54a95b9ec813,student,1,359,0.3793249726295471,0.0,4503.0,0.3878105878829956,135,1
SLIM*SIG1,5715dcc7-1480-11f0-87db-54a95b9ec813,student,1,360,0.3793249726295471,0.01573038101196289,4295.0,0.3878105878829956,135,1
SLIM*SIG1,5715dcc7-1480-11f0-87db-54a95b9ec813,student,1,361,0.3793249726295471,0.008610248565673828,4254.0,0.3878105878829956,135,1
SLIM*SIG1,5715dcc7-1480-11f0-87db-54a95b9ec813,student,1,362,0.3793249726295471,0.008515119552612305,4241.0,0.3878105878829956,135,1
SLIM*SIG1,5715dcc7-1480-11f0-87db-54a95b9ec813,student,1,363,0.3793249726295471,0.004464149475097656,3981.0,0.3878105878829956,135,1
SLIM*SIG1,5715dcc7-1480-11f0-87db-54a95b9ec813,student,1,364,0.3793249726295471,0.0,3799.0,0.3878105878829956,135,1
SLIM*SIG1,5715dcc7-1480-11f0-87db-54a95b9ec813,student,1,365,0.3793249726295471,0.0,3435.0,0.3878105878829956,135,1
SLIM*SIG1,5715dcc7-1480-11f0-87db-54a95b9ec813,student,1,366,0.3793249726295471,0.015625953674316406,3571.0,0.3878105878829956,135,1
SLIM*SIG1,5715dcc7-1480-11f0-87db-54a95b9ec813,student,1,367,0.3793249726295471,0.0,3571.0,0.3878105878829956,135,1
SLIM*SIG1,5715dcc7-1480-11f0-87db-54a95b9ec813,student,1,368,0.3793249726295471,0.015625476837158203,3604.0,0.3878105878829956,135,1
SLIM*SIG1,5715dcc7-1480-11f0-87db-54a95b9ec813,student,1,369,0.3793249726295471,0.0,3604.0,0.3878105878829956,135,1
SLIM*SIG1,5715dcc7-1480-11f0-87db-54a95b9ec813,student,1,370,0.3793249726295471,0.015625,3929.0,0.3878105878829956,135,1
SLIM*SIG1,5715dcc7-1480-11f0-87db-54a95b9ec813,student,1,371,0.3793249726295471,0.0,4332.0,0.3878105878829956,135,1
SLIM*SIG1,5715dcc7-1480-11f0-87db-54a95b9ec813,student,1,372,0.3793249726295471,0.015624284744262695,4618.0,0.3878105878829956,135,1
SLIM*SIG1,5715dcc7-1480-11f0-87db-54a95b9ec813,student,1,373,0.3793249726295471,0.0,4592.0,0.3878105878829956,135,1
SLIM*SIG1,5715dcc7-1480-11f0-87db-54a95b9ec813,student,1,374,0.3793249726295471,0.0,4321.0,0.3878105878829956,135,1
SLIM*SIG1,5715dcc7-1480-11f0-87db-54a95b9ec813,student,1,375,0.3793249726295471,0.02373647689819336,4202.0,0.3878105878829956,135,1
SLIM*SIG1,5715dcc7-1480-11f0-87db-54a95b9ec813,student,1,376,0.3793249726295471,0.010322332382202148,4347.0,0.3878105878829956,135,1
SLIM*SIG1,5715dcc7-1480-11f0-87db-54a95b9ec813,student,1,377,0.3793249726295471,0.001895904541015625,4221.0,0.3878105878829956,135,1
SLIM*SIG1,5715dcc7-1480-11f0-87db-54a95b9ec813,student,1,378,0.3793249726295471,0.01618337631225586,4364.0,0.3878105878829956,135,1
SLIM*SIG1,5715dcc7-1480-11f0-87db-54a95b9ec813,student,1,379,0.3793249726295471,0.008175373077392578,4466.0,0.3878105878829956,135,1
SLIM*SIG1,5715dcc7-1480-11f0-87db-54a95b9ec813,student,1,380,0.3793249726295471,0.010428667068481445,4579.0,0.3878105878829956,135,1
SLIM*SIG1,5715dcc7-1480-11f0-87db-54a95b9ec813,student,1,381,0.3793249726295471,0.007803201675415039,4618.0,0.3878105878829956,135,1
SLIM*SIG1,5715dcc7-1480-11f0-87db-54a95b9ec813,student,1,382,0.3793249726295471,0.00780487060546875,4540.0,0.3878105878829956,135,1
SLIM*SIG1,5715dcc7-1480-11f0-87db-54a95b9ec813,student,1,383,0.3793249726295471,0.009551286697387695,4449.0,0.3878105878829956,135,1
SLIM*SIG1,5715dcc7-1480-11f0-87db-54a95b9ec813,student,1,384,0.3793249726295471,0.007232666015625,4202.0,0.3878105878829956,135,1
SLIM*SIG1,5715dcc7-1480-11f0-87db-54a95b9ec813,student,1,385,0.3793249726295471,0.0075342655181884766,4542.0,0.3878105878829956,135,1
SLIM*SIG1,5715dcc7-1480-11f0-87db-54a95b9ec813,student,1,386,0.3793249726295471,0.007334470748901367,4826.0,0.3878105878829956,135,1
SLIM*SIG1,5715dcc7-1480-11f0-87db-54a95b9ec813,student,1,387,0.3793249726295471,0.011362075805664062,5060.0,0.3878105878829956,135,1
SLIM*SIG1,5715dcc7-1480-11f0-87db-54a95b9ec813,student,1,388,0.3745145797729492,0.0076732635498046875,4982.0,0.3837093710899353,135,1
SLIM*SIG1,5715dcc7-1480-11f0-87db-54a95b9ec813,student,1,389,0.37412676215171814,0.007479667663574219,4813.0,0.38369452953338623,122,1
SLIM*SIG1,5715dcc7-1480-11f0-87db-54a95b9ec813,student,1,390,0.37412676215171814,0.003989696502685547,4904.0,0.38369452953338623,122,1
SLIM*SIG1,5715dcc7-1480-11f0-87db-54a95b9ec813,student,1,391,0.37412676215171814,0.012254953384399414,4724.0,0.38369452953338623,122,1
SLIM*SIG1,5715dcc7-1480-11f0-87db-54a95b9ec813,student,1,392,0.37412676215171814,0.0,4936.0,0.38369452953338623,122,1
SLIM*SIG1,5715dcc7-1480-11f0-87db-54a95b9ec813,student,1,393,0.37412676215171814,0.014542579650878906,4691.0,0.38369452953338623,122,1
SLIM*SIG1,5715dcc7-1480-11f0-87db-54a95b9ec813,student,1,394,0.3736232817173004,0.0,4684.0,0.3835088014602661,122,1
SLIM*SIG1,5715dcc7-1480-11f0-87db-54a95b9ec813,student,1,395,0.3736232817173004,0.015635967254638672,4546.0,0.3835088014602661,122,1
SLIM*SIG1,5715dcc7-1480-11f0-87db-54a95b9ec813,student,1,396,0.3734639286994934,0.0,4230.0,0.38343796133995056,135,1
SLIM*SIG1,5715dcc7-1480-11f0-87db-54a95b9ec813,student,1,397,0.3734639286994934,0.0,3929.0,0.38343796133995056,135,1
SLIM*SIG1,5715dcc7-1480-11f0-87db-54a95b9ec813,student,1,398,0.3734639286994934,0.008510828018188477,3695.0,0.38343796133995056,135,1
SLIM*SIG1,5715dcc7-1480-11f0-87db-54a95b9ec813,student,1,399,0.3734639286994934,0.012772560119628906,3526.0,0.38343796133995056,135,1
SLIM*SIG1,5715dcc7-1480-11f0-87db-54a95b9ec813,student,1,400,0.3734639286994934,0.0,3448.0,0.38343796133995056,135,1
SLIM*SIG1,5715dcc7-1480-11f0-87db-54a95b9ec813,student,1,401,0.3734639286994934,0.0,3656.0,0.38343796133995056,135,1
SLIM*SIG1,5715dcc7-1480-11f0-87db-54a95b9ec813,student,1,402,0.3734639286994934,0.015727519989013672,3799.0,0.38343796133995056,135,1
SLIM*SIG1,5715dcc7-1480-11f0-87db-54a95b9ec813,student,1,403,0.3734639286994934,0.0,3981.0,0.38343796133995056,135,1
SLIM*SIG1,5715dcc7-1480-11f0-87db-54a95b9ec813,student,1,404,0.3734639286994934,0.0,4332.0,0.38343796133995056,135,1
SLIM*SIG1,5715dcc7-1480-11f0-87db-54a95b9ec813,student,1,405,0.3734639286994934,0.0,4358.0,0.38343796133995056,135,1
SLIM*SIG1,5715dcc7-1480-11f0-87db-54a95b9ec813,student,1,406,0.3734639286994934,0.0157318115234375,4098.0,0.38343796133995056,135,1
SLIM*SIG1,5715dcc7-1480-11f0-87db-54a95b9ec813,student,1,407,0.3734639286994934,0.0,4345.0,0.38343796133995056,135,1
SLIM*SIG1,5715dcc7-1480-11f0-87db-54a95b9ec813,student,1,408,0.3734639286994934,0.015518665313720703,4609.0,0.38343796133995056,135,1
SLIM*SIG1,5715dcc7-1480-11f0-87db-54a95b9ec813,student,1,409,0.3734639286994934,0.01562356948852539,5083.0,0.38343796133995056,135,1
SLIM*SIG1,5715dcc7-1480-11f0-87db-54a95b9ec813,student,1,410,0.3734639286994934,0.0,4912.0,0.38343796133995056,135,1
SLIM*SIG1,5715dcc7-1480-11f0-87db-54a95b9ec813,student,1,411,0.3732977509498596,0.009612321853637695,4676.0,0.38222581148147583,148,1
SLIM*SIG1,5715dcc7-1480-11f0-87db-54a95b9ec813,student,1,412,0.3732977509498596,0.006506919860839844,4554.0,0.38222581148147583,148,1
SLIM*SIG1,5715dcc7-1480-11f0-87db-54a95b9ec813,student,1,413,0.3732977509498596,0.0,4657.0,0.38222581148147583,148,1
SLIM*SIG1,5715dcc7-1480-11f0-87db-54a95b9ec813,student,1,414,0.3732977509498596,0.015631675720214844,4488.0,0.38222581148147583,148,1
SLIM*SIG1,5715dcc7-1480-11f0-87db-54a95b9ec813,student,1,415,0.3732977509498596,0.0,4891.0,0.38222581148147583,148,1
SLIM*SIG1,5715dcc7-1480-11f0-87db-54a95b9ec813,student,1,416,0.3732977509498596,0.017653703689575195,5060.0,0.38222581148147583,148,1
SLIM*SIG1,5715dcc7-1480-11f0-87db-54a95b9ec813,student,1,417,0.3732977509498596,0.007707118988037109,4854.0,0.38222581148147583,148,1
SLIM*SIG1,5715dcc7-1480-11f0-87db-54a95b9ec813,student,1,418,0.3732977509498596,0.00690460205078125,4988.0,0.38222581148147583,148,1
SLIM*SIG1,5715dcc7-1480-11f0-87db-54a95b9ec813,student,1,419,0.3732977509498596,0.007616281509399414,4951.0,0.38222581148147583,148,1
SLIM*SIG1,5715dcc7-1480-11f0-87db-54a95b9ec813,student,1,420,0.3732977509498596,0.006070375442504883,4687.0,0.38222581148147583,148,1
SLIM*SIG1,5715dcc7-1480-11f0-87db-54a95b9ec813,student,1,421,0.3732977509498596,0.008955717086791992,4715.0,0.38222581148147583,148,1
SLIM*SIG1,5715dcc7-1480-11f0-87db-54a95b9ec813,student,1,422,0.3732977509498596,0.007821798324584961,5068.0,0.38222581148147583,148,1
SLIM*SIG1,5715dcc7-1480-11f0-87db-54a95b9ec813,student,1,423,0.3732977509498596,0.0068171024322509766,4999.0,0.38222581148147583,148,1
SLIM*SIG1,5715dcc7-1480-11f0-87db-54a95b9ec813,student,1,424,0.3732977509498596,0.006849050521850586,4945.0,0.38222581148147583,148,1
SLIM*SIG1,5715dcc7-1480-11f0-87db-54a95b9ec813,student,1,425,0.3732977509498596,0.008758068084716797,5034.0,0.38222581148147583,148,1
SLIM*SIG1,5715dcc7-1480-11f0-87db-54a95b9ec813,student,1,426,0.3732977509498596,0.008817195892333984,5476.0,0.38222581148147583,148,1
SLIM*SIG1,5715dcc7-1480-11f0-87db-54a95b9ec813,student,1,427,0.3732977509498596,0.007245540618896484,5480.0,0.38222581148147583,148,1
SLIM*SIG1,5715dcc7-1480-11f0-87db-54a95b9ec813,student,1,428,0.3732977509498596,0.00466156005859375,5146.0,0.38222581148147583,148,1
SLIM*SIG1,5715dcc7-1480-11f0-87db-54a95b9ec813,student,1,429,0.3732977509498596,0.01157999038696289,5549.0,0.38222581148147583,148,1
SLIM*SIG1,5715dcc7-1480-11f0-87db-54a95b9ec813,student,1,430,0.3732977509498596,0.0,5385.0,0.38222581148147583,148,1
SLIM*SIG1,5715dcc7-1480-11f0-87db-54a95b9ec813,student,1,431,0.3732977509498596,0.015746355056762695,5710.0,0.38222581148147583,148,1
SLIM*SIG1,5715dcc7-1480-11f0-87db-54a95b9ec813,student,1,432,0.3732977509498596,0.0,5788.0,0.38222581148147583,148,1
SLIM*SIG1,5715dcc7-1480-11f0-87db-54a95b9ec813,student,1,433,0.3732977509498596,0.01601433753967285,5801.0,0.38222581148147583,148,1
SLIM*SIG1,5715dcc7-1480-11f0-87db-54a95b9ec813,student,1,434,0.3732977509498596,0.0,5543.0,0.38222581148147583,148,1
SLIM*SIG1,5715dcc7-1480-11f0-87db-54a95b9ec813,student,1,435,0.3732977509498596,0.0,5387.0,0.38222581148147583,148,1
SLIM*SIG1,5715dcc7-1480-11f0-87db-54a95b9ec813,student,1,436,0.3732977509498596,0.007519245147705078,5127.0,0.38222581148147583,148,1
SLIM*SIG1,5715dcc7-1480-11f0-87db-54a95b9ec813,student,1,437,0.3732004165649414,0.0070459842681884766,5012.0,0.38172289729118347,161,1
SLIM*SIG1,5715dcc7-1480-11f0-87db-54a95b9ec813,student,1,438,0.3732004165649414,0.00900578498840332,4891.0,0.38172289729118347,161,1
SLIM*SIG1,5715dcc7-1480-11f0-87db-54a95b9ec813,student,1,439,0.3732004165649414,0.0,4657.0,0.38172289729118347,161,1
SLIM*SIG1,5715dcc7-1480-11f0-87db-54a95b9ec813,student,1,440,0.3732004165649414,0.015662193298339844,4867.0,0.38172289729118347,161,1
SLIM*SIG1,5715dcc7-1480-11f0-87db-54a95b9ec813,student,1,441,0.3732004165649414,0.0,5021.0,0.38172289729118347,161,1
SLIM*SIG1,5715dcc7-1480-11f0-87db-54a95b9ec813,student,1,442,0.3732004165649414,0.017709016799926758,5229.0,0.38172289729118347,161,1
SLIM*SIG1,5715dcc7-1480-11f0-87db-54a95b9ec813,student,1,443,0.3732004165649414,0.0030395984649658203,5385.0,0.38172289729118347,161,1
SLIM*SIG1,5715dcc7-1480-11f0-87db-54a95b9ec813,student,1,444,0.3732004165649414,0.0,5723.0,0.38172289729118347,161,1
SLIM*SIG1,5715dcc7-1480-11f0-87db-54a95b9ec813,student,1,445,0.3732004165649414,0.01565408706665039,5892.0,0.38172289729118347,161,1
SLIM*SIG1,5715dcc7-1480-11f0-87db-54a95b9ec813,student,1,446,0.3732004165649414,0.0,5723.0,0.38172289729118347,161,1
SLIM*SIG1,5715dcc7-1480-11f0-87db-54a95b9ec813,student,1,447,0.3732004165649414,0.015629291534423828,5502.0,0.38172289729118347,161,1
SLIM*SIG1,5715dcc7-1480-11f0-87db-54a95b9ec813,student,1,448,0.3732004165649414,0.0,5606.0,0.38172289729118347,161,1
SLIM*SIG1,5715dcc7-1480-11f0-87db-54a95b9ec813,student,1,449,0.3732004165649414,0.015602350234985352,5632.0,0.38172289729118347,161,1
SLIM*SIG1,5715dcc7-1480-11f0-87db-54a95b9ec813,student,1,450,0.3732004165649414,0.007525205612182617,5606.0,0.38172289729118347,161,1
SLIM*SIG1,5715dcc7-1480-11f0-87db-54a95b9ec813,student,1,451,0.3732004165649414,0.008512258529663086,6165.0,0.38172289729118347,161,1
SLIM*SIG1,5715dcc7-1480-11f0-87db-54a95b9ec813,student,1,452,0.3732004165649414,0.0,6217.0,0.38172289729118347,161,1
SLIM*SIG1,5715dcc7-1480-11f0-87db-54a95b9ec813,student,1,453,0.3732004165649414,0.015659093856811523,6464.0,0.38172289729118347,161,1
SLIM*SIG1,5715dcc7-1480-11f0-87db-54a95b9ec813,student,1,454,0.3732004165649414,0.0,6115.0,0.38172289729118347,161,1
SLIM*SIG1,5715dcc7-1480-11f0-87db-54a95b9ec813,student,1,455,0.3732004165649414,0.0,5896.0,0.38172289729118347,161,1
SLIM*SIG1,5715dcc7-1480-11f0-87db-54a95b9ec813,student,1,456,0.3732004165649414,0.0213167667388916,5764.0,0.38172289729118347,161,1
SLIM*SIG1,5715dcc7-1480-11f0-87db-54a95b9ec813,student,1,457,0.3732004165649414,0.0,5738.0,0.38172289729118347,161,1
SLIM*SIG1,5715dcc7-1480-11f0-87db-54a95b9ec813,student,1,458,0.3732004165649414,0.0,5372.0,0.38172289729118347,161,1
SLIM*SIG1,5715dcc7-1480-11f0-87db-54a95b9ec813,student,1,459,0.3732004165649414,0.01569366455078125,5294.0,0.38172289729118347,161,1
SLIM*SIG1,5715dcc7-1480-11f0-87db-54a95b9ec813,student,1,460,0.3732004165649414,0.0,5242.0,0.38172289729118347,161,1
SLIM*SIG1,5715dcc7-1480-11f0-87db-54a95b9ec813,student,1,461,0.3732004165649414,0.015702247619628906,5387.0,0.38172289729118347,161,1
SLIM*SIG1,5715dcc7-1480-11f0-87db-54a95b9ec813,student,1,462,0.3732004165649414,0.0,5218.0,0.38172289729118347,161,1
SLIM*SIG1,5715dcc7-1480-11f0-87db-54a95b9ec813,student,1,463,0.3732004165649414,0.015627145767211914,5218.0,0.38172289729118347,161,1
SLIM*SIG1,5715dcc7-1480-11f0-87db-54a95b9ec813,student,1,464,0.3732004165649414,0.007607936859130859,5086.0,0.38172289729118347,161,1
SLIM*SIG1,5715dcc7-1480-11f0-87db-54a95b9ec813,student,1,465,0.3732004165649414,0.00860142707824707,5064.0,0.38172289729118347,161,1
SLIM*SIG1,5715dcc7-1480-11f0-87db-54a95b9ec813,student,1,466,0.3732004165649414,0.0,5016.0,0.38172289729118347,161,1
SLIM*SIG1,5715dcc7-1480-11f0-87db-54a95b9ec813,student,1,467,0.3732004165649414,0.015736103057861328,5246.0,0.38172289729118347,161,1
SLIM*SIG1,5715dcc7-1480-11f0-87db-54a95b9ec813,student,1,468,0.3732004165649414,0.0,5489.0,0.38172289729118347,161,1
SLIM*SIG1,5715dcc7-1480-11f0-87db-54a95b9ec813,student,1,469,0.3732004165649414,0.016828536987304688,5450.0,0.38172289729118347,161,1
SLIM*SIG1,5715dcc7-1480-11f0-87db-54a95b9ec813,student,1,470,0.3732004165649414,0.006207704544067383,5541.0,0.38172289729118347,161,1
SLIM*SIG1,5715dcc7-1480-11f0-87db-54a95b9ec813,student,1,471,0.3732004165649414,0.0,5775.0,0.38172289729118347,161,1
SLIM*SIG1,5715dcc7-1480-11f0-87db-54a95b9ec813,student,1,472,0.3732004165649414,0.0,5931.0,0.38172289729118347,161,1
SLIM*SIG1,5715dcc7-1480-11f0-87db-54a95b9ec813,student,1,473,0.3732004165649414,0.015626192092895508,5619.0,0.38172289729118347,161,1
SLIM*SIG1,5715dcc7-1480-11f0-87db-54a95b9ec813,student,1,474,0.3732004165649414,0.0,5580.0,0.38172289729118347,161,1
SLIM*SIG1,5715dcc7-1480-11f0-87db-54a95b9ec813,student,1,475,0.3732004165649414,0.015626192092895508,5632.0,0.38172289729118347,161,1
SLIM*SIG1,5715dcc7-1480-11f0-87db-54a95b9ec813,student,1,476,0.3732004165649414,0.0,5569.0,0.38172289729118347,161,1
SLIM*SIG1,5715dcc7-1480-11f0-87db-54a95b9ec813,student,1,477,0.3732004165649414,0.015731334686279297,5530.0,0.38172289729118347,161,1
SLIM*SIG1,5715dcc7-1480-11f0-87db-54a95b9ec813,student,1,478,0.3732004165649414,0.008216619491577148,5530.0,0.38172289729118347,161,1
SLIM*SIG1,5715dcc7-1480-11f0-87db-54a95b9ec813,student,1,479,0.3732004165649414,0.007612705230712891,5359.0,0.38172289729118347,161,1
SLIM*SIG1,5715dcc7-1480-11f0-87db-54a95b9ec813,student,1,480,0.3732004165649414,0.0,5411.0,0.38172289729118347,161,1
SLIM*SIG1,5715dcc7-1480-11f0-87db-54a95b9ec813,student,1,481,0.3732004165649414,0.01574397087097168,5502.0,0.38172289729118347,161,1
SLIM*SIG1,5715dcc7-1480-11f0-87db-54a95b9ec813,student,1,482,0.3732004165649414,0.0,5400.0,0.38172289729118347,161,1
SLIM*SIG1,5715dcc7-1480-11f0-87db-54a95b9ec813,student,1,483,0.3732004165649414,0.0,5486.0,0.38172289729118347,161,1
SLIM*SIG1,5715dcc7-1480-11f0-87db-54a95b9ec813,student,1,484,0.3732004165649414,0.0037126541137695312,5650.0,0.38172289729118347,161,1
SLIM*SIG1,5715dcc7-1480-11f0-87db-54a95b9ec813,student,1,485,0.3732004165649414,0.0,5479.0,0.38172289729118347,161,1
SLIM*SIG1,5715dcc7-1480-11f0-87db-54a95b9ec813,student,1,486,0.37319549918174744,0.015725374221801758,5552.0,0.381888210773468,174,1
SLIM*SIG1,5715dcc7-1480-11f0-87db-54a95b9ec813,student,1,487,0.37319549918174744,0.0,5472.0,0.381888210773468,174,1
SLIM*SIG1,5715dcc7-1480-11f0-87db-54a95b9ec813,student,1,488,0.37319549918174744,0.01562786102294922,5170.0,0.381888210773468,174,1
SLIM*SIG1,5715dcc7-1480-11f0-87db-54a95b9ec813,student,1,489,0.37319549918174744,0.0,5086.0,0.381888210773468,174,1
SLIM*SIG1,5715dcc7-1480-11f0-87db-54a95b9ec813,student,1,490,0.37319549918174744,0.015630245208740234,5094.0,0.381888210773468,174,1
SLIM*SIG1,5715dcc7-1480-11f0-87db-54a95b9ec813,student,1,491,0.37319549918174744,0.008610963821411133,5248.0,0.381888210773468,174,1
SLIM*SIG1,5715dcc7-1480-11f0-87db-54a95b9ec813,student,1,492,0.37319549918174744,0.007618904113769531,5684.0,0.381888210773468,174,1
SLIM*SIG1,5715dcc7-1480-11f0-87db-54a95b9ec813,student,1,493,0.37319549918174744,0.0,5879.0,0.381888210773468,174,1
SLIM*SIG1,5715dcc7-1480-11f0-87db-54a95b9ec813,student,1,494,0.37319549918174744,0.015741586685180664,6256.0,0.381888210773468,174,1
SLIM*SIG1,5715dcc7-1480-11f0-87db-54a95b9ec813,student,1,495,0.37319549918174744,0.0,6126.0,0.381888210773468,174,1
SLIM*SIG1,5715dcc7-1480-11f0-87db-54a95b9ec813,student,1,496,0.37319549918174744,0.015516519546508789,6100.0,0.381888210773468,174,1
SLIM*SIG1,5715dcc7-1480-11f0-87db-54a95b9ec813,student,1,497,0.37319549918174744,0.005354166030883789,5866.0,0.381888210773468,174,1
SLIM*SIG1,5715dcc7-1480-11f0-87db-54a95b9ec813,student,1,498,0.37319549918174744,0.0,5879.0,0.381888210773468,174,1
SLIM*SIG1,5715dcc7-1480-11f0-87db-54a95b9ec813,student,1,499,0.37232017517089844,0.015722990036010742,6087.0,0.3827117383480072,148,1
SLIM*SIG1,5715dcc7-1480-11f0-87db-54a95b9ec813,student,1,500,0.37232017517089844,0.0,5801.0,0.3827117383480072,148,1
SLIM*SIG1,5715dcc7-1480-11f0-87db-54a95b9ec813,student,2,0,0.47200486063957214,0.015722274780273438,672.0,0.4731546640396118,31,1
SLIM*SIG1,5715dcc7-1480-11f0-87db-54a95b9ec813,student,2,1,0.47200486063957214,0.009112119674682617,1049.0,0.4731546640396118,31,1
SLIM*SIG1,5715dcc7-1480-11f0-87db-54a95b9ec813,student,2,2,0.47200486063957214,0.007004499435424805,1495.0,0.4731546640396118,31,1
SLIM*SIG1,5715dcc7-1480-11f0-87db-54a95b9ec813,student,2,3,0.46754664182662964,0.0,1728.0,0.4688824415206909,44,1
SLIM*SIG1,5715dcc7-1480-11f0-87db-54a95b9ec813,student,2,4,0.46754664182662964,0.0,1856.0,0.4688824415206909,44,1
SLIM*SIG1,5715dcc7-1480-11f0-87db-54a95b9ec813,student,2,5,0.4542364776134491,0.01563239097595215,1714.0,0.4550817906856537,57,1
SLIM*SIG1,5715dcc7-1480-11f0-87db-54a95b9ec813,student,2,6,0.4542364776134491,0.0,1587.0,0.4550817906856537,57,1
SLIM*SIG1,5715dcc7-1480-11f0-87db-54a95b9ec813,student,2,7,0.4542364776134491,0.0,1693.0,0.4550817906856537,57,1
SLIM*SIG1,5715dcc7-1480-11f0-87db-54a95b9ec813,student,2,8,0.4542364776134491,0.013508081436157227,1680.0,0.4550817906856537,57,1
SLIM*SIG1,5715dcc7-1480-11f0-87db-54a95b9ec813,student,2,9,0.4542364776134491,0.0,1745.0,0.4550817906856537,57,1
SLIM*SIG1,5715dcc7-1480-11f0-87db-54a95b9ec813,student,2,10,0.4542364776134491,0.0,1758.0,0.4550817906856537,57,1
SLIM*SIG1,5715dcc7-1480-11f0-87db-54a95b9ec813,student,2,11,0.4522155523300171,0.01563286781311035,1810.0,0.4544989764690399,70,1
SLIM*SIG1,5715dcc7-1480-11f0-87db-54a95b9ec813,student,2,12,0.4522155523300171,0.0,1810.0,0.4544989764690399,70,1
SLIM*SIG1,5715dcc7-1480-11f0-87db-54a95b9ec813,student,2,13,0.4522155523300171,0.0,2018.0,0.4544989764690399,70,1
SLIM*SIG1,5715dcc7-1480-11f0-87db-54a95b9ec813,student,2,14,0.4522155523300171,0.01904773712158203,1823.0,0.4544989764690399,70,1
SLIM*SIG1,5715dcc7-1480-11f0-87db-54a95b9ec813,student,2,15,0.4522155523300171,0.0027282238006591797,1849.0,0.4544989764690399,70,1
SLIM*SIG1,5715dcc7-1480-11f0-87db-54a95b9ec813,student,2,16,0.45022469758987427,0.0,1771.0,0.4582578241825104,57,1
SLIM*SIG1,5715dcc7-1480-11f0-87db-54a95b9ec813,student,2,17,0.45022469758987427,0.0,1747.0,0.4582578241825104,57,1
SLIM*SIG1,5715dcc7-1480-11f0-87db-54a95b9ec813,student,2,18,0.45022469758987427,0.01572251319885254,1786.0,0.4582578241825104,57,1
SLIM*SIG1,5715dcc7-1480-11f0-87db-54a95b9ec813,student,2,19,0.45022469758987427,0.0,1654.0,0.4582578241825104,57,1
SLIM*SIG1,5715dcc7-1480-11f0-87db-54a95b9ec813,student,2,20,0.45022469758987427,0.0,1680.0,0.4582578241825104,57,1
SLIM*SIG1,5715dcc7-1480-11f0-87db-54a95b9ec813,student,2,21,0.45022469758987427,0.0,1654.0,0.4582578241825104,57,1
SLIM*SIG1,5715dcc7-1480-11f0-87db-54a95b9ec813,student,2,22,0.45022469758987427,0.011006593704223633,1706.0,0.4582578241825104,57,1
SLIM*SIG1,5715dcc7-1480-11f0-87db-54a95b9ec813,student,2,23,0.45022469758987427,0.0,1760.0,0.4582578241825104,57,1
SLIM*SIG1,5715dcc7-1480-11f0-87db-54a95b9ec813,student,2,24,0.45022469758987427,0.0,1721.0,0.4582578241825104,57,1
SLIM*SIG1,5715dcc7-1480-11f0-87db-54a95b9ec813,student,2,25,0.45022469758987427,0.015633106231689453,1680.0,0.4582578241825104,57,1
SLIM*SIG1,5715dcc7-1480-11f0-87db-54a95b9ec813,student,2,26,0.45022469758987427,0.0,1667.0,0.4582578241825104,57,1
SLIM*SIG1,5715dcc7-1480-11f0-87db-54a95b9ec813,student,2,27,0.45022469758987427,0.015625953674316406,1773.0,0.4582578241825104,57,1
SLIM*SIG1,5715dcc7-1480-11f0-87db-54a95b9ec813,student,2,28,0.45022469758987427,0.0,1667.0,0.4582578241825104,57,1
SLIM*SIG1,5715dcc7-1480-11f0-87db-54a95b9ec813,student,2,29,0.45022469758987427,0.0,1695.0,0.4582578241825104,57,1
SLIM*SIG1,5715dcc7-1480-11f0-87db-54a95b9ec813,student,2,30,0.45022469758987427,0.0,1680.0,0.4582578241825104,57,1
SLIM*SIG1,5715dcc7-1480-11f0-87db-54a95b9ec813,student,2,31,0.45022469758987427,0.015624761581420898,1719.0,0.4582578241825104,57,1
SLIM*SIG1,5715dcc7-1480-11f0-87db-54a95b9ec813,student,2,32,0.45022469758987427,0.0,1667.0,0.4582578241825104,57,1
SLIM*SIG1,5715dcc7-1480-11f0-87db-54a95b9ec813,student,2,33,0.45022469758987427,0.015700101852416992,1628.0,0.4582578241825104,57,1
SLIM*SIG1,5715dcc7-1480-11f0-87db-54a95b9ec813,student,2,34,0.45022469758987427,0.0021452903747558594,1667.0,0.4582578241825104,57,1
SLIM*SIG1,5715dcc7-1480-11f0-87db-54a95b9ec813,student,2,35,0.45022469758987427,0.0,1654.0,0.4582578241825104,57,1
SLIM*SIG1,5715dcc7-1480-11f0-87db-54a95b9ec813,student,2,36,0.45022469758987427,0.0,1693.0,0.4582578241825104,57,1
SLIM*SIG1,5715dcc7-1480-11f0-87db-54a95b9ec813,student,2,37,0.4496823847293854,0.01944708824157715,1706.0,0.4585915803909302,57,1
SLIM*SIG1,5715dcc7-1480-11f0-87db-54a95b9ec813,student,2,38,0.4496823847293854,0.0031080245971679688,1708.0,0.4585915803909302,57,1
SLIM*SIG1,5715dcc7-1480-11f0-87db-54a95b9ec813,student,2,39,0.4496823847293854,0.00793147087097168,1641.0,0.4585915803909302,57,1
SLIM*SIG1,5715dcc7-1480-11f0-87db-54a95b9ec813,student,2,40,0.4496823847293854,0.004046916961669922,1641.0,0.4585915803909302,57,1
SLIM*SIG1,5715dcc7-1480-11f0-87db-54a95b9ec813,student,2,41,0.4496823847293854,0.004012346267700195,1667.0,0.4585915803909302,57,1
SLIM*SIG1,5715dcc7-1480-11f0-87db-54a95b9ec813,student,2,42,0.4496823847293854,0.005004405975341797,1641.0,0.4585915803909302,57,1
SLIM*SIG1,5715dcc7-1480-11f0-87db-54a95b9ec813,student,2,43,0.4496823847293854,0.003998517990112305,1654.0,0.4585915803909302,57,1
SLIM*SIG1,5715dcc7-1480-11f0-87db-54a95b9ec813,student,2,44,0.4496823847293854,0.00400090217590332,1654.0,0.4585915803909302,57,1
SLIM*SIG1,5715dcc7-1480-11f0-87db-54a95b9ec813,student,2,45,0.4496823847293854,0.00408482551574707,1615.0,0.4585915803909302,57,1
SLIM*SIG1,5715dcc7-1480-11f0-87db-54a95b9ec813,student,2,46,0.4496823847293854,0.0,1706.0,0.4585915803909302,57,1
SLIM*SIG1,5715dcc7-1480-11f0-87db-54a95b9ec813,student,2,47,0.4496823847293854,0.0,1760.0,0.4585915803909302,57,1
SLIM*SIG1,5715dcc7-1480-11f0-87db-54a95b9ec813,student,2,48,0.44892191886901855,0.015644311904907227,1758.0,0.45948734879493713,70,1
SLIM*SIG1,5715dcc7-1480-11f0-87db-54a95b9ec813,student,2,49,0.44892191886901855,0.0,1797.0,0.45948734879493713,70,1
SLIM*SIG1,5715dcc7-1480-11f0-87db-54a95b9ec813,student,2,50,0.44892191886901855,0.0,1955.0,0.45948734879493713,70,1
SLIM*SIG1,5715dcc7-1480-11f0-87db-54a95b9ec813,student,2,51,0.44892191886901855,0.01873493194580078,2033.0,0.45948734879493713,70,1
SLIM*SIG1,5715dcc7-1480-11f0-87db-54a95b9ec813,student,2,52,0.44892191886901855,0.0022890567779541016,1914.0,0.45948734879493713,70,1
SLIM*SIG1,5715dcc7-1480-11f0-87db-54a95b9ec813,student,2,53,0.44892191886901855,0.0,1927.0,0.45948734879493713,70,1
SLIM*SIG1,5715dcc7-1480-11f0-87db-54a95b9ec813,student,2,54,0.44892191886901855,0.0,1927.0,0.45948734879493713,70,1
SLIM*SIG1,5715dcc7-1480-11f0-87db-54a95b9ec813,student,2,55,0.44892191886901855,0.0,2044.0,0.45948734879493713,70,1
SLIM*SIG1,5715dcc7-1480-11f0-87db-54a95b9ec813,student,2,56,0.44892191886901855,0.008609294891357422,2085.0,0.45948734879493713,70,1
SLIM*SIG1,5715dcc7-1480-11f0-87db-54a95b9ec813,student,2,57,0.44892191886901855,0.007507801055908203,2074.0,0.45948734879493713,70,1
SLIM*SIG1,5715dcc7-1480-11f0-87db-54a95b9ec813,student,2,58,0.44892191886901855,0.0,2074.0,0.45948734879493713,70,1
SLIM*SIG1,5715dcc7-1480-11f0-87db-54a95b9ec813,student,2,59,0.44892191886901855,0.0,1970.0,0.45948734879493713,70,1
SLIM*SIG1,5715dcc7-1480-11f0-87db-54a95b9ec813,student,2,60,0.44892191886901855,0.01563429832458496,1849.0,0.45948734879493713,70,1
SLIM*SIG1,5715dcc7-1480-11f0-87db-54a95b9ec813,student,2,61,0.4479876458644867,0.0,1849.0,0.4590672552585602,83,1
SLIM*SIG1,5715dcc7-1480-11f0-87db-54a95b9ec813,student,2,62,0.4479876458644867,0.0,1992.0,0.4590672552585602,83,1
SLIM*SIG1,5715dcc7-1480-11f0-87db-54a95b9ec813,student,2,63,0.4479876458644867,0.015623807907104492,2044.0,0.4590672552585602,83,1
SLIM*SIG1,5715dcc7-1480-11f0-87db-54a95b9ec813,student,2,64,0.4479876458644867,0.0,2265.0,0.4590672552585602,83,1
SLIM*SIG1,5715dcc7-1480-11f0-87db-54a95b9ec813,student,2,65,0.4479876458644867,0.015720367431640625,2551.0,0.4590672552585602,83,1
SLIM*SIG1,5715dcc7-1480-11f0-87db-54a95b9ec813,student,2,66,0.4479876458644867,0.0,2629.0,0.4590672552585602,83,1
SLIM*SIG1,5715dcc7-1480-11f0-87db-54a95b9ec813,student,2,67,0.4479876458644867,0.0,2382.0,0.4590672552585602,83,1
SLIM*SIG1,5715dcc7-1480-11f0-87db-54a95b9ec813,student,2,68,0.4479876458644867,0.015531063079833984,2345.0,0.4590672552585602,83,1
SLIM*SIG1,5715dcc7-1480-11f0-87db-54a95b9ec813,student,2,69,0.4479876458644867,0.002477884292602539,2386.0,0.4590672552585602,83,1
SLIM*SIG1,5715dcc7-1480-11f0-87db-54a95b9ec813,student,2,70,0.4436226189136505,0.0,2148.0,0.4564709961414337,83,1
SLIM*SIG1,5715dcc7-1480-11f0-87db-54a95b9ec813,student,2,71,0.4407421946525574,0.0,2317.0,0.4543571174144745,96,1
SLIM*SIG1,5715dcc7-1480-11f0-87db-54a95b9ec813,student,2,72,0.4407363831996918,0.015725374221801758,2395.0,0.4548218250274658,109,1
SLIM*SIG1,5715dcc7-1480-11f0-87db-54a95b9ec813,student,2,73,0.4407363831996918,0.00861358642578125,2759.0,0.4548218250274658,109,1
SLIM*SIG1,5715dcc7-1480-11f0-87db-54a95b9ec813,student,2,74,0.4407363831996918,0.0075070858001708984,2824.0,0.4548218250274658,109,1
SLIM*SIG1,5715dcc7-1480-11f0-87db-54a95b9ec813,student,2,75,0.43935468792915344,0.0,2618.0,0.4570261538028717,122,1
SLIM*SIG1,5715dcc7-1480-11f0-87db-54a95b9ec813,student,2,76,0.43935468792915344,0.0,2681.0,0.4570261538028717,122,1
SLIM*SIG1,5715dcc7-1480-11f0-87db-54a95b9ec813,student,2,77,0.43897104263305664,0.01563429832458496,2850.0,0.4557669460773468,96,1
SLIM*SIG1,5715dcc7-1480-11f0-87db-54a95b9ec813,student,2,78,0.43876200914382935,0.0,3162.0,0.455904096364975,109,1
SLIM*SIG1,5715dcc7-1480-11f0-87db-54a95b9ec813,student,2,79,0.43814194202423096,0.015703916549682617,3370.0,0.4544481635093689,122,1
SLIM*SIG1,5715dcc7-1480-11f0-87db-54a95b9ec813,student,2,80,0.43814194202423096,0.0,3983.0,0.4544481635093689,122,1
SLIM*SIG1,5715dcc7-1480-11f0-87db-54a95b9ec813,student,2,81,0.43814194202423096,0.0,3890.0,0.4544481635093689,122,1
SLIM*SIG1,5715dcc7-1480-11f0-87db-54a95b9ec813,student,2,82,0.43814194202423096,0.015589237213134766,3877.0,0.4544481635093689,122,1
SLIM*SIG1,5715dcc7-1480-11f0-87db-54a95b9ec813,student,2,83,0.43814194202423096,0.0,3879.0,0.4544481635093689,122,1
SLIM*SIG1,5715dcc7-1480-11f0-87db-54a95b9ec813,student,2,84,0.43814194202423096,0.015679359436035156,3632.0,0.4544481635093689,122,1
SLIM*SIG1,5715dcc7-1480-11f0-87db-54a95b9ec813,student,2,85,0.43814194202423096,0.002648591995239258,3331.0,0.4544481635093689,122,1
SLIM*SIG1,5715dcc7-1480-11f0-87db-54a95b9ec813,student,2,86,0.43814194202423096,0.0,3188.0,0.4544481635093689,122,1
SLIM*SIG1,5715dcc7-1480-11f0-87db-54a95b9ec813,student,2,87,0.43526148796081543,0.0,3149.0,0.446322500705719,83,1
SLIM*SIG1,5715dcc7-1480-11f0-87db-54a95b9ec813,student,2,88,0.43526148796081543,0.0,3513.0,0.446322500705719,83,1
SLIM*SIG1,5715dcc7-1480-11f0-87db-54a95b9ec813,student,2,89,0.43344295024871826,0.008507728576660156,3396.0,0.44506675004959106,70,1
SLIM*SIG1,5715dcc7-1480-11f0-87db-54a95b9ec813,student,2,90,0.43344295024871826,0.007627010345458984,3110.0,0.44506675004959106,70,1
SLIM*SIG1,5715dcc7-1480-11f0-87db-54a95b9ec813,student,2,91,0.43344295024871826,0.0,3019.0,0.44506675004959106,70,1
SLIM*SIG1,5715dcc7-1480-11f0-87db-54a95b9ec813,student,2,92,0.43344295024871826,0.0,2837.0,0.44506675004959106,70,1
SLIM*SIG1,5715dcc7-1480-11f0-87db-54a95b9ec813,student,2,93,0.4328343868255615,0.01563239097595215,2813.0,0.45335158705711365,83,1
SLIM*SIG1,5715dcc7-1480-11f0-87db-54a95b9ec813,student,2,94,0.4328343868255615,0.0,2694.0,0.45335158705711365,83,1
SLIM*SIG1,5715dcc7-1480-11f0-87db-54a95b9ec813,student,2,95,0.4328343868255615,0.0156402587890625,2798.0,0.45335158705711365,83,1
SLIM*SIG1,5715dcc7-1480-11f0-87db-54a95b9ec813,student,2,96,0.4328343868255615,0.0,2683.0,0.45335158705711365,83,1
SLIM*SIG1,5715dcc7-1480-11f0-87db-54a95b9ec813,student,2,97,0.4328343868255615,0.015611886978149414,2438.0,0.45335158705711365,83,1
SLIM*SIG1,5715dcc7-1480-11f0-87db-54a95b9ec813,student,2,98,0.4328343868255615,0.0,2308.0,0.45335158705711365,83,1
SLIM*SIG1,5715dcc7-1480-11f0-87db-54a95b9ec813,student,2,99,0.4328343868255615,0.0,2139.0,0.45335158705711365,83,1
SLIM*SIG1,5715dcc7-1480-11f0-87db-54a95b9ec813,student,2,100,0.4328343868255615,0.022004127502441406,2059.0,0.45335158705711365,83,1
SLIM*SIG1,5715dcc7-1480-11f0-87db-54a95b9ec813,student,2,101,0.4328343868255615,0.0,2044.0,0.45335158705711365,83,1
SLIM*SIG1,5715dcc7-1480-11f0-87db-54a95b9ec813,student,2,102,0.4328343868255615,0.0,1849.0,0.45335158705711365,83,1
SLIM*SIG1,5715dcc7-1480-11f0-87db-54a95b9ec813,student,2,103,0.4328343868255615,0.015625715255737305,1979.0,0.45335158705711365,83,1
SLIM*SIG1,5715dcc7-1480-11f0-87db-54a95b9ec813,student,2,104,0.4328343868255615,0.0,2148.0,0.45335158705711365,83,1
SLIM*SIG1,5715dcc7-1480-11f0-87db-54a95b9ec813,student,2,105,0.4328343868255615,0.008108377456665039,2395.0,0.45335158705711365,83,1
SLIM*SIG1,5715dcc7-1480-11f0-87db-54a95b9ec813,student,2,106,0.4328343868255615,0.008109092712402344,2486.0,0.45335158705711365,83,1
SLIM*SIG1,5715dcc7-1480-11f0-87db-54a95b9ec813,student,2,107,0.4328343868255615,0.0,2239.0,0.45335158705711365,83,1
SLIM*SIG1,5715dcc7-1480-11f0-87db-54a95b9ec813,student,2,108,0.4328343868255615,0.0,2098.0,0.45335158705711365,83,1
SLIM*SIG1,5715dcc7-1480-11f0-87db-54a95b9ec813,student,2,109,0.4328343868255615,0.015733718872070312,2373.0,0.45335158705711365,83,1
SLIM*SIG1,5715dcc7-1480-11f0-87db-54a95b9ec813,student,2,110,0.4328343868255615,0.0,2399.0,0.45335158705711365,83,1
SLIM*SIG1,5715dcc7-1480-11f0-87db-54a95b9ec813,student,2,111,0.4328343868255615,0.0,2527.0,0.45335158705711365,83,1
SLIM*SIG1,5715dcc7-1480-11f0-87db-54a95b9ec813,student,2,112,0.4328343868255615,0.015630722045898438,2421.0,0.45335158705711365,83,1
SLIM*SIG1,5715dcc7-1480-11f0-87db-54a95b9ec813,student,2,113,0.4328343868255615,0.0,2200.0,0.45335158705711365,83,1
SLIM*SIG1,5715dcc7-1480-11f0-87db-54a95b9ec813,student,2,114,0.4328343868255615,0.0,2174.0,0.45335158705711365,83,1
SLIM*SIG1,5715dcc7-1480-11f0-87db-54a95b9ec813,student,2,115,0.4328343868255615,0.015617132186889648,2083.0,0.45335158705711365,83,1
SLIM*SIG1,5715dcc7-1480-11f0-87db-54a95b9ec813,student,2,116,0.43263480067253113,0.0,2135.0,0.44534987211227417,83,1
SLIM*SIG1,5715dcc7-1480-11f0-87db-54a95b9ec813,student,2,117,0.4325636327266693,0.0,2174.0,0.4446919560432434,96,1
SLIM*SIG1,5715dcc7-1480-11f0-87db-54a95b9ec813,student,2,118,0.4325636327266693,0.020585298538208008,2226.0,0.4446919560432434,96,1
SLIM*SIG1,5715dcc7-1480-11f0-87db-54a95b9ec813,student,2,119,0.4325636327266693,0.0,2135.0,0.4446919560432434,96,1
SLIM*SIG1,5715dcc7-1480-11f0-87db-54a95b9ec813,student,2,120,0.4325636327266693,0.0,2486.0,0.4446919560432434,96,1
SLIM*SIG1,5715dcc7-1480-11f0-87db-54a95b9ec813,student,2,121,0.43188875913619995,0.015628337860107422,2605.0,0.44591498374938965,96,1
SLIM*SIG1,5715dcc7-1480-11f0-87db-54a95b9ec813,student,2,122,0.43188875913619995,0.0,2650.0,0.44591498374938965,96,1
SLIM*SIG1,5715dcc7-1480-11f0-87db-54a95b9ec813,student,2,123,0.43188875913619995,0.009007692337036133,2674.0,0.44591498374938965,96,1
SLIM*SIG1,5715dcc7-1480-11f0-87db-54a95b9ec813,student,2,124,0.43188875913619995,0.007107257843017578,2668.0,0.44591498374938965,96,1
SLIM*SIG1,5715dcc7-1480-11f0-87db-54a95b9ec813,student,2,125,0.43188875913619995,0.0,2616.0,0.44591498374938965,96,1
SLIM*SIG1,5715dcc7-1480-11f0-87db-54a95b9ec813,student,2,126,0.43188875913619995,0.0,2772.0,0.44591498374938965,96,1
SLIM*SIG1,5715dcc7-1480-11f0-87db-54a95b9ec813,student,2,127,0.43188875913619995,0.01572895050048828,2605.0,0.44591498374938965,96,1
SLIM*SIG1,5715dcc7-1480-11f0-87db-54a95b9ec813,student,2,128,0.4301391541957855,0.0,2488.0,0.44559308886528015,96,1
SLIM*SIG1,5715dcc7-1480-11f0-87db-54a95b9ec813,student,2,129,0.4301391541957855,0.015636205673217773,2525.0,0.44559308886528015,96,1
SLIM*SIG1,5715dcc7-1480-11f0-87db-54a95b9ec813,student,2,130,0.4301391541957855,0.0,2772.0,0.44559308886528015,96,1
SLIM*SIG1,5715dcc7-1480-11f0-87db-54a95b9ec813,student,2,131,0.4301391541957855,0.0,2759.0,0.44559308886528015,96,1
SLIM*SIG1,5715dcc7-1480-11f0-87db-54a95b9ec813,student,2,132,0.4301391541957855,0.015618324279785156,2850.0,0.44559308886528015,96,1
SLIM*SIG1,5715dcc7-1480-11f0-87db-54a95b9ec813,student,2,133,0.4301391541957855,0.0,2644.0,0.44559308886528015,96,1
SLIM*SIG1,5715dcc7-1480-11f0-87db-54a95b9ec813,student,2,134,0.4301391541957855,0.015628337860107422,2460.0,0.44559308886528015,96,1
SLIM*SIG1,5715dcc7-1480-11f0-87db-54a95b9ec813,student,2,135,0.4301391541957855,0.0,2421.0,0.44559308886528015,96,1
SLIM*SIG1,5715dcc7-1480-11f0-87db-54a95b9ec813,student,2,136,0.4301391541957855,0.0,2226.0,0.44559308886528015,96,1
SLIM*SIG1,5715dcc7-1480-11f0-87db-54a95b9ec813,student,2,137,0.4301391541957855,0.015619039535522461,2291.0,0.44559308886528015,96,1
SLIM*SIG1,5715dcc7-1480-11f0-87db-54a95b9ec813,student,2,138,0.4301391541957855,0.0,2382.0,0.44559308886528015,96,1
SLIM*SIG1,5715dcc7-1480-11f0-87db-54a95b9ec813,student,2,139,0.4301391541957855,0.0,2395.0,0.44559308886528015,96,1
SLIM*SIG1,5715dcc7-1480-11f0-87db-54a95b9ec813,student,2,140,0.4301391541957855,0.01914525032043457,2616.0,0.44559308886528015,96,1
SLIM*SIG1,5715dcc7-1480-11f0-87db-54a95b9ec813,student,2,141,0.4301391541957855,0.0045735836029052734,2564.0,0.44559308886528015,96,1
SLIM*SIG1,5715dcc7-1480-11f0-87db-54a95b9ec813,student,2,142,0.4300536811351776,0.0,2642.0,0.4459643065929413,109,1
SLIM*SIG1,5715dcc7-1480-11f0-87db-54a95b9ec813,student,2,143,0.4300536811351776,0.0,2811.0,0.4459643065929413,109,1
SLIM*SIG1,5715dcc7-1480-11f0-87db-54a95b9ec813,student,2,144,0.4300536811351776,0.0,2746.0,0.4459643065929413,109,1
SLIM*SIG1,5715dcc7-1480-11f0-87db-54a95b9ec813,student,2,145,0.4300536811351776,0.0,3019.0,0.4459643065929413,109,1
SLIM*SIG1,5715dcc7-1480-11f0-87db-54a95b9ec813,student,2,146,0.4300536811351776,0.015740156173706055,3175.0,0.4459643065929413,109,1
SLIM*SIG1,5715dcc7-1480-11f0-87db-54a95b9ec813,student,2,147,0.4300536811351776,0.0,3305.0,0.4459643065929413,109,1
SLIM*SIG1,5715dcc7-1480-11f0-87db-54a95b9ec813,student,2,148,0.4300536811351776,0.015625476837158203,3318.0,0.4459643065929413,109,1
SLIM*SIG1,5715dcc7-1480-11f0-87db-54a95b9ec813,student,2,149,0.4300536811351776,0.0,3359.0,0.4459643065929413,109,1
SLIM*SIG1,5715dcc7-1480-11f0-87db-54a95b9ec813,student,2,150,0.4300536811351776,0.0,3630.0,0.4459643065929413,109,1
SLIM*SIG1,5715dcc7-1480-11f0-87db-54a95b9ec813,student,2,151,0.4300536811351776,0.0,3697.0,0.4459643065929413,109,1
SLIM*SIG1,5715dcc7-1480-11f0-87db-54a95b9ec813,student,2,152,0.4300536811351776,0.0,3829.0,0.4459643065929413,109,1
SLIM*SIG1,5715dcc7-1480-11f0-87db-54a95b9ec813,student,2,153,0.4300536811351776,0.01562190055847168,3630.0,0.4459643065929413,109,1
SLIM*SIG1,5715dcc7-1480-11f0-87db-54a95b9ec813,student,2,154,0.4300536811351776,0.0,3528.0,0.4459643065929413,109,1
SLIM*SIG1,5715dcc7-1480-11f0-87db-54a95b9ec813,student,2,155,0.4300536811351776,0.013511180877685547,3539.0,0.4459643065929413,109,1
SLIM*SIG1,5715dcc7-1480-11f0-87db-54a95b9ec813,student,2,156,0.4300536811351776,0.00565338134765625,3292.0,0.4459643065929413,109,1
SLIM*SIG1,5715dcc7-1480-11f0-87db-54a95b9ec813,student,2,157,0.4300536811351776,0.0,3448.0,0.4459643065929413,109,1
SLIM*SIG1,5715dcc7-1480-11f0-87db-54a95b9ec813,student,2,158,0.4300536811351776,0.0,3227.0,0.4459643065929413,109,1
SLIM*SIG1,5715dcc7-1480-11f0-87db-54a95b9ec813,student,2,159,0.4300536811351776,0.01562976837158203,3175.0,0.4459643065929413,109,1
SLIM*SIG1,5715dcc7-1480-11f0-87db-54a95b9ec813,student,2,160,0.4300536811351776,0.0,3019.0,0.4459643065929413,109,1
SLIM*SIG1,5715dcc7-1480-11f0-87db-54a95b9ec813,student,2,161,0.4300536811351776,0.015623807907104492,3058.0,0.4459643065929413,109,1
SLIM*SIG1,5715dcc7-1480-11f0-87db-54a95b9ec813,student,2,162,0.4300536811351776,0.0,3006.0,0.4459643065929413,109,1
SLIM*SIG1,5715dcc7-1480-11f0-87db-54a95b9ec813,student,2,163,0.4300536811351776,0.0,3032.0,0.4459643065929413,109,1
SLIM*SIG1,5715dcc7-1480-11f0-87db-54a95b9ec813,student,2,164,0.4300536811351776,0.0156252384185791,2670.0,0.4459643065929413,109,1
SLIM*SIG1,5715dcc7-1480-11f0-87db-54a95b9ec813,student,2,165,0.4300536811351776,0.0,2551.0,0.4459643065929413,109,1
SLIM*SIG1,5715dcc7-1480-11f0-87db-54a95b9ec813,student,2,166,0.4300536811351776,0.015623331069946289,2616.0,0.4459643065929413,109,1
SLIM*SIG1,5715dcc7-1480-11f0-87db-54a95b9ec813,student,2,167,0.4300536811351776,0.0,2839.0,0.4459643065929413,109,1
SLIM*SIG1,5715dcc7-1480-11f0-87db-54a95b9ec813,student,2,168,0.4300536811351776,0.0,2919.0,0.4459643065929413,109,1
SLIM*SIG1,5715dcc7-1480-11f0-87db-54a95b9ec813,student,2,169,0.4300536811351776,0.015626907348632812,2938.0,0.4459643065929413,109,1
SLIM*SIG1,5715dcc7-1480-11f0-87db-54a95b9ec813,student,2,170,0.4300536811351776,0.0,2831.0,0.4459643065929413,109,1
SLIM*SIG1,5715dcc7-1480-11f0-87db-54a95b9ec813,student,2,171,0.4300437569618225,0.017696857452392578,2890.0,0.4463464617729187,122,1
SLIM*SIG1,5715dcc7-1480-11f0-87db-54a95b9ec813,student,2,172,0.4300437569618225,0.003947734832763672,2689.0,0.4463464617729187,122,1
SLIM*SIG1,5715dcc7-1480-11f0-87db-54a95b9ec813,student,2,173,0.4300437569618225,0.0,2670.0,0.4463464617729187,122,1
SLIM*SIG1,5715dcc7-1480-11f0-87db-54a95b9ec813,student,2,174,0.4300437569618225,0.0,3136.0,0.4463464617729187,122,1
SLIM*SIG1,5715dcc7-1480-11f0-87db-54a95b9ec813,student,2,175,0.4300437569618225,0.0,3591.0,0.4463464617729187,122,1
SLIM*SIG1,5715dcc7-1480-11f0-87db-54a95b9ec813,student,2,176,0.4300437569618225,0.0,3918.0,0.4463464617729187,122,1
SLIM*SIG1,5715dcc7-1480-11f0-87db-54a95b9ec813,student,2,177,0.4300437569618225,0.015524148941040039,3907.0,0.4463464617729187,122,1
SLIM*SIG1,5715dcc7-1480-11f0-87db-54a95b9ec813,student,2,178,0.4300437569618225,0.0,3742.0,0.4463464617729187,122,1
SLIM*SIG1,5715dcc7-1480-11f0-87db-54a95b9ec813,student,2,179,0.4300437569618225,0.01562809944152832,3749.0,0.4463464617729187,122,1
SLIM*SIG1,5715dcc7-1480-11f0-87db-54a95b9ec813,student,2,180,0.4300437569618225,0.0,3695.0,0.4463464617729187,122,1
SLIM*SIG1,5715dcc7-1480-11f0-87db-54a95b9ec813,student,2,181,0.4300437569618225,0.0,4007.0,0.4463464617729187,122,1
SLIM*SIG1,5715dcc7-1480-11f0-87db-54a95b9ec813,student,2,182,0.429924875497818,0.0,3994.0,0.44511619210243225,135,1
SLIM*SIG1,5715dcc7-1480-11f0-87db-54a95b9ec813,student,2,183,0.4196832478046417,0.0,4202.0,0.44903746247291565,135,1
SLIM*SIG1,5715dcc7-1480-11f0-87db-54a95b9ec813,student,2,184,0.4196832478046417,0.015666723251342773,4605.0,0.44903746247291565,135,1
SLIM*SIG1,5715dcc7-1480-11f0-87db-54a95b9ec813,student,2,185,0.4196832478046417,0.0,4917.0,0.44903746247291565,135,1
SLIM*SIG1,5715dcc7-1480-11f0-87db-54a95b9ec813,student,2,186,0.4196832478046417,0.008088827133178711,4553.0,0.44903746247291565,135,1
SLIM*SIG1,5715dcc7-1480-11f0-87db-54a95b9ec813,student,2,187,0.4196832478046417,0.0,4579.0,0.44903746247291565,135,1
SLIM*SIG1,5715dcc7-1480-11f0-87db-54a95b9ec813,student,2,188,0.41420772671699524,0.0,4722.0,0.439399778842926,122,1
SLIM*SIG1,5715dcc7-1480-11f0-87db-54a95b9ec813,student,2,189,0.41328808665275574,0.01562666893005371,4659.0,0.4346068501472473,109,1
SLIM*SIG1,5715dcc7-1480-11f0-87db-54a95b9ec813,student,2,190,0.4130903482437134,0.0,4891.0,0.432636559009552,96,1
SLIM*SIG1,5715dcc7-1480-11f0-87db-54a95b9ec813,student,2,191,0.41308870911598206,0.01572132110595703,4644.0,0.4322749674320221,83,1
SLIM*SIG1,5715dcc7-1480-11f0-87db-54a95b9ec813,student,2,192,0.41308870911598206,0.0,4449.0,0.4322749674320221,83,1
SLIM*SIG1,5715dcc7-1480-11f0-87db-54a95b9ec813,student,2,193,0.41308870911598206,0.0,4254.0,0.4322749674320221,83,1
SLIM*SIG1,5715dcc7-1480-11f0-87db-54a95b9ec813,student,2,194,0.41308870911598206,0.0,4033.0,0.4322749674320221,83,1
SLIM*SIG1,5715dcc7-1480-11f0-87db-54a95b9ec813,student,2,195,0.4130637049674988,0.015522956848144531,3734.0,0.4329867660999298,96,1
SLIM*SIG1,5715dcc7-1480-11f0-87db-54a95b9ec813,student,2,196,0.4128369688987732,0.0,3383.0,0.4333397150039673,96,1
SLIM*SIG1,5715dcc7-1480-11f0-87db-54a95b9ec813,student,2,197,0.4128369688987732,0.02058124542236328,3019.0,0.4333397150039673,96,1
SLIM*SIG1,5715dcc7-1480-11f0-87db-54a95b9ec813,student,2,198,0.4128369688987732,0.006777048110961914,3110.0,0.4333397150039673,96,1
SLIM*SIG1,5715dcc7-1480-11f0-87db-54a95b9ec813,student,2,199,0.4128369688987732,0.007041215896606445,3045.0,0.4333397150039673,96,1
SLIM*SIG1,5715dcc7-1480-11f0-87db-54a95b9ec813,student,2,200,0.4128369688987732,0.007062196731567383,3138.0,0.4333397150039673,96,1
SLIM*SIG1,5715dcc7-1480-11f0-87db-54a95b9ec813,student,2,201,0.4128369688987732,0.006603717803955078,2941.0,0.4333397150039673,96,1
SLIM*SIG1,5715dcc7-1480-11f0-87db-54a95b9ec813,student,2,202,0.4128369688987732,0.006519794464111328,2889.0,0.4333397150039673,96,1
SLIM*SIG1,5715dcc7-1480-11f0-87db-54a95b9ec813,student,2,203,0.4128369688987732,0.00763249397277832,3110.0,0.4333397150039673,96,1
SLIM*SIG1,5715dcc7-1480-11f0-87db-54a95b9ec813,student,2,204,0.4128369688987732,0.007847785949707031,3019.0,0.4333397150039673,96,1
SLIM*SIG1,5715dcc7-1480-11f0-87db-54a95b9ec813,student,2,205,0.4128369688987732,0.00829172134399414,3045.0,0.4333397150039673,96,1
SLIM*SIG1,5715dcc7-1480-11f0-87db-54a95b9ec813,student,2,206,0.4128369688987732,0.0077648162841796875,3190.0,0.4333397150039673,96,1
SLIM*SIG1,5715dcc7-1480-11f0-87db-54a95b9ec813,student,2,207,0.4128369688987732,0.006590843200683594,2947.0,0.4333397150039673,96,1
SLIM*SIG1,5715dcc7-1480-11f0-87db-54a95b9ec813,student,2,208,0.4128369688987732,0.008289813995361328,2851.0,0.4333397150039673,96,1
SLIM*SIG1,5715dcc7-1480-11f0-87db-54a95b9ec813,student,2,209,0.4128369688987732,0.0077817440032958984,2706.0,0.4333397150039673,96,1
SLIM*SIG1,5715dcc7-1480-11f0-87db-54a95b9ec813,student,2,210,0.4128369688987732,0.007397890090942383,2654.0,0.4333397150039673,96,1
SLIM*SIG1,5715dcc7-1480-11f0-87db-54a95b9ec813,student,2,211,0.4128369688987732,0.006766796112060547,2784.0,0.4333397150039673,96,1
SLIM*SIG1,5715dcc7-1480-11f0-87db-54a95b9ec813,student,2,212,0.4128369688987732,0.0,2743.0,0.4333397150039673,96,1
SLIM*SIG1,5715dcc7-1480-11f0-87db-54a95b9ec813,student,2,213,0.4128369688987732,0.014538049697875977,2589.0,0.4333397150039673,96,1
SLIM*SIG1,5715dcc7-1480-11f0-87db-54a95b9ec813,student,2,214,0.4128369688987732,0.0,2961.0,0.4333397150039673,96,1
SLIM*SIG1,5715dcc7-1480-11f0-87db-54a95b9ec813,student,2,215,0.4128369688987732,0.021648645401000977,2520.0,0.4333397150039673,96,1
SLIM*SIG1,5715dcc7-1480-11f0-87db-54a95b9ec813,student,2,216,0.4128369688987732,0.0011882781982421875,2659.0,0.4333397150039673,96,1
SLIM*SIG1,5715dcc7-1480-11f0-87db-54a95b9ec813,student,2,217,0.4128369688987732,0.0,2564.0,0.4333397150039673,96,1
SLIM*SIG1,5715dcc7-1480-11f0-87db-54a95b9ec813,student,2,218,0.4128369688987732,0.01575613021850586,2590.0,0.4333397150039673,96,1
SLIM*SIG1,5715dcc7-1480-11f0-87db-54a95b9ec813,student,2,219,0.4128369688987732,0.0,2941.0,0.4333397150039673,96,1
SLIM*SIG1,5715dcc7-1480-11f0-87db-54a95b9ec813,student,2,220,0.4127778112888336,0.015587091445922852,3019.0,0.4300820529460907,109,1
SLIM*SIG1,5715dcc7-1480-11f0-87db-54a95b9ec813,student,2,221,0.4127778112888336,0.0,3058.0,0.4300820529460907,109,1
SLIM*SIG1,5715dcc7-1480-11f0-87db-54a95b9ec813,student,2,222,0.4127778112888336,0.015666484832763672,3188.0,0.4300820529460907,109,1
SLIM*SIG1,5715dcc7-1480-11f0-87db-54a95b9ec813,student,2,223,0.412448912858963,0.0,3461.0,0.435953289270401,122,1
SLIM*SIG1,5715dcc7-1480-11f0-87db-54a95b9ec813,student,2,224,0.4123198390007019,0.016109466552734375,3554.0,0.4343394637107849,109,1
SLIM*SIG1,5715dcc7-1480-11f0-87db-54a95b9ec813,student,2,225,0.4123198390007019,0.0,3515.0,0.4343394637107849,109,1
SLIM*SIG1,5715dcc7-1480-11f0-87db-54a95b9ec813,student,2,226,0.4123198390007019,0.015734434127807617,3768.0,0.4343394637107849,109,1
SLIM*SIG1,5715dcc7-1480-11f0-87db-54a95b9ec813,student,2,227,0.4123198390007019,0.0,3911.0,0.4343394637107849,109,1
SLIM*SIG1,5715dcc7-1480-11f0-87db-54a95b9ec813,student,2,228,0.4123198390007019,0.01678633689880371,4026.0,0.4343394637107849,109,1
SLIM*SIG1,5715dcc7-1480-11f0-87db-54a95b9ec813,student,2,229,0.4123198390007019,0.004286050796508789,3749.0,0.4343394637107849,109,1
SLIM*SIG1,5715dcc7-1480-11f0-87db-54a95b9ec813,student,2,230,0.4123198390007019,0.0,3513.0,0.4343394637107849,109,1
SLIM*SIG1,5715dcc7-1480-11f0-87db-54a95b9ec813,student,2,231,0.4123198390007019,0.015628814697265625,3344.0,0.4343394637107849,109,1
SLIM*SIG1,5715dcc7-1480-11f0-87db-54a95b9ec813,student,2,232,0.4123198390007019,0.0,3242.0,0.4343394637107849,109,1
SLIM*SIG1,5715dcc7-1480-11f0-87db-54a95b9ec813,student,2,233,0.4123198390007019,0.0,3153.0,0.4343394637107849,109,1
SLIM*SIG1,5715dcc7-1480-11f0-87db-54a95b9ec813,student,2,234,0.4123198390007019,0.015623092651367188,3240.0,0.4343394637107849,109,1
SLIM*SIG1,5715dcc7-1480-11f0-87db-54a95b9ec813,student,2,235,0.4123198390007019,0.0,3110.0,0.4343394637107849,109,1
SLIM*SIG1,5715dcc7-1480-11f0-87db-54a95b9ec813,student,2,236,0.4123198390007019,0.020328760147094727,2876.0,0.4343394637107849,109,1
SLIM*SIG1,5715dcc7-1480-11f0-87db-54a95b9ec813,student,2,237,0.4123198390007019,0.00660395622253418,2707.0,0.4343394637107849,109,1
SLIM*SIG1,5715dcc7-1480-11f0-87db-54a95b9ec813,student,2,238,0.4123198390007019,0.007848024368286133,3019.0,0.4343394637107849,109,1
SLIM*SIG1,5715dcc7-1480-11f0-87db-54a95b9ec813,student,2,239,0.4123198390007019,0.005993366241455078,3461.0,0.4343394637107849,109,1
SLIM*SIG1,5715dcc7-1480-11f0-87db-54a95b9ec813,student,2,240,0.4123198390007019,0.007666587829589844,3565.0,0.4343394637107849,109,1
SLIM*SIG1,5715dcc7-1480-11f0-87db-54a95b9ec813,student,2,241,0.4123198390007019,0.00651097297668457,3773.0,0.4343394637107849,109,1
SLIM*SIG1,5715dcc7-1480-11f0-87db-54a95b9ec813,student,2,242,0.4123198390007019,0.007462024688720703,3422.0,0.4343394637107849,109,1
SLIM*SIG1,5715dcc7-1480-11f0-87db-54a95b9ec813,student,2,243,0.4123198390007019,0.005957126617431641,3502.0,0.4343394637107849,109,1
SLIM*SIG1,5715dcc7-1480-11f0-87db-54a95b9ec813,student,2,244,0.4123198390007019,0.006212472915649414,3383.0,0.4343394637107849,109,1
SLIM*SIG1,5715dcc7-1480-11f0-87db-54a95b9ec813,student,2,245,0.4123198390007019,0.0068705081939697266,3084.0,0.4343394637107849,109,1
SLIM*SIG1,5715dcc7-1480-11f0-87db-54a95b9ec813,student,2,246,0.4123198390007019,0.008177757263183594,2954.0,0.4343394637107849,109,1
SLIM*SIG1,5715dcc7-1480-11f0-87db-54a95b9ec813,student,2,247,0.4123198390007019,0.007140398025512695,2915.0,0.4343394637107849,109,1
SLIM*SIG1,5715dcc7-1480-11f0-87db-54a95b9ec813,student,2,248,0.4123198390007019,0.00742340087890625,3006.0,0.4343394637107849,109,1
SLIM*SIG1,5715dcc7-1480-11f0-87db-54a95b9ec813,student,2,249,0.4123198390007019,0.004350185394287109,3383.0,0.4343394637107849,109,1
SLIM*SIG1,5715dcc7-1480-11f0-87db-54a95b9ec813,student,2,250,0.4123198390007019,0.010544300079345703,3476.0,0.4343394637107849,109,1
SLIM*SIG1,5715dcc7-1480-11f0-87db-54a95b9ec813,student,2,251,0.41137000918388367,0.00235748291015625,3903.0,0.4329419434070587,109,1
SLIM*SIG1,5715dcc7-1480-11f0-87db-54a95b9ec813,student,2,252,0.40957799553871155,0.015011072158813477,3955.0,0.4344787895679474,122,1
SLIM*SIG1,5715dcc7-1480-11f0-87db-54a95b9ec813,student,2,253,0.40957799553871155,0.0,4202.0,0.4344787895679474,122,1
SLIM*SIG1,5715dcc7-1480-11f0-87db-54a95b9ec813,student,2,254,0.40957799553871155,0.015640974044799805,4332.0,0.4344787895679474,122,1
SLIM*SIG1,5715dcc7-1480-11f0-87db-54a95b9ec813,student,2,255,0.40957799553871155,0.006354808807373047,4334.0,0.4344787895679474,122,1
SLIM*SIG1,5715dcc7-1480-11f0-87db-54a95b9ec813,student,2,256,0.40957799553871155,0.0,4345.0,0.4344787895679474,122,1
SLIM*SIG1,5715dcc7-1480-11f0-87db-54a95b9ec813,student,2,257,0.40957799553871155,0.01569366455078125,4267.0,0.4344787895679474,122,1
SLIM*SIG1,5715dcc7-1480-11f0-87db-54a95b9ec813,student,2,258,0.40957799553871155,0.0,4462.0,0.4344787895679474,122,1
SLIM*SIG1,5715dcc7-1480-11f0-87db-54a95b9ec813,student,2,259,0.40957799553871155,0.015628814697265625,4412.0,0.4344787895679474,122,1
SLIM*SIG1,5715dcc7-1480-11f0-87db-54a95b9ec813,student,2,260,0.40957799553871155,0.0,4423.0,0.4344787895679474,122,1
SLIM*SIG1,5715dcc7-1480-11f0-87db-54a95b9ec813,student,2,261,0.40957799553871155,0.01562047004699707,4423.0,0.4344787895679474,122,1
SLIM*SIG1,5715dcc7-1480-11f0-87db-54a95b9ec813,student,2,262,0.40957799553871155,0.0,4410.0,0.4344787895679474,122,1
SLIM*SIG1,5715dcc7-1480-11f0-87db-54a95b9ec813,student,2,263,0.40957799553871155,0.016118764877319336,4124.0,0.4344787895679474,122,1
SLIM*SIG1,5715dcc7-1480-11f0-87db-54a95b9ec813,student,2,264,0.40957799553871155,0.0,3747.0,0.4344787895679474,122,1
SLIM*SIG1,5715dcc7-1480-11f0-87db-54a95b9ec813,student,2,265,0.40957799553871155,0.0,3647.0,0.4344787895679474,122,1
SLIM*SIG1,5715dcc7-1480-11f0-87db-54a95b9ec813,student,2,266,0.40957799553871155,0.0,4290.0,0.4344787895679474,122,1
SLIM*SIG1,5715dcc7-1480-11f0-87db-54a95b9ec813,student,2,267,0.40957799553871155,0.0,4373.0,0.4344787895679474,122,1
SLIM*SIG1,5715dcc7-1480-11f0-87db-54a95b9ec813,student,2,268,0.40957799553871155,0.015733957290649414,4293.0,0.4344787895679474,122,1
SLIM*SIG1,5715dcc7-1480-11f0-87db-54a95b9ec813,student,2,269,0.40957799553871155,0.0,4072.0,0.4344787895679474,122,1
SLIM*SIG1,5715dcc7-1480-11f0-87db-54a95b9ec813,student,2,270,0.40956053137779236,0.0155181884765625,3968.0,0.43449312448501587,135,1
SLIM*SIG1,5715dcc7-1480-11f0-87db-54a95b9ec813,student,2,271,0.40956053137779236,0.0,3877.0,0.43449312448501587,135,1
SLIM*SIG1,5715dcc7-1480-11f0-87db-54a95b9ec813,student,2,272,0.40956053137779236,0.015723705291748047,3812.0,0.43449312448501587,135,1
SLIM*SIG1,5715dcc7-1480-11f0-87db-54a95b9ec813,student,2,273,0.40956053137779236,0.008614063262939453,3905.0,0.43449312448501587,135,1
SLIM*SIG1,5715dcc7-1480-11f0-87db-54a95b9ec813,student,2,274,0.40956053137779236,0.0,4321.0,0.43449312448501587,135,1
SLIM*SIG1,5715dcc7-1480-11f0-87db-54a95b9ec813,student,2,275,0.40956053137779236,0.0,4139.0,0.43449312448501587,135,1
SLIM*SIG1,5715dcc7-1480-11f0-87db-54a95b9ec813,student,2,276,0.40956053137779236,0.015629291534423828,3929.0,0.43449312448501587,135,1
SLIM*SIG1,5715dcc7-1480-11f0-87db-54a95b9ec813,student,2,277,0.4085603952407837,0.011015892028808594,4059.0,0.42808181047439575,148,1
SLIM*SIG1,5715dcc7-1480-11f0-87db-54a95b9ec813,student,2,278,0.4085603952407837,0.005117654800415039,4178.0,0.42808181047439575,148,1
SLIM*SIG1,5715dcc7-1480-11f0-87db-54a95b9ec813,student,2,279,0.4085603952407837,0.0,4542.0,0.42808181047439575,148,1
SLIM*SIG1,5715dcc7-1480-11f0-87db-54a95b9ec813,student,2,280,0.4085603952407837,0.015737056732177734,4856.0,0.42808181047439575,148,1
SLIM*SIG1,5715dcc7-1480-11f0-87db-54a95b9ec813,student,2,281,0.40829649567604065,0.0,5103.0,0.42929208278656006,161,1
SLIM*SIG1,5715dcc7-1480-11f0-87db-54a95b9ec813,student,2,282,0.40829649567604065,0.015522956848144531,5207.0,0.42929208278656006,161,1
SLIM*SIG1,5715dcc7-1480-11f0-87db-54a95b9ec813,student,2,283,0.40829649567604065,0.0,5372.0,0.42929208278656006,161,1
SLIM*SIG1,5715dcc7-1480-11f0-87db-54a95b9ec813,student,2,284,0.40829649567604065,0.01572394371032715,5034.0,0.42929208278656006,161,1
SLIM*SIG1,5715dcc7-1480-11f0-87db-54a95b9ec813,student,2,285,0.40829649567604065,0.0,5190.0,0.42929208278656006,161,1
SLIM*SIG1,5715dcc7-1480-11f0-87db-54a95b9ec813,student,2,286,0.40829649567604065,0.0,5283.0,0.42929208278656006,161,1
SLIM*SIG1,5715dcc7-1480-11f0-87db-54a95b9ec813,student,2,287,0.40829649567604065,0.006566047668457031,5374.0,0.42929208278656006,161,1
SLIM*SIG1,5715dcc7-1480-11f0-87db-54a95b9ec813,student,2,288,0.40829649567604065,0.0,5151.0,0.42929208278656006,161,1
SLIM*SIG1,5715dcc7-1480-11f0-87db-54a95b9ec813,student,2,289,0.40829649567604065,0.0,4878.0,0.42929208278656006,161,1
SLIM*SIG1,5715dcc7-1480-11f0-87db-54a95b9ec813,student,2,290,0.40829649567604065,0.015726089477539062,5099.0,0.42929208278656006,161,1
SLIM*SIG1,5715dcc7-1480-11f0-87db-54a95b9ec813,student,2,291,0.40829649567604065,0.010507583618164062,5203.0,0.42929208278656006,161,1
SLIM*SIG1,5715dcc7-1480-11f0-87db-54a95b9ec813,student,2,292,0.40829649567604065,0.0056111812591552734,5138.0,0.42929208278656006,161,1
SLIM*SIG1,5715dcc7-1480-11f0-87db-54a95b9ec813,student,2,293,0.40829649567604065,0.0,5242.0,0.42929208278656006,161,1
SLIM*SIG1,5715dcc7-1480-11f0-87db-54a95b9ec813,student,2,294,0.40829649567604065,0.015633583068847656,5287.0,0.42929208278656006,161,1
SLIM*SIG1,5715dcc7-1480-11f0-87db-54a95b9ec813,student,2,295,0.40829649567604065,0.0,4908.0,0.42929208278656006,161,1
SLIM*SIG1,5715dcc7-1480-11f0-87db-54a95b9ec813,student,2,296,0.40829649567604065,0.0,4841.0,0.42929208278656006,161,1
SLIM*SIG1,5715dcc7-1480-11f0-87db-54a95b9ec813,student,2,297,0.40829649567604065,0.0,4995.0,0.42929208278656006,161,1
SLIM*SIG1,5715dcc7-1480-11f0-87db-54a95b9ec813,student,2,298,0.40829649567604065,0.0,4930.0,0.42929208278656006,161,1
SLIM*SIG1,5715dcc7-1480-11f0-87db-54a95b9ec813,student,2,299,0.40829649567604065,0.0,5684.0,0.42929208278656006,161,1
SLIM*SIG1,5715dcc7-1480-11f0-87db-54a95b9ec813,student,2,300,0.40829649567604065,0.015805959701538086,5333.0,0.42929208278656006,161,1
SLIM*SIG1,5715dcc7-1480-11f0-87db-54a95b9ec813,student,2,301,0.40829649567604065,0.0037908554077148438,5034.0,0.42929208278656006,161,1
SLIM*SIG1,5715dcc7-1480-11f0-87db-54a95b9ec813,student,2,302,0.40829649567604065,0.0,4904.0,0.42929208278656006,161,1
SLIM*SIG1,5715dcc7-1480-11f0-87db-54a95b9ec813,student,2,303,0.40822163224220276,0.015726089477539062,4852.0,0.4282977879047394,174,1
SLIM*SIG1,5715dcc7-1480-11f0-87db-54a95b9ec813,student,2,304,0.40822163224220276,0.0,5359.0,0.4282977879047394,174,1
SLIM*SIG1,5715dcc7-1480-11f0-87db-54a95b9ec813,student,2,305,0.40822163224220276,0.011049270629882812,5543.0,0.4282977879047394,174,1
SLIM*SIG1,5715dcc7-1480-11f0-87db-54a95b9ec813,student,2,306,0.40822163224220276,0.005113124847412109,5742.0,0.4282977879047394,174,1
SLIM*SIG1,5715dcc7-1480-11f0-87db-54a95b9ec813,student,2,307,0.40822163224220276,0.0,5502.0,0.4282977879047394,174,1
SLIM*SIG1,5715dcc7-1480-11f0-87db-54a95b9ec813,student,2,308,0.40822163224220276,0.01573324203491211,5333.0,0.4282977879047394,174,1
SLIM*SIG1,5715dcc7-1480-11f0-87db-54a95b9ec813,student,2,309,0.40822163224220276,0.0,5530.0,0.4282977879047394,174,1
SLIM*SIG1,5715dcc7-1480-11f0-87db-54a95b9ec813,student,2,310,0.40822163224220276,0.015623331069946289,5801.0,0.4282977879047394,174,1
SLIM*SIG1,5715dcc7-1480-11f0-87db-54a95b9ec813,student,2,311,0.40822163224220276,0.0,6529.0,0.4282977879047394,174,1
SLIM*SIG1,5715dcc7-1480-11f0-87db-54a95b9ec813,student,2,312,0.40786808729171753,0.015631675720214844,6672.0,0.43033236265182495,174,1
SLIM*SIG1,5715dcc7-1480-11f0-87db-54a95b9ec813,student,2,313,0.40786808729171753,0.0,6815.0,0.43033236265182495,174,1
SLIM*SIG1,5715dcc7-1480-11f0-87db-54a95b9ec813,student,2,314,0.40786808729171753,0.01769542694091797,6633.0,0.43033236265182495,174,1
SLIM*SIG1,5715dcc7-1480-11f0-87db-54a95b9ec813,student,2,315,0.40786808729171753,0.002135753631591797,6347.0,0.43033236265182495,174,1
SLIM*SIG1,5715dcc7-1480-11f0-87db-54a95b9ec813,student,2,316,0.40786808729171753,0.0,6048.0,0.43033236265182495,174,1
SLIM*SIG1,5715dcc7-1480-11f0-87db-54a95b9ec813,student,2,317,0.40786808729171753,0.015627622604370117,6321.0,0.43033236265182495,174,1
SLIM*SIG1,5715dcc7-1480-11f0-87db-54a95b9ec813,student,2,318,0.40786808729171753,0.0,6360.0,0.43033236265182495,174,1
SLIM*SIG1,5715dcc7-1480-11f0-87db-54a95b9ec813,student,2,319,0.40786808729171753,0.01601719856262207,6503.0,0.43033236265182495,174,1
SLIM*SIG1,5715dcc7-1480-11f0-87db-54a95b9ec813,student,2,320,0.40786808729171753,0.0,6672.0,0.43033236265182495,174,1
SLIM*SIG1,5715dcc7-1480-11f0-87db-54a95b9ec813,student,2,321,0.40786808729171753,0.0,6596.0,0.43033236265182495,174,1
SLIM*SIG1,5715dcc7-1480-11f0-87db-54a95b9ec813,student,2,322,0.40786808729171753,0.015633344650268555,6568.0,0.43033236265182495,174,1
SLIM*SIG1,5715dcc7-1480-11f0-87db-54a95b9ec813,student,2,323,0.40786808729171753,0.0,6542.0,0.43033236265182495,174,1
SLIM*SIG1,5715dcc7-1480-11f0-87db-54a95b9ec813,student,2,324,0.40784314274787903,0.01572728157043457,6479.0,0.4302634000778198,189,1
SLIM*SIG1,5715dcc7-1480-11f0-87db-54a95b9ec813,student,2,325,0.40784314274787903,0.0,6515.0,0.4302634000778198,189,1
SLIM*SIG1,5715dcc7-1480-11f0-87db-54a95b9ec813,student,2,326,0.40784314274787903,0.01562786102294922,6374.0,0.4302634000778198,189,1
SLIM*SIG1,5715dcc7-1480-11f0-87db-54a95b9ec813,student,2,327,0.40784314274787903,0.0,6672.0,0.4302634000778198,189,1
SLIM*SIG1,5715dcc7-1480-11f0-87db-54a95b9ec813,student,2,328,0.40784314274787903,0.0,6574.0,0.4302634000778198,189,1
SLIM*SIG1,5715dcc7-1480-11f0-87db-54a95b9ec813,student,2,329,0.40784314274787903,0.015519142150878906,6591.0,0.4302634000778198,189,1
SLIM*SIG1,5715dcc7-1480-11f0-87db-54a95b9ec813,student,2,330,0.40784314274787903,0.01572585105895996,6545.0,0.4302634000778198,189,1
SLIM*SIG1,5715dcc7-1480-11f0-87db-54a95b9ec813,student,2,331,0.40784314274787903,0.0,6506.0,0.4302634000778198,189,1
SLIM*SIG1,5715dcc7-1480-11f0-87db-54a95b9ec813,student,2,332,0.40784314274787903,0.0,6313.0,0.4302634000778198,189,1
SLIM*SIG1,5715dcc7-1480-11f0-87db-54a95b9ec813,student,2,333,0.40784314274787903,0.022779226303100586,6685.0,0.4302634000778198,189,1
SLIM*SIG1,5715dcc7-1480-11f0-87db-54a95b9ec813,student,2,334,0.40784314274787903,0.0,6959.0,0.4302634000778198,189,1
SLIM*SIG1,5715dcc7-1480-11f0-87db-54a95b9ec813,student,2,335,0.40784314274787903,0.015626907348632812,7147.0,0.4302634000778198,189,1
SLIM*SIG1,5715dcc7-1480-11f0-87db-54a95b9ec813,student,2,336,0.40784314274787903,0.0,6892.0,0.4302634000778198,189,1
SLIM*SIG1,5715dcc7-1480-11f0-87db-54a95b9ec813,student,2,337,0.40784314274787903,0.01573324203491211,6980.0,0.4302634000778198,189,1
SLIM*SIG1,5715dcc7-1480-11f0-87db-54a95b9ec813,student,2,338,0.40784314274787903,0.0,6666.0,0.4302634000778198,189,1
SLIM*SIG1,5715dcc7-1480-11f0-87db-54a95b9ec813,student,2,339,0.40784314274787903,0.0,6524.0,0.4302634000778198,189,1
SLIM*SIG1,5715dcc7-1480-11f0-87db-54a95b9ec813,student,2,340,0.40784314274787903,0.015616416931152344,6391.0,0.4302634000778198,189,1
SLIM*SIG1,5715dcc7-1480-11f0-87db-54a95b9ec813,student,2,341,0.40784314274787903,0.0,6285.0,0.4302634000778198,189,1
SLIM*SIG1,5715dcc7-1480-11f0-87db-54a95b9ec813,student,2,342,0.40784314274787903,0.015525102615356445,6271.0,0.4302634000778198,189,1
SLIM*SIG1,5715dcc7-1480-11f0-87db-54a95b9ec813,student,2,343,0.40784314274787903,0.0,6252.0,0.4302634000778198,189,1
SLIM*SIG1,5715dcc7-1480-11f0-87db-54a95b9ec813,student,2,344,0.40784314274787903,0.01572275161743164,6209.0,0.4302634000778198,189,1
SLIM*SIG1,5715dcc7-1480-11f0-87db-54a95b9ec813,student,2,345,0.40784314274787903,0.0,6460.0,0.4302634000778198,189,1
SLIM*SIG1,5715dcc7-1480-11f0-87db-54a95b9ec813,student,2,346,0.40784314274787903,0.016131877899169922,6596.0,0.4302634000778198,189,1
SLIM*SIG1,5715dcc7-1480-11f0-87db-54a95b9ec813,student,2,347,0.40784314274787903,0.0031425952911376953,7100.0,0.4302634000778198,189,1
SLIM*SIG1,5715dcc7-1480-11f0-87db-54a95b9ec813,student,2,348,0.40784314274787903,0.0,7004.0,0.4302634000778198,189,1
SLIM*SIG1,5715dcc7-1480-11f0-87db-54a95b9ec813,student,2,349,0.40784314274787903,0.015628576278686523,6555.0,0.4302634000778198,189,1
SLIM*SIG1,5715dcc7-1480-11f0-87db-54a95b9ec813,student,2,350,0.40784314274787903,0.0,7023.0,0.4302634000778198,189,1
SLIM*SIG1,5715dcc7-1480-11f0-87db-54a95b9ec813,student,2,351,0.40784314274787903,0.015724658966064453,6816.0,0.4302634000778198,189,1
SLIM*SIG1,5715dcc7-1480-11f0-87db-54a95b9ec813,student,2,352,0.40784314274787903,0.0,6798.0,0.4302634000778198,189,1
SLIM*SIG1,5715dcc7-1480-11f0-87db-54a95b9ec813,student,2,353,0.40784314274787903,0.015524625778198242,6727.0,0.4302634000778198,189,1
SLIM*SIG1,5715dcc7-1480-11f0-87db-54a95b9ec813,student,2,354,0.40784314274787903,0.0,6670.0,0.4302634000778198,189,1
SLIM*SIG1,5715dcc7-1480-11f0-87db-54a95b9ec813,student,2,355,0.40784314274787903,0.015622377395629883,6728.0,0.4302634000778198,189,1
SLIM*SIG1,5715dcc7-1480-11f0-87db-54a95b9ec813,student,2,356,0.40784314274787903,0.0,6318.0,0.4302634000778198,189,1
SLIM*SIG1,5715dcc7-1480-11f0-87db-54a95b9ec813,student,2,357,0.40784314274787903,0.015729665756225586,6089.0,0.4302634000778198,189,1
SLIM*SIG1,5715dcc7-1480-11f0-87db-54a95b9ec813,student,2,358,0.40784314274787903,0.0,6040.0,0.4302634000778198,189,1
SLIM*SIG1,5715dcc7-1480-11f0-87db-54a95b9ec813,student,2,359,0.40784314274787903,0.019747018814086914,6528.0,0.4302634000778198,189,1
SLIM*SIG1,5715dcc7-1480-11f0-87db-54a95b9ec813,student,2,360,0.40784314274787903,0.0003635883331298828,6736.0,0.4302634000778198,189,1
SLIM*SIG1,5715dcc7-1480-11f0-87db-54a95b9ec813,student,2,361,0.40784314274787903,0.0,6680.0,0.4302634000778198,189,1
SLIM*SIG1,5715dcc7-1480-11f0-87db-54a95b9ec813,student,2,362,0.40784314274787903,0.015628337860107422,6626.0,0.4302634000778198,189,1
SLIM*SIG1,5715dcc7-1480-11f0-87db-54a95b9ec813,student,2,363,0.40784314274787903,0.0,6461.0,0.4302634000778198,189,1
SLIM*SIG1,5715dcc7-1480-11f0-87db-54a95b9ec813,student,2,364,0.40784314274787903,0.01573038101196289,6468.0,0.4302634000778198,189,1
SLIM*SIG1,5715dcc7-1480-11f0-87db-54a95b9ec813,student,2,365,0.40784314274787903,0.0,6229.0,0.4302634000778198,189,1
SLIM*SIG1,5715dcc7-1480-11f0-87db-54a95b9ec813,student,2,366,0.40784314274787903,0.015520811080932617,5906.0,0.4302634000778198,189,1
SLIM*SIG1,5715dcc7-1480-11f0-87db-54a95b9ec813,student,2,367,0.40784314274787903,0.0,5999.0,0.4302634000778198,189,1
SLIM*SIG1,5715dcc7-1480-11f0-87db-54a95b9ec813,student,2,368,0.40784314274787903,0.015624761581420898,5771.0,0.4302634000778198,189,1
SLIM*SIG1,5715dcc7-1480-11f0-87db-54a95b9ec813,student,2,369,0.40784314274787903,0.0,6047.0,0.4302634000778198,189,1
SLIM*SIG1,5715dcc7-1480-11f0-87db-54a95b9ec813,student,2,370,0.40784314274787903,0.015751123428344727,6193.0,0.4302634000778198,189,1
SLIM*SIG1,5715dcc7-1480-11f0-87db-54a95b9ec813,student,2,371,0.40784314274787903,0.0,6429.0,0.4302634000778198,189,1
SLIM*SIG1,5715dcc7-1480-11f0-87db-54a95b9ec813,student,2,372,0.40784314274787903,0.016105175018310547,6791.0,0.4302634000778198,189,1
SLIM*SIG1,5715dcc7-1480-11f0-87db-54a95b9ec813,student,2,373,0.40784314274787903,0.0,6574.0,0.4302634000778198,189,1
SLIM*SIG1,5715dcc7-1480-11f0-87db-54a95b9ec813,student,2,374,0.40784314274787903,0.01553487777709961,6777.0,0.4302634000778198,189,1
SLIM*SIG1,5715dcc7-1480-11f0-87db-54a95b9ec813,student,2,375,0.40784314274787903,0.0,6605.0,0.4302634000778198,189,1
SLIM*SIG1,5715dcc7-1480-11f0-87db-54a95b9ec813,student,2,376,0.40784314274787903,0.015639066696166992,6385.0,0.4302634000778198,189,1
SLIM*SIG1,5715dcc7-1480-11f0-87db-54a95b9ec813,student,2,377,0.4074198305606842,0.007592439651489258,6028.0,0.4287520945072174,202,1
SLIM*SIG1,5715dcc7-1480-11f0-87db-54a95b9ec813,student,2,378,0.4074198305606842,0.0,5811.0,0.4287520945072174,202,1
SLIM*SIG1,5715dcc7-1480-11f0-87db-54a95b9ec813,student,2,379,0.4074198305606842,0.015770912170410156,5917.0,0.4287520945072174,202,1
SLIM*SIG1,5715dcc7-1480-11f0-87db-54a95b9ec813,student,2,380,0.4074198305606842,0.0,6076.0,0.4287520945072174,202,1
SLIM*SIG1,5715dcc7-1480-11f0-87db-54a95b9ec813,student,2,381,0.4074198305606842,0.015623092651367188,6357.0,0.4287520945072174,202,1
SLIM*SIG1,5715dcc7-1480-11f0-87db-54a95b9ec813,student,2,382,0.4074198305606842,0.0,6814.0,0.4287520945072174,202,1
SLIM*SIG1,5715dcc7-1480-11f0-87db-54a95b9ec813,student,2,383,0.4074198305606842,0.015526056289672852,7238.0,0.4287520945072174,202,1
SLIM*SIG1,5715dcc7-1480-11f0-87db-54a95b9ec813,student,2,384,0.4074198305606842,0.01450657844543457,7330.0,0.4287520945072174,202,1
SLIM*SIG1,5715dcc7-1480-11f0-87db-54a95b9ec813,student,2,385,0.4074198305606842,0.0015056133270263672,7541.0,0.4287520945072174,202,1
SLIM*SIG1,5715dcc7-1480-11f0-87db-54a95b9ec813,student,2,386,0.4074198305606842,0.0,7304.0,0.4287520945072174,202,1
SLIM*SIG1,5715dcc7-1480-11f0-87db-54a95b9ec813,student,2,387,0.4074198305606842,0.015733003616333008,6706.0,0.4287520945072174,202,1
SLIM*SIG1,5715dcc7-1480-11f0-87db-54a95b9ec813,student,2,388,0.4074198305606842,0.0,6849.0,0.4287520945072174,202,1
SLIM*SIG1,5715dcc7-1480-11f0-87db-54a95b9ec813,student,2,389,0.4074198305606842,0.01563429832458496,7162.0,0.4287520945072174,202,1
SLIM*SIG1,5715dcc7-1480-11f0-87db-54a95b9ec813,student,2,390,0.4074198305606842,0.006460428237915039,7199.0,0.4287520945072174,202,1
SLIM*SIG1,5715dcc7-1480-11f0-87db-54a95b9ec813,student,2,391,0.4074198305606842,0.0,7044.0,0.4287520945072174,202,1
SLIM*SIG1,5715dcc7-1480-11f0-87db-54a95b9ec813,student,2,392,0.4074198305606842,0.015726327896118164,6422.0,0.4287520945072174,202,1
SLIM*SIG1,5715dcc7-1480-11f0-87db-54a95b9ec813,student,2,393,0.4074198305606842,0.0,6930.0,0.4287520945072174,202,1
SLIM*SIG1,5715dcc7-1480-11f0-87db-54a95b9ec813,student,2,394,0.4074198305606842,0.015527725219726562,7086.0,0.4287520945072174,202,1
SLIM*SIG1,5715dcc7-1480-11f0-87db-54a95b9ec813,student,2,395,0.4074198305606842,0.0,6761.0,0.4287520945072174,202,1
SLIM*SIG1,5715dcc7-1480-11f0-87db-54a95b9ec813,student,2,396,0.4074198305606842,0.015624761581420898,6796.0,0.4287520945072174,202,1
SLIM*SIG1,5715dcc7-1480-11f0-87db-54a95b9ec813,student,2,397,0.4074198305606842,0.0,6871.0,0.4287520945072174,202,1
SLIM*SIG1,5715dcc7-1480-11f0-87db-54a95b9ec813,student,2,398,0.4074198305606842,0.01401066780090332,6235.0,0.4287520945072174,202,1
SLIM*SIG1,5715dcc7-1480-11f0-87db-54a95b9ec813,student,2,399,0.39878806471824646,0.0,6120.0,0.4189600944519043,148,1
SLIM*SIG1,5715dcc7-1480-11f0-87db-54a95b9ec813,student,2,400,0.3983840048313141,0.0,6138.0,0.4194071292877197,135,1
SLIM*SIG1,5715dcc7-1480-11f0-87db-54a95b9ec813,student,2,401,0.3983840048313141,0.01573324203491211,6616.0,0.4194071292877197,135,1
SLIM*SIG1,5715dcc7-1480-11f0-87db-54a95b9ec813,student,2,402,0.3983840048313141,0.0,6244.0,0.4194071292877197,135,1
SLIM*SIG1,5715dcc7-1480-11f0-87db-54a95b9ec813,student,2,403,0.3983840048313141,0.019665241241455078,6158.0,0.4194071292877197,135,1
SLIM*SIG1,5715dcc7-1480-11f0-87db-54a95b9ec813,student,2,404,0.3983840048313141,0.00026345252990722656,5865.0,0.4194071292877197,135,1
SLIM*SIG1,5715dcc7-1480-11f0-87db-54a95b9ec813,student,2,405,0.3983840048313141,0.0,5475.0,0.4194071292877197,135,1
SLIM*SIG1,5715dcc7-1480-11f0-87db-54a95b9ec813,student,2,406,0.3983840048313141,0.015735626220703125,5252.0,0.4194071292877197,135,1
SLIM*SIG1,5715dcc7-1480-11f0-87db-54a95b9ec813,student,2,407,0.3983840048313141,0.0,5189.0,0.4194071292877197,135,1
SLIM*SIG1,5715dcc7-1480-11f0-87db-54a95b9ec813,student,2,408,0.3983840048313141,0.015519142150878906,5066.0,0.4194071292877197,135,1
SLIM*SIG1,5715dcc7-1480-11f0-87db-54a95b9ec813,student,2,409,0.3983817398548126,0.0,4713.0,0.41930752992630005,135,1
SLIM*SIG1,5715dcc7-1480-11f0-87db-54a95b9ec813,student,2,410,0.3983817398548126,0.015723705291748047,5075.0,0.41930752992630005,135,1
SLIM*SIG1,5715dcc7-1480-11f0-87db-54a95b9ec813,student,2,411,0.3983817398548126,0.0,5307.0,0.41930752992630005,135,1
SLIM*SIG1,5715dcc7-1480-11f0-87db-54a95b9ec813,student,2,412,0.3983817398548126,0.016015052795410156,4997.0,0.41930752992630005,135,1
SLIM*SIG1,5715dcc7-1480-11f0-87db-54a95b9ec813,student,2,413,0.3983817398548126,0.0,4633.0,0.41930752992630005,135,1
SLIM*SIG1,5715dcc7-1480-11f0-87db-54a95b9ec813,student,2,414,0.3983817398548126,0.0,4232.0,0.41930752992630005,135,1
SLIM*SIG1,5715dcc7-1480-11f0-87db-54a95b9ec813,student,2,415,0.3983817398548126,0.01563286781311035,4286.0,0.41930752992630005,135,1
SLIM*SIG1,5715dcc7-1480-11f0-87db-54a95b9ec813,student,2,416,0.3983817398548126,0.0,4141.0,0.41930752992630005,135,1
SLIM*SIG1,5715dcc7-1480-11f0-87db-54a95b9ec813,student,2,417,0.3983817398548126,0.01966071128845215,3965.0,0.41930752992630005,135,1
SLIM*SIG1,5715dcc7-1480-11f0-87db-54a95b9ec813,student,2,418,0.3983817398548126,0.001445770263671875,4024.0,0.41930752992630005,135,1
SLIM*SIG1,5715dcc7-1480-11f0-87db-54a95b9ec813,student,2,419,0.3983817398548126,0.0,3801.0,0.41930752992630005,135,1
SLIM*SIG1,5715dcc7-1480-11f0-87db-54a95b9ec813,student,2,420,0.3983817398548126,0.015726089477539062,3565.0,0.41930752992630005,135,1
SLIM*SIG1,5715dcc7-1480-11f0-87db-54a95b9ec813,student,2,421,0.3983817398548126,0.0,3448.0,0.41930752992630005,135,1
SLIM*SIG1,5715dcc7-1480-11f0-87db-54a95b9ec813,student,2,422,0.3983817398548126,0.015529155731201172,3630.0,0.41930752992630005,135,1
SLIM*SIG1,5715dcc7-1480-11f0-87db-54a95b9ec813,student,2,423,0.3983817398548126,0.0,3617.0,0.41930752992630005,135,1
SLIM*SIG1,5715dcc7-1480-11f0-87db-54a95b9ec813,student,2,424,0.3983817398548126,0.0,3487.0,0.41930752992630005,135,1
SLIM*SIG1,5715dcc7-1480-11f0-87db-54a95b9ec813,student,2,425,0.3983817398548126,0.015728473663330078,3305.0,0.41930752992630005,135,1
SLIM*SIG1,5715dcc7-1480-11f0-87db-54a95b9ec813,student,2,426,0.3983817398548126,0.0,3500.0,0.41930752992630005,135,1
SLIM*SIG1,5715dcc7-1480-11f0-87db-54a95b9ec813,student,2,427,0.3983817398548126,0.016104936599731445,3565.0,0.41930752992630005,135,1
SLIM*SIG1,5715dcc7-1480-11f0-87db-54a95b9ec813,student,2,428,0.3983817398548126,0.0,3864.0,0.41930752992630005,135,1
SLIM*SIG1,5715dcc7-1480-11f0-87db-54a95b9ec813,student,2,429,0.3983817398548126,0.015631437301635742,4098.0,0.41930752992630005,135,1
SLIM*SIG1,5715dcc7-1480-11f0-87db-54a95b9ec813,student,2,430,0.3983817398548126,0.0,4475.0,0.41930752992630005,135,1
SLIM*SIG1,5715dcc7-1480-11f0-87db-54a95b9ec813,student,2,431,0.3983817398548126,0.0,4618.0,0.41930752992630005,135,1
SLIM*SIG1,5715dcc7-1480-11f0-87db-54a95b9ec813,student,2,432,0.3983817398548126,0.0156252384185791,4657.0,0.41930752992630005,135,1
SLIM*SIG1,5715dcc7-1480-11f0-87db-54a95b9ec813,student,2,433,0.3983817398548126,0.0,4620.0,0.41930752992630005,135,1
SLIM*SIG1,5715dcc7-1480-11f0-87db-54a95b9ec813,student,2,434,0.39837607741355896,0.015626907348632812,4618.0,0.4200671315193176,135,1
SLIM*SIG1,5715dcc7-1480-11f0-87db-54a95b9ec813,student,2,435,0.39837607741355896,0.0,4631.0,0.4200671315193176,135,1
SLIM*SIG1,5715dcc7-1480-11f0-87db-54a95b9ec813,student,2,436,0.39837607741355896,0.01571941375732422,4683.0,0.4200671315193176,135,1
SLIM*SIG1,5715dcc7-1480-11f0-87db-54a95b9ec813,student,2,437,0.39837607741355896,0.006894826889038086,4683.0,0.4200671315193176,135,1
SLIM*SIG1,5715dcc7-1480-11f0-87db-54a95b9ec813,student,2,438,0.39837607741355896,0.0,4566.0,0.4200671315193176,135,1
SLIM*SIG1,5715dcc7-1480-11f0-87db-54a95b9ec813,student,2,439,0.39837607741355896,0.0,4527.0,0.4200671315193176,135,1
SLIM*SIG1,5715dcc7-1480-11f0-87db-54a95b9ec813,student,2,440,0.3983156085014343,0.015603065490722656,4865.0,0.42014962434768677,148,1
SLIM*SIG1,5715dcc7-1480-11f0-87db-54a95b9ec813,student,2,441,0.3983156085014343,0.0,4800.0,0.42014962434768677,148,1
SLIM*SIG1,5715dcc7-1480-11f0-87db-54a95b9ec813,student,2,442,0.3983156085014343,0.013506174087524414,4683.0,0.42014962434768677,148,1
SLIM*SIG1,5715dcc7-1480-11f0-87db-54a95b9ec813,student,2,443,0.3983156085014343,0.0,4828.0,0.42014962434768677,148,1
SLIM*SIG1,5715dcc7-1480-11f0-87db-54a95b9ec813,student,2,444,0.3983156085014343,0.0,4921.0,0.42014962434768677,148,1
SLIM*SIG1,5715dcc7-1480-11f0-87db-54a95b9ec813,student,2,445,0.3983156085014343,0.015732288360595703,4845.0,0.42014962434768677,148,1
SLIM*SIG1,5715dcc7-1480-11f0-87db-54a95b9ec813,student,2,446,0.3983156085014343,0.0,4886.0,0.42014962434768677,148,1
SLIM*SIG1,5715dcc7-1480-11f0-87db-54a95b9ec813,student,2,447,0.3983156085014343,0.015527486801147461,4845.0,0.42014962434768677,148,1
SLIM*SIG1,5715dcc7-1480-11f0-87db-54a95b9ec813,student,2,448,0.3983156085014343,0.0,4663.0,0.42014962434768677,148,1
SLIM*SIG1,5715dcc7-1480-11f0-87db-54a95b9ec813,student,2,449,0.3983156085014343,0.01572132110595703,4709.0,0.42014962434768677,148,1
SLIM*SIG1,5715dcc7-1480-11f0-87db-54a95b9ec813,student,2,450,0.3983156085014343,0.0,5164.0,0.42014962434768677,148,1
SLIM*SIG1,5715dcc7-1480-11f0-87db-54a95b9ec813,student,2,451,0.3983156085014343,0.0,5450.0,0.42014962434768677,148,1
SLIM*SIG1,5715dcc7-1480-11f0-87db-54a95b9ec813,student,2,452,0.3983156085014343,0.02150106430053711,5931.0,0.42014962434768677,148,1
SLIM*SIG1,5715dcc7-1480-11f0-87db-54a95b9ec813,student,2,453,0.3983156085014343,0.0,5450.0,0.42014962434768677,148,1
SLIM*SIG1,5715dcc7-1480-11f0-87db-54a95b9ec813,student,2,454,0.3983156085014343,0.0,5476.0,0.42014962434768677,148,1
SLIM*SIG1,5715dcc7-1480-11f0-87db-54a95b9ec813,student,2,455,0.3983156085014343,0.01562643051147461,5337.0,0.42014962434768677,148,1
SLIM*SIG1,5715dcc7-1480-11f0-87db-54a95b9ec813,student,2,456,0.3983156085014343,0.013506412506103516,4947.0,0.42014962434768677,148,1
SLIM*SIG1,5715dcc7-1480-11f0-87db-54a95b9ec813,student,2,457,0.3983156085014343,0.0025072097778320312,4897.0,0.42014962434768677,148,1
SLIM*SIG1,5715dcc7-1480-11f0-87db-54a95b9ec813,student,2,458,0.3983156085014343,0.0,4778.0,0.42014962434768677,148,1
SLIM*SIG1,5715dcc7-1480-11f0-87db-54a95b9ec813,student,2,459,0.3983156085014343,0.015733957290649414,5029.0,0.42014962434768677,148,1
SLIM*SIG1,5715dcc7-1480-11f0-87db-54a95b9ec813,student,2,460,0.3983156085014343,0.0,4754.0,0.42014962434768677,148,1
SLIM*SIG1,5715dcc7-1480-11f0-87db-54a95b9ec813,student,2,461,0.3983156085014343,0.015524148941040039,4455.0,0.42014962434768677,148,1
SLIM*SIG1,5715dcc7-1480-11f0-87db-54a95b9ec813,student,2,462,0.3983156085014343,0.0,4516.0,0.42014962434768677,148,1
SLIM*SIG1,5715dcc7-1480-11f0-87db-54a95b9ec813,student,2,463,0.3983156085014343,0.0,4540.0,0.42014962434768677,148,1
SLIM*SIG1,5715dcc7-1480-11f0-87db-54a95b9ec813,student,2,464,0.3983156085014343,0.015625,4956.0,0.42014962434768677,148,1
SLIM*SIG1,5715dcc7-1480-11f0-87db-54a95b9ec813,student,2,465,0.3983156085014343,0.0,5060.0,0.42014962434768677,148,1
SLIM*SIG1,5715dcc7-1480-11f0-87db-54a95b9ec813,student,2,466,0.3983156085014343,0.01930403709411621,4969.0,0.42014962434768677,148,1
SLIM*SIG1,5715dcc7-1480-11f0-87db-54a95b9ec813,student,2,467,0.3983156085014343,0.0038788318634033203,5021.0,0.42014962434768677,148,1
SLIM*SIG1,5715dcc7-1480-11f0-87db-54a95b9ec813,student,2,468,0.3983156085014343,0.0,5400.0,0.42014962434768677,148,1
SLIM*SIG1,5715dcc7-1480-11f0-87db-54a95b9ec813,student,2,469,0.3983156085014343,0.01562786102294922,5463.0,0.42014962434768677,148,1
SLIM*SIG1,5715dcc7-1480-11f0-87db-54a95b9ec813,student,2,470,0.3983156085014343,0.0,5608.0,0.42014962434768677,148,1
SLIM*SIG1,5715dcc7-1480-11f0-87db-54a95b9ec813,student,2,471,0.3983156085014343,0.012039661407470703,5790.0,0.42014962434768677,148,1
SLIM*SIG1,5715dcc7-1480-11f0-87db-54a95b9ec813,student,2,472,0.3983156085014343,0.0,5710.0,0.42014962434768677,148,1
SLIM*SIG1,5715dcc7-1480-11f0-87db-54a95b9ec813,student,2,473,0.39827826619148254,0.0,5463.0,0.42112234234809875,161,1
SLIM*SIG1,5715dcc7-1480-11f0-87db-54a95b9ec813,student,2,474,0.39827826619148254,0.015633106231689453,5008.0,0.42112234234809875,161,1
SLIM*SIG1,5715dcc7-1480-11f0-87db-54a95b9ec813,student,2,475,0.39826875925064087,0.0,4711.0,0.42002955079078674,148,1
SLIM*SIG1,5715dcc7-1480-11f0-87db-54a95b9ec813,student,2,476,0.3975442945957184,0.01572704315185547,4644.0,0.4216150939464569,135,1
SLIM*SIG1,5715dcc7-1480-11f0-87db-54a95b9ec813,student,2,477,0.3975442945957184,0.0,4423.0,0.4216150939464569,135,1
SLIM*SIG1,5715dcc7-1480-11f0-87db-54a95b9ec813,student,2,478,0.39717239141464233,0.0,4995.0,0.41958528757095337,135,1
SLIM*SIG1,5715dcc7-1480-11f0-87db-54a95b9ec813,student,2,479,0.39708641171455383,0.015522480010986328,5660.0,0.4195668697357178,135,1
SLIM*SIG1,5715dcc7-1480-11f0-87db-54a95b9ec813,student,2,480,0.39708641171455383,0.0,5961.0,0.4195668697357178,135,1
SLIM*SIG1,5715dcc7-1480-11f0-87db-54a95b9ec813,student,2,481,0.39708641171455383,0.01994013786315918,5846.0,0.4195668697357178,135,1
SLIM*SIG1,5715dcc7-1480-11f0-87db-54a95b9ec813,student,2,482,0.39708641171455383,0.0,5569.0,0.4195668697357178,135,1
SLIM*SIG1,5715dcc7-1480-11f0-87db-54a95b9ec813,student,2,483,0.39708641171455383,0.015764713287353516,5441.0,0.4195668697357178,135,1
SLIM*SIG1,5715dcc7-1480-11f0-87db-54a95b9ec813,student,2,484,0.39707913994789124,0.0,5467.0,0.41854768991470337,148,1
SLIM*SIG1,5715dcc7-1480-11f0-87db-54a95b9ec813,student,2,485,0.39707913994789124,0.016012907028198242,5283.0,0.41854768991470337,148,1
SLIM*SIG1,5715dcc7-1480-11f0-87db-54a95b9ec813,student,2,486,0.39707913994789124,0.0,5075.0,0.41854768991470337,148,1
SLIM*SIG1,5715dcc7-1480-11f0-87db-54a95b9ec813,student,2,487,0.39707913994789124,0.0,5294.0,0.41854768991470337,148,1
SLIM*SIG1,5715dcc7-1480-11f0-87db-54a95b9ec813,student,2,488,0.39707913994789124,0.01573657989501953,4930.0,0.41854768991470337,148,1
SLIM*SIG1,5715dcc7-1480-11f0-87db-54a95b9ec813,student,2,489,0.39707913994789124,0.015521049499511719,4813.0,0.41854768991470337,148,1
SLIM*SIG1,5715dcc7-1480-11f0-87db-54a95b9ec813,student,2,490,0.39707913994789124,0.0,4553.0,0.41854768991470337,148,1
SLIM*SIG1,5715dcc7-1480-11f0-87db-54a95b9ec813,student,2,491,0.39707913994789124,0.01562666893005371,4228.0,0.41854768991470337,148,1
SLIM*SIG1,5715dcc7-1480-11f0-87db-54a95b9ec813,student,2,492,0.39707913994789124,0.009650468826293945,4306.0,0.41854768991470337,148,1
SLIM*SIG1,5715dcc7-1480-11f0-87db-54a95b9ec813,student,2,493,0.39707913994789124,0.009598493576049805,3903.0,0.41854768991470337,148,1
SLIM*SIG1,5715dcc7-1480-11f0-87db-54a95b9ec813,student,2,494,0.39707913994789124,0.008932828903198242,4514.0,0.41854768991470337,148,1
SLIM*SIG1,5715dcc7-1480-11f0-87db-54a95b9ec813,student,2,495,0.39707913994789124,0.009372949600219727,5125.0,0.41854768991470337,148,1
SLIM*SIG1,5715dcc7-1480-11f0-87db-54a95b9ec813,student,2,496,0.39707913994789124,0.009036064147949219,5203.0,0.41854768991470337,148,1
SLIM*SIG1,5715dcc7-1480-11f0-87db-54a95b9ec813,student,2,497,0.39707913994789124,0.008864402770996094,5281.0,0.41854768991470337,148,1
SLIM*SIG1,5715dcc7-1480-11f0-87db-54a95b9ec813,student,2,498,0.39707913994789124,0.007838010787963867,5023.0,0.41854768991470337,148,1
SLIM*SIG1,5715dcc7-1480-11f0-87db-54a95b9ec813,student,2,499,0.39707913994789124,0.007250785827636719,5164.0,0.41854768991470337,148,1
SLIM*SIG1,5715dcc7-1480-11f0-87db-54a95b9ec813,student,2,500,0.39707913994789124,0.00761866569519043,5229.0,0.41854768991470337,148,1
SLIM*SIG1,5715dcc7-1480-11f0-87db-54a95b9ec813,student,3,0,0.4846135079860687,0.017328739166259766,674.0,0.47973325848579407,7,1
SLIM*SIG1,5715dcc7-1480-11f0-87db-54a95b9ec813,student,3,1,0.483886182308197,0.005725383758544922,742.0,0.4780922830104828,20,1
SLIM*SIG1,5715dcc7-1480-11f0-87db-54a95b9ec813,student,3,2,0.48331305384635925,0.0030808448791503906,1143.0,0.47781065106391907,22,1
SLIM*SIG1,5715dcc7-1480-11f0-87db-54a95b9ec813,student,3,3,0.48331305384635925,0.0,1204.0,0.47781065106391907,22,1
SLIM*SIG1,5715dcc7-1480-11f0-87db-54a95b9ec813,student,3,4,0.4823039770126343,0.0,1255.0,0.4783020615577698,20,1
SLIM*SIG1,5715dcc7-1480-11f0-87db-54a95b9ec813,student,3,5,0.4823039770126343,0.015787124633789062,1076.0,0.4783020615577698,20,1
SLIM*SIG1,5715dcc7-1480-11f0-87db-54a95b9ec813,student,3,6,0.4652707874774933,0.0,876.0,0.4609031677246094,20,1
SLIM*SIG1,5715dcc7-1480-11f0-87db-54a95b9ec813,student,3,7,0.46137696504592896,0.01612234115600586,506.0,0.456390380859375,33,1
SLIM*SIG1,5715dcc7-1480-11f0-87db-54a95b9ec813,student,3,8,0.46137696504592896,0.0,480.0,0.456390380859375,33,1
SLIM*SIG1,5715dcc7-1480-11f0-87db-54a95b9ec813,student,3,9,0.46137696504592896,0.0,454.0,0.456390380859375,33,1
SLIM*SIG1,5715dcc7-1480-11f0-87db-54a95b9ec813,student,3,10,0.46137696504592896,0.015637874603271484,454.0,0.456390380859375,33,1
SLIM*SIG1,5715dcc7-1480-11f0-87db-54a95b9ec813,student,3,11,0.46137696504592896,0.0,467.0,0.456390380859375,33,1
SLIM*SIG1,5715dcc7-1480-11f0-87db-54a95b9ec813,student,3,12,0.46137696504592896,0.0,428.0,0.456390380859375,33,1
SLIM*SIG1,5715dcc7-1480-11f0-87db-54a95b9ec813,student,3,13,0.46137696504592896,0.015624523162841797,428.0,0.456390380859375,33,1
SLIM*SIG1,5715dcc7-1480-11f0-87db-54a95b9ec813,student,3,14,0.46137696504592896,0.0,545.0,0.456390380859375,33,1
SLIM*SIG1,5715dcc7-1480-11f0-87db-54a95b9ec813,student,3,15,0.4598720073699951,0.015623092651367188,532.0,0.45471566915512085,33,1
SLIM*SIG1,5715dcc7-1480-11f0-87db-54a95b9ec813,student,3,16,0.4598720073699951,0.0,521.0,0.45471566915512085,33,1
SLIM*SIG1,5715dcc7-1480-11f0-87db-54a95b9ec813,student,3,17,0.4598720073699951,0.0,547.0,0.45471566915512085,33,1
SLIM*SIG1,5715dcc7-1480-11f0-87db-54a95b9ec813,student,3,18,0.4598720073699951,0.019922971725463867,547.0,0.45471566915512085,33,1
SLIM*SIG1,5715dcc7-1480-11f0-87db-54a95b9ec813,student,3,19,0.4598720073699951,0.001199960708618164,454.0,0.45471566915512085,33,1
SLIM*SIG1,5715dcc7-1480-11f0-87db-54a95b9ec813,student,3,20,0.4598720073699951,0.0,454.0,0.45471566915512085,33,1
SLIM*SIG1,5715dcc7-1480-11f0-87db-54a95b9ec813,student,3,21,0.4598720073699951,0.0,441.0,0.45471566915512085,33,1
SLIM*SIG1,5715dcc7-1480-11f0-87db-54a95b9ec813,student,3,22,0.4598720073699951,0.015698671340942383,428.0,0.45471566915512085,33,1
SLIM*SIG1,5715dcc7-1480-11f0-87db-54a95b9ec813,student,3,23,0.4598720073699951,0.0,441.0,0.45471566915512085,33,1
SLIM*SIG1,5715dcc7-1480-11f0-87db-54a95b9ec813,student,3,24,0.4598720073699951,0.012544393539428711,532.0,0.45471566915512085,33,1
SLIM*SIG1,5715dcc7-1480-11f0-87db-54a95b9ec813,student,3,25,0.45574629306793213,0.003622293472290039,558.0,0.4519840478897095,46,1
SLIM*SIG1,5715dcc7-1480-11f0-87db-54a95b9ec813,student,3,26,0.45574629306793213,0.0,545.0,0.4519840478897095,46,1
SLIM*SIG1,5715dcc7-1480-11f0-87db-54a95b9ec813,student,3,27,0.4551016092300415,0.0,701.0,0.4512194097042084,59,1
SLIM*SIG1,5715dcc7-1480-11f0-87db-54a95b9ec813,student,3,28,0.4551016092300415,0.01573014259338379,649.0,0.4512194097042084,59,1
SLIM*SIG1,5715dcc7-1480-11f0-87db-54a95b9ec813,student,3,29,0.4551016092300415,0.0,755.0,0.4512194097042084,59,1
SLIM*SIG1,5715dcc7-1480-11f0-87db-54a95b9ec813,student,3,30,0.4494631290435791,0.0,1088.0,0.43960151076316833,72,1
SLIM*SIG1,5715dcc7-1480-11f0-87db-54a95b9ec813,student,3,31,0.4494631290435791,0.0,1075.0,0.43960151076316833,72,1
SLIM*SIG1,5715dcc7-1480-11f0-87db-54a95b9ec813,student,3,32,0.4494631290435791,0.0,1188.0,0.43960151076316833,72,1
SLIM*SIG1,5715dcc7-1480-11f0-87db-54a95b9ec813,student,3,33,0.44917985796928406,0.018426179885864258,1653.0,0.43928295373916626,72,1
SLIM*SIG1,5715dcc7-1480-11f0-87db-54a95b9ec813,student,3,34,0.4478343427181244,0.005543231964111328,1703.0,0.44032126665115356,85,1
SLIM*SIG1,5715dcc7-1480-11f0-87db-54a95b9ec813,student,3,35,0.4478343427181244,0.007854223251342773,2121.0,0.44032126665115356,85,1
SLIM*SIG1,5715dcc7-1480-11f0-87db-54a95b9ec813,student,3,36,0.4478343427181244,0.006682395935058594,2329.0,0.44032126665115356,85,1
SLIM*SIG1,5715dcc7-1480-11f0-87db-54a95b9ec813,student,3,37,0.44755876064300537,0.006408214569091797,2317.0,0.44047409296035767,72,1
SLIM*SIG1,5715dcc7-1480-11f0-87db-54a95b9ec813,student,3,38,0.4473932683467865,0.0066640377044677734,2325.0,0.4399138391017914,72,1
SLIM*SIG1,5715dcc7-1480-11f0-87db-54a95b9ec813,student,3,39,0.4473932683467865,0.0030062198638916016,2301.0,0.4399138391017914,72,1
SLIM*SIG1,5715dcc7-1480-11f0-87db-54a95b9ec813,student,3,40,0.4473932683467865,0.010756969451904297,2330.0,0.4399138391017914,72,1
SLIM*SIG1,5715dcc7-1480-11f0-87db-54a95b9ec813,student,3,41,0.4442470371723175,0.007573604583740234,2157.0,0.4382352828979492,85,1
SLIM*SIG1,5715dcc7-1480-11f0-87db-54a95b9ec813,student,3,42,0.44027984142303467,0.006945133209228516,2339.0,0.4326361119747162,72,1
SLIM*SIG1,5715dcc7-1480-11f0-87db-54a95b9ec813,student,3,43,0.44027984142303467,0.0069921016693115234,2183.0,0.4326361119747162,72,1
SLIM*SIG1,5715dcc7-1480-11f0-87db-54a95b9ec813,student,3,44,0.44027984142303467,0.0067555904388427734,1975.0,0.4326361119747162,72,1
SLIM*SIG1,5715dcc7-1480-11f0-87db-54a95b9ec813,student,3,45,0.44027984142303467,0.006274700164794922,1676.0,0.4326361119747162,72,1
SLIM*SIG1,5715dcc7-1480-11f0-87db-54a95b9ec813,student,3,46,0.44027984142303467,0.0066471099853515625,1676.0,0.4326361119747162,72,1
SLIM*SIG1,5715dcc7-1480-11f0-87db-54a95b9ec813,student,3,47,0.44027984142303467,0.0,1819.0,0.4326361119747162,72,1
SLIM*SIG1,5715dcc7-1480-11f0-87db-54a95b9ec813,student,3,48,0.43918994069099426,0.016415834426879883,1676.0,0.4335363805294037,72,1
SLIM*SIG1,5715dcc7-1480-11f0-87db-54a95b9ec813,student,3,49,0.43918994069099426,0.0,1780.0,0.4335363805294037,72,1
SLIM*SIG1,5715dcc7-1480-11f0-87db-54a95b9ec813,student,3,50,0.43918994069099426,0.0,1665.0,0.4335363805294037,72,1
SLIM*SIG1,5715dcc7-1480-11f0-87db-54a95b9ec813,student,3,51,0.43918994069099426,0.0,1494.0,0.4335363805294037,72,1
SLIM*SIG1,5715dcc7-1480-11f0-87db-54a95b9ec813,student,3,52,0.43918994069099426,0.0,1535.0,0.4335363805294037,72,1
SLIM*SIG1,5715dcc7-1480-11f0-87db-54a95b9ec813,student,3,53,0.43918994069099426,0.006722450256347656,1582.0,0.4335363805294037,72,1
SLIM*SIG1,5715dcc7-1480-11f0-87db-54a95b9ec813,student,3,54,0.43918994069099426,0.0,1727.0,0.4335363805294037,72,1
SLIM*SIG1,5715dcc7-1480-11f0-87db-54a95b9ec813,student,3,55,0.43918994069099426,0.0,1723.0,0.4335363805294037,72,1
SLIM*SIG1,5715dcc7-1480-11f0-87db-54a95b9ec813,student,3,56,0.43918994069099426,0.01568913459777832,1639.0,0.4335363805294037,72,1
SLIM*SIG1,5715dcc7-1480-11f0-87db-54a95b9ec813,student,3,57,0.43918994069099426,0.0,1485.0,0.4335363805294037,72,1
SLIM*SIG1,5715dcc7-1480-11f0-87db-54a95b9ec813,student,3,58,0.43918994069099426,0.015700817108154297,1407.0,0.4335363805294037,72,1
SLIM*SIG1,5715dcc7-1480-11f0-87db-54a95b9ec813,student,3,59,0.43918994069099426,0.0,1234.0,0.4335363805294037,72,1
SLIM*SIG1,5715dcc7-1480-11f0-87db-54a95b9ec813,student,3,60,0.43918994069099426,0.01563262939453125,1312.0,0.4335363805294037,72,1
SLIM*SIG1,5715dcc7-1480-11f0-87db-54a95b9ec813,student,3,61,0.43918994069099426,0.0,1351.0,0.4335363805294037,72,1
SLIM*SIG1,5715dcc7-1480-11f0-87db-54a95b9ec813,student,3,62,0.43918994069099426,0.01551961898803711,1507.0,0.4335363805294037,72,1
SLIM*SIG1,5715dcc7-1480-11f0-87db-54a95b9ec813,student,3,63,0.43918994069099426,0.0,1689.0,0.4335363805294037,72,1
SLIM*SIG1,5715dcc7-1480-11f0-87db-54a95b9ec813,student,3,64,0.43918994069099426,0.0,1559.0,0.4335363805294037,72,1
SLIM*SIG1,5715dcc7-1480-11f0-87db-54a95b9ec813,student,3,65,0.43918994069099426,0.0,1689.0,0.4335363805294037,72,1
SLIM*SIG1,5715dcc7-1480-11f0-87db-54a95b9ec813,student,3,66,0.43918994069099426,0.0,1676.0,0.4335363805294037,72,1
SLIM*SIG1,5715dcc7-1480-11f0-87db-54a95b9ec813,student,3,67,0.43918994069099426,0.01696324348449707,1520.0,0.4335363805294037,72,1
SLIM*SIG1,5715dcc7-1480-11f0-87db-54a95b9ec813,student,3,68,0.43902355432510376,0.004069805145263672,1533.0,0.43381327390670776,85,1
SLIM*SIG1,5715dcc7-1480-11f0-87db-54a95b9ec813,student,3,69,0.4376666247844696,0.0,1481.0,0.43024030327796936,72,1
SLIM*SIG1,5715dcc7-1480-11f0-87db-54a95b9ec813,student,3,70,0.4376666247844696,0.0,1897.0,0.43024030327796936,72,1
SLIM*SIG1,5715dcc7-1480-11f0-87db-54a95b9ec813,student,3,71,0.4376666247844696,0.015729665756225586,1925.0,0.43024030327796936,72,1
SLIM*SIG1,5715dcc7-1480-11f0-87db-54a95b9ec813,student,3,72,0.4376666247844696,0.0,1892.0,0.43024030327796936,72,1
SLIM*SIG1,5715dcc7-1480-11f0-87db-54a95b9ec813,student,3,73,0.4376666247844696,0.015523195266723633,1641.0,0.43024030327796936,72,1
SLIM*SIG1,5715dcc7-1480-11f0-87db-54a95b9ec813,student,3,74,0.4376666247844696,0.0,1741.0,0.43024030327796936,72,1
SLIM*SIG1,5715dcc7-1480-11f0-87db-54a95b9ec813,student,3,75,0.4376666247844696,0.0,1676.0,0.43024030327796936,72,1
SLIM*SIG1,5715dcc7-1480-11f0-87db-54a95b9ec813,student,3,76,0.4376666247844696,0.0,1741.0,0.43024030327796936,72,1
SLIM*SIG1,5715dcc7-1480-11f0-87db-54a95b9ec813,student,3,77,0.4376666247844696,0.0,1481.0,0.43024030327796936,72,1
SLIM*SIG1,5715dcc7-1480-11f0-87db-54a95b9ec813,student,3,78,0.4376666247844696,0.01563572883605957,1221.0,0.43024030327796936,72,1
SLIM*SIG1,5715dcc7-1480-11f0-87db-54a95b9ec813,student,3,79,0.4376666247844696,0.0,1377.0,0.43024030327796936,72,1
SLIM*SIG1,5715dcc7-1480-11f0-87db-54a95b9ec813,student,3,80,0.4376666247844696,0.0,1403.0,0.43024030327796936,72,1
SLIM*SIG1,5715dcc7-1480-11f0-87db-54a95b9ec813,student,3,81,0.4376666247844696,0.015617609024047852,1429.0,0.43024030327796936,72,1
SLIM*SIG1,5715dcc7-1480-11f0-87db-54a95b9ec813,student,3,82,0.4376666247844696,0.0,1377.0,0.43024030327796936,72,1
SLIM*SIG1,5715dcc7-1480-11f0-87db-54a95b9ec813,student,3,83,0.4376666247844696,0.015624523162841797,1442.0,0.43024030327796936,72,1
SLIM*SIG1,5715dcc7-1480-11f0-87db-54a95b9ec813,student,3,84,0.4376666247844696,0.00605320930480957,1379.0,0.43024030327796936,72,1
SLIM*SIG1,5715dcc7-1480-11f0-87db-54a95b9ec813,student,3,85,0.4376666247844696,0.0,1511.0,0.43024030327796936,72,1
SLIM*SIG1,5715dcc7-1480-11f0-87db-54a95b9ec813,student,3,86,0.4376666247844696,0.0,1468.0,0.43024030327796936,72,1
SLIM*SIG1,5715dcc7-1480-11f0-87db-54a95b9ec813,student,3,87,0.4376666247844696,0.015625715255737305,1637.0,0.43024030327796936,72,1
SLIM*SIG1,5715dcc7-1480-11f0-87db-54a95b9ec813,student,3,88,0.4376666247844696,0.0,1611.0,0.43024030327796936,72,1
SLIM*SIG1,5715dcc7-1480-11f0-87db-54a95b9ec813,student,3,89,0.4376666247844696,0.015726089477539062,1533.0,0.43024030327796936,72,1
SLIM*SIG1,5715dcc7-1480-11f0-87db-54a95b9ec813,student,3,90,0.4376666247844696,0.0,1494.0,0.43024030327796936,72,1
SLIM*SIG1,5715dcc7-1480-11f0-87db-54a95b9ec813,student,3,91,0.4376666247844696,0.0,1585.0,0.43024030327796936,72,1
SLIM*SIG1,5715dcc7-1480-11f0-87db-54a95b9ec813,student,3,92,0.4376666247844696,0.0,1364.0,0.43024030327796936,72,1
SLIM*SIG1,5715dcc7-1480-11f0-87db-54a95b9ec813,student,3,93,0.4376666247844696,0.0,1143.0,0.43024030327796936,72,1
SLIM*SIG1,5715dcc7-1480-11f0-87db-54a95b9ec813,student,3,94,0.4376666247844696,0.015623807907104492,1078.0,0.43024030327796936,72,1
SLIM*SIG1,5715dcc7-1480-11f0-87db-54a95b9ec813,student,3,95,0.4376666247844696,0.0,1169.0,0.43024030327796936,72,1
SLIM*SIG1,5715dcc7-1480-11f0-87db-54a95b9ec813,student,3,96,0.4376666247844696,0.0,1338.0,0.43024030327796936,72,1
SLIM*SIG1,5715dcc7-1480-11f0-87db-54a95b9ec813,student,3,97,0.4376666247844696,0.01572871208190918,1351.0,0.43024030327796936,72,1
SLIM*SIG1,5715dcc7-1480-11f0-87db-54a95b9ec813,student,3,98,0.4376666247844696,0.0,1429.0,0.43024030327796936,72,1
SLIM*SIG1,5715dcc7-1480-11f0-87db-54a95b9ec813,student,3,99,0.4376666247844696,0.0,1602.0,0.43024030327796936,72,1
SLIM*SIG1,5715dcc7-1480-11f0-87db-54a95b9ec813,student,3,100,0.4376666247844696,0.018149137496948242,1537.0,0.43024030327796936,72,1
SLIM*SIG1,5715dcc7-1480-11f0-87db-54a95b9ec813,student,3,101,0.4376666247844696,0.0,1511.0,0.43024030327796936,72,1
SLIM*SIG1,5715dcc7-1480-11f0-87db-54a95b9ec813,student,3,102,0.4376666247844696,0.013104438781738281,1212.0,0.43024030327796936,72,1
SLIM*SIG1,5715dcc7-1480-11f0-87db-54a95b9ec813,student,3,103,0.4376666247844696,0.0,1132.0,0.43024030327796936,72,1
SLIM*SIG1,5715dcc7-1480-11f0-87db-54a95b9ec813,student,3,104,0.4376666247844696,0.0,1314.0,0.43024030327796936,72,1
SLIM*SIG1,5715dcc7-1480-11f0-87db-54a95b9ec813,student,3,105,0.4376666247844696,0.015633344650268555,961.0,0.43024030327796936,72,1
SLIM*SIG1,5715dcc7-1480-11f0-87db-54a95b9ec813,student,3,106,0.4376666247844696,0.00924062728881836,1039.0,0.43024030327796936,72,1
SLIM*SIG1,5715dcc7-1480-11f0-87db-54a95b9ec813,student,3,107,0.4376666247844696,0.0,883.0,0.43024030327796936,72,1
SLIM*SIG1,5715dcc7-1480-11f0-87db-54a95b9ec813,student,3,108,0.4376666247844696,0.0,1078.0,0.43024030327796936,72,1
SLIM*SIG1,5715dcc7-1480-11f0-87db-54a95b9ec813,student,3,109,0.4376666247844696,0.015627384185791016,1169.0,0.43024030327796936,72,1
SLIM*SIG1,5715dcc7-1480-11f0-87db-54a95b9ec813,student,3,110,0.4376666247844696,0.0,1234.0,0.43024030327796936,72,1
SLIM*SIG1,5715dcc7-1480-11f0-87db-54a95b9ec813,student,3,111,0.4376666247844696,0.015624761581420898,1416.0,0.43024030327796936,72,1
SLIM*SIG1,5715dcc7-1480-11f0-87db-54a95b9ec813,student,3,112,0.4376666247844696,0.0,1442.0,0.43024030327796936,72,1
SLIM*SIG1,5715dcc7-1480-11f0-87db-54a95b9ec813,student,3,113,0.4376666247844696,0.0,1312.0,0.43024030327796936,72,1
SLIM*SIG1,5715dcc7-1480-11f0-87db-54a95b9ec813,student,3,114,0.4376666247844696,0.0,1156.0,0.43024030327796936,72,1
SLIM*SIG1,5715dcc7-1480-11f0-87db-54a95b9ec813,student,3,115,0.4376666247844696,0.0,1169.0,0.43024030327796936,72,1
SLIM*SIG1,5715dcc7-1480-11f0-87db-54a95b9ec813,student,3,116,0.4376666247844696,0.015511274337768555,1273.0,0.43024030327796936,72,1
SLIM*SIG1,5715dcc7-1480-11f0-87db-54a95b9ec813,student,3,117,0.4376666247844696,0.0,1325.0,0.43024030327796936,72,1
SLIM*SIG1,5715dcc7-1480-11f0-87db-54a95b9ec813,student,3,118,0.4376666247844696,0.0,1221.0,0.43024030327796936,72,1
SLIM*SIG1,5715dcc7-1480-11f0-87db-54a95b9ec813,student,3,119,0.4376666247844696,0.015635013580322266,1169.0,0.43024030327796936,72,1
SLIM*SIG1,5715dcc7-1480-11f0-87db-54a95b9ec813,student,3,120,0.4376666247844696,0.0,1247.0,0.43024030327796936,72,1
SLIM*SIG1,5715dcc7-1480-11f0-87db-54a95b9ec813,student,3,121,0.4376666247844696,0.017162322998046875,1156.0,0.43024030327796936,72,1
SLIM*SIG1,5715dcc7-1480-11f0-87db-54a95b9ec813,student,3,122,0.4376666247844696,0.0040988922119140625,922.0,0.43024030327796936,72,1
SLIM*SIG1,5715dcc7-1480-11f0-87db-54a95b9ec813,student,3,123,0.4376666247844696,0.0,870.0,0.43024030327796936,72,1
SLIM*SIG1,5715dcc7-1480-11f0-87db-54a95b9ec813,student,3,124,0.4376666247844696,0.0,948.0,0.43024030327796936,72,1
SLIM*SIG1,5715dcc7-1480-11f0-87db-54a95b9ec813,student,3,125,0.4376666247844696,0.015677928924560547,1013.0,0.43024030327796936,72,1
SLIM*SIG1,5715dcc7-1480-11f0-87db-54a95b9ec813,student,3,126,0.4376503825187683,0.0,1197.0,0.43020305037498474,85,1
SLIM*SIG1,5715dcc7-1480-11f0-87db-54a95b9ec813,student,3,127,0.4376503825187683,0.015621662139892578,1351.0,0.43020305037498474,85,1
SLIM*SIG1,5715dcc7-1480-11f0-87db-54a95b9ec813,student,3,128,0.4376503825187683,0.0,1494.0,0.43020305037498474,85,1
SLIM*SIG1,5715dcc7-1480-11f0-87db-54a95b9ec813,student,3,129,0.4376503825187683,0.0,1559.0,0.43020305037498474,85,1
SLIM*SIG1,5715dcc7-1480-11f0-87db-54a95b9ec813,student,3,130,0.4376503825187683,0.015651702880859375,1600.0,0.43020305037498474,85,1
SLIM*SIG1,5715dcc7-1480-11f0-87db-54a95b9ec813,student,3,131,0.4376503825187683,0.0,1563.0,0.43020305037498474,85,1
SLIM*SIG1,5715dcc7-1480-11f0-87db-54a95b9ec813,student,3,132,0.4376503825187683,0.01610112190246582,1485.0,0.43020305037498474,85,1
SLIM*SIG1,5715dcc7-1480-11f0-87db-54a95b9ec813,student,3,133,0.4376503825187683,0.0,1392.0,0.43020305037498474,85,1
SLIM*SIG1,5715dcc7-1480-11f0-87db-54a95b9ec813,student,3,134,0.4376503825187683,0.0,1392.0,0.43020305037498474,85,1
SLIM*SIG1,5715dcc7-1480-11f0-87db-54a95b9ec813,student,3,135,0.4376503825187683,0.015508651733398438,1390.0,0.43020305037498474,85,1
SLIM*SIG1,5715dcc7-1480-11f0-87db-54a95b9ec813,student,3,136,0.4376503825187683,0.0,1455.0,0.43020305037498474,85,1
SLIM*SIG1,5715dcc7-1480-11f0-87db-54a95b9ec813,student,3,137,0.4376503825187683,0.0,1455.0,0.43020305037498474,85,1
SLIM*SIG1,5715dcc7-1480-11f0-87db-54a95b9ec813,student,3,138,0.4376109838485718,0.00543522834777832,1884.0,0.43022486567497253,98,1
SLIM*SIG1,5715dcc7-1480-11f0-87db-54a95b9ec813,student,3,139,0.4376109838485718,0.0,2027.0,0.43022486567497253,98,1
SLIM*SIG1,5715dcc7-1480-11f0-87db-54a95b9ec813,student,3,140,0.4376109838485718,0.0,2196.0,0.43022486567497253,98,1
SLIM*SIG1,5715dcc7-1480-11f0-87db-54a95b9ec813,student,3,141,0.4376109838485718,0.015693187713623047,2144.0,0.43022486567497253,98,1
SLIM*SIG1,5715dcc7-1480-11f0-87db-54a95b9ec813,student,3,142,0.4376109838485718,0.0,1871.0,0.43022486567497253,98,1
SLIM*SIG1,5715dcc7-1480-11f0-87db-54a95b9ec813,student,3,143,0.4376109838485718,0.015625,2040.0,0.43022486567497253,98,1
SLIM*SIG1,5715dcc7-1480-11f0-87db-54a95b9ec813,student,3,144,0.4376109838485718,0.0,1845.0,0.43022486567497253,98,1
SLIM*SIG1,5715dcc7-1480-11f0-87db-54a95b9ec813,student,3,145,0.4376109838485718,0.0,1858.0,0.43022486567497253,98,1
SLIM*SIG1,5715dcc7-1480-11f0-87db-54a95b9ec813,student,3,146,0.4376109838485718,0.01562356948852539,2521.0,0.43022486567497253,98,1
SLIM*SIG1,5715dcc7-1480-11f0-87db-54a95b9ec813,student,3,147,0.4376109838485718,0.0,2170.0,0.43022486567497253,98,1
SLIM*SIG1,5715dcc7-1480-11f0-87db-54a95b9ec813,student,3,148,0.4375694692134857,0.016141414642333984,2404.0,0.4299441874027252,111,1
SLIM*SIG1,5715dcc7-1480-11f0-87db-54a95b9ec813,student,3,149,0.4375694692134857,0.0,2729.0,0.4299441874027252,111,1
SLIM*SIG1,5715dcc7-1480-11f0-87db-54a95b9ec813,student,3,150,0.43756818771362305,0.015506982803344727,3041.0,0.4299606382846832,98,1
SLIM*SIG1,5715dcc7-1480-11f0-87db-54a95b9ec813,student,3,151,0.43756818771362305,0.0,3353.0,0.4299606382846832,98,1
SLIM*SIG1,5715dcc7-1480-11f0-87db-54a95b9ec813,student,3,152,0.43756818771362305,0.0,3197.0,0.4299606382846832,98,1
SLIM*SIG1,5715dcc7-1480-11f0-87db-54a95b9ec813,student,3,153,0.43756818771362305,0.022183656692504883,3277.0,0.4299606382846832,98,1
SLIM*SIG1,5715dcc7-1480-11f0-87db-54a95b9ec813,student,3,154,0.43756818771362305,0.0,3006.0,0.4299606382846832,98,1
SLIM*SIG1,5715dcc7-1480-11f0-87db-54a95b9ec813,student,3,155,0.43756818771362305,0.0,2798.0,0.4299606382846832,98,1
SLIM*SIG1,5715dcc7-1480-11f0-87db-54a95b9ec813,student,3,156,0.43756818771362305,0.0,2651.0,0.4299606382846832,98,1
SLIM*SIG1,5715dcc7-1480-11f0-87db-54a95b9ec813,student,3,157,0.43756818771362305,0.0,2833.0,0.4299606382846832,98,1
SLIM*SIG1,5715dcc7-1480-11f0-87db-54a95b9ec813,student,3,158,0.43756818771362305,0.015598297119140625,2547.0,0.4299606382846832,98,1
SLIM*SIG1,5715dcc7-1480-11f0-87db-54a95b9ec813,student,3,159,0.43756818771362305,0.0,2235.0,0.4299606382846832,98,1
SLIM*SIG1,5715dcc7-1480-11f0-87db-54a95b9ec813,student,3,160,0.43756818771362305,0.015624046325683594,2326.0,0.4299606382846832,98,1
SLIM*SIG1,5715dcc7-1480-11f0-87db-54a95b9ec813,student,3,161,0.43756818771362305,0.0,2768.0,0.4299606382846832,98,1
SLIM*SIG1,5715dcc7-1480-11f0-87db-54a95b9ec813,student,3,162,0.4375572204589844,0.015509605407714844,3002.0,0.42990076541900635,98,1
SLIM*SIG1,5715dcc7-1480-11f0-87db-54a95b9ec813,student,3,163,0.4373032748699188,0.0,2937.0,0.4299767315387726,111,1
SLIM*SIG1,5715dcc7-1480-11f0-87db-54a95b9ec813,student,3,164,0.4373032748699188,0.0,2573.0,0.4299767315387726,111,1
SLIM*SIG1,5715dcc7-1480-11f0-87db-54a95b9ec813,student,3,165,0.4373032748699188,0.0,2300.0,0.4299767315387726,111,1
SLIM*SIG1,5715dcc7-1480-11f0-87db-54a95b9ec813,student,3,166,0.4373032748699188,0.0,2339.0,0.4299767315387726,111,1
SLIM*SIG1,5715dcc7-1480-11f0-87db-54a95b9ec813,student,3,167,0.4373032748699188,0.021327733993530273,2497.0,0.4299767315387726,111,1
SLIM*SIG1,5715dcc7-1480-11f0-87db-54a95b9ec813,student,3,168,0.4373032748699188,0.0,2534.0,0.4299767315387726,111,1
SLIM*SIG1,5715dcc7-1480-11f0-87db-54a95b9ec813,student,3,169,0.4373032748699188,0.015727758407592773,2560.0,0.4299767315387726,111,1
SLIM*SIG1,5715dcc7-1480-11f0-87db-54a95b9ec813,student,3,170,0.4373032748699188,0.0,2850.0,0.4299767315387726,111,1
SLIM*SIG1,5715dcc7-1480-11f0-87db-54a95b9ec813,student,3,171,0.4373032748699188,0.0,2982.0,0.4299767315387726,111,1
SLIM*SIG1,5715dcc7-1480-11f0-87db-54a95b9ec813,student,3,172,0.4372932016849518,0.015523910522460938,3212.0,0.43003034591674805,124,1
SLIM*SIG1,5715dcc7-1480-11f0-87db-54a95b9ec813,student,3,173,0.43040066957473755,0.0,3457.0,0.41884177923202515,111,1
SLIM*SIG1,5715dcc7-1480-11f0-87db-54a95b9ec813,student,3,174,0.42885681986808777,0.01572871208190918,3899.0,0.4180915951728821,98,1
SLIM*SIG1,5715dcc7-1480-11f0-87db-54a95b9ec813,student,3,175,0.42885681986808777,0.0,3899.0,0.4180915951728821,98,1
SLIM*SIG1,5715dcc7-1480-11f0-87db-54a95b9ec813,student,3,176,0.42885681986808777,0.01607489585876465,4213.0,0.4180915951728821,98,1
SLIM*SIG1,5715dcc7-1480-11f0-87db-54a95b9ec813,student,3,177,0.4269261062145233,0.0,3977.0,0.4170636832714081,85,1
SLIM*SIG1,5715dcc7-1480-11f0-87db-54a95b9ec813,student,3,178,0.4269261062145233,0.015507221221923828,3821.0,0.4170636832714081,85,1
SLIM*SIG1,5715dcc7-1480-11f0-87db-54a95b9ec813,student,3,179,0.4269261062145233,0.0,3288.0,0.4170636832714081,85,1
SLIM*SIG1,5715dcc7-1480-11f0-87db-54a95b9ec813,student,3,180,0.4269261062145233,0.0,2887.0,0.4170636832714081,85,1
SLIM*SIG1,5715dcc7-1480-11f0-87db-54a95b9ec813,student,3,181,0.4269261062145233,0.015652894973754883,2694.0,0.4170636832714081,85,1
SLIM*SIG1,5715dcc7-1480-11f0-87db-54a95b9ec813,student,3,182,0.4269261062145233,0.0,2514.0,0.4170636832714081,85,1
SLIM*SIG1,5715dcc7-1480-11f0-87db-54a95b9ec813,student,3,183,0.4269261062145233,0.015605926513671875,2315.0,0.4170636832714081,85,1
SLIM*SIG1,5715dcc7-1480-11f0-87db-54a95b9ec813,student,3,184,0.4269261062145233,0.0,2209.0,0.4170636832714081,85,1
SLIM*SIG1,5715dcc7-1480-11f0-87db-54a95b9ec813,student,3,185,0.4269261062145233,0.0,2326.0,0.4170636832714081,85,1
SLIM*SIG1,5715dcc7-1480-11f0-87db-54a95b9ec813,student,3,186,0.4269261062145233,0.018789291381835938,2313.0,0.4170636832714081,85,1
SLIM*SIG1,5715dcc7-1480-11f0-87db-54a95b9ec813,student,3,187,0.4269261062145233,0.0029973983764648438,2380.0,0.4170636832714081,85,1
SLIM*SIG1,5715dcc7-1480-11f0-87db-54a95b9ec813,student,3,188,0.4269261062145233,0.0,2434.0,0.4170636832714081,85,1
SLIM*SIG1,5715dcc7-1480-11f0-87db-54a95b9ec813,student,3,189,0.4269261062145233,0.01565694808959961,2235.0,0.4170636832714081,85,1
SLIM*SIG1,5715dcc7-1480-11f0-87db-54a95b9ec813,student,3,190,0.4269261062145233,0.0,2027.0,0.4170636832714081,85,1
SLIM*SIG1,5715dcc7-1480-11f0-87db-54a95b9ec813,student,3,191,0.4269261062145233,0.0,1754.0,0.4170636832714081,85,1
SLIM*SIG1,5715dcc7-1480-11f0-87db-54a95b9ec813,student,3,192,0.4269261062145233,0.016112804412841797,1936.0,0.4170636832714081,85,1
SLIM*SIG1,5715dcc7-1480-11f0-87db-54a95b9ec813,student,3,193,0.4269261062145233,0.0,1975.0,0.4170636832714081,85,1
SLIM*SIG1,5715dcc7-1480-11f0-87db-54a95b9ec813,student,3,194,0.4269261062145233,0.015738248825073242,2014.0,0.4170636832714081,85,1
SLIM*SIG1,5715dcc7-1480-11f0-87db-54a95b9ec813,student,3,195,0.4268350899219513,0.0,2313.0,0.4172685444355011,98,1
SLIM*SIG1,5715dcc7-1480-11f0-87db-54a95b9ec813,student,3,196,0.4268350899219513,0.015524625778198242,2300.0,0.4172685444355011,98,1
SLIM*SIG1,5715dcc7-1480-11f0-87db-54a95b9ec813,student,3,197,0.4268350899219513,0.0,2560.0,0.4172685444355011,98,1
SLIM*SIG1,5715dcc7-1480-11f0-87db-54a95b9ec813,student,3,198,0.4268350899219513,0.015719890594482422,2378.0,0.4172685444355011,98,1
SLIM*SIG1,5715dcc7-1480-11f0-87db-54a95b9ec813,student,3,199,0.4268350899219513,0.0,2612.0,0.4172685444355011,98,1
SLIM*SIG1,5715dcc7-1480-11f0-87db-54a95b9ec813,student,3,200,0.4268350899219513,0.0,2874.0,0.4172685444355011,98,1
SLIM*SIG1,5715dcc7-1480-11f0-87db-54a95b9ec813,student,3,201,0.4268350899219513,0.019190549850463867,2718.0,0.4172685444355011,98,1
SLIM*SIG1,5715dcc7-1480-11f0-87db-54a95b9ec813,student,3,202,0.4268350899219513,0.002467632293701172,2720.0,0.4172685444355011,98,1
SLIM*SIG1,5715dcc7-1480-11f0-87db-54a95b9ec813,student,3,203,0.4268350899219513,0.0,2404.0,0.4172685444355011,98,1
SLIM*SIG1,5715dcc7-1480-11f0-87db-54a95b9ec813,student,3,204,0.4268350899219513,0.015731334686279297,1975.0,0.4172685444355011,98,1
SLIM*SIG1,5715dcc7-1480-11f0-87db-54a95b9ec813,student,3,205,0.4268350899219513,0.0,1793.0,0.4172685444355011,98,1
SLIM*SIG1,5715dcc7-1480-11f0-87db-54a95b9ec813,student,3,206,0.4268350899219513,0.014608144760131836,1611.0,0.4172685444355011,98,1
SLIM*SIG1,5715dcc7-1480-11f0-87db-54a95b9ec813,student,3,207,0.4268350899219513,0.0,1585.0,0.4172685444355011,98,1
SLIM*SIG1,5715dcc7-1480-11f0-87db-54a95b9ec813,student,3,208,0.4268350899219513,0.0,1897.0,0.4172685444355011,98,1
SLIM*SIG1,5715dcc7-1480-11f0-87db-54a95b9ec813,student,3,209,0.4268350899219513,0.015738248825073242,2432.0,0.4172685444355011,98,1
SLIM*SIG1,5715dcc7-1480-11f0-87db-54a95b9ec813,student,3,210,0.4268350899219513,0.0,2765.0,0.4172685444355011,98,1
SLIM*SIG1,5715dcc7-1480-11f0-87db-54a95b9ec813,student,3,211,0.4268350899219513,0.01566481590270996,3042.0,0.4172685444355011,98,1
SLIM*SIG1,5715dcc7-1480-11f0-87db-54a95b9ec813,student,3,212,0.4267922639846802,0.0,2933.0,0.4174972474575043,98,1
SLIM*SIG1,5715dcc7-1480-11f0-87db-54a95b9ec813,student,3,213,0.4267922639846802,0.015586376190185547,2755.0,0.4174972474575043,98,1
SLIM*SIG1,5715dcc7-1480-11f0-87db-54a95b9ec813,student,3,214,0.4267922639846802,0.0,2643.0,0.4174972474575043,98,1
SLIM*SIG1,5715dcc7-1480-11f0-87db-54a95b9ec813,student,3,215,0.4267922639846802,0.0,2581.0,0.4174972474575043,98,1
SLIM*SIG1,5715dcc7-1480-11f0-87db-54a95b9ec813,student,3,216,0.4244675040245056,0.01842498779296875,2549.0,0.4136549234390259,85,1
SLIM*SIG1,5715dcc7-1480-11f0-87db-54a95b9ec813,student,3,217,0.4244675040245056,0.0022509098052978516,2547.0,0.4136549234390259,85,1
SLIM*SIG1,5715dcc7-1480-11f0-87db-54a95b9ec813,student,3,218,0.4244675040245056,0.0,2235.0,0.4136549234390259,85,1
SLIM*SIG1,5715dcc7-1480-11f0-87db-54a95b9ec813,student,3,219,0.4244675040245056,0.015775203704833984,2417.0,0.4136549234390259,85,1
SLIM*SIG1,5715dcc7-1480-11f0-87db-54a95b9ec813,student,3,220,0.4213247299194336,0.0,2781.0,0.4105009436607361,85,1
SLIM*SIG1,5715dcc7-1480-11f0-87db-54a95b9ec813,student,3,221,0.41932377219200134,0.016012191772460938,2924.0,0.4083612263202667,98,1
SLIM*SIG1,5715dcc7-1480-11f0-87db-54a95b9ec813,student,3,222,0.41932377219200134,0.0,2898.0,0.4083612263202667,98,1
SLIM*SIG1,5715dcc7-1480-11f0-87db-54a95b9ec813,student,3,223,0.4171741008758545,0.0,2861.0,0.4058312773704529,111,1
SLIM*SIG1,5715dcc7-1480-11f0-87db-54a95b9ec813,student,3,224,0.4171741008758545,0.01563262939453125,3080.0,0.4058312773704529,111,1
SLIM*SIG1,5715dcc7-1480-11f0-87db-54a95b9ec813,student,3,225,0.4171741008758545,0.0,2807.0,0.4058312773704529,111,1
SLIM*SIG1,5715dcc7-1480-11f0-87db-54a95b9ec813,student,3,226,0.4171741008758545,0.01566791534423828,2313.0,0.4058312773704529,111,1
SLIM*SIG1,5715dcc7-1480-11f0-87db-54a95b9ec813,student,3,227,0.4171741008758545,0.0,2651.0,0.4058312773704529,111,1
SLIM*SIG1,5715dcc7-1480-11f0-87db-54a95b9ec813,student,3,228,0.4171741008758545,0.015582561492919922,2989.0,0.4058312773704529,111,1
SLIM*SIG1,5715dcc7-1480-11f0-87db-54a95b9ec813,student,3,229,0.4171741008758545,0.0,2963.0,0.4058312773704529,111,1
SLIM*SIG1,5715dcc7-1480-11f0-87db-54a95b9ec813,student,3,230,0.4171741008758545,0.0,3249.0,0.4058312773704529,111,1
SLIM*SIG1,5715dcc7-1480-11f0-87db-54a95b9ec813,student,3,231,0.4171741008758545,0.019627809524536133,3249.0,0.4058312773704529,111,1
SLIM*SIG1,5715dcc7-1480-11f0-87db-54a95b9ec813,student,3,232,0.4171741008758545,0.0008399486541748047,3106.0,0.4058312773704529,111,1
SLIM*SIG1,5715dcc7-1480-11f0-87db-54a95b9ec813,student,3,233,0.4171741008758545,0.0,2941.0,0.4058312773704529,111,1
SLIM*SIG1,5715dcc7-1480-11f0-87db-54a95b9ec813,student,3,234,0.4171741008758545,0.015748977661132812,3184.0,0.4058312773704529,111,1
SLIM*SIG1,5715dcc7-1480-11f0-87db-54a95b9ec813,student,3,235,0.41677626967430115,0.0,3444.0,0.40520018339157104,111,1
SLIM*SIG1,5715dcc7-1480-11f0-87db-54a95b9ec813,student,3,236,0.41677626967430115,0.015115499496459961,3613.0,0.40520018339157104,111,1
SLIM*SIG1,5715dcc7-1480-11f0-87db-54a95b9ec813,student,3,237,0.41656455397605896,0.0,3873.0,0.40510109066963196,111,1
SLIM*SIG1,5715dcc7-1480-11f0-87db-54a95b9ec813,student,3,238,0.41656455397605896,0.013006925582885742,4055.0,0.40510109066963196,111,1
SLIM*SIG1,5715dcc7-1480-11f0-87db-54a95b9ec813,student,3,239,0.41640979051589966,0.0,4172.0,0.4053899049758911,124,1
SLIM*SIG1,5715dcc7-1480-11f0-87db-54a95b9ec813,student,3,240,0.41640979051589966,0.01573324203491211,4120.0,0.4053899049758911,124,1
SLIM*SIG1,5715dcc7-1480-11f0-87db-54a95b9ec813,student,3,241,0.41640979051589966,0.0,4250.0,0.4053899049758911,124,1
SLIM*SIG1,5715dcc7-1480-11f0-87db-54a95b9ec813,student,3,242,0.41640979051589966,0.0,4250.0,0.4053899049758911,124,1
SLIM*SIG1,5715dcc7-1480-11f0-87db-54a95b9ec813,student,3,243,0.41640979051589966,0.015635013580322266,3730.0,0.4053899049758911,124,1
SLIM*SIG1,5715dcc7-1480-11f0-87db-54a95b9ec813,student,3,244,0.41640979051589966,0.0,3730.0,0.4053899049758911,124,1
SLIM*SIG1,5715dcc7-1480-11f0-87db-54a95b9ec813,student,3,245,0.416264146566391,0.015516519546508789,3873.0,0.40588515996932983,124,1
SLIM*SIG1,5715dcc7-1480-11f0-87db-54a95b9ec813,student,3,246,0.416264146566391,0.009276866912841797,4018.0,0.40588515996932983,124,1
SLIM*SIG1,5715dcc7-1480-11f0-87db-54a95b9ec813,student,3,247,0.416264146566391,0.0,4016.0,0.40588515996932983,124,1
SLIM*SIG1,5715dcc7-1480-11f0-87db-54a95b9ec813,student,3,248,0.4159470200538635,0.0,3925.0,0.40493714809417725,137,1
SLIM*SIG1,5715dcc7-1480-11f0-87db-54a95b9ec813,student,3,249,0.4159470200538635,0.015730619430541992,3743.0,0.40493714809417725,137,1
SLIM*SIG1,5715dcc7-1480-11f0-87db-54a95b9ec813,student,3,250,0.4159470200538635,0.0,3821.0,0.40493714809417725,137,1
SLIM*SIG1,5715dcc7-1480-11f0-87db-54a95b9ec813,student,3,251,0.41499361395835876,0.01561427116394043,3873.0,0.40421512722969055,124,1
SLIM*SIG1,5715dcc7-1480-11f0-87db-54a95b9ec813,student,3,252,0.41499361395835876,0.0,4055.0,0.40421512722969055,124,1
SLIM*SIG1,5715dcc7-1480-11f0-87db-54a95b9ec813,student,3,253,0.41499361395835876,0.0,4187.0,0.40421512722969055,124,1
SLIM*SIG1,5715dcc7-1480-11f0-87db-54a95b9ec813,student,3,254,0.41499361395835876,0.0,4133.0,0.40421512722969055,124,1
SLIM*SIG1,5715dcc7-1480-11f0-87db-54a95b9ec813,student,3,255,0.41499361395835876,0.0,4562.0,0.40421512722969055,124,1
SLIM*SIG1,5715dcc7-1480-11f0-87db-54a95b9ec813,student,3,256,0.41499361395835876,0.015567779541015625,4863.0,0.40421512722969055,124,1
SLIM*SIG1,5715dcc7-1480-11f0-87db-54a95b9ec813,student,3,257,0.41499361395835876,0.0,4954.0,0.40421512722969055,124,1
SLIM*SIG1,5715dcc7-1480-11f0-87db-54a95b9ec813,student,3,258,0.41499361395835876,0.01568889617919922,5047.0,0.40421512722969055,124,1
SLIM*SIG1,5715dcc7-1480-11f0-87db-54a95b9ec813,student,3,259,0.41499361395835876,0.0,5175.0,0.40421512722969055,124,1
SLIM*SIG1,5715dcc7-1480-11f0-87db-54a95b9ec813,student,3,260,0.41499361395835876,0.019589900970458984,4835.0,0.40421512722969055,124,1
SLIM*SIG1,5715dcc7-1480-11f0-87db-54a95b9ec813,student,3,261,0.41499361395835876,0.0015456676483154297,4421.0,0.40421512722969055,124,1
SLIM*SIG1,5715dcc7-1480-11f0-87db-54a95b9ec813,student,3,262,0.41499361395835876,0.0,4453.0,0.40421512722969055,124,1
SLIM*SIG1,5715dcc7-1480-11f0-87db-54a95b9ec813,student,3,263,0.41499361395835876,0.015507221221923828,3950.0,0.40421512722969055,124,1
SLIM*SIG1,5715dcc7-1480-11f0-87db-54a95b9ec813,student,3,264,0.41499361395835876,0.0,4117.0,0.40421512722969055,124,1
SLIM*SIG1,5715dcc7-1480-11f0-87db-54a95b9ec813,student,3,265,0.41499361395835876,0.01560664176940918,4093.0,0.40421512722969055,124,1
SLIM*SIG1,5715dcc7-1480-11f0-87db-54a95b9ec813,student,3,266,0.41499361395835876,0.0,4311.0,0.40421512722969055,124,1
SLIM*SIG1,5715dcc7-1480-11f0-87db-54a95b9ec813,student,3,267,0.41499361395835876,0.015735149383544922,4144.0,0.40421512722969055,124,1
SLIM*SIG1,5715dcc7-1480-11f0-87db-54a95b9ec813,student,3,268,0.41499361395835876,0.0,4296.0,0.40421512722969055,124,1
SLIM*SIG1,5715dcc7-1480-11f0-87db-54a95b9ec813,student,3,269,0.41499361395835876,0.015542984008789062,4293.0,0.40421512722969055,124,1
SLIM*SIG1,5715dcc7-1480-11f0-87db-54a95b9ec813,student,3,270,0.41499361395835876,0.0,4217.0,0.40421512722969055,124,1
SLIM*SIG1,5715dcc7-1480-11f0-87db-54a95b9ec813,student,3,271,0.41499361395835876,0.015607118606567383,4014.0,0.40421512722969055,124,1
SLIM*SIG1,5715dcc7-1480-11f0-87db-54a95b9ec813,student,3,272,0.41499361395835876,0.0,4156.0,0.40421512722969055,124,1
SLIM*SIG1,5715dcc7-1480-11f0-87db-54a95b9ec813,student,3,273,0.41499361395835876,0.0,4167.0,0.40421512722969055,124,1
SLIM*SIG1,5715dcc7-1480-11f0-87db-54a95b9ec813,student,3,274,0.41499361395835876,0.01572108268737793,4102.0,0.40421512722969055,124,1
SLIM*SIG1,5715dcc7-1480-11f0-87db-54a95b9ec813,student,3,275,0.41499361395835876,0.0,3846.0,0.40421512722969055,124,1
SLIM*SIG1,5715dcc7-1480-11f0-87db-54a95b9ec813,student,3,276,0.41499361395835876,0.015635251998901367,3753.0,0.40421512722969055,124,1
SLIM*SIG1,5715dcc7-1480-11f0-87db-54a95b9ec813,student,3,277,0.41499361395835876,0.0,3784.0,0.40421512722969055,124,1
SLIM*SIG1,5715dcc7-1480-11f0-87db-54a95b9ec813,student,3,278,0.41499361395835876,0.0,4009.0,0.40421512722969055,124,1
SLIM*SIG1,5715dcc7-1480-11f0-87db-54a95b9ec813,student,3,279,0.41499361395835876,0.0221707820892334,4089.0,0.40421512722969055,124,1
SLIM*SIG1,5715dcc7-1480-11f0-87db-54a95b9ec813,student,3,280,0.41499361395835876,0.0,3721.0,0.40421512722969055,124,1
SLIM*SIG1,5715dcc7-1480-11f0-87db-54a95b9ec813,student,3,281,0.41499361395835876,0.0,3565.0,0.40421512722969055,124,1
SLIM*SIG1,5715dcc7-1480-11f0-87db-54a95b9ec813,student,3,282,0.41499361395835876,0.015603303909301758,3678.0,0.40421512722969055,124,1
SLIM*SIG1,5715dcc7-1480-11f0-87db-54a95b9ec813,student,3,283,0.41499361395835876,0.0,3860.0,0.40421512722969055,124,1
SLIM*SIG1,5715dcc7-1480-11f0-87db-54a95b9ec813,student,3,284,0.414725661277771,0.015738725662231445,3990.0,0.4040583074092865,137,1
SLIM*SIG1,5715dcc7-1480-11f0-87db-54a95b9ec813,student,3,285,0.414725661277771,0.0,4003.0,0.4040583074092865,137,1
SLIM*SIG1,5715dcc7-1480-11f0-87db-54a95b9ec813,student,3,286,0.41243043541908264,0.015624523162841797,4549.0,0.4037949740886688,150,1
SLIM*SIG1,5715dcc7-1480-11f0-87db-54a95b9ec813,student,3,287,0.41243043541908264,0.0,4692.0,0.4037949740886688,150,1
SLIM*SIG1,5715dcc7-1480-11f0-87db-54a95b9ec813,student,3,288,0.41243043541908264,0.015519142150878906,4941.0,0.4037949740886688,150,1
SLIM*SIG1,5715dcc7-1480-11f0-87db-54a95b9ec813,student,3,289,0.4098009169101715,0.0,4720.0,0.40170058608055115,150,1
SLIM*SIG1,5715dcc7-1480-11f0-87db-54a95b9ec813,student,3,290,0.4098009169101715,0.0,4330.0,0.40170058608055115,150,1
SLIM*SIG1,5715dcc7-1480-11f0-87db-54a95b9ec813,student,3,291,0.4094894528388977,0.015626907348632812,4757.0,0.4012572467327118,163,1
SLIM*SIG1,5715dcc7-1480-11f0-87db-54a95b9ec813,student,3,292,0.4094894528388977,0.0,4822.0,0.4012572467327118,163,1
SLIM*SIG1,5715dcc7-1480-11f0-87db-54a95b9ec813,student,3,293,0.4094894528388977,0.020442485809326172,4965.0,0.4012572467327118,163,1
SLIM*SIG1,5715dcc7-1480-11f0-87db-54a95b9ec813,student,3,294,0.4094894528388977,0.0009827613830566406,5368.0,0.4012572467327118,163,1
SLIM*SIG1,5715dcc7-1480-11f0-87db-54a95b9ec813,student,3,295,0.4094894528388977,0.0,5656.0,0.4012572467327118,163,1
SLIM*SIG1,5715dcc7-1480-11f0-87db-54a95b9ec813,student,3,296,0.4094894528388977,0.015735387802124023,5771.0,0.4012572467327118,163,1
SLIM*SIG1,5715dcc7-1480-11f0-87db-54a95b9ec813,student,3,297,0.4094894528388977,0.0,5810.0,0.4012572467327118,163,1
SLIM*SIG1,5715dcc7-1480-11f0-87db-54a95b9ec813,student,3,298,0.4094894528388977,0.01562190055847168,5862.0,0.4012572467327118,163,1
SLIM*SIG1,5715dcc7-1480-11f0-87db-54a95b9ec813,student,3,299,0.4094894528388977,0.0,5875.0,0.4012572467327118,163,1
SLIM*SIG1,5715dcc7-1480-11f0-87db-54a95b9ec813,student,3,300,0.4094894528388977,0.015619754791259766,5719.0,0.4012572467327118,163,1
SLIM*SIG1,5715dcc7-1480-11f0-87db-54a95b9ec813,student,3,301,0.4094894528388977,0.0,5472.0,0.4012572467327118,163,1
SLIM*SIG1,5715dcc7-1480-11f0-87db-54a95b9ec813,student,3,302,0.4094894528388977,0.015527725219726562,5251.0,0.4012572467327118,163,1
SLIM*SIG1,5715dcc7-1480-11f0-87db-54a95b9ec813,student,3,303,0.4092741012573242,0.0,5498.0,0.4009588360786438,176,1
SLIM*SIG1,5715dcc7-1480-11f0-87db-54a95b9ec813,student,3,304,0.4092741012573242,0.01571941375732422,5680.0,0.4009588360786438,176,1
SLIM*SIG1,5715dcc7-1480-11f0-87db-54a95b9ec813,student,3,305,0.4087556302547455,0.019118785858154297,5992.0,0.4005337655544281,163,1
SLIM*SIG1,5715dcc7-1480-11f0-87db-54a95b9ec813,student,3,306,0.4087556302547455,0.00109100341796875,5914.0,0.4005337655544281,163,1
SLIM*SIG1,5715dcc7-1480-11f0-87db-54a95b9ec813,student,3,307,0.4087556302547455,0.016167163848876953,6031.0,0.4005337655544281,163,1
SLIM*SIG1,5715dcc7-1480-11f0-87db-54a95b9ec813,student,3,308,0.4087556302547455,0.00925302505493164,6033.0,0.4005337655544281,163,1
SLIM*SIG1,5715dcc7-1480-11f0-87db-54a95b9ec813,student,3,309,0.4087556302547455,0.00960683822631836,6388.0,0.4005337655544281,163,1
SLIM*SIG1,5715dcc7-1480-11f0-87db-54a95b9ec813,student,3,310,0.4087556302547455,0.008529424667358398,6366.0,0.4005337655544281,163,1
SLIM*SIG1,5715dcc7-1480-11f0-87db-54a95b9ec813,student,3,311,0.4087556302547455,0.008870840072631836,6167.0,0.4005337655544281,163,1
SLIM*SIG1,5715dcc7-1480-11f0-87db-54a95b9ec813,student,3,312,0.4087556302547455,0.008920669555664062,5658.0,0.4005337655544281,163,1
SLIM*SIG1,5715dcc7-1480-11f0-87db-54a95b9ec813,student,3,313,0.4087556302547455,0.008508443832397461,5372.0,0.4005337655544281,163,1
SLIM*SIG1,5715dcc7-1480-11f0-87db-54a95b9ec813,student,3,314,0.4087556302547455,0.008337736129760742,5331.0,0.4005337655544281,163,1
SLIM*SIG1,5715dcc7-1480-11f0-87db-54a95b9ec813,student,3,315,0.4087556302547455,0.008085966110229492,5305.0,0.4005337655544281,163,1
SLIM*SIG1,5715dcc7-1480-11f0-87db-54a95b9ec813,student,3,316,0.4087556302547455,0.008698463439941406,5177.0,0.4005337655544281,163,1
SLIM*SIG1,5715dcc7-1480-11f0-87db-54a95b9ec813,student,3,317,0.4087556302547455,0.008978843688964844,5051.0,0.4005337655544281,163,1
SLIM*SIG1,5715dcc7-1480-11f0-87db-54a95b9ec813,student,3,318,0.4087556302547455,0.006711006164550781,5584.0,0.4005337655544281,163,1
SLIM*SIG1,5715dcc7-1480-11f0-87db-54a95b9ec813,student,3,319,0.4087556302547455,0.0,5608.0,0.4005337655544281,163,1
SLIM*SIG1,5715dcc7-1480-11f0-87db-54a95b9ec813,student,3,320,0.4086710512638092,0.015216827392578125,5686.0,0.4004480540752411,176,1
SLIM*SIG1,5715dcc7-1480-11f0-87db-54a95b9ec813,student,3,321,0.4086710512638092,0.014542102813720703,5872.0,0.4004480540752411,176,1
SLIM*SIG1,5715dcc7-1480-11f0-87db-54a95b9ec813,student,3,322,0.4086710512638092,0.0,5632.0,0.4004480540752411,176,1
SLIM*SIG1,5715dcc7-1480-11f0-87db-54a95b9ec813,student,3,323,0.4086710512638092,0.014379739761352539,5227.0,0.4004480540752411,176,1
SLIM*SIG1,5715dcc7-1480-11f0-87db-54a95b9ec813,student,3,324,0.4086710512638092,0.015664100646972656,4783.0,0.4004480540752411,176,1
SLIM*SIG1,5715dcc7-1480-11f0-87db-54a95b9ec813,student,3,325,0.4086710512638092,0.0,4926.0,0.4004480540752411,176,1
SLIM*SIG1,5715dcc7-1480-11f0-87db-54a95b9ec813,student,3,326,0.4086710512638092,0.015697717666625977,5368.0,0.4004480540752411,176,1
SLIM*SIG1,5715dcc7-1480-11f0-87db-54a95b9ec813,student,3,327,0.4086710512638092,0.0031104087829589844,5825.0,0.4004480540752411,176,1
SLIM*SIG1,5715dcc7-1480-11f0-87db-54a95b9ec813,student,3,328,0.4086710512638092,0.0,6304.0,0.4004480540752411,176,1
SLIM*SIG1,5715dcc7-1480-11f0-87db-54a95b9ec813,student,3,329,0.4086710512638092,0.0,6590.0,0.4004480540752411,176,1
SLIM*SIG1,5715dcc7-1480-11f0-87db-54a95b9ec813,student,3,330,0.4086710512638092,0.015524625778198242,7032.0,0.4004480540752411,176,1
SLIM*SIG1,5715dcc7-1480-11f0-87db-54a95b9ec813,student,3,331,0.40789785981178284,0.005118846893310547,7125.0,0.40014341473579407,163,1
SLIM*SIG1,5715dcc7-1480-11f0-87db-54a95b9ec813,student,3,332,0.40760064125061035,0.0,6735.0,0.39995813369750977,150,1
SLIM*SIG1,5715dcc7-1480-11f0-87db-54a95b9ec813,student,3,333,0.40760064125061035,0.011005401611328125,6696.0,0.39995813369750977,150,1
SLIM*SIG1,5715dcc7-1480-11f0-87db-54a95b9ec813,student,3,334,0.40760064125061035,0.0,6434.0,0.39995813369750977,150,1
SLIM*SIG1,5715dcc7-1480-11f0-87db-54a95b9ec813,student,3,335,0.40760064125061035,0.015631437301635742,6397.0,0.39995813369750977,150,1
SLIM*SIG1,5715dcc7-1480-11f0-87db-54a95b9ec813,student,3,336,0.40760064125061035,0.0,6213.0,0.39995813369750977,150,1
SLIM*SIG1,5715dcc7-1480-11f0-87db-54a95b9ec813,student,3,337,0.40760064125061035,0.01573348045349121,5940.0,0.39995813369750977,150,1
SLIM*SIG1,5715dcc7-1480-11f0-87db-54a95b9ec813,student,3,338,0.40760064125061035,0.0,5732.0,0.39995813369750977,150,1
SLIM*SIG1,5715dcc7-1480-11f0-87db-54a95b9ec813,student,3,339,0.40760064125061035,0.021325349807739258,5342.0,0.39995813369750977,150,1
SLIM*SIG1,5715dcc7-1480-11f0-87db-54a95b9ec813,student,3,340,0.40760064125061035,0.012230634689331055,5173.0,0.39995813369750977,150,1
SLIM*SIG1,5715dcc7-1480-11f0-87db-54a95b9ec813,student,3,341,0.40760064125061035,0.0070765018463134766,5173.0,0.39995813369750977,150,1
SLIM*SIG1,5715dcc7-1480-11f0-87db-54a95b9ec813,student,3,342,0.40760064125061035,0.008277416229248047,5225.0,0.39995813369750977,150,1
SLIM*SIG1,5715dcc7-1480-11f0-87db-54a95b9ec813,student,3,343,0.40760064125061035,0.007003307342529297,5043.0,0.39995813369750977,150,1
SLIM*SIG1,5715dcc7-1480-11f0-87db-54a95b9ec813,student,3,344,0.40760064125061035,0.007691860198974609,4809.0,0.39995813369750977,150,1
SLIM*SIG1,5715dcc7-1480-11f0-87db-54a95b9ec813,student,3,345,0.40760064125061035,0.008025646209716797,4926.0,0.39995813369750977,150,1
SLIM*SIG1,5715dcc7-1480-11f0-87db-54a95b9ec813,student,3,346,0.40760064125061035,0.009966135025024414,5004.0,0.39995813369750977,150,1
SLIM*SIG1,5715dcc7-1480-11f0-87db-54a95b9ec813,student,3,347,0.40760064125061035,0.007747173309326172,4744.0,0.39995813369750977,150,1
SLIM*SIG1,5715dcc7-1480-11f0-87db-54a95b9ec813,student,3,348,0.40760064125061035,0.007372856140136719,4744.0,0.39995813369750977,150,1
SLIM*SIG1,5715dcc7-1480-11f0-87db-54a95b9ec813,student,3,349,0.40760064125061035,0.00783681869506836,5082.0,0.39995813369750977,150,1
SLIM*SIG1,5715dcc7-1480-11f0-87db-54a95b9ec813,student,3,350,0.40760064125061035,0.00951695442199707,4926.0,0.39995813369750977,150,1
SLIM*SIG1,5715dcc7-1480-11f0-87db-54a95b9ec813,student,3,351,0.40760064125061035,0.008431673049926758,4720.0,0.39995813369750977,150,1
SLIM*SIG1,5715dcc7-1480-11f0-87db-54a95b9ec813,student,3,352,0.40760064125061035,0.0021889209747314453,4536.0,0.39995813369750977,150,1
SLIM*SIG1,5715dcc7-1480-11f0-87db-54a95b9ec813,student,3,353,0.40760064125061035,0.013019084930419922,4523.0,0.39995813369750977,150,1
SLIM*SIG1,5715dcc7-1480-11f0-87db-54a95b9ec813,student,3,354,0.40760064125061035,0.010065078735351562,4393.0,0.39995813369750977,150,1
SLIM*SIG1,5715dcc7-1480-11f0-87db-54a95b9ec813,student,3,355,0.40760064125061035,0.0,4250.0,0.39995813369750977,150,1
SLIM*SIG1,5715dcc7-1480-11f0-87db-54a95b9ec813,student,3,356,0.40760064125061035,0.015699148178100586,4187.0,0.39995813369750977,150,1
SLIM*SIG1,5715dcc7-1480-11f0-87db-54a95b9ec813,student,3,357,0.40760064125061035,0.0,4124.0,0.39995813369750977,150,1
SLIM*SIG1,5715dcc7-1480-11f0-87db-54a95b9ec813,student,3,358,0.40760064125061035,0.015627384185791016,4304.0,0.39995813369750977,150,1
SLIM*SIG1,5715dcc7-1480-11f0-87db-54a95b9ec813,student,3,359,0.40760064125061035,0.0,4276.0,0.39995813369750977,150,1
SLIM*SIG1,5715dcc7-1480-11f0-87db-54a95b9ec813,student,3,360,0.40760064125061035,0.0,4367.0,0.39995813369750977,150,1
SLIM*SIG1,5715dcc7-1480-11f0-87db-54a95b9ec813,student,3,361,0.40760064125061035,0.015598297119140625,4484.0,0.39995813369750977,150,1
SLIM*SIG1,5715dcc7-1480-11f0-87db-54a95b9ec813,student,3,362,0.40760064125061035,0.0,4551.0,0.39995813369750977,150,1
SLIM*SIG1,5715dcc7-1480-11f0-87db-54a95b9ec813,student,3,363,0.40760064125061035,0.018693208694458008,4800.0,0.39995813369750977,150,1
SLIM*SIG1,5715dcc7-1480-11f0-87db-54a95b9ec813,student,3,364,0.40760064125061035,0.0,4878.0,0.39995813369750977,150,1
SLIM*SIG1,5715dcc7-1480-11f0-87db-54a95b9ec813,student,3,365,0.40760064125061035,0.013110637664794922,5025.0,0.39995813369750977,150,1
SLIM*SIG1,5715dcc7-1480-11f0-87db-54a95b9ec813,student,3,366,0.40760064125061035,0.0,4969.0,0.39995813369750977,150,1
SLIM*SIG1,5715dcc7-1480-11f0-87db-54a95b9ec813,student,3,367,0.40760064125061035,0.018685579299926758,5056.0,0.39995813369750977,150,1
SLIM*SIG1,5715dcc7-1480-11f0-87db-54a95b9ec813,student,3,368,0.40760064125061035,0.0017821788787841797,5071.0,0.39995813369750977,150,1
SLIM*SIG1,5715dcc7-1480-11f0-87db-54a95b9ec813,student,3,369,0.40760064125061035,0.0,5452.0,0.39995813369750977,150,1
SLIM*SIG1,5715dcc7-1480-11f0-87db-54a95b9ec813,student,3,370,0.40760064125061035,0.015675067901611328,5214.0,0.39995813369750977,150,1
SLIM*SIG1,5715dcc7-1480-11f0-87db-54a95b9ec813,student,3,371,0.40760064125061035,0.0,4861.0,0.39995813369750977,150,1
SLIM*SIG1,5715dcc7-1480-11f0-87db-54a95b9ec813,student,3,372,0.40760064125061035,0.015576601028442383,5043.0,0.39995813369750977,150,1
SLIM*SIG1,5715dcc7-1480-11f0-87db-54a95b9ec813,student,3,373,0.40760064125061035,0.0,4445.0,0.39995813369750977,150,1
SLIM*SIG1,5715dcc7-1480-11f0-87db-54a95b9ec813,student,3,374,0.40760064125061035,0.015624284744262695,4057.0,0.39995813369750977,150,1
SLIM*SIG1,5715dcc7-1480-11f0-87db-54a95b9ec813,student,3,375,0.40760064125061035,0.0,4291.0,0.39995813369750977,150,1
SLIM*SIG1,5715dcc7-1480-11f0-87db-54a95b9ec813,student,3,376,0.40760064125061035,0.018734216690063477,4241.0,0.39995813369750977,150,1
SLIM*SIG1,5715dcc7-1480-11f0-87db-54a95b9ec813,student,3,377,0.40760064125061035,0.0,4627.0,0.39995813369750977,150,1
SLIM*SIG1,5715dcc7-1480-11f0-87db-54a95b9ec813,student,3,378,0.40760064125061035,0.01310276985168457,4874.0,0.39995813369750977,150,1
SLIM*SIG1,5715dcc7-1480-11f0-87db-54a95b9ec813,student,3,379,0.40760064125061035,0.0,4919.0,0.39995813369750977,150,1
SLIM*SIG1,5715dcc7-1480-11f0-87db-54a95b9ec813,student,3,380,0.40760064125061035,0.02074146270751953,4949.0,0.39995813369750977,150,1
SLIM*SIG1,5715dcc7-1480-11f0-87db-54a95b9ec813,student,3,381,0.40760064125061035,0.0,5096.0,0.39995813369750977,150,1
SLIM*SIG1,5715dcc7-1480-11f0-87db-54a95b9ec813,student,3,382,0.40760064125061035,0.0,5266.0,0.39995813369750977,150,1
SLIM*SIG1,5715dcc7-1480-11f0-87db-54a95b9ec813,student,3,383,0.40760064125061035,0.0,5190.0,0.39995813369750977,150,1
SLIM*SIG1,5715dcc7-1480-11f0-87db-54a95b9ec813,student,3,384,0.40638458728790283,0.0,4958.0,0.39920690655708313,137,1
SLIM*SIG1,5715dcc7-1480-11f0-87db-54a95b9ec813,student,3,385,0.40638458728790283,0.015619039535522461,4865.0,0.39920690655708313,137,1
SLIM*SIG1,5715dcc7-1480-11f0-87db-54a95b9ec813,student,3,386,0.40638458728790283,0.0,4939.0,0.39920690655708313,137,1
SLIM*SIG1,5715dcc7-1480-11f0-87db-54a95b9ec813,student,3,387,0.40638458728790283,0.015527009963989258,5212.0,0.39920690655708313,137,1
SLIM*SIG1,5715dcc7-1480-11f0-87db-54a95b9ec813,student,3,388,0.40638458728790283,0.0,5277.0,0.39920690655708313,137,1
SLIM*SIG1,5715dcc7-1480-11f0-87db-54a95b9ec813,student,3,389,0.40638458728790283,0.015624284744262695,5108.0,0.39920690655708313,137,1
SLIM*SIG1,5715dcc7-1480-11f0-87db-54a95b9ec813,student,3,390,0.40638458728790283,0.004006862640380859,5095.0,0.39920690655708313,137,1
SLIM*SIG1,5715dcc7-1480-11f0-87db-54a95b9ec813,student,3,391,0.40638458728790283,0.012109994888305664,5355.0,0.39920690655708313,137,1
SLIM*SIG1,5715dcc7-1480-11f0-87db-54a95b9ec813,student,3,392,0.40638458728790283,0.0,5264.0,0.39920690655708313,137,1
SLIM*SIG1,5715dcc7-1480-11f0-87db-54a95b9ec813,student,3,393,0.40638458728790283,0.015967845916748047,4900.0,0.39920690655708313,137,1
SLIM*SIG1,5715dcc7-1480-11f0-87db-54a95b9ec813,student,3,394,0.4059724509716034,0.0047833919525146484,4770.0,0.3988720178604126,150,1
SLIM*SIG1,5715dcc7-1480-11f0-87db-54a95b9ec813,student,3,395,0.4059724509716034,0.0,4796.0,0.3988720178604126,150,1
SLIM*SIG1,5715dcc7-1480-11f0-87db-54a95b9ec813,student,3,396,0.4059724509716034,0.015727996826171875,4718.0,0.3988720178604126,150,1
SLIM*SIG1,5715dcc7-1480-11f0-87db-54a95b9ec813,student,3,397,0.4059724509716034,0.0,4536.0,0.3988720178604126,150,1
SLIM*SIG1,5715dcc7-1480-11f0-87db-54a95b9ec813,student,3,398,0.4059724509716034,0.0,4510.0,0.3988720178604126,150,1
SLIM*SIG1,5715dcc7-1480-11f0-87db-54a95b9ec813,student,3,399,0.4059724509716034,0.01552438735961914,4692.0,0.3988720178604126,150,1
SLIM*SIG1,5715dcc7-1480-11f0-87db-54a95b9ec813,student,3,400,0.4059724509716034,0.0,5123.0,0.3988720178604126,150,1
SLIM*SIG1,5715dcc7-1480-11f0-87db-54a95b9ec813,student,3,401,0.4059724509716034,0.015720844268798828,5032.0,0.3988720178604126,150,1
SLIM*SIG1,5715dcc7-1480-11f0-87db-54a95b9ec813,student,3,402,0.4059724509716034,0.0,4783.0,0.3988720178604126,150,1
SLIM*SIG1,5715dcc7-1480-11f0-87db-54a95b9ec813,student,3,403,0.4059724509716034,0.01552891731262207,4536.0,0.3988720178604126,150,1
SLIM*SIG1,5715dcc7-1480-11f0-87db-54a95b9ec813,student,3,404,0.4059724509716034,0.005009174346923828,4497.0,0.3988720178604126,150,1
SLIM*SIG1,5715dcc7-1480-11f0-87db-54a95b9ec813,student,3,405,0.4059724509716034,0.011007547378540039,4731.0,0.3988720178604126,150,1
SLIM*SIG1,5715dcc7-1480-11f0-87db-54a95b9ec813,student,3,406,0.4059724509716034,0.0,5071.0,0.3988720178604126,150,1
SLIM*SIG1,5715dcc7-1480-11f0-87db-54a95b9ec813,student,3,407,0.4059724509716034,0.0,4926.0,0.3988720178604126,150,1
SLIM*SIG1,5715dcc7-1480-11f0-87db-54a95b9ec813,student,3,408,0.4041610658168793,0.02169489860534668,4653.0,0.3941207528114319,111,1
SLIM*SIG1,5715dcc7-1480-11f0-87db-54a95b9ec813,student,3,409,0.4041610658168793,0.0,4588.0,0.3941207528114319,111,1
SLIM*SIG1,5715dcc7-1480-11f0-87db-54a95b9ec813,student,3,410,0.4035927355289459,0.0,4419.0,0.3947795629501343,98,1
SLIM*SIG1,5715dcc7-1480-11f0-87db-54a95b9ec813,student,3,411,0.40344512462615967,0.01568460464477539,4083.0,0.39702314138412476,124,1
SLIM*SIG1,5715dcc7-1480-11f0-87db-54a95b9ec813,student,3,412,0.40344512462615967,0.0,4098.0,0.39702314138412476,124,1
SLIM*SIG1,5715dcc7-1480-11f0-87db-54a95b9ec813,student,3,413,0.40344512462615967,0.015671253204345703,3938.0,0.39702314138412476,124,1
SLIM*SIG1,5715dcc7-1480-11f0-87db-54a95b9ec813,student,3,414,0.40344512462615967,0.0,3587.0,0.39702314138412476,124,1
SLIM*SIG1,5715dcc7-1480-11f0-87db-54a95b9ec813,student,3,415,0.40344512462615967,0.015522480010986328,3483.0,0.39702314138412476,124,1
SLIM*SIG1,5715dcc7-1480-11f0-87db-54a95b9ec813,student,3,416,0.40344512462615967,0.0,3587.0,0.39702314138412476,124,1
SLIM*SIG1,5715dcc7-1480-11f0-87db-54a95b9ec813,student,3,417,0.40344512462615967,0.0,3613.0,0.39702314138412476,124,1
SLIM*SIG1,5715dcc7-1480-11f0-87db-54a95b9ec813,student,3,418,0.40344512462615967,0.020690202713012695,3899.0,0.39702314138412476,124,1
SLIM*SIG1,5715dcc7-1480-11f0-87db-54a95b9ec813,student,3,419,0.4022708833217621,0.0,3912.0,0.3969942331314087,111,1
SLIM*SIG1,5715dcc7-1480-11f0-87db-54a95b9ec813,student,3,420,0.4022708833217621,0.011007070541381836,4133.0,0.3969942331314087,111,1
SLIM*SIG1,5715dcc7-1480-11f0-87db-54a95b9ec813,student,3,421,0.4022708833217621,0.0,4250.0,0.3969942331314087,111,1
SLIM*SIG1,5715dcc7-1480-11f0-87db-54a95b9ec813,student,3,422,0.4022708833217621,0.015741586685180664,4341.0,0.3969942331314087,111,1
SLIM*SIG1,5715dcc7-1480-11f0-87db-54a95b9ec813,student,3,423,0.4022708833217621,0.0,4198.0,0.3969942331314087,111,1
SLIM*SIG1,5715dcc7-1480-11f0-87db-54a95b9ec813,student,3,424,0.4022708833217621,0.015623807907104492,4133.0,0.3969942331314087,111,1
SLIM*SIG1,5715dcc7-1480-11f0-87db-54a95b9ec813,student,3,425,0.4022708833217621,0.0,4081.0,0.3969942331314087,111,1
SLIM*SIG1,5715dcc7-1480-11f0-87db-54a95b9ec813,student,3,426,0.4022708833217621,0.0,3795.0,0.3969942331314087,111,1
SLIM*SIG1,5715dcc7-1480-11f0-87db-54a95b9ec813,student,3,427,0.4022708833217621,0.005148649215698242,3457.0,0.3969942331314087,111,1
SLIM*SIG1,5715dcc7-1480-11f0-87db-54a95b9ec813,student,3,428,0.4022708833217621,0.0018055438995361328,3366.0,0.3969942331314087,111,1
SLIM*SIG1,5715dcc7-1480-11f0-87db-54a95b9ec813,student,3,429,0.4022708833217621,0.0,3483.0,0.3969942331314087,111,1
SLIM*SIG1,5715dcc7-1480-11f0-87db-54a95b9ec813,student,3,430,0.4022708833217621,0.01573634147644043,3392.0,0.3969942331314087,111,1
SLIM*SIG1,5715dcc7-1480-11f0-87db-54a95b9ec813,student,3,431,0.4022708833217621,0.0,3379.0,0.3969942331314087,111,1
SLIM*SIG1,5715dcc7-1480-11f0-87db-54a95b9ec813,student,3,432,0.4022708833217621,0.0185244083404541,3288.0,0.3969942331314087,111,1
SLIM*SIG1,5715dcc7-1480-11f0-87db-54a95b9ec813,student,3,433,0.4022708833217621,0.0,3366.0,0.3969942331314087,111,1
SLIM*SIG1,5715dcc7-1480-11f0-87db-54a95b9ec813,student,3,434,0.4022708833217621,0.01300668716430664,3392.0,0.3969942331314087,111,1
SLIM*SIG1,5715dcc7-1480-11f0-87db-54a95b9ec813,student,3,435,0.4022708833217621,0.0,3418.0,0.3969942331314087,111,1
SLIM*SIG1,5715dcc7-1480-11f0-87db-54a95b9ec813,student,3,436,0.4022708833217621,0.01563262939453125,3392.0,0.3969942331314087,111,1
SLIM*SIG1,5715dcc7-1480-11f0-87db-54a95b9ec813,student,3,437,0.4022708833217621,0.0,3383.0,0.3969942331314087,111,1
SLIM*SIG1,5715dcc7-1480-11f0-87db-54a95b9ec813,student,3,438,0.4022708833217621,0.01572871208190918,3474.0,0.3969942331314087,111,1
SLIM*SIG1,5715dcc7-1480-11f0-87db-54a95b9ec813,student,3,439,0.4022708833217621,0.0,3660.0,0.3969942331314087,111,1
SLIM*SIG1,5715dcc7-1480-11f0-87db-54a95b9ec813,student,3,440,0.4022708833217621,0.015563488006591797,3497.0,0.3969942331314087,111,1
SLIM*SIG1,5715dcc7-1480-11f0-87db-54a95b9ec813,student,3,441,0.4022708833217621,0.006026506423950195,3601.0,0.3969942331314087,111,1
SLIM*SIG1,5715dcc7-1480-11f0-87db-54a95b9ec813,student,3,442,0.4022708833217621,0.0,3569.0,0.3969942331314087,111,1
SLIM*SIG1,5715dcc7-1480-11f0-87db-54a95b9ec813,student,3,443,0.4022708833217621,0.015734195709228516,3292.0,0.3969942331314087,111,1
SLIM*SIG1,5715dcc7-1480-11f0-87db-54a95b9ec813,student,3,444,0.4022708833217621,0.0,3457.0,0.3969942331314087,111,1
SLIM*SIG1,5715dcc7-1480-11f0-87db-54a95b9ec813,student,3,445,0.4022708833217621,0.0,3210.0,0.3969942331314087,111,1
SLIM*SIG1,5715dcc7-1480-11f0-87db-54a95b9ec813,student,3,446,0.4022708833217621,0.0025072097778320312,3093.0,0.3969942331314087,111,1
SLIM*SIG1,5715dcc7-1480-11f0-87db-54a95b9ec813,student,3,447,0.4022708833217621,0.0,3197.0,0.3969942331314087,111,1
SLIM*SIG1,5715dcc7-1480-11f0-87db-54a95b9ec813,student,3,448,0.4022708833217621,0.013575077056884766,3522.0,0.3969942331314087,111,1
SLIM*SIG1,5715dcc7-1480-11f0-87db-54a95b9ec813,student,3,449,0.4022708833217621,0.0,3901.0,0.3969942331314087,111,1
SLIM*SIG1,5715dcc7-1480-11f0-87db-54a95b9ec813,student,3,450,0.4022708833217621,0.015705347061157227,3875.0,0.3969942331314087,111,1
SLIM*SIG1,5715dcc7-1480-11f0-87db-54a95b9ec813,student,3,451,0.4022708833217621,0.0,3578.0,0.3969942331314087,111,1
SLIM*SIG1,5715dcc7-1480-11f0-87db-54a95b9ec813,student,3,452,0.4022708833217621,0.015665531158447266,3333.0,0.3969942331314087,111,1
SLIM*SIG1,5715dcc7-1480-11f0-87db-54a95b9ec813,student,3,453,0.4022708833217621,0.0,3119.0,0.3969942331314087,111,1
SLIM*SIG1,5715dcc7-1480-11f0-87db-54a95b9ec813,student,3,454,0.4022708833217621,0.0,3171.0,0.3969942331314087,111,1
SLIM*SIG1,5715dcc7-1480-11f0-87db-54a95b9ec813,student,3,455,0.4022708833217621,0.02021026611328125,3171.0,0.3969942331314087,111,1
SLIM*SIG1,5715dcc7-1480-11f0-87db-54a95b9ec813,student,3,456,0.4022708833217621,0.0,3041.0,0.3969942331314087,111,1
SLIM*SIG1,5715dcc7-1480-11f0-87db-54a95b9ec813,student,3,457,0.4022708833217621,0.015634536743164062,2846.0,0.3969942331314087,111,1
SLIM*SIG1,5715dcc7-1480-11f0-87db-54a95b9ec813,student,3,458,0.40187743306159973,0.0,2794.0,0.3970845341682434,124,1
SLIM*SIG1,5715dcc7-1480-11f0-87db-54a95b9ec813,student,3,459,0.40187743306159973,0.015631914138793945,3056.0,0.3970845341682434,124,1
SLIM*SIG1,5715dcc7-1480-11f0-87db-54a95b9ec813,student,3,460,0.40187743306159973,0.0036163330078125,3071.0,0.3970845341682434,124,1
SLIM*SIG1,5715dcc7-1480-11f0-87db-54a95b9ec813,student,3,461,0.40187743306159973,0.0,3093.0,0.3970845341682434,124,1
SLIM*SIG1,5715dcc7-1480-11f0-87db-54a95b9ec813,student,3,462,0.40187743306159973,0.01254725456237793,3197.0,0.3970845341682434,124,1
SLIM*SIG1,5715dcc7-1480-11f0-87db-54a95b9ec813,student,3,463,0.40187743306159973,0.0,3199.0,0.3970845341682434,124,1
SLIM*SIG1,5715dcc7-1480-11f0-87db-54a95b9ec813,student,3,464,0.40187743306159973,0.015683889389038086,3292.0,0.3970845341682434,124,1
SLIM*SIG1,5715dcc7-1480-11f0-87db-54a95b9ec813,student,3,465,0.40187743306159973,0.0,3522.0,0.3970845341682434,124,1
SLIM*SIG1,5715dcc7-1480-11f0-87db-54a95b9ec813,student,3,466,0.40187743306159973,0.0,4224.0,0.3970845341682434,124,1
SLIM*SIG1,5715dcc7-1480-11f0-87db-54a95b9ec813,student,3,467,0.40187743306159973,0.015573501586914062,4445.0,0.3970845341682434,124,1
SLIM*SIG1,5715dcc7-1480-11f0-87db-54a95b9ec813,student,3,468,0.40187743306159973,0.0,4304.0,0.3970845341682434,124,1
SLIM*SIG1,5715dcc7-1480-11f0-87db-54a95b9ec813,student,3,469,0.40187743306159973,0.01904749870300293,4107.0,0.3970845341682434,124,1
SLIM*SIG1,5715dcc7-1480-11f0-87db-54a95b9ec813,student,3,470,0.40187743306159973,0.0015208721160888672,4198.0,0.3970845341682434,124,1
SLIM*SIG1,5715dcc7-1480-11f0-87db-54a95b9ec813,student,3,471,0.40187743306159973,0.0,4185.0,0.3970845341682434,124,1
SLIM*SIG1,5715dcc7-1480-11f0-87db-54a95b9ec813,student,3,472,0.40187743306159973,0.015613317489624023,3847.0,0.3970845341682434,124,1
SLIM*SIG1,5715dcc7-1480-11f0-87db-54a95b9ec813,student,3,473,0.40187743306159973,0.0,3730.0,0.3970845341682434,124,1
SLIM*SIG1,5715dcc7-1480-11f0-87db-54a95b9ec813,student,3,474,0.40187743306159973,0.0,3652.0,0.3970845341682434,124,1
SLIM*SIG1,5715dcc7-1480-11f0-87db-54a95b9ec813,student,3,475,0.40187743306159973,0.0193479061126709,3990.0,0.3970845341682434,124,1
SLIM*SIG1,5715dcc7-1480-11f0-87db-54a95b9ec813,student,3,476,0.40187743306159973,0.0,4133.0,0.3970845341682434,124,1
SLIM*SIG1,5715dcc7-1480-11f0-87db-54a95b9ec813,student,3,477,0.40187743306159973,0.012505531311035156,3912.0,0.3970845341682434,124,1
SLIM*SIG1,5715dcc7-1480-11f0-87db-54a95b9ec813,student,3,478,0.40187743306159973,0.0,3717.0,0.3970845341682434,124,1
SLIM*SIG1,5715dcc7-1480-11f0-87db-54a95b9ec813,student,3,479,0.40187743306159973,0.015631675720214844,3886.0,0.3970845341682434,124,1
SLIM*SIG1,5715dcc7-1480-11f0-87db-54a95b9ec813,student,3,480,0.40187743306159973,0.0,4120.0,0.3970845341682434,124,1
SLIM*SIG1,5715dcc7-1480-11f0-87db-54a95b9ec813,student,3,481,0.40187743306159973,0.01572728157043457,4133.0,0.3970845341682434,124,1
SLIM*SIG1,5715dcc7-1480-11f0-87db-54a95b9ec813,student,3,482,0.40187743306159973,0.0,4211.0,0.3970845341682434,124,1
SLIM*SIG1,5715dcc7-1480-11f0-87db-54a95b9ec813,student,3,483,0.40187743306159973,0.0,3743.0,0.3970845341682434,124,1
SLIM*SIG1,5715dcc7-1480-11f0-87db-54a95b9ec813,student,3,484,0.40187743306159973,0.02031397819519043,3548.0,0.3970845341682434,124,1
SLIM*SIG1,5715dcc7-1480-11f0-87db-54a95b9ec813,student,3,485,0.40187743306159973,0.0,3509.0,0.3970845341682434,124,1
SLIM*SIG1,5715dcc7-1480-11f0-87db-54a95b9ec813,student,3,486,0.40187743306159973,0.015630006790161133,3420.0,0.3970845341682434,124,1
SLIM*SIG1,5715dcc7-1480-11f0-87db-54a95b9ec813,student,3,487,0.40187743306159973,0.0,3340.0,0.3970845341682434,124,1
SLIM*SIG1,5715dcc7-1480-11f0-87db-54a95b9ec813,student,3,488,0.40187743306159973,0.0,3444.0,0.3970845341682434,124,1
SLIM*SIG1,5715dcc7-1480-11f0-87db-54a95b9ec813,student,3,489,0.40187743306159973,0.020127058029174805,3600.0,0.3970845341682434,124,1
SLIM*SIG1,5715dcc7-1480-11f0-87db-54a95b9ec813,student,3,490,0.40187743306159973,0.0,4081.0,0.3970845341682434,124,1
SLIM*SIG1,5715dcc7-1480-11f0-87db-54a95b9ec813,student,3,491,0.40187743306159973,0.0116119384765625,4250.0,0.3970845341682434,124,1
SLIM*SIG1,5715dcc7-1480-11f0-87db-54a95b9ec813,student,3,492,0.40187743306159973,0.0,4042.0,0.3970845341682434,124,1
SLIM*SIG1,5715dcc7-1480-11f0-87db-54a95b9ec813,student,3,493,0.40187743306159973,0.01570892333984375,3964.0,0.3970845341682434,124,1
SLIM*SIG1,5715dcc7-1480-11f0-87db-54a95b9ec813,student,3,494,0.40187743306159973,0.0,4081.0,0.3970845341682434,124,1
SLIM*SIG1,5715dcc7-1480-11f0-87db-54a95b9ec813,student,3,495,0.40187743306159973,0.0,3873.0,0.3970845341682434,124,1
SLIM*SIG1,5715dcc7-1480-11f0-87db-54a95b9ec813,student,3,496,0.40187743306159973,0.0,3561.0,0.3970845341682434,124,1
SLIM*SIG1,5715dcc7-1480-11f0-87db-54a95b9ec813,student,3,497,0.40187743306159973,0.0,3236.0,0.3970845341682434,124,1
SLIM*SIG1,5715dcc7-1480-11f0-87db-54a95b9ec813,student,3,498,0.40187743306159973,0.019277572631835938,3028.0,0.3970845341682434,124,1
SLIM*SIG1,5715dcc7-1480-11f0-87db-54a95b9ec813,student,3,499,0.40187743306159973,0.002513408660888672,3093.0,0.3970845341682434,124,1
SLIM*SIG1,5715dcc7-1480-11f0-87db-54a95b9ec813,student,3,500,0.40187743306159973,0.0,3015.0,0.3970845341682434,124,1
SLIM*SIG1,5715dcc7-1480-11f0-87db-54a95b9ec813,student,4,0,0.41234686970710754,0.01963067054748535,672.0,0.41683173179626465,3,1
SLIM*SIG1,5715dcc7-1480-11f0-87db-54a95b9ec813,student,4,1,0.4093712270259857,0.0,408.0,0.413693904876709,16,1
SLIM*SIG1,5715dcc7-1480-11f0-87db-54a95b9ec813,student,4,2,0.4093712270259857,0.012104988098144531,299.0,0.413693904876709,16,1
SLIM*SIG1,5715dcc7-1480-11f0-87db-54a95b9ec813,student,4,3,0.4093712270259857,0.008112192153930664,306.0,0.413693904876709,16,1
SLIM*SIG1,5715dcc7-1480-11f0-87db-54a95b9ec813,student,4,4,0.4093712270259857,0.0,270.0,0.413693904876709,16,1
SLIM*SIG1,5715dcc7-1480-11f0-87db-54a95b9ec813,student,4,5,0.4093712270259857,0.008114099502563477,263.0,0.413693904876709,16,1
SLIM*SIG1,5715dcc7-1480-11f0-87db-54a95b9ec813,student,4,6,0.4093712270259857,0.0,214.0,0.413693904876709,16,1
SLIM*SIG1,5715dcc7-1480-11f0-87db-54a95b9ec813,student,4,7,0.40705764293670654,0.0,193.0,0.4112163186073303,16,1
SLIM*SIG1,5715dcc7-1480-11f0-87db-54a95b9ec813,student,4,8,0.4070376753807068,0.01573467254638672,254.0,0.4099896550178528,16,1
SLIM*SIG1,5715dcc7-1480-11f0-87db-54a95b9ec813,student,4,9,0.405651330947876,0.0,241.0,0.41027507185935974,16,1
SLIM*SIG1,5715dcc7-1480-11f0-87db-54a95b9ec813,student,4,10,0.405651330947876,0.0,189.0,0.41027507185935974,16,1
SLIM*SIG1,5715dcc7-1480-11f0-87db-54a95b9ec813,student,4,11,0.405651330947876,0.015524625778198242,256.0,0.41027507185935974,16,1
SLIM*SIG1,5715dcc7-1480-11f0-87db-54a95b9ec813,student,4,12,0.405651330947876,0.0,215.0,0.41027507185935974,16,1
SLIM*SIG1,5715dcc7-1480-11f0-87db-54a95b9ec813,student,4,13,0.405651330947876,0.0,232.0,0.41027507185935974,16,1
SLIM*SIG1,5715dcc7-1480-11f0-87db-54a95b9ec813,student,4,14,0.405651330947876,0.0,176.0,0.41027507185935974,16,1
SLIM*SIG1,5715dcc7-1480-11f0-87db-54a95b9ec813,student,4,15,0.405651330947876,0.0,215.0,0.41027507185935974,16,1
SLIM*SIG1,5715dcc7-1480-11f0-87db-54a95b9ec813,student,4,16,0.405651330947876,0.0,280.0,0.41027507185935974,16,1
SLIM*SIG1,5715dcc7-1480-11f0-87db-54a95b9ec813,student,4,17,0.405651330947876,0.0,241.0,0.41027507185935974,16,1
SLIM*SIG1,5715dcc7-1480-11f0-87db-54a95b9ec813,student,4,18,0.405651330947876,0.015522003173828125,241.0,0.41027507185935974,16,1
SLIM*SIG1,5715dcc7-1480-11f0-87db-54a95b9ec813,student,4,19,0.405651330947876,0.0038962364196777344,202.0,0.41027507185935974,16,1
SLIM*SIG1,5715dcc7-1480-11f0-87db-54a95b9ec813,student,4,20,0.405651330947876,0.0029523372650146484,228.0,0.41027507185935974,16,1
SLIM*SIG1,5715dcc7-1480-11f0-87db-54a95b9ec813,student,4,21,0.405651330947876,0.0,228.0,0.41027507185935974,16,1
SLIM*SIG1,5715dcc7-1480-11f0-87db-54a95b9ec813,student,4,22,0.4047880172729492,0.0,241.0,0.41046324372291565,16,1
SLIM*SIG1,5715dcc7-1480-11f0-87db-54a95b9ec813,student,4,23,0.4047880172729492,0.014103889465332031,267.0,0.41046324372291565,16,1
SLIM*SIG1,5715dcc7-1480-11f0-87db-54a95b9ec813,student,4,24,0.40456274151802063,0.0,217.0,0.4124016761779785,18,1
SLIM*SIG1,5715dcc7-1480-11f0-87db-54a95b9ec813,student,4,25,0.40456274151802063,0.0,217.0,0.4124016761779785,18,1
SLIM*SIG1,5715dcc7-1480-11f0-87db-54a95b9ec813,student,4,26,0.40456274151802063,0.0,191.0,0.4124016761779785,18,1
SLIM*SIG1,5715dcc7-1480-11f0-87db-54a95b9ec813,student,4,27,0.40456274151802063,0.015742063522338867,204.0,0.4124016761779785,18,1
SLIM*SIG1,5715dcc7-1480-11f0-87db-54a95b9ec813,student,4,28,0.40456274151802063,0.0,230.0,0.4124016761779785,18,1
SLIM*SIG1,5715dcc7-1480-11f0-87db-54a95b9ec813,student,4,29,0.40456274151802063,0.0,206.0,0.4124016761779785,18,1
SLIM*SIG1,5715dcc7-1480-11f0-87db-54a95b9ec813,student,4,30,0.40456274151802063,0.0,204.0,0.4124016761779785,18,1
SLIM*SIG1,5715dcc7-1480-11f0-87db-54a95b9ec813,student,4,31,0.40456274151802063,0.015571117401123047,232.0,0.4124016761779785,18,1
SLIM*SIG1,5715dcc7-1480-11f0-87db-54a95b9ec813,student,4,32,0.4023646414279938,0.0,295.0,0.4095406234264374,16,1
SLIM*SIG1,5715dcc7-1480-11f0-87db-54a95b9ec813,student,4,33,0.4023646414279938,0.0,202.0,0.4095406234264374,16,1
SLIM*SIG1,5715dcc7-1480-11f0-87db-54a95b9ec813,student,4,34,0.4023646414279938,0.015607833862304688,202.0,0.4095406234264374,16,1
SLIM*SIG1,5715dcc7-1480-11f0-87db-54a95b9ec813,student,4,35,0.4016149938106537,0.0,306.0,0.40836411714553833,16,1
SLIM*SIG1,5715dcc7-1480-11f0-87db-54a95b9ec813,student,4,36,0.4016149938106537,0.0,204.0,0.40836411714553833,16,1
SLIM*SIG1,5715dcc7-1480-11f0-87db-54a95b9ec813,student,4,37,0.4016149938106537,0.01569366455078125,189.0,0.40836411714553833,16,1
SLIM*SIG1,5715dcc7-1480-11f0-87db-54a95b9ec813,student,4,38,0.4011520445346832,0.0,176.0,0.4062177836894989,16,1
SLIM*SIG1,5715dcc7-1480-11f0-87db-54a95b9ec813,student,4,39,0.4011520445346832,0.0,202.0,0.4062177836894989,16,1
SLIM*SIG1,5715dcc7-1480-11f0-87db-54a95b9ec813,student,4,40,0.4011520445346832,0.0,228.0,0.4062177836894989,16,1
SLIM*SIG1,5715dcc7-1480-11f0-87db-54a95b9ec813,student,4,41,0.4011520445346832,0.015519142150878906,202.0,0.4062177836894989,16,1
SLIM*SIG1,5715dcc7-1480-11f0-87db-54a95b9ec813,student,4,42,0.4011520445346832,0.004424571990966797,241.0,0.4062177836894989,16,1
SLIM*SIG1,5715dcc7-1480-11f0-87db-54a95b9ec813,student,4,43,0.4011520445346832,0.0,241.0,0.4062177836894989,16,1
SLIM*SIG1,5715dcc7-1480-11f0-87db-54a95b9ec813,student,4,44,0.4011520445346832,0.0,254.0,0.4062177836894989,16,1
SLIM*SIG1,5715dcc7-1480-11f0-87db-54a95b9ec813,student,4,45,0.4011520445346832,0.01705479621887207,241.0,0.4062177836894989,16,1
SLIM*SIG1,5715dcc7-1480-11f0-87db-54a95b9ec813,student,4,46,0.4011520445346832,0.0017898082733154297,202.0,0.4062177836894989,16,1
SLIM*SIG1,5715dcc7-1480-11f0-87db-54a95b9ec813,student,4,47,0.4011520445346832,0.008757829666137695,189.0,0.4062177836894989,16,1
SLIM*SIG1,5715dcc7-1480-11f0-87db-54a95b9ec813,student,4,48,0.4011520445346832,0.0051076412200927734,269.0,0.4062177836894989,16,1
SLIM*SIG1,5715dcc7-1480-11f0-87db-54a95b9ec813,student,4,49,0.4011520445346832,0.004996299743652344,215.0,0.4062177836894989,16,1
SLIM*SIG1,5715dcc7-1480-11f0-87db-54a95b9ec813,student,4,50,0.4011520445346832,0.005009651184082031,267.0,0.4062177836894989,16,1
SLIM*SIG1,5715dcc7-1480-11f0-87db-54a95b9ec813,student,4,51,0.4011520445346832,0.0059931278228759766,267.0,0.4062177836894989,16,1
SLIM*SIG1,5715dcc7-1480-11f0-87db-54a95b9ec813,student,4,52,0.4011520445346832,0.003998756408691406,189.0,0.4062177836894989,16,1
SLIM*SIG1,5715dcc7-1480-11f0-87db-54a95b9ec813,student,4,53,0.4011520445346832,0.006151676177978516,254.0,0.4062177836894989,16,1
SLIM*SIG1,5715dcc7-1480-11f0-87db-54a95b9ec813,student,4,54,0.4011520445346832,0.0,241.0,0.4062177836894989,16,1
SLIM*SIG1,5715dcc7-1480-11f0-87db-54a95b9ec813,student,4,55,0.4011520445346832,0.0,241.0,0.4062177836894989,16,1
SLIM*SIG1,5715dcc7-1480-11f0-87db-54a95b9ec813,student,4,56,0.4011520445346832,0.0,254.0,0.4062177836894989,16,1
SLIM*SIG1,5715dcc7-1480-11f0-87db-54a95b9ec813,student,4,57,0.4011520445346832,0.015504598617553711,228.0,0.4062177836894989,16,1
SLIM*SIG1,5715dcc7-1480-11f0-87db-54a95b9ec813,student,4,58,0.4011520445346832,0.0,228.0,0.4062177836894989,16,1
SLIM*SIG1,5715dcc7-1480-11f0-87db-54a95b9ec813,student,4,59,0.4011520445346832,0.0,215.0,0.4062177836894989,16,1
SLIM*SIG1,5715dcc7-1480-11f0-87db-54a95b9ec813,student,4,60,0.4011520445346832,0.019475936889648438,267.0,0.4062177836894989,16,1
SLIM*SIG1,5715dcc7-1480-11f0-87db-54a95b9ec813,student,4,61,0.4011520445346832,0.005217313766479492,254.0,0.4062177836894989,16,1
SLIM*SIG1,5715dcc7-1480-11f0-87db-54a95b9ec813,student,4,62,0.4011520445346832,0.0,215.0,0.4062177836894989,16,1
SLIM*SIG1,5715dcc7-1480-11f0-87db-54a95b9ec813,student,4,63,0.4011520445346832,0.0,215.0,0.4062177836894989,16,1
SLIM*SIG1,5715dcc7-1480-11f0-87db-54a95b9ec813,student,4,64,0.4011520445346832,0.0,241.0,0.4062177836894989,16,1
SLIM*SIG1,5715dcc7-1480-11f0-87db-54a95b9ec813,student,4,65,0.4011520445346832,0.0,230.0,0.4062177836894989,16,1
SLIM*SIG1,5715dcc7-1480-11f0-87db-54a95b9ec813,student,4,66,0.4011520445346832,0.0,243.0,0.4062177836894989,16,1
SLIM*SIG1,5715dcc7-1480-11f0-87db-54a95b9ec813,student,4,67,0.4011520445346832,0.0,254.0,0.4062177836894989,16,1
SLIM*SIG1,5715dcc7-1480-11f0-87db-54a95b9ec813,student,4,68,0.4011520445346832,0.015633344650268555,280.0,0.4062177836894989,16,1
SLIM*SIG1,5715dcc7-1480-11f0-87db-54a95b9ec813,student,4,69,0.4011520445346832,0.0,345.0,0.4062177836894989,16,1
SLIM*SIG1,5715dcc7-1480-11f0-87db-54a95b9ec813,student,4,70,0.4011520445346832,0.0,293.0,0.4062177836894989,16,1
SLIM*SIG1,5715dcc7-1480-11f0-87db-54a95b9ec813,student,4,71,0.4011520445346832,0.01572561264038086,293.0,0.4062177836894989,16,1
SLIM*SIG1,5715dcc7-1480-11f0-87db-54a95b9ec813,student,4,72,0.4011520445346832,0.0,293.0,0.4062177836894989,16,1
SLIM*SIG1,5715dcc7-1480-11f0-87db-54a95b9ec813,student,4,73,0.4011520445346832,0.0,215.0,0.4062177836894989,16,1
SLIM*SIG1,5715dcc7-1480-11f0-87db-54a95b9ec813,student,4,74,0.4011520445346832,0.01552724838256836,267.0,0.4062177836894989,16,1
SLIM*SIG1,5715dcc7-1480-11f0-87db-54a95b9ec813,student,4,75,0.4011520445346832,0.0,267.0,0.4062177836894989,16,1
SLIM*SIG1,5715dcc7-1480-11f0-87db-54a95b9ec813,student,4,76,0.4011520445346832,0.0,241.0,0.4062177836894989,16,1
SLIM*SIG1,5715dcc7-1480-11f0-87db-54a95b9ec813,student,4,77,0.4011520445346832,0.015722274780273438,202.0,0.4062177836894989,16,1
SLIM*SIG1,5715dcc7-1480-11f0-87db-54a95b9ec813,student,4,78,0.4011520445346832,0.0,241.0,0.4062177836894989,16,1
SLIM*SIG1,5715dcc7-1480-11f0-87db-54a95b9ec813,student,4,79,0.4011520445346832,0.0,189.0,0.4062177836894989,16,1
SLIM*SIG1,5715dcc7-1480-11f0-87db-54a95b9ec813,student,4,80,0.4011520445346832,0.0,215.0,0.4062177836894989,16,1
SLIM*SIG1,5715dcc7-1480-11f0-87db-54a95b9ec813,student,4,81,0.4011520445346832,0.015633344650268555,254.0,0.4062177836894989,16,1
SLIM*SIG1,5715dcc7-1480-11f0-87db-54a95b9ec813,student,4,82,0.4011520445346832,0.008966207504272461,295.0,0.4062177836894989,16,1
SLIM*SIG1,5715dcc7-1480-11f0-87db-54a95b9ec813,student,4,83,0.4011520445346832,0.0,228.0,0.4062177836894989,16,1
SLIM*SIG1,5715dcc7-1480-11f0-87db-54a95b9ec813,student,4,84,0.4011520445346832,0.0,241.0,0.4062177836894989,16,1
SLIM*SIG1,5715dcc7-1480-11f0-87db-54a95b9ec813,student,4,85,0.4011520445346832,0.013034343719482422,254.0,0.4062177836894989,16,1
SLIM*SIG1,5715dcc7-1480-11f0-87db-54a95b9ec813,student,4,86,0.4011520445346832,0.0,254.0,0.4062177836894989,16,1
SLIM*SIG1,5715dcc7-1480-11f0-87db-54a95b9ec813,student,4,87,0.4011520445346832,0.0,267.0,0.4062177836894989,16,1
SLIM*SIG1,5715dcc7-1480-11f0-87db-54a95b9ec813,student,4,88,0.4011520445346832,0.015639543533325195,254.0,0.4062177836894989,16,1
SLIM*SIG1,5715dcc7-1480-11f0-87db-54a95b9ec813,student,4,89,0.4011520445346832,0.0,228.0,0.4062177836894989,16,1
SLIM*SIG1,5715dcc7-1480-11f0-87db-54a95b9ec813,student,4,90,0.4011520445346832,0.0,215.0,0.4062177836894989,16,1
SLIM*SIG1,5715dcc7-1480-11f0-87db-54a95b9ec813,student,4,91,0.4011520445346832,0.0,332.0,0.4062177836894989,16,1
SLIM*SIG1,5715dcc7-1480-11f0-87db-54a95b9ec813,student,4,92,0.4004446566104889,0.0157318115234375,306.0,0.40589189529418945,29,1
SLIM*SIG1,5715dcc7-1480-11f0-87db-54a95b9ec813,student,4,93,0.4004446566104889,0.0,280.0,0.40589189529418945,29,1
SLIM*SIG1,5715dcc7-1480-11f0-87db-54a95b9ec813,student,4,94,0.4004446566104889,0.0,241.0,0.40589189529418945,29,1
SLIM*SIG1,5715dcc7-1480-11f0-87db-54a95b9ec813,student,4,95,0.4004446566104889,0.01551961898803711,332.0,0.40589189529418945,29,1
SLIM*SIG1,5715dcc7-1480-11f0-87db-54a95b9ec813,student,4,96,0.4004446566104889,0.0,280.0,0.40589189529418945,29,1
SLIM*SIG1,5715dcc7-1480-11f0-87db-54a95b9ec813,student,4,97,0.4004446566104889,0.0,267.0,0.40589189529418945,29,1
SLIM*SIG1,5715dcc7-1480-11f0-87db-54a95b9ec813,student,4,98,0.4004446566104889,0.0,345.0,0.40589189529418945,29,1
SLIM*SIG1,5715dcc7-1480-11f0-87db-54a95b9ec813,student,4,99,0.4004446566104889,0.015736103057861328,345.0,0.40589189529418945,29,1
SLIM*SIG1,5715dcc7-1480-11f0-87db-54a95b9ec813,student,4,100,0.4004446566104889,0.0,425.0,0.40589189529418945,29,1
SLIM*SIG1,5715dcc7-1480-11f0-87db-54a95b9ec813,student,4,101,0.4004446566104889,0.0,267.0,0.40589189529418945,29,1
SLIM*SIG1,5715dcc7-1480-11f0-87db-54a95b9ec813,student,4,102,0.4004446566104889,0.01562809944152832,371.0,0.40589189529418945,29,1
SLIM*SIG1,5715dcc7-1480-11f0-87db-54a95b9ec813,student,4,103,0.4004446566104889,0.004797697067260742,319.0,0.40589189529418945,29,1
SLIM*SIG1,5715dcc7-1480-11f0-87db-54a95b9ec813,student,4,104,0.4004446566104889,0.0,319.0,0.40589189529418945,29,1
SLIM*SIG1,5715dcc7-1480-11f0-87db-54a95b9ec813,student,4,105,0.4004446566104889,0.0,310.0,0.40589189529418945,29,1
SLIM*SIG1,5715dcc7-1480-11f0-87db-54a95b9ec813,student,4,106,0.4004446566104889,0.014006614685058594,295.0,0.40589189529418945,29,1
SLIM*SIG1,5715dcc7-1480-11f0-87db-54a95b9ec813,student,4,107,0.4004446566104889,0.0,371.0,0.40589189529418945,29,1
SLIM*SIG1,5715dcc7-1480-11f0-87db-54a95b9ec813,student,4,108,0.4004446566104889,0.0,293.0,0.40589189529418945,29,1
SLIM*SIG1,5715dcc7-1480-11f0-87db-54a95b9ec813,student,4,109,0.4004446566104889,0.015635251998901367,267.0,0.40589189529418945,29,1
SLIM*SIG1,5715dcc7-1480-11f0-87db-54a95b9ec813,student,4,110,0.4004446566104889,0.0,280.0,0.40589189529418945,29,1
SLIM*SIG1,5715dcc7-1480-11f0-87db-54a95b9ec813,student,4,111,0.4004446566104889,0.0,293.0,0.40589189529418945,29,1
SLIM*SIG1,5715dcc7-1480-11f0-87db-54a95b9ec813,student,4,112,0.4004446566104889,0.015624761581420898,449.0,0.40589189529418945,29,1
SLIM*SIG1,5715dcc7-1480-11f0-87db-54a95b9ec813,student,4,113,0.40034160017967224,0.0,540.0,0.405801385641098,42,1
SLIM*SIG1,5715dcc7-1480-11f0-87db-54a95b9ec813,student,4,114,0.4003278315067291,0.0,436.0,0.4057900309562683,55,1
SLIM*SIG1,5715dcc7-1480-11f0-87db-54a95b9ec813,student,4,115,0.4003278315067291,0.015623807907104492,410.0,0.4057900309562683,55,1
SLIM*SIG1,5715dcc7-1480-11f0-87db-54a95b9ec813,student,4,116,0.4003278315067291,0.0,540.0,0.4057900309562683,55,1
SLIM*SIG1,5715dcc7-1480-11f0-87db-54a95b9ec813,student,4,117,0.4003278315067291,0.0,397.0,0.4057900309562683,55,1
SLIM*SIG1,5715dcc7-1480-11f0-87db-54a95b9ec813,student,4,118,0.4003278315067291,0.015726804733276367,384.0,0.4057900309562683,55,1
SLIM*SIG1,5715dcc7-1480-11f0-87db-54a95b9ec813,student,4,119,0.4003278315067291,0.0,657.0,0.4057900309562683,55,1
SLIM*SIG1,5715dcc7-1480-11f0-87db-54a95b9ec813,student,4,120,0.39426347613334656,0.0,722.0,0.40485715866088867,68,1
SLIM*SIG1,5715dcc7-1480-11f0-87db-54a95b9ec813,student,4,121,0.39425790309906006,0.019921064376831055,644.0,0.4047473967075348,55,1
SLIM*SIG1,5715dcc7-1480-11f0-87db-54a95b9ec813,student,4,122,0.39425790309906006,0.00270843505859375,969.0,0.4047473967075348,55,1
SLIM*SIG1,5715dcc7-1480-11f0-87db-54a95b9ec813,student,4,123,0.39425790309906006,0.0,1073.0,0.4047473967075348,55,1
SLIM*SIG1,5715dcc7-1480-11f0-87db-54a95b9ec813,student,4,124,0.39425790309906006,0.014011383056640625,748.0,0.4047473967075348,55,1
SLIM*SIG1,5715dcc7-1480-11f0-87db-54a95b9ec813,student,4,125,0.39425790309906006,0.0,917.0,0.4047473967075348,55,1
SLIM*SIG1,5715dcc7-1480-11f0-87db-54a95b9ec813,student,4,126,0.39425790309906006,0.0,813.0,0.4047473967075348,55,1
SLIM*SIG1,5715dcc7-1480-11f0-87db-54a95b9ec813,student,4,127,0.39425790309906006,0.015739917755126953,906.0,0.4047473967075348,55,1
SLIM*SIG1,5715dcc7-1480-11f0-87db-54a95b9ec813,student,4,128,0.39425790309906006,0.0,592.0,0.4047473967075348,55,1
SLIM*SIG1,5715dcc7-1480-11f0-87db-54a95b9ec813,student,4,129,0.39425790309906006,0.0,475.0,0.4047473967075348,55,1
SLIM*SIG1,5715dcc7-1480-11f0-87db-54a95b9ec813,student,4,130,0.39425790309906006,0.015522241592407227,670.0,0.4047473967075348,55,1
SLIM*SIG1,5715dcc7-1480-11f0-87db-54a95b9ec813,student,4,131,0.39425790309906006,0.015622615814208984,566.0,0.4047473967075348,55,1
SLIM*SIG1,5715dcc7-1480-11f0-87db-54a95b9ec813,student,4,132,0.39425790309906006,0.0,709.0,0.4047473967075348,55,1
SLIM*SIG1,5715dcc7-1480-11f0-87db-54a95b9ec813,student,4,133,0.39425790309906006,0.015625953674316406,854.0,0.4047473967075348,55,1
SLIM*SIG1,5715dcc7-1480-11f0-87db-54a95b9ec813,student,4,134,0.39425790309906006,0.006306171417236328,724.0,0.4047473967075348,55,1
SLIM*SIG1,5715dcc7-1480-11f0-87db-54a95b9ec813,student,4,135,0.39425790309906006,0.007169961929321289,735.0,0.4047473967075348,55,1
SLIM*SIG1,5715dcc7-1480-11f0-87db-54a95b9ec813,student,4,136,0.39425790309906006,0.006453275680541992,527.0,0.4047473967075348,55,1
SLIM*SIG1,5715dcc7-1480-11f0-87db-54a95b9ec813,student,4,137,0.39425790309906006,0.006597995758056641,631.0,0.4047473967075348,55,1
SLIM*SIG1,5715dcc7-1480-11f0-87db-54a95b9ec813,student,4,138,0.39425790309906006,0.00672149658203125,646.0,0.4047473967075348,55,1
SLIM*SIG1,5715dcc7-1480-11f0-87db-54a95b9ec813,student,4,139,0.39425790309906006,0.005482673645019531,698.0,0.4047473967075348,55,1
SLIM*SIG1,5715dcc7-1480-11f0-87db-54a95b9ec813,student,4,140,0.39425790309906006,0.006093502044677734,789.0,0.4047473967075348,55,1
SLIM*SIG1,5715dcc7-1480-11f0-87db-54a95b9ec813,student,4,141,0.39425790309906006,0.007328510284423828,789.0,0.4047473967075348,55,1
SLIM*SIG1,5715dcc7-1480-11f0-87db-54a95b9ec813,student,4,142,0.39425790309906006,0.005698442459106445,618.0,0.4047473967075348,55,1
SLIM*SIG1,5715dcc7-1480-11f0-87db-54a95b9ec813,student,4,143,0.39425790309906006,0.005966663360595703,594.0,0.4047473967075348,55,1
SLIM*SIG1,5715dcc7-1480-11f0-87db-54a95b9ec813,student,4,144,0.39403578639030457,0.005590200424194336,579.0,0.40353453159332275,55,1
SLIM*SIG1,5715dcc7-1480-11f0-87db-54a95b9ec813,student,4,145,0.39399048686027527,0.005410909652709961,618.0,0.4034748375415802,42,1
SLIM*SIG1,5715dcc7-1480-11f0-87db-54a95b9ec813,student,4,146,0.39399048686027527,0.006867885589599609,527.0,0.4034748375415802,42,1
SLIM*SIG1,5715dcc7-1480-11f0-87db-54a95b9ec813,student,4,147,0.39399048686027527,0.005187273025512695,449.0,0.4034748375415802,42,1
SLIM*SIG1,5715dcc7-1480-11f0-87db-54a95b9ec813,student,4,148,0.39399048686027527,0.006245851516723633,607.0,0.4034748375415802,42,1
SLIM*SIG1,5715dcc7-1480-11f0-87db-54a95b9ec813,student,4,149,0.39399048686027527,0.00654911994934082,826.0,0.4034748375415802,42,1
SLIM*SIG1,5715dcc7-1480-11f0-87db-54a95b9ec813,student,4,150,0.39399048686027527,0.0,774.0,0.4034748375415802,42,1
SLIM*SIG1,5715dcc7-1480-11f0-87db-54a95b9ec813,student,4,151,0.39399048686027527,0.0010380744934082031,566.0,0.4034748375415802,42,1
SLIM*SIG1,5715dcc7-1480-11f0-87db-54a95b9ec813,student,4,152,0.39399048686027527,0.006012439727783203,566.0,0.4034748375415802,42,1
SLIM*SIG1,5715dcc7-1480-11f0-87db-54a95b9ec813,student,4,153,0.39184126257896423,0.009036779403686523,709.0,0.39701932668685913,29,1
SLIM*SIG1,5715dcc7-1480-11f0-87db-54a95b9ec813,student,4,154,0.39184126257896423,0.0,800.0,0.39701932668685913,29,1
SLIM*SIG1,5715dcc7-1480-11f0-87db-54a95b9ec813,student,4,155,0.38936150074005127,0.01566481590270996,735.0,0.39463284611701965,42,1
SLIM*SIG1,5715dcc7-1480-11f0-87db-54a95b9ec813,student,4,156,0.38936150074005127,0.0,566.0,0.39463284611701965,42,1
SLIM*SIG1,5715dcc7-1480-11f0-87db-54a95b9ec813,student,4,157,0.38936150074005127,0.015638351440429688,722.0,0.39463284611701965,42,1
SLIM*SIG1,5715dcc7-1480-11f0-87db-54a95b9ec813,student,4,158,0.38936150074005127,0.0,631.0,0.39463284611701965,42,1
SLIM*SIG1,5715dcc7-1480-11f0-87db-54a95b9ec813,student,4,159,0.38936150074005127,0.0,527.0,0.39463284611701965,42,1
SLIM*SIG1,5715dcc7-1480-11f0-87db-54a95b9ec813,student,4,160,0.3883550465106964,0.015592575073242188,553.0,0.3964150547981262,42,1
SLIM*SIG1,5715dcc7-1480-11f0-87db-54a95b9ec813,student,4,161,0.3883550465106964,0.0,579.0,0.3964150547981262,42,1
SLIM*SIG1,5715dcc7-1480-11f0-87db-54a95b9ec813,student,4,162,0.3883550465106964,0.0,631.0,0.3964150547981262,42,1
SLIM*SIG1,5715dcc7-1480-11f0-87db-54a95b9ec813,student,4,163,0.3883550465106964,0.01572418212890625,698.0,0.3964150547981262,42,1
SLIM*SIG1,5715dcc7-1480-11f0-87db-54a95b9ec813,student,4,164,0.3883550465106964,0.0,813.0,0.3964150547981262,42,1
SLIM*SIG1,5715dcc7-1480-11f0-87db-54a95b9ec813,student,4,165,0.3883550465106964,0.0,579.0,0.3964150547981262,42,1
SLIM*SIG1,5715dcc7-1480-11f0-87db-54a95b9ec813,student,4,166,0.3883550465106964,0.015616893768310547,553.0,0.3964150547981262,42,1
SLIM*SIG1,5715dcc7-1480-11f0-87db-54a95b9ec813,student,4,167,0.3883550465106964,0.0,566.0,0.3964150547981262,42,1
SLIM*SIG1,5715dcc7-1480-11f0-87db-54a95b9ec813,student,4,168,0.3883550465106964,0.016014575958251953,618.0,0.3964150547981262,42,1
SLIM*SIG1,5715dcc7-1480-11f0-87db-54a95b9ec813,student,4,169,0.3883550465106964,0.0,644.0,0.3964150547981262,42,1
SLIM*SIG1,5715dcc7-1480-11f0-87db-54a95b9ec813,student,4,170,0.3883550465106964,0.0,904.0,0.3964150547981262,42,1
SLIM*SIG1,5715dcc7-1480-11f0-87db-54a95b9ec813,student,4,171,0.3883550465106964,0.01563405990600586,943.0,0.3964150547981262,42,1
SLIM*SIG1,5715dcc7-1480-11f0-87db-54a95b9ec813,student,4,172,0.3883550465106964,0.010716676712036133,672.0,0.3964150547981262,42,1
SLIM*SIG1,5715dcc7-1480-11f0-87db-54a95b9ec813,student,4,173,0.38787728548049927,0.0,516.0,0.3960418701171875,55,1
SLIM*SIG1,5715dcc7-1480-11f0-87db-54a95b9ec813,student,4,174,0.38787728548049927,0.01562809944152832,527.0,0.3960418701171875,55,1
SLIM*SIG1,5715dcc7-1480-11f0-87db-54a95b9ec813,student,4,175,0.38787728548049927,0.0,436.0,0.3960418701171875,55,1
SLIM*SIG1,5715dcc7-1480-11f0-87db-54a95b9ec813,student,4,176,0.38787728548049927,0.010472536087036133,618.0,0.3960418701171875,55,1
SLIM*SIG1,5715dcc7-1480-11f0-87db-54a95b9ec813,student,4,177,0.38607895374298096,0.0061681270599365234,930.0,0.3944355249404907,68,1
SLIM*SIG1,5715dcc7-1480-11f0-87db-54a95b9ec813,student,4,178,0.38607895374298096,0.005036592483520508,1034.0,0.3944355249404907,68,1
SLIM*SIG1,5715dcc7-1480-11f0-87db-54a95b9ec813,student,4,179,0.38607895374298096,0.005702972412109375,1073.0,0.3944355249404907,68,1
SLIM*SIG1,5715dcc7-1480-11f0-87db-54a95b9ec813,student,4,180,0.38607895374298096,0.006218671798706055,1138.0,0.3944355249404907,68,1
SLIM*SIG1,5715dcc7-1480-11f0-87db-54a95b9ec813,student,4,181,0.3857917785644531,0.0059239864349365234,1125.0,0.3942406475543976,55,1
SLIM*SIG1,5715dcc7-1480-11f0-87db-54a95b9ec813,student,4,182,0.3857917785644531,0.00828242301940918,1320.0,0.3942406475543976,55,1
SLIM*SIG1,5715dcc7-1480-11f0-87db-54a95b9ec813,student,4,183,0.3857917785644531,0.00551295280456543,1099.0,0.3942406475543976,55,1
SLIM*SIG1,5715dcc7-1480-11f0-87db-54a95b9ec813,student,4,184,0.3857917785644531,0.007261991500854492,1257.0,0.3942406475543976,55,1
SLIM*SIG1,5715dcc7-1480-11f0-87db-54a95b9ec813,student,4,185,0.3857917785644531,0.0065228939056396484,1272.0,0.3942406475543976,55,1
SLIM*SIG1,5715dcc7-1480-11f0-87db-54a95b9ec813,student,4,186,0.3857917785644531,0.005163431167602539,1155.0,0.3942406475543976,55,1
SLIM*SIG1,5715dcc7-1480-11f0-87db-54a95b9ec813,student,4,187,0.3857917785644531,0.006606578826904297,1151.0,0.3942406475543976,55,1
SLIM*SIG1,5715dcc7-1480-11f0-87db-54a95b9ec813,student,4,188,0.3857917785644531,0.006611824035644531,1112.0,0.3942406475543976,55,1
SLIM*SIG1,5715dcc7-1480-11f0-87db-54a95b9ec813,student,4,189,0.3857917785644531,0.006452798843383789,1023.0,0.3942406475543976,55,1
SLIM*SIG1,5715dcc7-1480-11f0-87db-54a95b9ec813,student,4,190,0.38571497797966003,0.004320859909057617,1001.0,0.3941330313682556,68,1
SLIM*SIG1,5715dcc7-1480-11f0-87db-54a95b9ec813,student,4,191,0.38571497797966003,0.0,1319.0,0.3941330313682556,68,1
SLIM*SIG1,5715dcc7-1480-11f0-87db-54a95b9ec813,student,4,192,0.38571497797966003,0.013209342956542969,1650.0,0.3941330313682556,68,1
SLIM*SIG1,5715dcc7-1480-11f0-87db-54a95b9ec813,student,4,193,0.38571497797966003,0.0,1791.0,0.3941330313682556,68,1
SLIM*SIG1,5715dcc7-1480-11f0-87db-54a95b9ec813,student,4,194,0.38571497797966003,0.015013456344604492,1742.0,0.3941330313682556,68,1
SLIM*SIG1,5715dcc7-1480-11f0-87db-54a95b9ec813,student,4,195,0.38571497797966003,0.0,1504.0,0.3941330313682556,68,1
SLIM*SIG1,5715dcc7-1480-11f0-87db-54a95b9ec813,student,4,196,0.38571497797966003,0.01563882827758789,1621.0,0.3941330313682556,68,1
SLIM*SIG1,5715dcc7-1480-11f0-87db-54a95b9ec813,student,4,197,0.38571497797966003,0.008118867874145508,1242.0,0.3941330313682556,68,1
SLIM*SIG1,5715dcc7-1480-11f0-87db-54a95b9ec813,student,4,198,0.38571497797966003,0.008005857467651367,1426.0,0.3941330313682556,68,1
SLIM*SIG1,5715dcc7-1480-11f0-87db-54a95b9ec813,student,4,199,0.38571497797966003,0.0,1270.0,0.3941330313682556,68,1
SLIM*SIG1,5715dcc7-1480-11f0-87db-54a95b9ec813,student,4,200,0.38559243083000183,0.0,1634.0,0.39399972558021545,55,1
SLIM*SIG1,5715dcc7-1480-11f0-87db-54a95b9ec813,student,4,201,0.38559243083000183,0.01563286781311035,1723.0,0.39399972558021545,55,1
SLIM*SIG1,5715dcc7-1480-11f0-87db-54a95b9ec813,student,4,202,0.38559243083000183,0.006524801254272461,1753.0,0.39399972558021545,55,1
SLIM*SIG1,5715dcc7-1480-11f0-87db-54a95b9ec813,student,4,203,0.38559243083000183,0.0,1673.0,0.39399972558021545,55,1
SLIM*SIG1,5715dcc7-1480-11f0-87db-54a95b9ec813,student,4,204,0.38559243083000183,0.01562666893005371,1634.0,0.39399972558021545,55,1
SLIM*SIG1,5715dcc7-1480-11f0-87db-54a95b9ec813,student,4,205,0.38559243083000183,0.0,1452.0,0.39399972558021545,55,1
SLIM*SIG1,5715dcc7-1480-11f0-87db-54a95b9ec813,student,4,206,0.38559243083000183,0.0,1060.0,0.39399972558021545,55,1
SLIM*SIG1,5715dcc7-1480-11f0-87db-54a95b9ec813,student,4,207,0.38559243083000183,0.015652179718017578,1060.0,0.39399972558021545,55,1
SLIM*SIG1,5715dcc7-1480-11f0-87db-54a95b9ec813,student,4,208,0.38559243083000183,0.0,1008.0,0.39399972558021545,55,1
SLIM*SIG1,5715dcc7-1480-11f0-87db-54a95b9ec813,student,4,209,0.38559243083000183,0.0,1010.0,0.39399972558021545,55,1
SLIM*SIG1,5715dcc7-1480-11f0-87db-54a95b9ec813,student,4,210,0.38559243083000183,0.015622854232788086,1177.0,0.39399972558021545,55,1
SLIM*SIG1,5715dcc7-1480-11f0-87db-54a95b9ec813,student,4,211,0.38559243083000183,0.0,1372.0,0.39399972558021545,55,1
SLIM*SIG1,5715dcc7-1480-11f0-87db-54a95b9ec813,student,4,212,0.38559243083000183,0.015603303909301758,1372.0,0.39399972558021545,55,1
SLIM*SIG1,5715dcc7-1480-11f0-87db-54a95b9ec813,student,4,213,0.38559243083000183,0.0,1049.0,0.39399972558021545,55,1
SLIM*SIG1,5715dcc7-1480-11f0-87db-54a95b9ec813,student,4,214,0.38559243083000183,0.0,1038.0,0.39399972558021545,55,1
SLIM*SIG1,5715dcc7-1480-11f0-87db-54a95b9ec813,student,4,215,0.38559243083000183,0.008505105972290039,843.0,0.39399972558021545,55,1
SLIM*SIG1,5715dcc7-1480-11f0-87db-54a95b9ec813,student,4,216,0.38559243083000183,0.0,897.0,0.39399972558021545,55,1
SLIM*SIG1,5715dcc7-1480-11f0-87db-54a95b9ec813,student,4,217,0.38559243083000183,0.0,878.0,0.39399972558021545,55,1
SLIM*SIG1,5715dcc7-1480-11f0-87db-54a95b9ec813,student,4,218,0.38559243083000183,0.018754005432128906,826.0,0.39399972558021545,55,1
SLIM*SIG1,5715dcc7-1480-11f0-87db-54a95b9ec813,student,4,219,0.38559243083000183,0.0015172958374023438,696.0,0.39399972558021545,55,1
SLIM*SIG1,5715dcc7-1480-11f0-87db-54a95b9ec813,student,4,220,0.38559243083000183,0.0,702.0,0.39399972558021545,55,1
SLIM*SIG1,5715dcc7-1480-11f0-87db-54a95b9ec813,student,4,221,0.38559243083000183,0.015508174896240234,750.0,0.39399972558021545,55,1
SLIM*SIG1,5715dcc7-1480-11f0-87db-54a95b9ec813,student,4,222,0.38559243083000183,0.0,854.0,0.39399972558021545,55,1
SLIM*SIG1,5715dcc7-1480-11f0-87db-54a95b9ec813,student,4,223,0.38559243083000183,0.0,878.0,0.39399972558021545,55,1
SLIM*SIG1,5715dcc7-1480-11f0-87db-54a95b9ec813,student,4,224,0.38559243083000183,0.0,683.0,0.39399972558021545,55,1
SLIM*SIG1,5715dcc7-1480-11f0-87db-54a95b9ec813,student,4,225,0.38559243083000183,0.0,800.0,0.39399972558021545,55,1
SLIM*SIG1,5715dcc7-1480-11f0-87db-54a95b9ec813,student,4,226,0.38559243083000183,0.015627145767211914,735.0,0.39399972558021545,55,1
SLIM*SIG1,5715dcc7-1480-11f0-87db-54a95b9ec813,student,4,227,0.38559243083000183,0.0,735.0,0.39399972558021545,55,1
SLIM*SIG1,5715dcc7-1480-11f0-87db-54a95b9ec813,student,4,228,0.38559243083000183,0.0,982.0,0.39399972558021545,55,1
SLIM*SIG1,5715dcc7-1480-11f0-87db-54a95b9ec813,student,4,229,0.38559243083000183,0.01566624641418457,748.0,0.39399972558021545,55,1
SLIM*SIG1,5715dcc7-1480-11f0-87db-54a95b9ec813,student,4,230,0.38559243083000183,0.009007453918457031,722.0,0.39399972558021545,55,1
SLIM*SIG1,5715dcc7-1480-11f0-87db-54a95b9ec813,student,4,231,0.38559243083000183,0.0,618.0,0.39399972558021545,55,1
SLIM*SIG1,5715dcc7-1480-11f0-87db-54a95b9ec813,student,4,232,0.38559243083000183,0.007007598876953125,527.0,0.39399972558021545,55,1
SLIM*SIG1,5715dcc7-1480-11f0-87db-54a95b9ec813,student,4,233,0.38559243083000183,0.0,605.0,0.39399972558021545,55,1
SLIM*SIG1,5715dcc7-1480-11f0-87db-54a95b9ec813,student,4,234,0.38559243083000183,0.01566004753112793,475.0,0.39399972558021545,55,1
SLIM*SIG1,5715dcc7-1480-11f0-87db-54a95b9ec813,student,4,235,0.38559243083000183,0.006140470504760742,527.0,0.39399972558021545,55,1
SLIM*SIG1,5715dcc7-1480-11f0-87db-54a95b9ec813,student,4,236,0.38559243083000183,0.0,618.0,0.39399972558021545,55,1
SLIM*SIG1,5715dcc7-1480-11f0-87db-54a95b9ec813,student,4,237,0.38559243083000183,0.0,813.0,0.39399972558021545,55,1
SLIM*SIG1,5715dcc7-1480-11f0-87db-54a95b9ec813,student,4,238,0.38559243083000183,0.015657901763916016,1177.0,0.39399972558021545,55,1
SLIM*SIG1,5715dcc7-1480-11f0-87db-54a95b9ec813,student,4,239,0.38559243083000183,0.0,1281.0,0.39399972558021545,55,1
SLIM*SIG1,5715dcc7-1480-11f0-87db-54a95b9ec813,student,4,240,0.38559243083000183,0.0,1272.0,0.39399972558021545,55,1
SLIM*SIG1,5715dcc7-1480-11f0-87db-54a95b9ec813,student,4,241,0.38559243083000183,0.015594959259033203,1534.0,0.39399972558021545,55,1
SLIM*SIG1,5715dcc7-1480-11f0-87db-54a95b9ec813,student,4,242,0.3855826258659363,0.0,1517.0,0.3940131962299347,68,1
SLIM*SIG1,5715dcc7-1480-11f0-87db-54a95b9ec813,student,4,243,0.3855826258659363,0.015625476837158203,1125.0,0.3940131962299347,68,1
SLIM*SIG1,5715dcc7-1480-11f0-87db-54a95b9ec813,student,4,244,0.3855826258659363,0.0,1140.0,0.3940131962299347,68,1
SLIM*SIG1,5715dcc7-1480-11f0-87db-54a95b9ec813,student,4,245,0.3855826258659363,0.0,1088.0,0.3940131962299347,68,1
SLIM*SIG1,5715dcc7-1480-11f0-87db-54a95b9ec813,student,4,246,0.3855826258659363,0.015669822692871094,1335.0,0.3940131962299347,68,1
SLIM*SIG1,5715dcc7-1480-11f0-87db-54a95b9ec813,student,4,247,0.3855826258659363,0.009009361267089844,1333.0,0.3940131962299347,68,1
SLIM*SIG1,5715dcc7-1480-11f0-87db-54a95b9ec813,student,4,248,0.3855826258659363,0.00700831413269043,1658.0,0.3940131962299347,68,1
SLIM*SIG1,5715dcc7-1480-11f0-87db-54a95b9ec813,student,4,249,0.3855826258659363,0.0,1723.0,0.3940131962299347,68,1
SLIM*SIG1,5715dcc7-1480-11f0-87db-54a95b9ec813,student,4,250,0.3855826258659363,0.015634536743164062,1437.0,0.3940131962299347,68,1
SLIM*SIG1,5715dcc7-1480-11f0-87db-54a95b9ec813,student,4,251,0.3855826258659363,0.0,1294.0,0.3940131962299347,68,1
SLIM*SIG1,5715dcc7-1480-11f0-87db-54a95b9ec813,student,4,252,0.3855826258659363,0.0,1372.0,0.3940131962299347,68,1
SLIM*SIG1,5715dcc7-1480-11f0-87db-54a95b9ec813,student,4,253,0.3855826258659363,0.015654802322387695,1424.0,0.3940131962299347,68,1
SLIM*SIG1,5715dcc7-1480-11f0-87db-54a95b9ec813,student,4,254,0.3855826258659363,0.0,1164.0,0.3940131962299347,68,1
SLIM*SIG1,5715dcc7-1480-11f0-87db-54a95b9ec813,student,4,255,0.3855826258659363,0.015619039535522461,1047.0,0.3940131962299347,68,1
SLIM*SIG1,5715dcc7-1480-11f0-87db-54a95b9ec813,student,4,256,0.3855826258659363,0.00798940658569336,1151.0,0.3940131962299347,68,1
SLIM*SIG1,5715dcc7-1480-11f0-87db-54a95b9ec813,student,4,257,0.38556531071662903,0.0,1320.0,0.39400383830070496,81,1
SLIM*SIG1,5715dcc7-1480-11f0-87db-54a95b9ec813,student,4,258,0.38556531071662903,0.0,1801.0,0.39400383830070496,81,1
SLIM*SIG1,5715dcc7-1480-11f0-87db-54a95b9ec813,student,4,259,0.38556531071662903,0.015636444091796875,1931.0,0.39400383830070496,81,1
SLIM*SIG1,5715dcc7-1480-11f0-87db-54a95b9ec813,student,4,260,0.38556531071662903,0.0,1749.0,0.39400383830070496,81,1
SLIM*SIG1,5715dcc7-1480-11f0-87db-54a95b9ec813,student,4,261,0.38556531071662903,0.015654563903808594,1957.0,0.39400383830070496,81,1
SLIM*SIG1,5715dcc7-1480-11f0-87db-54a95b9ec813,student,4,262,0.38556531071662903,0.007009029388427734,1775.0,0.39400383830070496,81,1
SLIM*SIG1,5715dcc7-1480-11f0-87db-54a95b9ec813,student,4,263,0.38556531071662903,0.00903773307800293,1775.0,0.39400383830070496,81,1
SLIM*SIG1,5715dcc7-1480-11f0-87db-54a95b9ec813,student,4,264,0.38556531071662903,0.0,1801.0,0.39400383830070496,81,1
SLIM*SIG1,5715dcc7-1480-11f0-87db-54a95b9ec813,student,4,265,0.38556531071662903,0.0,2269.0,0.39400383830070496,81,1
SLIM*SIG1,5715dcc7-1480-11f0-87db-54a95b9ec813,student,4,266,0.38556531071662903,0.015639066696166992,2360.0,0.39400383830070496,81,1
SLIM*SIG1,5715dcc7-1480-11f0-87db-54a95b9ec813,student,4,267,0.38556531071662903,0.0,2425.0,0.39400383830070496,81,1
SLIM*SIG1,5715dcc7-1480-11f0-87db-54a95b9ec813,student,4,268,0.38556531071662903,0.0156557559967041,2204.0,0.39400383830070496,81,1
SLIM*SIG1,5715dcc7-1480-11f0-87db-54a95b9ec813,student,4,269,0.38556531071662903,0.0,1970.0,0.39400383830070496,81,1
SLIM*SIG1,5715dcc7-1480-11f0-87db-54a95b9ec813,student,4,270,0.38556531071662903,0.020662546157836914,1879.0,0.39400383830070496,81,1
SLIM*SIG1,5715dcc7-1480-11f0-87db-54a95b9ec813,student,4,271,0.38556531071662903,0.00013566017150878906,1697.0,0.39400383830070496,81,1
SLIM*SIG1,5715dcc7-1480-11f0-87db-54a95b9ec813,student,4,272,0.38556531071662903,0.0,1296.0,0.39400383830070496,81,1
SLIM*SIG1,5715dcc7-1480-11f0-87db-54a95b9ec813,student,4,273,0.38556531071662903,0.015652894973754883,1073.0,0.39400383830070496,81,1
SLIM*SIG1,5715dcc7-1480-11f0-87db-54a95b9ec813,student,4,274,0.38556531071662903,0.0,1478.0,0.39400383830070496,81,1
SLIM*SIG1,5715dcc7-1480-11f0-87db-54a95b9ec813,student,4,275,0.38556531071662903,0.0,1593.0,0.39400383830070496,81,1
SLIM*SIG1,5715dcc7-1480-11f0-87db-54a95b9ec813,student,4,276,0.38556531071662903,0.0,1619.0,0.39400383830070496,81,1
SLIM*SIG1,5715dcc7-1480-11f0-87db-54a95b9ec813,student,4,277,0.3836754560470581,0.0070612430572509766,1814.0,0.3920759856700897,94,1
SLIM*SIG1,5715dcc7-1480-11f0-87db-54a95b9ec813,student,4,278,0.3836754560470581,0.009012937545776367,1632.0,0.3920759856700897,94,1
SLIM*SIG1,5715dcc7-1480-11f0-87db-54a95b9ec813,student,4,279,0.3836754560470581,0.0,1502.0,0.3920759856700897,94,1
SLIM*SIG1,5715dcc7-1480-11f0-87db-54a95b9ec813,student,4,280,0.3836754560470581,0.0,1322.0,0.3920759856700897,94,1
SLIM*SIG1,5715dcc7-1480-11f0-87db-54a95b9ec813,student,4,281,0.3836754560470581,0.015634775161743164,1465.0,0.3920759856700897,94,1
SLIM*SIG1,5715dcc7-1480-11f0-87db-54a95b9ec813,student,4,282,0.3836754560470581,0.0,1586.0,0.3920759856700897,94,1
SLIM*SIG1,5715dcc7-1480-11f0-87db-54a95b9ec813,student,4,283,0.3836754560470581,0.015624761581420898,1465.0,0.3920759856700897,94,1
SLIM*SIG1,5715dcc7-1480-11f0-87db-54a95b9ec813,student,4,284,0.3836754560470581,0.0,1387.0,0.3920759856700897,94,1
SLIM*SIG1,5715dcc7-1480-11f0-87db-54a95b9ec813,student,4,285,0.38345789909362793,0.0,1521.0,0.39194002747535706,107,1
SLIM*SIG1,5715dcc7-1480-11f0-87db-54a95b9ec813,student,4,286,0.3834126591682434,0.021603822708129883,1688.0,0.39187613129615784,94,1
SLIM*SIG1,5715dcc7-1480-11f0-87db-54a95b9ec813,student,4,287,0.3834126591682434,0.0,1454.0,0.39187613129615784,94,1
SLIM*SIG1,5715dcc7-1480-11f0-87db-54a95b9ec813,student,4,288,0.3834126591682434,0.0,1528.0,0.39187613129615784,94,1
SLIM*SIG1,5715dcc7-1480-11f0-87db-54a95b9ec813,student,4,289,0.3833584785461426,0.015696287155151367,1905.0,0.3918178975582123,81,1
SLIM*SIG1,5715dcc7-1480-11f0-87db-54a95b9ec813,student,4,290,0.3833584785461426,0.0,1931.0,0.3918178975582123,81,1
SLIM*SIG1,5715dcc7-1480-11f0-87db-54a95b9ec813,student,4,291,0.3833584785461426,0.015596389770507812,1879.0,0.3918178975582123,81,1
SLIM*SIG1,5715dcc7-1480-11f0-87db-54a95b9ec813,student,4,292,0.3833584785461426,0.0,1788.0,0.3918178975582123,81,1
SLIM*SIG1,5715dcc7-1480-11f0-87db-54a95b9ec813,student,4,293,0.3833584785461426,0.0070362091064453125,1647.0,0.3918178975582123,81,1
SLIM*SIG1,5715dcc7-1480-11f0-87db-54a95b9ec813,student,4,294,0.3827553391456604,0.009012699127197266,1764.0,0.3903370201587677,107,1
SLIM*SIG1,5715dcc7-1480-11f0-87db-54a95b9ec813,student,4,295,0.3827553391456604,0.0,1647.0,0.3903370201587677,107,1
SLIM*SIG1,5715dcc7-1480-11f0-87db-54a95b9ec813,student,4,296,0.38208678364753723,0.01563262939453125,1996.0,0.3903961181640625,94,1
SLIM*SIG1,5715dcc7-1480-11f0-87db-54a95b9ec813,student,4,297,0.38208678364753723,0.0,2009.0,0.3903961181640625,94,1
SLIM*SIG1,5715dcc7-1480-11f0-87db-54a95b9ec813,student,4,298,0.38208678364753723,0.0,2269.0,0.3903961181640625,94,1
SLIM*SIG1,5715dcc7-1480-11f0-87db-54a95b9ec813,student,4,299,0.38208678364753723,0.015722036361694336,2791.0,0.3903961181640625,94,1
SLIM*SIG1,5715dcc7-1480-11f0-87db-54a95b9ec813,student,4,300,0.3813632130622864,0.0,2847.0,0.38988637924194336,81,1
SLIM*SIG1,5715dcc7-1480-11f0-87db-54a95b9ec813,student,4,301,0.3813632130622864,0.015528202056884766,2442.0,0.38988637924194336,81,1
SLIM*SIG1,5715dcc7-1480-11f0-87db-54a95b9ec813,student,4,302,0.3813632130622864,0.0,2268.0,0.38988637924194336,81,1
SLIM*SIG1,5715dcc7-1480-11f0-87db-54a95b9ec813,student,4,303,0.3813632130622864,0.015728235244750977,2145.0,0.38988637924194336,81,1
SLIM*SIG1,5715dcc7-1480-11f0-87db-54a95b9ec813,student,4,304,0.3813534677028656,0.0,2028.0,0.38987502455711365,94,1
SLIM*SIG1,5715dcc7-1480-11f0-87db-54a95b9ec813,student,4,305,0.3813534677028656,0.0,1948.0,0.38987502455711365,94,1
SLIM*SIG1,5715dcc7-1480-11f0-87db-54a95b9ec813,student,4,306,0.3813534677028656,0.015521526336669922,1894.0,0.38987502455711365,94,1
SLIM*SIG1,5715dcc7-1480-11f0-87db-54a95b9ec813,student,4,307,0.3813534677028656,0.013007164001464844,1970.0,0.38987502455711365,94,1
SLIM*SIG1,5715dcc7-1480-11f0-87db-54a95b9ec813,student,4,308,0.3813534677028656,0.003007173538208008,2048.0,0.38987502455711365,94,1
SLIM*SIG1,5715dcc7-1480-11f0-87db-54a95b9ec813,student,4,309,0.3813534677028656,0.0,1801.0,0.38987502455711365,94,1
SLIM*SIG1,5715dcc7-1480-11f0-87db-54a95b9ec813,student,4,310,0.3813534677028656,0.015634536743164062,1866.0,0.38987502455711365,94,1
SLIM*SIG1,5715dcc7-1480-11f0-87db-54a95b9ec813,student,4,311,0.3813534677028656,0.0,1892.0,0.38987502455711365,94,1
SLIM*SIG1,5715dcc7-1480-11f0-87db-54a95b9ec813,student,4,312,0.3813534677028656,0.0,1985.0,0.38987502455711365,94,1
SLIM*SIG1,5715dcc7-1480-11f0-87db-54a95b9ec813,student,4,313,0.3813534677028656,0.015673160552978516,2193.0,0.38987502455711365,94,1
SLIM*SIG1,5715dcc7-1480-11f0-87db-54a95b9ec813,student,4,314,0.3813534677028656,0.0,2416.0,0.38987502455711365,94,1
SLIM*SIG1,5715dcc7-1480-11f0-87db-54a95b9ec813,student,4,315,0.3813534677028656,0.015576839447021484,2381.0,0.38987502455711365,94,1
SLIM*SIG1,5715dcc7-1480-11f0-87db-54a95b9ec813,student,4,316,0.3813534677028656,0.009572505950927734,2045.0,0.38987502455711365,94,1
SLIM*SIG1,5715dcc7-1480-11f0-87db-54a95b9ec813,student,4,317,0.3813534677028656,0.0014197826385498047,1751.0,0.38987502455711365,94,1
SLIM*SIG1,5715dcc7-1480-11f0-87db-54a95b9ec813,student,4,318,0.3813439607620239,0.0,1493.0,0.38987284898757935,94,1
SLIM*SIG1,5715dcc7-1480-11f0-87db-54a95b9ec813,student,4,319,0.3813439607620239,0.01559901237487793,1662.0,0.38987284898757935,94,1
SLIM*SIG1,5715dcc7-1480-11f0-87db-54a95b9ec813,student,4,320,0.3813439607620239,0.0,1599.0,0.38987284898757935,94,1
SLIM*SIG1,5715dcc7-1480-11f0-87db-54a95b9ec813,student,4,321,0.3808344304561615,0.0,1857.0,0.39028868079185486,68,1
SLIM*SIG1,5715dcc7-1480-11f0-87db-54a95b9ec813,student,4,322,0.3808344304561615,0.015633821487426758,1853.0,0.39028868079185486,68,1
SLIM*SIG1,5715dcc7-1480-11f0-87db-54a95b9ec813,student,4,323,0.3808344304561615,0.008007287979125977,2009.0,0.39028868079185486,68,1
SLIM*SIG1,5715dcc7-1480-11f0-87db-54a95b9ec813,student,4,324,0.3808344304561615,0.008008480072021484,1712.0,0.39028868079185486,68,1
SLIM*SIG1,5715dcc7-1480-11f0-87db-54a95b9ec813,student,4,325,0.3808344304561615,0.0,1879.0,0.39028868079185486,68,1
SLIM*SIG1,5715dcc7-1480-11f0-87db-54a95b9ec813,student,4,326,0.3808344304561615,0.015634775161743164,1684.0,0.39028868079185486,68,1
SLIM*SIG1,5715dcc7-1480-11f0-87db-54a95b9ec813,student,4,327,0.3808344304561615,0.0,1450.0,0.39028868079185486,68,1
SLIM*SIG1,5715dcc7-1480-11f0-87db-54a95b9ec813,student,4,328,0.3808344304561615,0.0,1372.0,0.39028868079185486,68,1
SLIM*SIG1,5715dcc7-1480-11f0-87db-54a95b9ec813,student,4,329,0.3808344304561615,0.015623331069946289,1489.0,0.39028868079185486,68,1
SLIM*SIG1,5715dcc7-1480-11f0-87db-54a95b9ec813,student,4,330,0.3808344304561615,0.0,1372.0,0.39028868079185486,68,1
SLIM*SIG1,5715dcc7-1480-11f0-87db-54a95b9ec813,student,4,331,0.3808344304561615,0.015755891799926758,1281.0,0.39028868079185486,68,1
SLIM*SIG1,5715dcc7-1480-11f0-87db-54a95b9ec813,student,4,332,0.3808344304561615,0.0026946067810058594,1242.0,0.39028868079185486,68,1
SLIM*SIG1,5715dcc7-1480-11f0-87db-54a95b9ec813,student,4,333,0.3808344304561615,0.0,1307.0,0.39028868079185486,68,1
SLIM*SIG1,5715dcc7-1480-11f0-87db-54a95b9ec813,student,4,334,0.3808344304561615,0.0,1411.0,0.39028868079185486,68,1
SLIM*SIG1,5715dcc7-1480-11f0-87db-54a95b9ec813,student,4,335,0.3808344304561615,0.01550745964050293,1281.0,0.39028868079185486,68,1
SLIM*SIG1,5715dcc7-1480-11f0-87db-54a95b9ec813,student,4,336,0.3808344304561615,0.0,1229.0,0.39028868079185486,68,1
SLIM*SIG1,5715dcc7-1480-11f0-87db-54a95b9ec813,student,4,337,0.3808344304561615,0.015633106231689453,1255.0,0.39028868079185486,68,1
SLIM*SIG1,5715dcc7-1480-11f0-87db-54a95b9ec813,student,4,338,0.378199964761734,0.0,1567.0,0.38803228735923767,81,1
SLIM*SIG1,5715dcc7-1480-11f0-87db-54a95b9ec813,student,4,339,0.3781887888908386,0.008605480194091797,1491.0,0.38805651664733887,94,1
SLIM*SIG1,5715dcc7-1480-11f0-87db-54a95b9ec813,student,4,340,0.3781887888908386,0.007505893707275391,1506.0,0.38805651664733887,94,1
SLIM*SIG1,5715dcc7-1480-11f0-87db-54a95b9ec813,student,4,341,0.3781887888908386,0.0,1363.0,0.38805651664733887,94,1
SLIM*SIG1,5715dcc7-1480-11f0-87db-54a95b9ec813,student,4,342,0.3773629367351532,0.0,1515.0,0.3908635079860687,94,1
SLIM*SIG1,5715dcc7-1480-11f0-87db-54a95b9ec813,student,4,343,0.3773629367351532,0.015631914138793945,1970.0,0.3908635079860687,94,1
SLIM*SIG1,5715dcc7-1480-11f0-87db-54a95b9ec813,student,4,344,0.3773629367351532,0.0,2180.0,0.3908635079860687,94,1
SLIM*SIG1,5715dcc7-1480-11f0-87db-54a95b9ec813,student,4,345,0.3773629367351532,0.01572442054748535,2375.0,0.3908635079860687,94,1
SLIM*SIG1,5715dcc7-1480-11f0-87db-54a95b9ec813,student,4,346,0.3773629367351532,0.0,2262.0,0.3908635079860687,94,1
SLIM*SIG1,5715dcc7-1480-11f0-87db-54a95b9ec813,student,4,347,0.3773629367351532,0.0,2076.0,0.3908635079860687,94,1
SLIM*SIG1,5715dcc7-1480-11f0-87db-54a95b9ec813,student,4,348,0.3773629367351532,0.01552724838256836,1762.0,0.3908635079860687,94,1
SLIM*SIG1,5715dcc7-1480-11f0-87db-54a95b9ec813,student,4,349,0.3773629367351532,0.006172657012939453,1775.0,0.3908635079860687,94,1
SLIM*SIG1,5715dcc7-1480-11f0-87db-54a95b9ec813,student,4,350,0.3773629367351532,0.0,1801.0,0.3908635079860687,94,1
SLIM*SIG1,5715dcc7-1480-11f0-87db-54a95b9ec813,student,4,351,0.3773629367351532,0.0,2139.0,0.3908635079860687,94,1
SLIM*SIG1,5715dcc7-1480-11f0-87db-54a95b9ec813,student,4,352,0.3770359456539154,0.01564955711364746,2438.0,0.3906087875366211,107,1
SLIM*SIG1,5715dcc7-1480-11f0-87db-54a95b9ec813,student,4,353,0.3770359456539154,0.0,2646.0,0.3906087875366211,107,1
SLIM*SIG1,5715dcc7-1480-11f0-87db-54a95b9ec813,student,4,354,0.3770359456539154,0.01602339744567871,2490.0,0.3906087875366211,107,1
SLIM*SIG1,5715dcc7-1480-11f0-87db-54a95b9ec813,student,4,355,0.3770359456539154,0.008006572723388672,2594.0,0.3906087875366211,107,1
SLIM*SIG1,5715dcc7-1480-11f0-87db-54a95b9ec813,student,4,356,0.3770359456539154,0.0,2765.0,0.3906087875366211,107,1
SLIM*SIG1,5715dcc7-1480-11f0-87db-54a95b9ec813,student,4,357,0.3770359456539154,0.0,2843.0,0.3906087875366211,107,1
SLIM*SIG1,5715dcc7-1480-11f0-87db-54a95b9ec813,student,4,358,0.3770359456539154,0.0,3079.0,0.3906087875366211,107,1
SLIM*SIG1,5715dcc7-1480-11f0-87db-54a95b9ec813,student,4,359,0.3766166865825653,0.01568150520324707,3231.0,0.39096003770828247,120,1
SLIM*SIG1,5715dcc7-1480-11f0-87db-54a95b9ec813,student,4,360,0.3766166865825653,0.0,3049.0,0.39096003770828247,120,1
SLIM*SIG1,5715dcc7-1480-11f0-87db-54a95b9ec813,student,4,361,0.3766166865825653,0.015677452087402344,2986.0,0.39096003770828247,120,1
SLIM*SIG1,5715dcc7-1480-11f0-87db-54a95b9ec813,student,4,362,0.3766166865825653,0.0,3287.0,0.39096003770828247,120,1
SLIM*SIG1,5715dcc7-1480-11f0-87db-54a95b9ec813,student,4,363,0.3766166865825653,0.015625,3023.0,0.39096003770828247,120,1
SLIM*SIG1,5715dcc7-1480-11f0-87db-54a95b9ec813,student,4,364,0.3766166865825653,0.0,3062.0,0.39096003770828247,120,1
SLIM*SIG1,5715dcc7-1480-11f0-87db-54a95b9ec813,student,4,365,0.3766166865825653,0.0,2906.0,0.39096003770828247,120,1
SLIM*SIG1,5715dcc7-1480-11f0-87db-54a95b9ec813,student,4,366,0.3766166865825653,0.015632152557373047,3179.0,0.39096003770828247,120,1
SLIM*SIG1,5715dcc7-1480-11f0-87db-54a95b9ec813,student,4,367,0.3766166865825653,0.0,3023.0,0.39096003770828247,120,1
SLIM*SIG1,5715dcc7-1480-11f0-87db-54a95b9ec813,student,4,368,0.3766166865825653,0.0,2958.0,0.39096003770828247,120,1
SLIM*SIG1,5715dcc7-1480-11f0-87db-54a95b9ec813,student,4,369,0.3766166865825653,0.02289295196533203,3023.0,0.39096003770828247,120,1
SLIM*SIG1,5715dcc7-1480-11f0-87db-54a95b9ec813,student,4,370,0.3766166865825653,0.006608724594116211,2984.0,0.39096003770828247,120,1
SLIM*SIG1,5715dcc7-1480-11f0-87db-54a95b9ec813,student,4,371,0.3766166865825653,0.0,2425.0,0.39096003770828247,120,1
SLIM*SIG1,5715dcc7-1480-11f0-87db-54a95b9ec813,student,4,372,0.3766166865825653,0.009006500244140625,2321.0,0.39096003770828247,120,1
SLIM*SIG1,5715dcc7-1480-11f0-87db-54a95b9ec813,student,4,373,0.3766166865825653,0.0,2646.0,0.39096003770828247,120,1
SLIM*SIG1,5715dcc7-1480-11f0-87db-54a95b9ec813,student,4,374,0.3766166865825653,0.013061761856079102,2555.0,0.39096003770828247,120,1
SLIM*SIG1,5715dcc7-1480-11f0-87db-54a95b9ec813,student,4,375,0.3766166865825653,0.0,2984.0,0.39096003770828247,120,1
SLIM*SIG1,5715dcc7-1480-11f0-87db-54a95b9ec813,student,4,376,0.3766166865825653,0.015736818313598633,2869.0,0.39096003770828247,120,1
SLIM*SIG1,5715dcc7-1480-11f0-87db-54a95b9ec813,student,4,377,0.3766166865825653,0.0,3378.0,0.39096003770828247,120,1
SLIM*SIG1,5715dcc7-1480-11f0-87db-54a95b9ec813,student,4,378,0.3766166865825653,0.015622138977050781,3742.0,0.39096003770828247,120,1
SLIM*SIG1,5715dcc7-1480-11f0-87db-54a95b9ec813,student,4,379,0.3766166865825653,0.0,3430.0,0.39096003770828247,120,1
SLIM*SIG1,5715dcc7-1480-11f0-87db-54a95b9ec813,student,4,380,0.3766166865825653,0.015622615814208984,3391.0,0.39096003770828247,120,1
SLIM*SIG1,5715dcc7-1480-11f0-87db-54a95b9ec813,student,4,381,0.3766166865825653,0.0,3404.0,0.39096003770828247,120,1
SLIM*SIG1,5715dcc7-1480-11f0-87db-54a95b9ec813,student,4,382,0.3766166865825653,0.0,3296.0,0.39096003770828247,120,1
SLIM*SIG1,5715dcc7-1480-11f0-87db-54a95b9ec813,student,4,383,0.3766166865825653,0.015522003173828125,3387.0,0.39096003770828247,120,1
SLIM*SIG1,5715dcc7-1480-11f0-87db-54a95b9ec813,student,4,384,0.3766166865825653,0.009498119354248047,2932.0,0.39096003770828247,120,1
SLIM*SIG1,5715dcc7-1480-11f0-87db-54a95b9ec813,student,4,385,0.3766166865825653,0.006146669387817383,3114.0,0.39096003770828247,120,1
SLIM*SIG1,5715dcc7-1480-11f0-87db-54a95b9ec813,student,4,386,0.3766166865825653,0.00961160659790039,3075.0,0.39096003770828247,120,1
SLIM*SIG1,5715dcc7-1480-11f0-87db-54a95b9ec813,student,4,387,0.3766166865825653,0.0,3062.0,0.39096003770828247,120,1
SLIM*SIG1,5715dcc7-1480-11f0-87db-54a95b9ec813,student,4,388,0.3766166865825653,0.01573777198791504,3075.0,0.39096003770828247,120,1
SLIM*SIG1,5715dcc7-1480-11f0-87db-54a95b9ec813,student,4,389,0.3766166865825653,0.0,3322.0,0.39096003770828247,120,1
SLIM*SIG1,5715dcc7-1480-11f0-87db-54a95b9ec813,student,4,390,0.3766166865825653,0.0,3387.0,0.39096003770828247,120,1
SLIM*SIG1,5715dcc7-1480-11f0-87db-54a95b9ec813,student,4,391,0.3766166865825653,0.015521764755249023,3387.0,0.39096003770828247,120,1
SLIM*SIG1,5715dcc7-1480-11f0-87db-54a95b9ec813,student,4,392,0.3766166865825653,0.0,3907.0,0.39096003770828247,120,1
SLIM*SIG1,5715dcc7-1480-11f0-87db-54a95b9ec813,student,4,393,0.3766166865825653,0.015621185302734375,3868.0,0.39096003770828247,120,1
SLIM*SIG1,5715dcc7-1480-11f0-87db-54a95b9ec813,student,4,394,0.3766166865825653,0.0,3686.0,0.39096003770828247,120,1
SLIM*SIG1,5715dcc7-1480-11f0-87db-54a95b9ec813,student,4,395,0.3766166865825653,0.01562643051147461,3543.0,0.39096003770828247,120,1
SLIM*SIG1,5715dcc7-1480-11f0-87db-54a95b9ec813,student,4,396,0.3766166865825653,0.0,3660.0,0.39096003770828247,120,1
SLIM*SIG1,5715dcc7-1480-11f0-87db-54a95b9ec813,student,4,397,0.3766166865825653,0.0,3699.0,0.39096003770828247,120,1
SLIM*SIG1,5715dcc7-1480-11f0-87db-54a95b9ec813,student,4,398,0.3766166865825653,0.02010655403137207,3270.0,0.39096003770828247,120,1
SLIM*SIG1,5715dcc7-1480-11f0-87db-54a95b9ec813,student,4,399,0.3766166865825653,0.000331878662109375,3023.0,0.39096003770828247,120,1
SLIM*SIG1,5715dcc7-1480-11f0-87db-54a95b9ec813,student,4,400,0.3766166865825653,0.006505727767944336,2867.0,0.39096003770828247,120,1
SLIM*SIG1,5715dcc7-1480-11f0-87db-54a95b9ec813,student,4,401,0.3766166865825653,0.009006738662719727,2880.0,0.39096003770828247,120,1
SLIM*SIG1,5715dcc7-1480-11f0-87db-54a95b9ec813,student,4,402,0.3766166865825653,0.0,3036.0,0.39096003770828247,120,1
SLIM*SIG1,5715dcc7-1480-11f0-87db-54a95b9ec813,student,4,403,0.3766166865825653,0.015731096267700195,3010.0,0.39096003770828247,120,1
SLIM*SIG1,5715dcc7-1480-11f0-87db-54a95b9ec813,student,4,404,0.3766166865825653,0.0,3077.0,0.39096003770828247,120,1
SLIM*SIG1,5715dcc7-1480-11f0-87db-54a95b9ec813,student,4,405,0.3766166865825653,0.0,3157.0,0.39096003770828247,120,1
SLIM*SIG1,5715dcc7-1480-11f0-87db-54a95b9ec813,student,4,406,0.3766166865825653,0.015639305114746094,3233.0,0.39096003770828247,120,1
SLIM*SIG1,5715dcc7-1480-11f0-87db-54a95b9ec813,student,4,407,0.3766166865825653,0.0,3270.0,0.39096003770828247,120,1
SLIM*SIG1,5715dcc7-1480-11f0-87db-54a95b9ec813,student,4,408,0.3766166865825653,0.015513420104980469,3023.0,0.39096003770828247,120,1
SLIM*SIG1,5715dcc7-1480-11f0-87db-54a95b9ec813,student,4,409,0.3766166865825653,0.0,2815.0,0.39096003770828247,120,1
SLIM*SIG1,5715dcc7-1480-11f0-87db-54a95b9ec813,student,4,410,0.3766166865825653,0.011605262756347656,2984.0,0.39096003770828247,120,1
SLIM*SIG1,5715dcc7-1480-11f0-87db-54a95b9ec813,student,4,411,0.3765723407268524,0.004506587982177734,3140.0,0.39075523614883423,133,1
SLIM*SIG1,5715dcc7-1480-11f0-87db-54a95b9ec813,student,4,412,0.3765723407268524,0.0,3101.0,0.39075523614883423,133,1
SLIM*SIG1,5715dcc7-1480-11f0-87db-54a95b9ec813,student,4,413,0.3765723407268524,0.0157315731048584,3283.0,0.39075523614883423,133,1
SLIM*SIG1,5715dcc7-1480-11f0-87db-54a95b9ec813,student,4,414,0.3765723407268524,0.002801656723022461,3556.0,0.39075523614883423,133,1
SLIM*SIG1,5715dcc7-1480-11f0-87db-54a95b9ec813,student,4,415,0.3765723407268524,0.006005764007568359,3907.0,0.39075523614883423,133,1
SLIM*SIG1,5715dcc7-1480-11f0-87db-54a95b9ec813,student,4,416,0.3765723407268524,0.009506702423095703,4182.0,0.39075523614883423,133,1
SLIM*SIG1,5715dcc7-1480-11f0-87db-54a95b9ec813,student,4,417,0.3765723407268524,0.0,4076.0,0.39075523614883423,133,1
SLIM*SIG1,5715dcc7-1480-11f0-87db-54a95b9ec813,student,4,418,0.3765723407268524,0.01563429832458496,4401.0,0.39075523614883423,133,1
SLIM*SIG1,5715dcc7-1480-11f0-87db-54a95b9ec813,student,4,419,0.3765723407268524,0.0,4193.0,0.39075523614883423,133,1
SLIM*SIG1,5715dcc7-1480-11f0-87db-54a95b9ec813,student,4,420,0.3765723407268524,0.0,4128.0,0.39075523614883423,133,1
SLIM*SIG1,5715dcc7-1480-11f0-87db-54a95b9ec813,student,4,421,0.3765723407268524,0.015724897384643555,4258.0,0.39075523614883423,133,1
SLIM*SIG1,5715dcc7-1480-11f0-87db-54a95b9ec813,student,4,422,0.3765723407268524,0.0,4299.0,0.39075523614883423,133,1
SLIM*SIG1,5715dcc7-1480-11f0-87db-54a95b9ec813,student,4,423,0.3765723407268524,0.015528202056884766,4375.0,0.39075523614883423,133,1
SLIM*SIG1,5715dcc7-1480-11f0-87db-54a95b9ec813,student,4,424,0.3765723407268524,0.0,4414.0,0.39075523614883423,133,1
SLIM*SIG1,5715dcc7-1480-11f0-87db-54a95b9ec813,student,4,425,0.3765723407268524,0.015621423721313477,4401.0,0.39075523614883423,133,1
SLIM*SIG1,5715dcc7-1480-11f0-87db-54a95b9ec813,student,4,426,0.3765723407268524,0.0,4401.0,0.39075523614883423,133,1
SLIM*SIG1,5715dcc7-1480-11f0-87db-54a95b9ec813,student,4,427,0.3765723407268524,0.0,4195.0,0.39075523614883423,133,1
SLIM*SIG1,5715dcc7-1480-11f0-87db-54a95b9ec813,student,4,428,0.3765723407268524,0.01572704315185547,3946.0,0.39075523614883423,133,1
SLIM*SIG1,5715dcc7-1480-11f0-87db-54a95b9ec813,student,4,429,0.3765723407268524,0.012508392333984375,3779.0,0.39075523614883423,133,1
SLIM*SIG1,5715dcc7-1480-11f0-87db-54a95b9ec813,student,4,430,0.3765723407268524,0.0035080909729003906,3835.0,0.39075523614883423,133,1
SLIM*SIG1,5715dcc7-1480-11f0-87db-54a95b9ec813,student,4,431,0.3765723407268524,0.0,3742.0,0.39075523614883423,133,1
SLIM*SIG1,5715dcc7-1480-11f0-87db-54a95b9ec813,student,4,432,0.3765723407268524,0.015736818313598633,4039.0,0.39075523614883423,133,1
SLIM*SIG1,5715dcc7-1480-11f0-87db-54a95b9ec813,student,4,433,0.3765723407268524,0.004668474197387695,3714.0,0.39075523614883423,133,1
SLIM*SIG1,5715dcc7-1480-11f0-87db-54a95b9ec813,student,4,434,0.3765723407268524,0.0,4067.0,0.39075523614883423,133,1
SLIM*SIG1,5715dcc7-1480-11f0-87db-54a95b9ec813,student,4,435,0.3759670555591583,0.015727996826171875,3982.0,0.39087235927581787,133,1
SLIM*SIG1,5715dcc7-1480-11f0-87db-54a95b9ec813,student,4,436,0.3759670555591583,0.0,3820.0,0.39087235927581787,133,1
SLIM*SIG1,5715dcc7-1480-11f0-87db-54a95b9ec813,student,4,437,0.3759670555591583,0.0,3764.0,0.39087235927581787,133,1
SLIM*SIG1,5715dcc7-1480-11f0-87db-54a95b9ec813,student,4,438,0.3759670555591583,0.015524625778198242,3868.0,0.39087235927581787,133,1
SLIM*SIG1,5715dcc7-1480-11f0-87db-54a95b9ec813,student,4,439,0.3759670555591583,0.0,4663.0,0.39087235927581787,133,1
SLIM*SIG1,5715dcc7-1480-11f0-87db-54a95b9ec813,student,4,440,0.3759670555591583,0.015724658966064453,4871.0,0.39087235927581787,133,1
SLIM*SIG1,5715dcc7-1480-11f0-87db-54a95b9ec813,student,4,441,0.3759670555591583,0.0,4739.0,0.39087235927581787,133,1
SLIM*SIG1,5715dcc7-1480-11f0-87db-54a95b9ec813,student,4,442,0.3759670555591583,0.015523672103881836,4388.0,0.39087235927581787,133,1
SLIM*SIG1,5715dcc7-1480-11f0-87db-54a95b9ec813,student,4,443,0.3759670555591583,0.0,4156.0,0.39087235927581787,133,1
SLIM*SIG1,5715dcc7-1480-11f0-87db-54a95b9ec813,student,4,444,0.3759670555591583,0.011605978012084961,4368.0,0.39087235927581787,133,1
SLIM*SIG1,5715dcc7-1480-11f0-87db-54a95b9ec813,student,4,445,0.37089428305625916,0.0046079158782958984,4747.0,0.3805159330368042,107,1
SLIM*SIG1,5715dcc7-1480-11f0-87db-54a95b9ec813,student,4,446,0.37089428305625916,0.0,4883.0,0.3805159330368042,107,1
SLIM*SIG1,5715dcc7-1480-11f0-87db-54a95b9ec813,student,4,447,0.37089428305625916,0.0202028751373291,4549.0,0.3805159330368042,107,1
SLIM*SIG1,5715dcc7-1480-11f0-87db-54a95b9ec813,student,4,448,0.37088432908058167,0.0015685558319091797,4032.0,0.3800034523010254,94,1
SLIM*SIG1,5715dcc7-1480-11f0-87db-54a95b9ec813,student,4,449,0.37088432908058167,0.0,3874.0,0.3800034523010254,94,1
SLIM*SIG1,5715dcc7-1480-11f0-87db-54a95b9ec813,student,4,450,0.37088432908058167,0.015773773193359375,3302.0,0.3800034523010254,94,1
SLIM*SIG1,5715dcc7-1480-11f0-87db-54a95b9ec813,student,4,451,0.37088432908058167,0.0,3014.0,0.3800034523010254,94,1
SLIM*SIG1,5715dcc7-1480-11f0-87db-54a95b9ec813,student,4,452,0.37088432908058167,0.015630483627319336,2769.0,0.3800034523010254,94,1
SLIM*SIG1,5715dcc7-1480-11f0-87db-54a95b9ec813,student,4,453,0.37088432908058167,0.0,2546.0,0.3800034523010254,94,1
SLIM*SIG1,5715dcc7-1480-11f0-87db-54a95b9ec813,student,4,454,0.37088432908058167,0.0,2453.0,0.3800034523010254,94,1
SLIM*SIG1,5715dcc7-1480-11f0-87db-54a95b9ec813,student,4,455,0.37088432908058167,0.015624761581420898,2607.0,0.3800034523010254,94,1
SLIM*SIG1,5715dcc7-1480-11f0-87db-54a95b9ec813,student,4,456,0.37088432908058167,0.0,2035.0,0.3800034523010254,94,1
SLIM*SIG1,5715dcc7-1480-11f0-87db-54a95b9ec813,student,4,457,0.37088432908058167,0.016022920608520508,2074.0,0.3800034523010254,94,1
SLIM*SIG1,5715dcc7-1480-11f0-87db-54a95b9ec813,student,4,458,0.37088432908058167,0.0,2035.0,0.3800034523010254,94,1
SLIM*SIG1,5715dcc7-1480-11f0-87db-54a95b9ec813,student,4,459,0.37088432908058167,0.01061248779296875,1983.0,0.3800034523010254,94,1
SLIM*SIG1,5715dcc7-1480-11f0-87db-54a95b9ec813,student,4,460,0.37088432908058167,0.005506277084350586,2126.0,0.3800034523010254,94,1
SLIM*SIG1,5715dcc7-1480-11f0-87db-54a95b9ec813,student,4,461,0.37088432908058167,0.0,2360.0,0.3800034523010254,94,1
SLIM*SIG1,5715dcc7-1480-11f0-87db-54a95b9ec813,student,4,462,0.37088432908058167,0.005000591278076172,2607.0,0.3800034523010254,94,1
SLIM*SIG1,5715dcc7-1480-11f0-87db-54a95b9ec813,student,4,463,0.37088432908058167,0.0,2726.0,0.3800034523010254,94,1
SLIM*SIG1,5715dcc7-1480-11f0-87db-54a95b9ec813,student,4,464,0.37088432908058167,0.006704092025756836,2555.0,0.3800034523010254,94,1
SLIM*SIG1,5715dcc7-1480-11f0-87db-54a95b9ec813,student,4,465,0.37088432908058167,0.00656890869140625,2490.0,0.3800034523010254,94,1
SLIM*SIG1,5715dcc7-1480-11f0-87db-54a95b9ec813,student,4,466,0.37088432908058167,0.008108854293823242,2542.0,0.3800034523010254,94,1
SLIM*SIG1,5715dcc7-1480-11f0-87db-54a95b9ec813,student,4,467,0.37088432908058167,0.007582664489746094,2529.0,0.3800034523010254,94,1
SLIM*SIG1,5715dcc7-1480-11f0-87db-54a95b9ec813,student,4,468,0.37088432908058167,0.007138490676879883,2542.0,0.3800034523010254,94,1
SLIM*SIG1,5715dcc7-1480-11f0-87db-54a95b9ec813,student,4,469,0.37088432908058167,0.0059092044830322266,2425.0,0.3800034523010254,94,1
SLIM*SIG1,5715dcc7-1480-11f0-87db-54a95b9ec813,student,4,470,0.37088432908058167,0.008018016815185547,2321.0,0.3800034523010254,94,1
SLIM*SIG1,5715dcc7-1480-11f0-87db-54a95b9ec813,student,4,471,0.37088432908058167,0.007206916809082031,2542.0,0.3800034523010254,94,1
SLIM*SIG1,5715dcc7-1480-11f0-87db-54a95b9ec813,student,4,472,0.37088432908058167,0.007191658020019531,2453.0,0.3800034523010254,94,1
SLIM*SIG1,5715dcc7-1480-11f0-87db-54a95b9ec813,student,4,473,0.37088432908058167,0.006463289260864258,2217.0,0.3800034523010254,94,1
SLIM*SIG1,5715dcc7-1480-11f0-87db-54a95b9ec813,student,4,474,0.37088432908058167,0.00889730453491211,2334.0,0.3800034523010254,94,1
SLIM*SIG1,5715dcc7-1480-11f0-87db-54a95b9ec813,student,4,475,0.37088432908058167,0.007539033889770508,2412.0,0.3800034523010254,94,1
SLIM*SIG1,5715dcc7-1480-11f0-87db-54a95b9ec813,student,4,476,0.37088432908058167,0.007245540618896484,2750.0,0.3800034523010254,94,1
SLIM*SIG1,5715dcc7-1480-11f0-87db-54a95b9ec813,student,4,477,0.37088432908058167,0.0,2763.0,0.3800034523010254,94,1
SLIM*SIG1,5715dcc7-1480-11f0-87db-54a95b9ec813,student,4,478,0.37088432908058167,0.0,2672.0,0.3800034523010254,94,1
SLIM*SIG1,5715dcc7-1480-11f0-87db-54a95b9ec813,student,4,479,0.37088432908058167,0.001043558120727539,2659.0,0.3800034523010254,94,1
SLIM*SIG1,5715dcc7-1480-11f0-87db-54a95b9ec813,student,4,480,0.37088432908058167,0.015035629272460938,2555.0,0.3800034523010254,94,1
SLIM*SIG1,5715dcc7-1480-11f0-87db-54a95b9ec813,student,4,481,0.37088432908058167,0.0,2321.0,0.3800034523010254,94,1
SLIM*SIG1,5715dcc7-1480-11f0-87db-54a95b9ec813,student,4,482,0.37088432908058167,0.0,2126.0,0.3800034523010254,94,1
SLIM*SIG1,5715dcc7-1480-11f0-87db-54a95b9ec813,student,4,483,0.37088432908058167,0.01563715934753418,1918.0,0.3800034523010254,94,1
SLIM*SIG1,5715dcc7-1480-11f0-87db-54a95b9ec813,student,4,484,0.37088432908058167,0.011035680770874023,1933.0,0.3800034523010254,94,1
SLIM*SIG1,5715dcc7-1480-11f0-87db-54a95b9ec813,student,4,485,0.37088432908058167,0.005120038986206055,1842.0,0.3800034523010254,94,1
SLIM*SIG1,5715dcc7-1480-11f0-87db-54a95b9ec813,student,4,486,0.36975884437561035,0.0,1818.0,0.37903067469596863,107,1
SLIM*SIG1,5715dcc7-1480-11f0-87db-54a95b9ec813,student,4,487,0.36975884437561035,0.02072286605834961,2234.0,0.37903067469596863,107,1
SLIM*SIG1,5715dcc7-1480-11f0-87db-54a95b9ec813,student,4,488,0.36975884437561035,0.0,2490.0,0.37903067469596863,107,1
SLIM*SIG1,5715dcc7-1480-11f0-87db-54a95b9ec813,student,4,489,0.36975884437561035,0.0,2529.0,0.37903067469596863,107,1
SLIM*SIG1,5715dcc7-1480-11f0-87db-54a95b9ec813,student,4,490,0.36975884437561035,0.015732288360595703,2698.0,0.37903067469596863,107,1
SLIM*SIG1,5715dcc7-1480-11f0-87db-54a95b9ec813,student,4,491,0.36975884437561035,0.0,2971.0,0.37903067469596863,107,1
SLIM*SIG1,5715dcc7-1480-11f0-87db-54a95b9ec813,student,4,492,0.36975884437561035,0.015619277954101562,3088.0,0.37903067469596863,107,1
SLIM*SIG1,5715dcc7-1480-11f0-87db-54a95b9ec813,student,4,493,0.3691578805446625,0.015637874603271484,3452.0,0.382201611995697,120,1
SLIM*SIG1,5715dcc7-1480-11f0-87db-54a95b9ec813,student,4,494,0.3691578805446625,0.0,3439.0,0.382201611995697,120,1
SLIM*SIG1,5715dcc7-1480-11f0-87db-54a95b9ec813,student,4,495,0.3691578805446625,0.015515565872192383,3699.0,0.382201611995697,120,1
SLIM*SIG1,5715dcc7-1480-11f0-87db-54a95b9ec813,student,4,496,0.3691578805446625,0.011509180068969727,3883.0,0.382201611995697,120,1
SLIM*SIG1,5715dcc7-1480-11f0-87db-54a95b9ec813,student,4,497,0.3691578805446625,0.009565591812133789,3998.0,0.382201611995697,120,1
SLIM*SIG1,5715dcc7-1480-11f0-87db-54a95b9ec813,student,4,498,0.3691578805446625,0.00798344612121582,3998.0,0.382201611995697,120,1
SLIM*SIG1,5715dcc7-1480-11f0-87db-54a95b9ec813,student,4,499,0.3691578805446625,0.00833892822265625,4195.0,0.382201611995697,120,1
SLIM*SIG1,5715dcc7-1480-11f0-87db-54a95b9ec813,student,4,500,0.3691578805446625,0.008095741271972656,4693.0,0.382201611995697,120,1
SLIM*SIG1,5715dcc7-1480-11f0-87db-54a95b9ec813,student,5,0,0.47439664602279663,0.01861739158630371,670.0,0.5232611894607544,7,1
SLIM*SIG1,5715dcc7-1480-11f0-87db-54a95b9ec813,student,5,1,0.47439664602279663,0.005218029022216797,688.0,0.5232611894607544,7,1
SLIM*SIG1,5715dcc7-1480-11f0-87db-54a95b9ec813,student,5,2,0.47439664602279663,0.005772829055786133,643.0,0.5232611894607544,7,1
SLIM*SIG1,5715dcc7-1480-11f0-87db-54a95b9ec813,student,5,3,0.47439664602279663,0.0070917606353759766,564.0,0.5232611894607544,7,1
SLIM*SIG1,5715dcc7-1480-11f0-87db-54a95b9ec813,student,5,4,0.44596803188323975,0.005068302154541016,509.0,0.49135422706604004,20,1
SLIM*SIG1,5715dcc7-1480-11f0-87db-54a95b9ec813,student,5,5,0.44596803188323975,0.004407644271850586,568.0,0.49135422706604004,20,1
SLIM*SIG1,5715dcc7-1480-11f0-87db-54a95b9ec813,student,5,6,0.44596803188323975,0.00618433952331543,554.0,0.49135422706604004,20,1
SLIM*SIG1,5715dcc7-1480-11f0-87db-54a95b9ec813,student,5,7,0.43617668747901917,0.0036013126373291016,441.0,0.47718846797943115,20,1
SLIM*SIG1,5715dcc7-1480-11f0-87db-54a95b9ec813,student,5,8,0.43617668747901917,0.007229328155517578,428.0,0.47718846797943115,20,1
SLIM*SIG1,5715dcc7-1480-11f0-87db-54a95b9ec813,student,5,9,0.4324277341365814,0.0,402.0,0.475608766078949,20,1
SLIM*SIG1,5715dcc7-1480-11f0-87db-54a95b9ec813,student,5,10,0.4275316596031189,0.0,415.0,0.472680926322937,33,1
SLIM*SIG1,5715dcc7-1480-11f0-87db-54a95b9ec813,student,5,11,0.4275316596031189,0.015040159225463867,467.0,0.472680926322937,33,1
SLIM*SIG1,5715dcc7-1480-11f0-87db-54a95b9ec813,student,5,12,0.4275316596031189,0.0,493.0,0.472680926322937,33,1
SLIM*SIG1,5715dcc7-1480-11f0-87db-54a95b9ec813,student,5,13,0.4275316596031189,0.015668869018554688,506.0,0.472680926322937,33,1
SLIM*SIG1,5715dcc7-1480-11f0-87db-54a95b9ec813,student,5,14,0.4275316596031189,0.006458282470703125,519.0,0.472680926322937,33,1
SLIM*SIG1,5715dcc7-1480-11f0-87db-54a95b9ec813,student,5,15,0.4275316596031189,0.0031616687774658203,493.0,0.472680926322937,33,1
SLIM*SIG1,5715dcc7-1480-11f0-87db-54a95b9ec813,student,5,16,0.4275316596031189,0.0,467.0,0.472680926322937,33,1
SLIM*SIG1,5715dcc7-1480-11f0-87db-54a95b9ec813,student,5,17,0.4275316596031189,0.01569676399230957,493.0,0.472680926322937,33,1
SLIM*SIG1,5715dcc7-1480-11f0-87db-54a95b9ec813,student,5,18,0.4275316596031189,0.0,454.0,0.472680926322937,33,1
SLIM*SIG1,5715dcc7-1480-11f0-87db-54a95b9ec813,student,5,19,0.4275316596031189,0.011984825134277344,506.0,0.472680926322937,33,1
SLIM*SIG1,5715dcc7-1480-11f0-87db-54a95b9ec813,student,5,20,0.4275316596031189,0.0,467.0,0.472680926322937,33,1
SLIM*SIG1,5715dcc7-1480-11f0-87db-54a95b9ec813,student,5,21,0.4275316596031189,0.015726566314697266,441.0,0.472680926322937,33,1
SLIM*SIG1,5715dcc7-1480-11f0-87db-54a95b9ec813,student,5,22,0.41854366660118103,0.0,558.0,0.4570777714252472,33,1
SLIM*SIG1,5715dcc7-1480-11f0-87db-54a95b9ec813,student,5,23,0.41854366660118103,0.0,612.0,0.4570777714252472,33,1
SLIM*SIG1,5715dcc7-1480-11f0-87db-54a95b9ec813,student,5,24,0.41854366660118103,0.015741348266601562,818.0,0.4570777714252472,33,1
SLIM*SIG1,5715dcc7-1480-11f0-87db-54a95b9ec813,student,5,25,0.3900586664676666,0.0,950.0,0.4226903021335602,33,1
SLIM*SIG1,5715dcc7-1480-11f0-87db-54a95b9ec813,student,5,26,0.3900586664676666,0.015620946884155273,898.0,0.4226903021335602,33,1
SLIM*SIG1,5715dcc7-1480-11f0-87db-54a95b9ec813,student,5,27,0.3900586664676666,0.0,835.0,0.4226903021335602,33,1
SLIM*SIG1,5715dcc7-1480-11f0-87db-54a95b9ec813,student,5,28,0.3900586664676666,0.0,703.0,0.4226903021335602,33,1
SLIM*SIG1,5715dcc7-1480-11f0-87db-54a95b9ec813,student,5,29,0.3900586664676666,0.015630483627319336,597.0,0.4226903021335602,33,1
SLIM*SIG1,5715dcc7-1480-11f0-87db-54a95b9ec813,student,5,30,0.3900586664676666,0.008631706237792969,519.0,0.4226903021335602,33,1
SLIM*SIG1,5715dcc7-1480-11f0-87db-54a95b9ec813,student,5,31,0.3898995816707611,0.0,482.0,0.4220508635044098,35,1
SLIM*SIG1,5715dcc7-1480-11f0-87db-54a95b9ec813,student,5,32,0.3898995816707611,0.0,562.0,0.4220508635044098,35,1
SLIM*SIG1,5715dcc7-1480-11f0-87db-54a95b9ec813,student,5,33,0.3898995816707611,0.01563858985900879,458.0,0.4220508635044098,35,1
SLIM*SIG1,5715dcc7-1480-11f0-87db-54a95b9ec813,student,5,34,0.3898995816707611,0.0043182373046875,562.0,0.4220508635044098,35,1
SLIM*SIG1,5715dcc7-1480-11f0-87db-54a95b9ec813,student,5,35,0.3898995816707611,0.010461807250976562,562.0,0.4220508635044098,35,1
SLIM*SIG1,5715dcc7-1480-11f0-87db-54a95b9ec813,student,5,36,0.3898995816707611,0.0040531158447265625,484.0,0.4220508635044098,35,1
SLIM*SIG1,5715dcc7-1480-11f0-87db-54a95b9ec813,student,5,37,0.3898995816707611,0.00400853157043457,538.0,0.4220508635044098,35,1
SLIM*SIG1,5715dcc7-1480-11f0-87db-54a95b9ec813,student,5,38,0.3898995816707611,0.0036199092864990234,456.0,0.4220508635044098,35,1
SLIM*SIG1,5715dcc7-1480-11f0-87db-54a95b9ec813,student,5,39,0.3898995816707611,0.004994869232177734,534.0,0.4220508635044098,35,1
SLIM*SIG1,5715dcc7-1480-11f0-87db-54a95b9ec813,student,5,40,0.3898995816707611,0.004896402359008789,510.0,0.4220508635044098,35,1
SLIM*SIG1,5715dcc7-1480-11f0-87db-54a95b9ec813,student,5,41,0.3898995816707611,0.00510716438293457,538.0,0.4220508635044098,35,1
SLIM*SIG1,5715dcc7-1480-11f0-87db-54a95b9ec813,student,5,42,0.3898995816707611,0.002040863037109375,564.0,0.4220508635044098,35,1
SLIM*SIG1,5715dcc7-1480-11f0-87db-54a95b9ec813,student,5,43,0.3898995816707611,0.0,458.0,0.4220508635044098,35,1
SLIM*SIG1,5715dcc7-1480-11f0-87db-54a95b9ec813,student,5,44,0.3898995816707611,0.0,482.0,0.4220508635044098,35,1
SLIM*SIG1,5715dcc7-1480-11f0-87db-54a95b9ec813,student,5,45,0.3898995816707611,0.015625476837158203,499.0,0.4220508635044098,35,1
SLIM*SIG1,5715dcc7-1480-11f0-87db-54a95b9ec813,student,5,46,0.3898995816707611,0.0,527.0,0.4220508635044098,35,1
SLIM*SIG1,5715dcc7-1480-11f0-87db-54a95b9ec813,student,5,47,0.3898995816707611,0.0,456.0,0.4220508635044098,35,1
SLIM*SIG1,5715dcc7-1480-11f0-87db-54a95b9ec813,student,5,48,0.3898995816707611,0.015727758407592773,592.0,0.4220508635044098,35,1
SLIM*SIG1,5715dcc7-1480-11f0-87db-54a95b9ec813,student,5,49,0.3898995816707611,0.006090641021728516,503.0,0.4220508635044098,35,1
SLIM*SIG1,5715dcc7-1480-11f0-87db-54a95b9ec813,student,5,50,0.3898995816707611,0.0,486.0,0.4220508635044098,35,1
SLIM*SIG1,5715dcc7-1480-11f0-87db-54a95b9ec813,student,5,51,0.3898995816707611,0.0,495.0,0.4220508635044098,35,1
SLIM*SIG1,5715dcc7-1480-11f0-87db-54a95b9ec813,student,5,52,0.3898995816707611,0.015736818313598633,536.0,0.4220508635044098,35,1
SLIM*SIG1,5715dcc7-1480-11f0-87db-54a95b9ec813,student,5,53,0.3898995816707611,0.0,499.0,0.4220508635044098,35,1
SLIM*SIG1,5715dcc7-1480-11f0-87db-54a95b9ec813,student,5,54,0.3898995816707611,0.0,473.0,0.4220508635044098,35,1
SLIM*SIG1,5715dcc7-1480-11f0-87db-54a95b9ec813,student,5,55,0.3898995816707611,0.015515804290771484,516.0,0.4220508635044098,35,1
SLIM*SIG1,5715dcc7-1480-11f0-87db-54a95b9ec813,student,5,56,0.3898995816707611,0.0,674.0,0.4220508635044098,35,1
SLIM*SIG1,5715dcc7-1480-11f0-87db-54a95b9ec813,student,5,57,0.3898995816707611,0.011507272720336914,749.0,0.4220508635044098,35,1
SLIM*SIG1,5715dcc7-1480-11f0-87db-54a95b9ec813,student,5,58,0.3898995816707611,0.004508018493652344,719.0,0.4220508635044098,35,1
SLIM*SIG1,5715dcc7-1480-11f0-87db-54a95b9ec813,student,5,59,0.3898995816707611,0.0,816.0,0.4220508635044098,35,1
SLIM*SIG1,5715dcc7-1480-11f0-87db-54a95b9ec813,student,5,60,0.3850237727165222,0.0,700.0,0.40951088070869446,48,1
SLIM*SIG1,5715dcc7-1480-11f0-87db-54a95b9ec813,student,5,61,0.3850237727165222,0.01563429832458496,772.0,0.40951088070869446,48,1
SLIM*SIG1,5715dcc7-1480-11f0-87db-54a95b9ec813,student,5,62,0.3850237727165222,0.0,802.0,0.40951088070869446,48,1
SLIM*SIG1,5715dcc7-1480-11f0-87db-54a95b9ec813,student,5,63,0.3850237727165222,0.0,845.0,0.40951088070869446,48,1
SLIM*SIG1,5715dcc7-1480-11f0-87db-54a95b9ec813,student,5,64,0.3850237727165222,0.01562666893005371,657.0,0.40951088070869446,48,1
SLIM*SIG1,5715dcc7-1480-11f0-87db-54a95b9ec813,student,5,65,0.3850237727165222,0.0,921.0,0.40951088070869446,48,1
SLIM*SIG1,5715dcc7-1480-11f0-87db-54a95b9ec813,student,5,66,0.3850237727165222,0.01842355728149414,1010.0,0.40951088070869446,48,1
SLIM*SIG1,5715dcc7-1480-11f0-87db-54a95b9ec813,student,5,67,0.3850237727165222,0.003285646438598633,854.0,0.40951088070869446,48,1
SLIM*SIG1,5715dcc7-1480-11f0-87db-54a95b9ec813,student,5,68,0.3850237727165222,0.0,837.0,0.40951088070869446,48,1
SLIM*SIG1,5715dcc7-1480-11f0-87db-54a95b9ec813,student,5,69,0.3850237727165222,0.0,735.0,0.40951088070869446,48,1
SLIM*SIG1,5715dcc7-1480-11f0-87db-54a95b9ec813,student,5,70,0.3850237727165222,0.015628337860107422,698.0,0.40951088070869446,48,1
SLIM*SIG1,5715dcc7-1480-11f0-87db-54a95b9ec813,student,5,71,0.3850237727165222,0.0,689.0,0.40951088070869446,48,1
SLIM*SIG1,5715dcc7-1480-11f0-87db-54a95b9ec813,student,5,72,0.3850237727165222,0.0,762.0,0.40951088070869446,48,1
SLIM*SIG1,5715dcc7-1480-11f0-87db-54a95b9ec813,student,5,73,0.3850237727165222,0.015729904174804688,715.0,0.40951088070869446,48,1
SLIM*SIG1,5715dcc7-1480-11f0-87db-54a95b9ec813,student,5,74,0.3850237727165222,0.0,851.0,0.40951088070869446,48,1
SLIM*SIG1,5715dcc7-1480-11f0-87db-54a95b9ec813,student,5,75,0.3850237727165222,0.0,737.0,0.40951088070869446,48,1
SLIM*SIG1,5715dcc7-1480-11f0-87db-54a95b9ec813,student,5,76,0.3850237727165222,0.006106376647949219,700.0,0.40951088070869446,48,1
SLIM*SIG1,5715dcc7-1480-11f0-87db-54a95b9ec813,student,5,77,0.3850237727165222,0.0,728.0,0.40951088070869446,48,1
SLIM*SIG1,5715dcc7-1480-11f0-87db-54a95b9ec813,student,5,78,0.3850237727165222,0.01573348045349121,797.0,0.40951088070869446,48,1
SLIM*SIG1,5715dcc7-1480-11f0-87db-54a95b9ec813,student,5,79,0.3850237727165222,0.0,776.0,0.40951088070869446,48,1
SLIM*SIG1,5715dcc7-1480-11f0-87db-54a95b9ec813,student,5,80,0.3850237727165222,0.0,648.0,0.40951088070869446,48,1
SLIM*SIG1,5715dcc7-1480-11f0-87db-54a95b9ec813,student,5,81,0.3850237727165222,0.01552581787109375,750.0,0.40951088070869446,48,1
SLIM*SIG1,5715dcc7-1480-11f0-87db-54a95b9ec813,student,5,82,0.3850237727165222,0.0,865.0,0.40951088070869446,48,1
SLIM*SIG1,5715dcc7-1480-11f0-87db-54a95b9ec813,student,5,83,0.3850237727165222,0.0,930.0,0.40951088070869446,48,1
SLIM*SIG1,5715dcc7-1480-11f0-87db-54a95b9ec813,student,5,84,0.3850237727165222,0.015623807907104492,616.0,0.40951088070869446,48,1
SLIM*SIG1,5715dcc7-1480-11f0-87db-54a95b9ec813,student,5,85,0.3850237727165222,0.0,789.0,0.40951088070869446,48,1
SLIM*SIG1,5715dcc7-1480-11f0-87db-54a95b9ec813,student,5,86,0.3850237727165222,0.0,655.0,0.40951088070869446,48,1
SLIM*SIG1,5715dcc7-1480-11f0-87db-54a95b9ec813,student,5,87,0.3850237727165222,0.01562643051147461,674.0,0.40951088070869446,48,1
SLIM*SIG1,5715dcc7-1480-11f0-87db-54a95b9ec813,student,5,88,0.3850237727165222,0.0,713.0,0.40951088070869446,48,1
SLIM*SIG1,5715dcc7-1480-11f0-87db-54a95b9ec813,student,5,89,0.3850237727165222,0.0,769.0,0.40951088070869446,48,1
SLIM*SIG1,5715dcc7-1480-11f0-87db-54a95b9ec813,student,5,90,0.3850237727165222,0.022345304489135742,754.0,0.40951088070869446,48,1
SLIM*SIG1,5715dcc7-1480-11f0-87db-54a95b9ec813,student,5,91,0.3850237727165222,0.0,683.0,0.40951088070869446,48,1
SLIM*SIG1,5715dcc7-1480-11f0-87db-54a95b9ec813,student,5,92,0.3850237727165222,0.009108543395996094,596.0,0.40951088070869446,48,1
SLIM*SIG1,5715dcc7-1480-11f0-87db-54a95b9ec813,student,5,93,0.3850237727165222,0.0,553.0,0.40951088070869446,48,1
SLIM*SIG1,5715dcc7-1480-11f0-87db-54a95b9ec813,student,5,94,0.3850237727165222,0.0,635.0,0.40951088070869446,48,1
SLIM*SIG1,5715dcc7-1480-11f0-87db-54a95b9ec813,student,5,95,0.3850237727165222,0.0,687.0,0.40951088070869446,48,1
SLIM*SIG1,5715dcc7-1480-11f0-87db-54a95b9ec813,student,5,96,0.3850237727165222,0.0,771.0,0.40951088070869446,48,1
SLIM*SIG1,5715dcc7-1480-11f0-87db-54a95b9ec813,student,5,97,0.3850237727165222,0.01573657989501953,918.0,0.40951088070869446,48,1
SLIM*SIG1,5715dcc7-1480-11f0-87db-54a95b9ec813,student,5,98,0.3839166462421417,0.0,810.0,0.4114089608192444,61,1
SLIM*SIG1,5715dcc7-1480-11f0-87db-54a95b9ec813,student,5,99,0.3839166462421417,0.0,801.0,0.4114089608192444,61,1
SLIM*SIG1,5715dcc7-1480-11f0-87db-54a95b9ec813,student,5,100,0.3839166462421417,0.015622615814208984,823.0,0.4114089608192444,61,1
SLIM*SIG1,5715dcc7-1480-11f0-87db-54a95b9ec813,student,5,101,0.3839166462421417,0.0,1007.0,0.4114089608192444,61,1
SLIM*SIG1,5715dcc7-1480-11f0-87db-54a95b9ec813,student,5,102,0.3839166462421417,0.015574216842651367,1300.0,0.4114089608192444,61,1
SLIM*SIG1,5715dcc7-1480-11f0-87db-54a95b9ec813,student,5,103,0.3839166462421417,0.0,1328.0,0.4114089608192444,61,1
SLIM*SIG1,5715dcc7-1480-11f0-87db-54a95b9ec813,student,5,104,0.3839166462421417,0.015577316284179688,1187.0,0.4114089608192444,61,1
SLIM*SIG1,5715dcc7-1480-11f0-87db-54a95b9ec813,student,5,105,0.38336390256881714,0.0,1270.0,0.4101881980895996,74,1
SLIM*SIG1,5715dcc7-1480-11f0-87db-54a95b9ec813,student,5,106,0.38336390256881714,0.0,1235.0,0.4101881980895996,74,1
SLIM*SIG1,5715dcc7-1480-11f0-87db-54a95b9ec813,student,5,107,0.38336390256881714,0.020920991897583008,1302.0,0.4101881980895996,74,1
SLIM*SIG1,5715dcc7-1480-11f0-87db-54a95b9ec813,student,5,108,0.37410518527030945,0.0006239414215087891,1319.0,0.3978637456893921,74,1
SLIM*SIG1,5715dcc7-1480-11f0-87db-54a95b9ec813,student,5,109,0.37410518527030945,0.009147167205810547,1489.0,0.3978637456893921,74,1
SLIM*SIG1,5715dcc7-1480-11f0-87db-54a95b9ec813,student,5,110,0.37410518527030945,0.006601810455322266,1377.0,0.3978637456893921,74,1
SLIM*SIG1,5715dcc7-1480-11f0-87db-54a95b9ec813,student,5,111,0.3740442097187042,0.0,1528.0,0.3976975381374359,87,1
SLIM*SIG1,5715dcc7-1480-11f0-87db-54a95b9ec813,student,5,112,0.3740442097187042,0.0,1550.0,0.3976975381374359,87,1
SLIM*SIG1,5715dcc7-1480-11f0-87db-54a95b9ec813,student,5,113,0.3740442097187042,0.015633344650268555,1773.0,0.3976975381374359,87,1
SLIM*SIG1,5715dcc7-1480-11f0-87db-54a95b9ec813,student,5,114,0.3740442097187042,0.0,2035.0,0.3976975381374359,87,1
SLIM*SIG1,5715dcc7-1480-11f0-87db-54a95b9ec813,student,5,115,0.3740442097187042,0.015726566314697266,1887.0,0.3976975381374359,87,1
SLIM*SIG1,5715dcc7-1480-11f0-87db-54a95b9ec813,student,5,116,0.3740442097187042,0.0,2250.0,0.3976975381374359,87,1
SLIM*SIG1,5715dcc7-1480-11f0-87db-54a95b9ec813,student,5,117,0.3734508156776428,0.0,2323.0,0.3915684223175049,100,1
SLIM*SIG1,5715dcc7-1480-11f0-87db-54a95b9ec813,student,5,118,0.3734508156776428,0.015525102615356445,2275.0,0.3915684223175049,100,1
SLIM*SIG1,5715dcc7-1480-11f0-87db-54a95b9ec813,student,5,119,0.3716517984867096,0.0,2468.0,0.3931674361228943,113,1
SLIM*SIG1,5715dcc7-1480-11f0-87db-54a95b9ec813,student,5,120,0.3716517984867096,0.015722990036010742,2330.0,0.3931674361228943,113,1
SLIM*SIG1,5715dcc7-1480-11f0-87db-54a95b9ec813,student,5,121,0.3715103268623352,0.0,2900.0,0.3932669460773468,100,1
SLIM*SIG1,5715dcc7-1480-11f0-87db-54a95b9ec813,student,5,122,0.3715103268623352,0.015621423721313477,2840.0,0.3932669460773468,100,1
SLIM*SIG1,5715dcc7-1480-11f0-87db-54a95b9ec813,student,5,123,0.3715103268623352,0.0060405731201171875,3151.0,0.3932669460773468,100,1
SLIM*SIG1,5715dcc7-1480-11f0-87db-54a95b9ec813,student,5,124,0.3715103268623352,0.0,3119.0,0.3932669460773468,100,1
SLIM*SIG1,5715dcc7-1480-11f0-87db-54a95b9ec813,student,5,125,0.3715103268623352,0.006056070327758789,2950.0,0.3932669460773468,100,1
SLIM*SIG1,5715dcc7-1480-11f0-87db-54a95b9ec813,student,5,126,0.3715103268623352,0.0,2776.0,0.3932669460773468,100,1
SLIM*SIG1,5715dcc7-1480-11f0-87db-54a95b9ec813,student,5,127,0.3715103268623352,0.015631675720214844,2633.0,0.3932669460773468,100,1
SLIM*SIG1,5715dcc7-1480-11f0-87db-54a95b9ec813,student,5,128,0.3715103268623352,0.0,2639.0,0.3932669460773468,100,1
SLIM*SIG1,5715dcc7-1480-11f0-87db-54a95b9ec813,student,5,129,0.3715103268623352,0.0,2539.0,0.3932669460773468,100,1
SLIM*SIG1,5715dcc7-1480-11f0-87db-54a95b9ec813,student,5,130,0.3715103268623352,0.015626192092895508,2322.0,0.3932669460773468,100,1
SLIM*SIG1,5715dcc7-1480-11f0-87db-54a95b9ec813,student,5,131,0.3715103268623352,0.0,2083.0,0.3932669460773468,100,1
SLIM*SIG1,5715dcc7-1480-11f0-87db-54a95b9ec813,student,5,132,0.3715103268623352,0.015623331069946289,2185.0,0.3932669460773468,100,1
SLIM*SIG1,5715dcc7-1480-11f0-87db-54a95b9ec813,student,5,133,0.3715103268623352,0.0,1799.0,0.3932669460773468,100,1
SLIM*SIG1,5715dcc7-1480-11f0-87db-54a95b9ec813,student,5,134,0.3715103268623352,0.0,2574.0,0.3932669460773468,100,1
SLIM*SIG1,5715dcc7-1480-11f0-87db-54a95b9ec813,student,5,135,0.3715103268623352,0.015627384185791016,2853.0,0.3932669460773468,100,1
SLIM*SIG1,5715dcc7-1480-11f0-87db-54a95b9ec813,student,5,136,0.3715103268623352,0.0,2961.0,0.3932669460773468,100,1
SLIM*SIG1,5715dcc7-1480-11f0-87db-54a95b9ec813,student,5,137,0.3715103268623352,0.022088050842285156,2728.0,0.3932669460773468,100,1
SLIM*SIG1,5715dcc7-1480-11f0-87db-54a95b9ec813,student,5,138,0.3715103268623352,0.0,2542.0,0.3932669460773468,100,1
SLIM*SIG1,5715dcc7-1480-11f0-87db-54a95b9ec813,student,5,139,0.3715103268623352,0.009506940841674805,2849.0,0.3932669460773468,100,1
SLIM*SIG1,5715dcc7-1480-11f0-87db-54a95b9ec813,student,5,140,0.3715103268623352,0.006508827209472656,3039.0,0.3932669460773468,100,1
SLIM*SIG1,5715dcc7-1480-11f0-87db-54a95b9ec813,student,5,141,0.3715103268623352,0.0,3063.0,0.3932669460773468,100,1
SLIM*SIG1,5715dcc7-1480-11f0-87db-54a95b9ec813,student,5,142,0.3715103268623352,0.015732765197753906,3078.0,0.3932669460773468,100,1
SLIM*SIG1,5715dcc7-1480-11f0-87db-54a95b9ec813,student,5,143,0.3715103268623352,0.0,2831.0,0.3932669460773468,100,1
SLIM*SIG1,5715dcc7-1480-11f0-87db-54a95b9ec813,student,5,144,0.3715103268623352,0.015527725219726562,2559.0,0.3932669460773468,100,1
SLIM*SIG1,5715dcc7-1480-11f0-87db-54a95b9ec813,student,5,145,0.3715103268623352,0.0,2390.0,0.3932669460773468,100,1
SLIM*SIG1,5715dcc7-1480-11f0-87db-54a95b9ec813,student,5,146,0.3715103268623352,0.0,2245.0,0.3932669460773468,100,1
SLIM*SIG1,5715dcc7-1480-11f0-87db-54a95b9ec813,student,5,147,0.3715103268623352,0.015623331069946289,2146.0,0.3932669460773468,100,1
SLIM*SIG1,5715dcc7-1480-11f0-87db-54a95b9ec813,student,5,148,0.3715103268623352,0.0,2540.0,0.3932669460773468,100,1
SLIM*SIG1,5715dcc7-1480-11f0-87db-54a95b9ec813,student,5,149,0.3715103268623352,0.015730619430541992,2346.0,0.3932669460773468,100,1
SLIM*SIG1,5715dcc7-1480-11f0-87db-54a95b9ec813,student,5,150,0.3715103268623352,0.0,2496.0,0.3932669460773468,100,1
SLIM*SIG1,5715dcc7-1480-11f0-87db-54a95b9ec813,student,5,151,0.3715103268623352,0.0,2364.0,0.3932669460773468,100,1
SLIM*SIG1,5715dcc7-1480-11f0-87db-54a95b9ec813,student,5,152,0.3715103268623352,0.018219947814941406,2234.0,0.3932669460773468,100,1
SLIM*SIG1,5715dcc7-1480-11f0-87db-54a95b9ec813,student,5,153,0.3715103268623352,0.0025038719177246094,2639.0,0.3932669460773468,100,1
SLIM*SIG1,5715dcc7-1480-11f0-87db-54a95b9ec813,student,5,154,0.3715103268623352,0.009104728698730469,2701.0,0.3932669460773468,100,1
SLIM*SIG1,5715dcc7-1480-11f0-87db-54a95b9ec813,student,5,155,0.3715103268623352,0.00661158561706543,2642.0,0.3932669460773468,100,1
SLIM*SIG1,5715dcc7-1480-11f0-87db-54a95b9ec813,student,5,156,0.3715103268623352,0.0,2478.0,0.3932669460773468,100,1
SLIM*SIG1,5715dcc7-1480-11f0-87db-54a95b9ec813,student,5,157,0.3715103268623352,0.011792421340942383,2627.0,0.3932669460773468,100,1
SLIM*SIG1,5715dcc7-1480-11f0-87db-54a95b9ec813,student,5,158,0.3715103268623352,0.0,2904.0,0.3932669460773468,100,1
SLIM*SIG1,5715dcc7-1480-11f0-87db-54a95b9ec813,student,5,159,0.3715103268623352,0.01562643051147461,3003.0,0.3932669460773468,100,1
SLIM*SIG1,5715dcc7-1480-11f0-87db-54a95b9ec813,student,5,160,0.3715103268623352,0.0,3059.0,0.3932669460773468,100,1
SLIM*SIG1,5715dcc7-1480-11f0-87db-54a95b9ec813,student,5,161,0.3715103268623352,0.0,3135.0,0.3932669460773468,100,1
SLIM*SIG1,5715dcc7-1480-11f0-87db-54a95b9ec813,student,5,162,0.3715103268623352,0.01572704315185547,2902.0,0.3932669460773468,100,1
SLIM*SIG1,5715dcc7-1480-11f0-87db-54a95b9ec813,student,5,163,0.3715103268623352,0.0,2672.0,0.3932669460773468,100,1
SLIM*SIG1,5715dcc7-1480-11f0-87db-54a95b9ec813,student,5,164,0.3715103268623352,0.015626192092895508,2635.0,0.3932669460773468,100,1
SLIM*SIG1,5715dcc7-1480-11f0-87db-54a95b9ec813,student,5,165,0.3715103268623352,0.0,2581.0,0.3932669460773468,100,1
SLIM*SIG1,5715dcc7-1480-11f0-87db-54a95b9ec813,student,5,166,0.3715103268623352,0.0,2419.0,0.3932669460773468,100,1
SLIM*SIG1,5715dcc7-1480-11f0-87db-54a95b9ec813,student,5,167,0.3715103268623352,0.0218050479888916,2428.0,0.3932669460773468,100,1
SLIM*SIG1,5715dcc7-1480-11f0-87db-54a95b9ec813,student,5,168,0.3715103268623352,0.003753662109375,2398.0,0.3932669460773468,100,1
SLIM*SIG1,5715dcc7-1480-11f0-87db-54a95b9ec813,student,5,169,0.3715103268623352,0.009105920791625977,2487.0,0.3932669460773468,100,1
SLIM*SIG1,5715dcc7-1480-11f0-87db-54a95b9ec813,student,5,170,0.3715103268623352,0.006104946136474609,2655.0,0.3932669460773468,100,1
SLIM*SIG1,5715dcc7-1480-11f0-87db-54a95b9ec813,student,5,171,0.3715103268623352,0.0,2465.0,0.3932669460773468,100,1
SLIM*SIG1,5715dcc7-1480-11f0-87db-54a95b9ec813,student,5,172,0.3715103268623352,0.0,2294.0,0.3932669460773468,100,1
SLIM*SIG1,5715dcc7-1480-11f0-87db-54a95b9ec813,student,5,173,0.3715103268623352,0.015632152557373047,2432.0,0.3932669460773468,100,1
SLIM*SIG1,5715dcc7-1480-11f0-87db-54a95b9ec813,student,5,174,0.3715103268623352,0.0,2475.0,0.3932669460773468,100,1
SLIM*SIG1,5715dcc7-1480-11f0-87db-54a95b9ec813,student,5,175,0.3715103268623352,0.0,2384.0,0.3932669460773468,100,1
SLIM*SIG1,5715dcc7-1480-11f0-87db-54a95b9ec813,student,5,176,0.3715103268623352,0.015728235244750977,2075.0,0.3932669460773468,100,1
SLIM*SIG1,5715dcc7-1480-11f0-87db-54a95b9ec813,student,5,177,0.3715103268623352,0.0,2094.0,0.3932669460773468,100,1
SLIM*SIG1,5715dcc7-1480-11f0-87db-54a95b9ec813,student,5,178,0.3715103268623352,0.015522956848144531,2102.0,0.3932669460773468,100,1
SLIM*SIG1,5715dcc7-1480-11f0-87db-54a95b9ec813,student,5,179,0.3715103268623352,0.0,2370.0,0.3932669460773468,100,1
SLIM*SIG1,5715dcc7-1480-11f0-87db-54a95b9ec813,student,5,180,0.3715103268623352,0.0,2941.0,0.3932669460773468,100,1
SLIM*SIG1,5715dcc7-1480-11f0-87db-54a95b9ec813,student,5,181,0.3715103268623352,0.0,2844.0,0.3932669460773468,100,1
SLIM*SIG1,5715dcc7-1480-11f0-87db-54a95b9ec813,student,5,182,0.3715103268623352,0.0,2794.0,0.3932669460773468,100,1
SLIM*SIG1,5715dcc7-1480-11f0-87db-54a95b9ec813,student,5,183,0.3715103268623352,0.015525341033935547,2560.0,0.3932669460773468,100,1
SLIM*SIG1,5715dcc7-1480-11f0-87db-54a95b9ec813,student,5,184,0.3715103268623352,0.0,2568.0,0.3932669460773468,100,1
SLIM*SIG1,5715dcc7-1480-11f0-87db-54a95b9ec813,student,5,185,0.3715103268623352,0.0,2737.0,0.3932669460773468,100,1
SLIM*SIG1,5715dcc7-1480-11f0-87db-54a95b9ec813,student,5,186,0.3715103268623352,0.016129016876220703,2496.0,0.3932669460773468,100,1
SLIM*SIG1,5715dcc7-1480-11f0-87db-54a95b9ec813,student,5,187,0.3715103268623352,0.0,2356.0,0.3932669460773468,100,1
SLIM*SIG1,5715dcc7-1480-11f0-87db-54a95b9ec813,student,5,188,0.3715103268623352,0.01560521125793457,2278.0,0.3932669460773468,100,1
SLIM*SIG1,5715dcc7-1480-11f0-87db-54a95b9ec813,student,5,189,0.3715103268623352,0.006460428237915039,2194.0,0.3932669460773468,100,1
SLIM*SIG1,5715dcc7-1480-11f0-87db-54a95b9ec813,student,5,190,0.3715103268623352,0.0007774829864501953,2200.0,0.3932669460773468,100,1
SLIM*SIG1,5715dcc7-1480-11f0-87db-54a95b9ec813,student,5,191,0.3715103268623352,0.0,2380.0,0.3932669460773468,100,1
SLIM*SIG1,5715dcc7-1480-11f0-87db-54a95b9ec813,student,5,192,0.3715103268623352,0.01572728157043457,2196.0,0.3932669460773468,100,1
SLIM*SIG1,5715dcc7-1480-11f0-87db-54a95b9ec813,student,5,193,0.3715103268623352,0.0,2298.0,0.3932669460773468,100,1
SLIM*SIG1,5715dcc7-1480-11f0-87db-54a95b9ec813,student,5,194,0.3715103268623352,0.011786222457885742,1932.0,0.3932669460773468,100,1
SLIM*SIG1,5715dcc7-1480-11f0-87db-54a95b9ec813,student,5,195,0.3715103268623352,0.0,1683.0,0.3932669460773468,100,1
SLIM*SIG1,5715dcc7-1480-11f0-87db-54a95b9ec813,student,5,196,0.3715103268623352,0.01562666893005371,2021.0,0.3932669460773468,100,1
SLIM*SIG1,5715dcc7-1480-11f0-87db-54a95b9ec813,student,5,197,0.3715103268623352,0.0,2091.0,0.3932669460773468,100,1
SLIM*SIG1,5715dcc7-1480-11f0-87db-54a95b9ec813,student,5,198,0.3715103268623352,0.015657424926757812,2143.0,0.3932669460773468,100,1
SLIM*SIG1,5715dcc7-1480-11f0-87db-54a95b9ec813,student,5,199,0.3715103268623352,0.0,2403.0,0.3932669460773468,100,1
SLIM*SIG1,5715dcc7-1480-11f0-87db-54a95b9ec813,student,5,200,0.3715103268623352,0.0,2459.0,0.3932669460773468,100,1
SLIM*SIG1,5715dcc7-1480-11f0-87db-54a95b9ec813,student,5,201,0.3715103268623352,0.017752647399902344,2316.0,0.3932669460773468,100,1
SLIM*SIG1,5715dcc7-1480-11f0-87db-54a95b9ec813,student,5,202,0.3715103268623352,0.0,2025.0,0.3932669460773468,100,1
SLIM*SIG1,5715dcc7-1480-11f0-87db-54a95b9ec813,student,5,203,0.3715103268623352,0.01410675048828125,2094.0,0.3932669460773468,100,1
SLIM*SIG1,5715dcc7-1480-11f0-87db-54a95b9ec813,student,5,204,0.3715103268623352,0.00894618034362793,2289.0,0.3932669460773468,100,1
SLIM*SIG1,5715dcc7-1480-11f0-87db-54a95b9ec813,student,5,205,0.3715103268623352,0.0,2462.0,0.3932669460773468,100,1
SLIM*SIG1,5715dcc7-1480-11f0-87db-54a95b9ec813,student,5,206,0.3715103268623352,0.0,2405.0,0.3932669460773468,100,1
SLIM*SIG1,5715dcc7-1480-11f0-87db-54a95b9ec813,student,5,207,0.3715103268623352,0.015734195709228516,2537.0,0.3932669460773468,100,1
SLIM*SIG1,5715dcc7-1480-11f0-87db-54a95b9ec813,student,5,208,0.3715103268623352,0.0,2555.0,0.3932669460773468,100,1
SLIM*SIG1,5715dcc7-1480-11f0-87db-54a95b9ec813,student,5,209,0.3715103268623352,0.01562356948852539,2678.0,0.3932669460773468,100,1
SLIM*SIG1,5715dcc7-1480-11f0-87db-54a95b9ec813,student,5,210,0.3715103268623352,0.0,2639.0,0.3932669460773468,100,1
SLIM*SIG1,5715dcc7-1480-11f0-87db-54a95b9ec813,student,5,211,0.3715103268623352,0.015618324279785156,2610.0,0.3932669460773468,100,1
SLIM*SIG1,5715dcc7-1480-11f0-87db-54a95b9ec813,student,5,212,0.3715103268623352,0.0,2508.0,0.3932669460773468,100,1
SLIM*SIG1,5715dcc7-1480-11f0-87db-54a95b9ec813,student,5,213,0.3715103268623352,0.0,2531.0,0.3932669460773468,100,1
SLIM*SIG1,5715dcc7-1480-11f0-87db-54a95b9ec813,student,5,214,0.3715103268623352,0.015526056289672852,2648.0,0.3932669460773468,100,1
SLIM*SIG1,5715dcc7-1480-11f0-87db-54a95b9ec813,student,5,215,0.3714374303817749,0.0,2830.0,0.39430510997772217,113,1
SLIM*SIG1,5715dcc7-1480-11f0-87db-54a95b9ec813,student,5,216,0.3712776005268097,0.014505863189697266,2555.0,0.39073511958122253,100,1
SLIM*SIG1,5715dcc7-1480-11f0-87db-54a95b9ec813,student,5,217,0.3712776005268097,0.0,2377.0,0.39073511958122253,100,1
SLIM*SIG1,5715dcc7-1480-11f0-87db-54a95b9ec813,student,5,218,0.3712776005268097,0.0,1864.0,0.39073511958122253,100,1
SLIM*SIG1,5715dcc7-1480-11f0-87db-54a95b9ec813,student,5,219,0.3712776005268097,0.021503210067749023,1878.0,0.39073511958122253,100,1
SLIM*SIG1,5715dcc7-1480-11f0-87db-54a95b9ec813,student,5,220,0.3712776005268097,0.0,1993.0,0.39073511958122253,100,1
SLIM*SIG1,5715dcc7-1480-11f0-87db-54a95b9ec813,student,5,221,0.3712776005268097,0.0,2073.0,0.39073511958122253,100,1
SLIM*SIG1,5715dcc7-1480-11f0-87db-54a95b9ec813,student,5,222,0.3712776005268097,0.015724897384643555,2172.0,0.39073511958122253,100,1
SLIM*SIG1,5715dcc7-1480-11f0-87db-54a95b9ec813,student,5,223,0.37122952938079834,0.0,2084.0,0.39078980684280396,87,1
SLIM*SIG1,5715dcc7-1480-11f0-87db-54a95b9ec813,student,5,224,0.37122952938079834,0.015633583068847656,2178.0,0.39078980684280396,87,1
SLIM*SIG1,5715dcc7-1480-11f0-87db-54a95b9ec813,student,5,225,0.37121930718421936,0.0,2327.0,0.39085549116134644,100,1
SLIM*SIG1,5715dcc7-1480-11f0-87db-54a95b9ec813,student,5,226,0.37121930718421936,0.0,2602.0,0.39085549116134644,100,1
SLIM*SIG1,5715dcc7-1480-11f0-87db-54a95b9ec813,student,5,227,0.37121930718421936,0.015516996383666992,2489.0,0.39085549116134644,100,1
SLIM*SIG1,5715dcc7-1480-11f0-87db-54a95b9ec813,student,5,228,0.3709413409233093,0.0,2638.0,0.3917236030101776,113,1
SLIM*SIG1,5715dcc7-1480-11f0-87db-54a95b9ec813,student,5,229,0.3709413409233093,0.01572561264038086,2783.0,0.3917236030101776,113,1
SLIM*SIG1,5715dcc7-1480-11f0-87db-54a95b9ec813,student,5,230,0.3709413409233093,0.0,3271.0,0.3917236030101776,113,1
SLIM*SIG1,5715dcc7-1480-11f0-87db-54a95b9ec813,student,5,231,0.37092113494873047,0.0161590576171875,3243.0,0.3916228413581848,100,1
SLIM*SIG1,5715dcc7-1480-11f0-87db-54a95b9ec813,student,5,232,0.37092113494873047,0.0,3140.0,0.3916228413581848,100,1
SLIM*SIG1,5715dcc7-1480-11f0-87db-54a95b9ec813,student,5,233,0.37092113494873047,0.0,3171.0,0.3916228413581848,100,1
SLIM*SIG1,5715dcc7-1480-11f0-87db-54a95b9ec813,student,5,234,0.37092113494873047,0.021142959594726562,3008.0,0.3916228413581848,100,1
SLIM*SIG1,5715dcc7-1480-11f0-87db-54a95b9ec813,student,5,235,0.37092113494873047,0.0,2971.0,0.3916228413581848,100,1
SLIM*SIG1,5715dcc7-1480-11f0-87db-54a95b9ec813,student,5,236,0.37092113494873047,0.0,2679.0,0.3916228413581848,100,1
SLIM*SIG1,5715dcc7-1480-11f0-87db-54a95b9ec813,student,5,237,0.37092113494873047,0.015627145767211914,2421.0,0.3916228413581848,100,1
SLIM*SIG1,5715dcc7-1480-11f0-87db-54a95b9ec813,student,5,238,0.37092113494873047,0.0,2034.0,0.3916228413581848,100,1
SLIM*SIG1,5715dcc7-1480-11f0-87db-54a95b9ec813,student,5,239,0.37092113494873047,0.0,2093.0,0.3916228413581848,100,1
SLIM*SIG1,5715dcc7-1480-11f0-87db-54a95b9ec813,student,5,240,0.37092113494873047,0.0156252384185791,2141.0,0.3916228413581848,100,1
SLIM*SIG1,5715dcc7-1480-11f0-87db-54a95b9ec813,student,5,241,0.37092113494873047,0.0,2526.0,0.3916228413581848,100,1
SLIM*SIG1,5715dcc7-1480-11f0-87db-54a95b9ec813,student,5,242,0.37092113494873047,0.0156252384185791,2801.0,0.3916228413581848,100,1
SLIM*SIG1,5715dcc7-1480-11f0-87db-54a95b9ec813,student,5,243,0.37092113494873047,0.0,3116.0,0.3916228413581848,100,1
SLIM*SIG1,5715dcc7-1480-11f0-87db-54a95b9ec813,student,5,244,0.37092113494873047,0.014546632766723633,2944.0,0.3916228413581848,100,1
SLIM*SIG1,5715dcc7-1480-11f0-87db-54a95b9ec813,student,5,245,0.37092113494873047,0.0,2810.0,0.3916228413581848,100,1
SLIM*SIG1,5715dcc7-1480-11f0-87db-54a95b9ec813,student,5,246,0.37092113494873047,0.0,2406.0,0.3916228413581848,100,1
SLIM*SIG1,5715dcc7-1480-11f0-87db-54a95b9ec813,student,5,247,0.37092113494873047,0.0,2417.0,0.3916228413581848,100,1
SLIM*SIG1,5715dcc7-1480-11f0-87db-54a95b9ec813,student,5,248,0.37092113494873047,0.0,2455.0,0.3916228413581848,100,1
SLIM*SIG1,5715dcc7-1480-11f0-87db-54a95b9ec813,student,5,249,0.37092113494873047,0.015607833862304688,2182.0,0.3916228413581848,100,1
SLIM*SIG1,5715dcc7-1480-11f0-87db-54a95b9ec813,student,5,250,0.37092113494873047,0.006986141204833984,2279.0,0.3916228413581848,100,1
SLIM*SIG1,5715dcc7-1480-11f0-87db-54a95b9ec813,student,5,251,0.37092113494873047,0.0,2425.0,0.3916228413581848,100,1
SLIM*SIG1,5715dcc7-1480-11f0-87db-54a95b9ec813,student,5,252,0.37092113494873047,0.015759944915771484,2609.0,0.3916228413581848,100,1
SLIM*SIG1,5715dcc7-1480-11f0-87db-54a95b9ec813,student,5,253,0.37092113494873047,0.0,2860.0,0.3916228413581848,100,1
SLIM*SIG1,5715dcc7-1480-11f0-87db-54a95b9ec813,student,5,254,0.37092113494873047,0.015515327453613281,2953.0,0.3916228413581848,100,1
SLIM*SIG1,5715dcc7-1480-11f0-87db-54a95b9ec813,student,5,255,0.37092113494873047,0.0,2991.0,0.3916228413581848,100,1
SLIM*SIG1,5715dcc7-1480-11f0-87db-54a95b9ec813,student,5,256,0.37092113494873047,0.0,3113.0,0.3916228413581848,100,1
SLIM*SIG1,5715dcc7-1480-11f0-87db-54a95b9ec813,student,5,257,0.37092113494873047,0.015723228454589844,2654.0,0.3916228413581848,100,1
SLIM*SIG1,5715dcc7-1480-11f0-87db-54a95b9ec813,student,5,258,0.37092113494873047,0.0,2204.0,0.3916228413581848,100,1
SLIM*SIG1,5715dcc7-1480-11f0-87db-54a95b9ec813,student,5,259,0.37092113494873047,0.01562643051147461,2009.0,0.3916228413581848,100,1
SLIM*SIG1,5715dcc7-1480-11f0-87db-54a95b9ec813,student,5,260,0.37092113494873047,0.0,1819.0,0.3916228413581848,100,1
SLIM*SIG1,5715dcc7-1480-11f0-87db-54a95b9ec813,student,5,261,0.37092113494873047,0.0,1921.0,0.3916228413581848,100,1
SLIM*SIG1,5715dcc7-1480-11f0-87db-54a95b9ec813,student,5,262,0.37092113494873047,0.0162203311920166,2023.0,0.3916228413581848,100,1
SLIM*SIG1,5715dcc7-1480-11f0-87db-54a95b9ec813,student,5,263,0.37092113494873047,0.0,2003.0,0.3916228413581848,100,1
SLIM*SIG1,5715dcc7-1480-11f0-87db-54a95b9ec813,student,5,264,0.37092113494873047,0.0,1857.0,0.3916228413581848,100,1
SLIM*SIG1,5715dcc7-1480-11f0-87db-54a95b9ec813,student,5,265,0.37092113494873047,0.0,1772.0,0.3916228413581848,100,1
SLIM*SIG1,5715dcc7-1480-11f0-87db-54a95b9ec813,student,5,266,0.37092113494873047,0.0,2097.0,0.3916228413581848,100,1
SLIM*SIG1,5715dcc7-1480-11f0-87db-54a95b9ec813,student,5,267,0.37092113494873047,0.015625,1825.0,0.3916228413581848,100,1
SLIM*SIG1,5715dcc7-1480-11f0-87db-54a95b9ec813,student,5,268,0.37092113494873047,0.0,1943.0,0.3916228413581848,100,1
SLIM*SIG1,5715dcc7-1480-11f0-87db-54a95b9ec813,student,5,269,0.37092113494873047,0.0,1887.0,0.3916228413581848,100,1
SLIM*SIG1,5715dcc7-1480-11f0-87db-54a95b9ec813,student,5,270,0.37092113494873047,0.021562814712524414,2122.0,0.3916228413581848,100,1
SLIM*SIG1,5715dcc7-1480-11f0-87db-54a95b9ec813,student,5,271,0.37092113494873047,0.0007848739624023438,2231.0,0.3916228413581848,100,1
SLIM*SIG1,5715dcc7-1480-11f0-87db-54a95b9ec813,student,5,272,0.37092113494873047,0.0,2430.0,0.3916228413581848,100,1
SLIM*SIG1,5715dcc7-1480-11f0-87db-54a95b9ec813,student,5,273,0.37092113494873047,0.015723466873168945,2963.0,0.3916228413581848,100,1
SLIM*SIG1,5715dcc7-1480-11f0-87db-54a95b9ec813,student,5,274,0.37092113494873047,0.0,2831.0,0.3916228413581848,100,1
SLIM*SIG1,5715dcc7-1480-11f0-87db-54a95b9ec813,student,5,275,0.37092113494873047,0.015527725219726562,2604.0,0.3916228413581848,100,1
SLIM*SIG1,5715dcc7-1480-11f0-87db-54a95b9ec813,student,5,276,0.37092113494873047,0.0,2353.0,0.3916228413581848,100,1
SLIM*SIG1,5715dcc7-1480-11f0-87db-54a95b9ec813,student,5,277,0.37092113494873047,0.0,2207.0,0.3916228413581848,100,1
SLIM*SIG1,5715dcc7-1480-11f0-87db-54a95b9ec813,student,5,278,0.37092113494873047,0.01611924171447754,1999.0,0.3916228413581848,100,1
SLIM*SIG1,5715dcc7-1480-11f0-87db-54a95b9ec813,student,5,279,0.37092113494873047,0.0,1911.0,0.3916228413581848,100,1
SLIM*SIG1,5715dcc7-1480-11f0-87db-54a95b9ec813,student,5,280,0.37092113494873047,0.0,2081.0,0.3916228413581848,100,1
SLIM*SIG1,5715dcc7-1480-11f0-87db-54a95b9ec813,student,5,281,0.37092113494873047,0.015631437301635742,2224.0,0.3916228413581848,100,1
SLIM*SIG1,5715dcc7-1480-11f0-87db-54a95b9ec813,student,5,282,0.37092113494873047,0.0,2001.0,0.3916228413581848,100,1
SLIM*SIG1,5715dcc7-1480-11f0-87db-54a95b9ec813,student,5,283,0.37092113494873047,0.015725374221801758,1928.0,0.3916228413581848,100,1
SLIM*SIG1,5715dcc7-1480-11f0-87db-54a95b9ec813,student,5,284,0.37092113494873047,0.0,2121.0,0.3916228413581848,100,1
SLIM*SIG1,5715dcc7-1480-11f0-87db-54a95b9ec813,student,5,285,0.37092113494873047,0.0,2442.0,0.3916228413581848,100,1
SLIM*SIG1,5715dcc7-1480-11f0-87db-54a95b9ec813,student,5,286,0.37092113494873047,0.018632888793945312,2678.0,0.3916228413581848,100,1
SLIM*SIG1,5715dcc7-1480-11f0-87db-54a95b9ec813,student,5,287,0.37092113494873047,0.0027375221252441406,2578.0,0.3916228413581848,100,1
SLIM*SIG1,5715dcc7-1480-11f0-87db-54a95b9ec813,student,5,288,0.37092113494873047,0.0,2475.0,0.3916228413581848,100,1
SLIM*SIG1,5715dcc7-1480-11f0-87db-54a95b9ec813,student,5,289,0.37092113494873047,0.01562666893005371,2367.0,0.3916228413581848,100,1
SLIM*SIG1,5715dcc7-1480-11f0-87db-54a95b9ec813,student,5,290,0.37092113494873047,0.0,2254.0,0.3916228413581848,100,1
SLIM*SIG1,5715dcc7-1480-11f0-87db-54a95b9ec813,student,5,291,0.37092113494873047,0.0,2466.0,0.3916228413581848,100,1
SLIM*SIG1,5715dcc7-1480-11f0-87db-54a95b9ec813,student,5,292,0.37092113494873047,0.015625,2187.0,0.3916228413581848,100,1
SLIM*SIG1,5715dcc7-1480-11f0-87db-54a95b9ec813,student,5,293,0.37092113494873047,0.0,2236.0,0.3916228413581848,100,1
SLIM*SIG1,5715dcc7-1480-11f0-87db-54a95b9ec813,student,5,294,0.37092113494873047,0.02066493034362793,2289.0,0.3916228413581848,100,1
SLIM*SIG1,5715dcc7-1480-11f0-87db-54a95b9ec813,student,5,295,0.37092113494873047,0.006894350051879883,2544.0,0.3916228413581848,100,1
SLIM*SIG1,5715dcc7-1480-11f0-87db-54a95b9ec813,student,5,296,0.37092113494873047,0.008698701858520508,2557.0,0.3916228413581848,100,1
SLIM*SIG1,5715dcc7-1480-11f0-87db-54a95b9ec813,student,5,297,0.37092113494873047,0.007723569869995117,2457.0,0.3916228413581848,100,1
SLIM*SIG1,5715dcc7-1480-11f0-87db-54a95b9ec813,student,5,298,0.37092113494873047,0.008739948272705078,2197.0,0.3916228413581848,100,1
SLIM*SIG1,5715dcc7-1480-11f0-87db-54a95b9ec813,student,5,299,0.37092113494873047,0.008518695831298828,2250.0,0.3916228413581848,100,1
SLIM*SIG1,5715dcc7-1480-11f0-87db-54a95b9ec813,student,5,300,0.37092113494873047,0.008545398712158203,2360.0,0.3916228413581848,100,1
SLIM*SIG1,5715dcc7-1480-11f0-87db-54a95b9ec813,student,5,301,0.37092113494873047,0.0076029300689697266,2489.0,0.3916228413581848,100,1
SLIM*SIG1,5715dcc7-1480-11f0-87db-54a95b9ec813,student,5,302,0.37092113494873047,0.006974458694458008,2409.0,0.3916228413581848,100,1
SLIM*SIG1,5715dcc7-1480-11f0-87db-54a95b9ec813,student,5,303,0.37092113494873047,0.007637500762939453,2854.0,0.3916228413581848,100,1
SLIM*SIG1,5715dcc7-1480-11f0-87db-54a95b9ec813,student,5,304,0.37092113494873047,0.006780147552490234,2791.0,0.3916228413581848,100,1
SLIM*SIG1,5715dcc7-1480-11f0-87db-54a95b9ec813,student,5,305,0.37092113494873047,0.008417844772338867,2943.0,0.3916228413581848,100,1
SLIM*SIG1,5715dcc7-1480-11f0-87db-54a95b9ec813,student,5,306,0.37068894505500793,0.003740549087524414,3265.0,0.3903292119503021,98,1
SLIM*SIG1,5715dcc7-1480-11f0-87db-54a95b9ec813,student,5,307,0.37068894505500793,0.012359619140625,3587.0,0.3903292119503021,98,1
SLIM*SIG1,5715dcc7-1480-11f0-87db-54a95b9ec813,student,5,308,0.37068894505500793,0.0,3666.0,0.3903292119503021,98,1
SLIM*SIG1,5715dcc7-1480-11f0-87db-54a95b9ec813,student,5,309,0.37068894505500793,0.015012741088867188,3320.0,0.3903292119503021,98,1
SLIM*SIG1,5715dcc7-1480-11f0-87db-54a95b9ec813,student,5,310,0.37068894505500793,0.0,2879.0,0.3903292119503021,98,1
SLIM*SIG1,5715dcc7-1480-11f0-87db-54a95b9ec813,student,5,311,0.37068894505500793,0.02224135398864746,2926.0,0.3903292119503021,98,1
SLIM*SIG1,5715dcc7-1480-11f0-87db-54a95b9ec813,student,5,312,0.37048664689064026,0.0,2872.0,0.38997888565063477,98,1
SLIM*SIG1,5715dcc7-1480-11f0-87db-54a95b9ec813,student,5,313,0.37048664689064026,0.0,3016.0,0.38997888565063477,98,1
SLIM*SIG1,5715dcc7-1480-11f0-87db-54a95b9ec813,student,5,314,0.37048664689064026,0.0,2986.0,0.38997888565063477,98,1
SLIM*SIG1,5715dcc7-1480-11f0-87db-54a95b9ec813,student,5,315,0.37048664689064026,0.015594959259033203,3152.0,0.38997888565063477,98,1
SLIM*SIG1,5715dcc7-1480-11f0-87db-54a95b9ec813,student,5,316,0.37048664689064026,0.0,2909.0,0.38997888565063477,98,1
SLIM*SIG1,5715dcc7-1480-11f0-87db-54a95b9ec813,student,5,317,0.37048664689064026,0.013544559478759766,2850.0,0.38997888565063477,98,1
SLIM*SIG1,5715dcc7-1480-11f0-87db-54a95b9ec813,student,5,318,0.37048664689064026,0.002526998519897461,2624.0,0.38997888565063477,98,1
SLIM*SIG1,5715dcc7-1480-11f0-87db-54a95b9ec813,student,5,319,0.37048664689064026,0.0,2910.0,0.38997888565063477,98,1
SLIM*SIG1,5715dcc7-1480-11f0-87db-54a95b9ec813,student,5,320,0.37048664689064026,0.015674829483032227,2752.0,0.38997888565063477,98,1
SLIM*SIG1,5715dcc7-1480-11f0-87db-54a95b9ec813,student,5,321,0.37044012546539307,0.0,2655.0,0.39045488834381104,111,1
SLIM*SIG1,5715dcc7-1480-11f0-87db-54a95b9ec813,student,5,322,0.37044012546539307,0.0,2430.0,0.39045488834381104,111,1
SLIM*SIG1,5715dcc7-1480-11f0-87db-54a95b9ec813,student,5,323,0.37044012546539307,0.015622138977050781,2625.0,0.39045488834381104,111,1
SLIM*SIG1,5715dcc7-1480-11f0-87db-54a95b9ec813,student,5,324,0.37044012546539307,0.0,3158.0,0.39045488834381104,111,1
SLIM*SIG1,5715dcc7-1480-11f0-87db-54a95b9ec813,student,5,325,0.37044012546539307,0.01559758186340332,2911.0,0.39045488834381104,111,1
SLIM*SIG1,5715dcc7-1480-11f0-87db-54a95b9ec813,student,5,326,0.37044012546539307,0.0,2716.0,0.39045488834381104,111,1
SLIM*SIG1,5715dcc7-1480-11f0-87db-54a95b9ec813,student,5,327,0.37044012546539307,0.02062368392944336,3197.0,0.39045488834381104,111,1
SLIM*SIG1,5715dcc7-1480-11f0-87db-54a95b9ec813,student,5,328,0.37044012546539307,0.006687641143798828,2833.0,0.39045488834381104,111,1
SLIM*SIG1,5715dcc7-1480-11f0-87db-54a95b9ec813,student,5,329,0.37044012546539307,0.007818937301635742,2898.0,0.39045488834381104,111,1
SLIM*SIG1,5715dcc7-1480-11f0-87db-54a95b9ec813,student,5,330,0.37044012546539307,0.007427692413330078,3160.0,0.39045488834381104,111,1
SLIM*SIG1,5715dcc7-1480-11f0-87db-54a95b9ec813,student,5,331,0.37044012546539307,0.006711006164550781,3290.0,0.39045488834381104,111,1
SLIM*SIG1,5715dcc7-1480-11f0-87db-54a95b9ec813,student,5,332,0.37044012546539307,0.004810810089111328,2770.0,0.39045488834381104,111,1
SLIM*SIG1,5715dcc7-1480-11f0-87db-54a95b9ec813,student,5,333,0.37044012546539307,0.008736610412597656,2575.0,0.39045488834381104,111,1
SLIM*SIG1,5715dcc7-1480-11f0-87db-54a95b9ec813,student,5,334,0.37044012546539307,0.008072614669799805,2625.0,0.39045488834381104,111,1
SLIM*SIG1,5715dcc7-1480-11f0-87db-54a95b9ec813,student,5,335,0.37044012546539307,0.007313251495361328,2651.0,0.39045488834381104,111,1
SLIM*SIG1,5715dcc7-1480-11f0-87db-54a95b9ec813,student,5,336,0.37044012546539307,0.008515357971191406,2573.0,0.39045488834381104,111,1
SLIM*SIG1,5715dcc7-1480-11f0-87db-54a95b9ec813,student,5,337,0.37044012546539307,0.0065822601318359375,2588.0,0.39045488834381104,111,1
SLIM*SIG1,5715dcc7-1480-11f0-87db-54a95b9ec813,student,5,338,0.37044012546539307,0.008752584457397461,2395.0,0.39045488834381104,111,1
SLIM*SIG1,5715dcc7-1480-11f0-87db-54a95b9ec813,student,5,339,0.37044012546539307,0.006850481033325195,2330.0,0.39045488834381104,111,1
SLIM*SIG1,5715dcc7-1480-11f0-87db-54a95b9ec813,student,5,340,0.37044012546539307,0.0015079975128173828,2120.0,0.39045488834381104,111,1
SLIM*SIG1,5715dcc7-1480-11f0-87db-54a95b9ec813,student,5,341,0.37044012546539307,0.0,2365.0,0.39045488834381104,111,1
SLIM*SIG1,5715dcc7-1480-11f0-87db-54a95b9ec813,student,5,342,0.37044012546539307,0.021369218826293945,2807.0,0.39045488834381104,111,1
SLIM*SIG1,5715dcc7-1480-11f0-87db-54a95b9ec813,student,5,343,0.37044012546539307,0.0,2937.0,0.39045488834381104,111,1
SLIM*SIG1,5715dcc7-1480-11f0-87db-54a95b9ec813,student,5,344,0.37044012546539307,0.01254129409790039,2599.0,0.39045488834381104,111,1
SLIM*SIG1,5715dcc7-1480-11f0-87db-54a95b9ec813,student,5,345,0.37044012546539307,0.003506898880004883,2315.0,0.39045488834381104,111,1
SLIM*SIG1,5715dcc7-1480-11f0-87db-54a95b9ec813,student,5,346,0.37044012546539307,0.0,1884.0,0.39045488834381104,111,1
SLIM*SIG1,5715dcc7-1480-11f0-87db-54a95b9ec813,student,5,347,0.37044012546539307,0.015662670135498047,1975.0,0.39045488834381104,111,1
SLIM*SIG1,5715dcc7-1480-11f0-87db-54a95b9ec813,student,5,348,0.37044012546539307,0.0,2014.0,0.39045488834381104,111,1
SLIM*SIG1,5715dcc7-1480-11f0-87db-54a95b9ec813,student,5,349,0.37044012546539307,0.015625476837158203,1884.0,0.39045488834381104,111,1
SLIM*SIG1,5715dcc7-1480-11f0-87db-54a95b9ec813,student,5,350,0.37044012546539307,0.0,1884.0,0.39045488834381104,111,1
SLIM*SIG1,5715dcc7-1480-11f0-87db-54a95b9ec813,student,5,351,0.37044012546539307,0.0,2066.0,0.39045488834381104,111,1
SLIM*SIG1,5715dcc7-1480-11f0-87db-54a95b9ec813,student,5,352,0.37044012546539307,0.015595436096191406,2495.0,0.39045488834381104,111,1
SLIM*SIG1,5715dcc7-1480-11f0-87db-54a95b9ec813,student,5,353,0.37044012546539307,0.0,2820.0,0.39045488834381104,111,1
SLIM*SIG1,5715dcc7-1480-11f0-87db-54a95b9ec813,student,5,354,0.37044012546539307,0.0156252384185791,3171.0,0.39045488834381104,111,1
SLIM*SIG1,5715dcc7-1480-11f0-87db-54a95b9ec813,student,5,355,0.37044012546539307,0.0,3379.0,0.39045488834381104,111,1
SLIM*SIG1,5715dcc7-1480-11f0-87db-54a95b9ec813,student,5,356,0.37017959356307983,0.015623331069946289,3535.0,0.38916873931884766,137,1
SLIM*SIG1,5715dcc7-1480-11f0-87db-54a95b9ec813,student,5,357,0.37017959356307983,0.006604671478271484,3691.0,0.38916873931884766,137,1
SLIM*SIG1,5715dcc7-1480-11f0-87db-54a95b9ec813,student,5,358,0.37017959356307983,0.012037515640258789,3444.0,0.38916873931884766,137,1
SLIM*SIG1,5715dcc7-1480-11f0-87db-54a95b9ec813,student,5,359,0.37017959356307983,0.0035262107849121094,3171.0,0.38916873931884766,137,1
SLIM*SIG1,5715dcc7-1480-11f0-87db-54a95b9ec813,student,5,360,0.37017959356307983,0.0,3041.0,0.38916873931884766,137,1
SLIM*SIG1,5715dcc7-1480-11f0-87db-54a95b9ec813,student,5,361,0.37017959356307983,0.015645503997802734,2950.0,0.38916873931884766,137,1
SLIM*SIG1,5715dcc7-1480-11f0-87db-54a95b9ec813,student,5,362,0.37017959356307983,0.0,3171.0,0.38916873931884766,137,1
SLIM*SIG1,5715dcc7-1480-11f0-87db-54a95b9ec813,student,5,363,0.37017959356307983,0.01572561264038086,3483.0,0.38916873931884766,137,1
SLIM*SIG1,5715dcc7-1480-11f0-87db-54a95b9ec813,student,5,364,0.37017959356307983,0.0,3587.0,0.38916873931884766,137,1
SLIM*SIG1,5715dcc7-1480-11f0-87db-54a95b9ec813,student,5,365,0.37017959356307983,0.015523672103881836,3509.0,0.38916873931884766,137,1
SLIM*SIG1,5715dcc7-1480-11f0-87db-54a95b9ec813,student,5,366,0.37017959356307983,0.0,3680.0,0.38916873931884766,137,1
SLIM*SIG1,5715dcc7-1480-11f0-87db-54a95b9ec813,student,5,367,0.37017959356307983,0.015623807907104492,3548.0,0.38916873931884766,137,1
SLIM*SIG1,5715dcc7-1480-11f0-87db-54a95b9ec813,student,5,368,0.37017959356307983,0.0,3769.0,0.38916873931884766,137,1
SLIM*SIG1,5715dcc7-1480-11f0-87db-54a95b9ec813,student,5,369,0.37017959356307983,0.02178335189819336,3782.0,0.38916873931884766,137,1
SLIM*SIG1,5715dcc7-1480-11f0-87db-54a95b9ec813,student,5,370,0.37017959356307983,0.012508869171142578,3628.0,0.38916873931884766,137,1
SLIM*SIG1,5715dcc7-1480-11f0-87db-54a95b9ec813,student,5,371,0.37017959356307983,0.0,3721.0,0.38916873931884766,137,1
SLIM*SIG1,5715dcc7-1480-11f0-87db-54a95b9ec813,student,5,372,0.3699861466884613,0.01563429832458496,4068.0,0.38930413126945496,163,1
SLIM*SIG1,5715dcc7-1480-11f0-87db-54a95b9ec813,student,5,373,0.3699861466884613,0.0,4263.0,0.38930413126945496,163,1
SLIM*SIG1,5715dcc7-1480-11f0-87db-54a95b9ec813,student,5,374,0.3694794774055481,0.015625953674316406,5251.0,0.39054039120674133,137,1
SLIM*SIG1,5715dcc7-1480-11f0-87db-54a95b9ec813,student,5,375,0.3694794774055481,0.015626192092895508,5147.0,0.39054039120674133,137,1
SLIM*SIG1,5715dcc7-1480-11f0-87db-54a95b9ec813,student,5,376,0.3693579435348511,0.0,5459.0,0.38957226276397705,124,1
SLIM*SIG1,5715dcc7-1480-11f0-87db-54a95b9ec813,student,5,377,0.3693579435348511,0.015623092651367188,5537.0,0.38957226276397705,124,1
SLIM*SIG1,5715dcc7-1480-11f0-87db-54a95b9ec813,student,5,378,0.3693579435348511,0.015628337860107422,5368.0,0.38957226276397705,124,1
SLIM*SIG1,5715dcc7-1480-11f0-87db-54a95b9ec813,student,5,379,0.3693579435348511,0.018642187118530273,5212.0,0.38957226276397705,124,1
SLIM*SIG1,5715dcc7-1480-11f0-87db-54a95b9ec813,student,5,380,0.3693579435348511,0.03010869026184082,4575.0,0.38957226276397705,124,1
SLIM*SIG1,5715dcc7-1480-11f0-87db-54a95b9ec813,student,5,381,0.3693579435348511,0.015634536743164062,4302.0,0.38957226276397705,124,1
SLIM*SIG1,5715dcc7-1480-11f0-87db-54a95b9ec813,student,5,382,0.3693579435348511,0.01564621925354004,4107.0,0.38957226276397705,124,1
SLIM*SIG1,5715dcc7-1480-11f0-87db-54a95b9ec813,student,5,383,0.3693579435348511,0.015609979629516602,4120.0,0.38957226276397705,124,1
SLIM*SIG1,5715dcc7-1480-11f0-87db-54a95b9ec813,student,5,384,0.3693324029445648,0.015645265579223633,4059.0,0.3894428610801697,124,1
SLIM*SIG1,5715dcc7-1480-11f0-87db-54a95b9ec813,student,5,385,0.3693324029445648,0.007537841796875,3773.0,0.3894428610801697,124,1
SLIM*SIG1,5715dcc7-1480-11f0-87db-54a95b9ec813,student,5,386,0.3693324029445648,0.008530378341674805,3106.0,0.3894428610801697,124,1
SLIM*SIG1,5715dcc7-1480-11f0-87db-54a95b9ec813,student,5,387,0.3693324029445648,0.011365890502929688,2859.0,0.3894428610801697,124,1
SLIM*SIG1,5715dcc7-1480-11f0-87db-54a95b9ec813,student,5,388,0.3693324029445648,0.0,2846.0,0.3894428610801697,124,1
SLIM*SIG1,5715dcc7-1480-11f0-87db-54a95b9ec813,student,5,389,0.3693324029445648,0.015729188919067383,3132.0,0.3894428610801697,124,1
SLIM*SIG1,5715dcc7-1480-11f0-87db-54a95b9ec813,student,5,390,0.3693324029445648,0.0,3275.0,0.3894428610801697,124,1
SLIM*SIG1,5715dcc7-1480-11f0-87db-54a95b9ec813,student,5,391,0.3692445456981659,0.015626192092895508,4068.0,0.3898003399372101,111,1
SLIM*SIG1,5715dcc7-1480-11f0-87db-54a95b9ec813,student,5,392,0.3692445456981659,0.0,4224.0,0.3898003399372101,111,1
SLIM*SIG1,5715dcc7-1480-11f0-87db-54a95b9ec813,student,5,393,0.3692445456981659,0.0,4575.0,0.3898003399372101,111,1
SLIM*SIG1,5715dcc7-1480-11f0-87db-54a95b9ec813,student,5,394,0.3692445456981659,0.015552043914794922,4757.0,0.3898003399372101,111,1
SLIM*SIG1,5715dcc7-1480-11f0-87db-54a95b9ec813,student,5,395,0.3692445456981659,0.0,4497.0,0.3898003399372101,111,1
SLIM*SIG1,5715dcc7-1480-11f0-87db-54a95b9ec813,student,5,396,0.3692445456981659,0.015644073486328125,4094.0,0.3898003399372101,111,1
SLIM*SIG1,5715dcc7-1480-11f0-87db-54a95b9ec813,student,5,397,0.3692445456981659,0.0,4068.0,0.3898003399372101,111,1
SLIM*SIG1,5715dcc7-1480-11f0-87db-54a95b9ec813,student,5,398,0.3692445456981659,0.01567363739013672,4146.0,0.3898003399372101,111,1
SLIM*SIG1,5715dcc7-1480-11f0-87db-54a95b9ec813,student,5,399,0.3692445456981659,0.0,4289.0,0.3898003399372101,111,1
SLIM*SIG1,5715dcc7-1480-11f0-87db-54a95b9ec813,student,5,400,0.3692445456981659,0.014005422592163086,4328.0,0.3898003399372101,111,1
SLIM*SIG1,5715dcc7-1480-11f0-87db-54a95b9ec813,student,5,401,0.3692445456981659,0.005857944488525391,3951.0,0.3898003399372101,111,1
SLIM*SIG1,5715dcc7-1480-11f0-87db-54a95b9ec813,student,5,402,0.3692445456981659,0.0,3522.0,0.3898003399372101,111,1
SLIM*SIG1,5715dcc7-1480-11f0-87db-54a95b9ec813,student,5,403,0.3692445456981659,0.015734195709228516,3600.0,0.3898003399372101,111,1
SLIM*SIG1,5715dcc7-1480-11f0-87db-54a95b9ec813,student,5,404,0.3692445456981659,0.0,3535.0,0.3898003399372101,111,1
SLIM*SIG1,5715dcc7-1480-11f0-87db-54a95b9ec813,student,5,405,0.3692445456981659,0.015615224838256836,3249.0,0.3898003399372101,111,1
SLIM*SIG1,5715dcc7-1480-11f0-87db-54a95b9ec813,student,5,406,0.3692445456981659,0.0,3587.0,0.3898003399372101,111,1
SLIM*SIG1,5715dcc7-1480-11f0-87db-54a95b9ec813,student,5,407,0.3692445456981659,0.015625476837158203,3977.0,0.3898003399372101,111,1
SLIM*SIG1,5715dcc7-1480-11f0-87db-54a95b9ec813,student,5,408,0.3692445456981659,0.0,3626.0,0.3898003399372101,111,1
SLIM*SIG1,5715dcc7-1480-11f0-87db-54a95b9ec813,student,5,409,0.3692445456981659,0.015527009963989258,3197.0,0.3898003399372101,111,1
SLIM*SIG1,5715dcc7-1480-11f0-87db-54a95b9ec813,student,5,410,0.3692445456981659,0.0,3093.0,0.3898003399372101,111,1
SLIM*SIG1,5715dcc7-1480-11f0-87db-54a95b9ec813,student,5,411,0.3692445456981659,0.0,3132.0,0.3898003399372101,111,1
SLIM*SIG1,5715dcc7-1480-11f0-87db-54a95b9ec813,student,5,412,0.3692445456981659,0.017730236053466797,3067.0,0.3898003399372101,111,1
SLIM*SIG1,5715dcc7-1480-11f0-87db-54a95b9ec813,student,5,413,0.3692445456981659,0.0,3080.0,0.3898003399372101,111,1
SLIM*SIG1,5715dcc7-1480-11f0-87db-54a95b9ec813,student,5,414,0.3692445456981659,0.01735997200012207,2937.0,0.3898003399372101,111,1
SLIM*SIG1,5715dcc7-1480-11f0-87db-54a95b9ec813,student,5,415,0.3692445456981659,0.001207113265991211,2781.0,0.3898003399372101,111,1
SLIM*SIG1,5715dcc7-1480-11f0-87db-54a95b9ec813,student,5,416,0.3692445456981659,0.0,2456.0,0.3898003399372101,111,1
SLIM*SIG1,5715dcc7-1480-11f0-87db-54a95b9ec813,student,5,417,0.3692445456981659,0.015733718872070312,2222.0,0.3898003399372101,111,1
SLIM*SIG1,5715dcc7-1480-11f0-87db-54a95b9ec813,student,5,418,0.3692445456981659,0.0,1936.0,0.3898003399372101,111,1
SLIM*SIG1,5715dcc7-1480-11f0-87db-54a95b9ec813,student,5,419,0.3692445456981659,0.0,1949.0,0.3898003399372101,111,1
SLIM*SIG1,5715dcc7-1480-11f0-87db-54a95b9ec813,student,5,420,0.3692445456981659,0.015615224838256836,1834.0,0.3898003399372101,111,1
SLIM*SIG1,5715dcc7-1480-11f0-87db-54a95b9ec813,student,5,421,0.3692445456981659,0.0,2107.0,0.3898003399372101,111,1
SLIM*SIG1,5715dcc7-1480-11f0-87db-54a95b9ec813,student,5,422,0.3692445456981659,0.015527486801147461,2430.0,0.3898003399372101,111,1
SLIM*SIG1,5715dcc7-1480-11f0-87db-54a95b9ec813,student,5,423,0.3692445456981659,0.0,2911.0,0.3898003399372101,111,1
SLIM*SIG1,5715dcc7-1480-11f0-87db-54a95b9ec813,student,5,424,0.3692445456981659,0.0,3496.0,0.3898003399372101,111,1
SLIM*SIG1,5715dcc7-1480-11f0-87db-54a95b9ec813,student,5,425,0.3692445456981659,0.015624046325683594,3639.0,0.3898003399372101,111,1
SLIM*SIG1,5715dcc7-1480-11f0-87db-54a95b9ec813,student,5,426,0.3692445456981659,0.0,3548.0,0.3898003399372101,111,1
SLIM*SIG1,5715dcc7-1480-11f0-87db-54a95b9ec813,student,5,427,0.3692445456981659,0.01562643051147461,3951.0,0.3898003399372101,111,1
SLIM*SIG1,5715dcc7-1480-11f0-87db-54a95b9ec813,student,5,428,0.3692445456981659,0.0,3717.0,0.3898003399372101,111,1
SLIM*SIG1,5715dcc7-1480-11f0-87db-54a95b9ec813,student,5,429,0.3692445456981659,0.012619733810424805,3472.0,0.3898003399372101,111,1
SLIM*SIG1,5715dcc7-1480-11f0-87db-54a95b9ec813,student,5,430,0.3692445456981659,0.0068128108978271484,3084.0,0.3898003399372101,111,1
SLIM*SIG1,5715dcc7-1480-11f0-87db-54a95b9ec813,student,5,431,0.3692445456981659,0.0,2746.0,0.3898003399372101,111,1
SLIM*SIG1,5715dcc7-1480-11f0-87db-54a95b9ec813,student,5,432,0.3692445456981659,0.01572585105895996,2549.0,0.3898003399372101,111,1
SLIM*SIG1,5715dcc7-1480-11f0-87db-54a95b9ec813,student,5,433,0.3692445456981659,0.0,2681.0,0.3898003399372101,111,1
SLIM*SIG1,5715dcc7-1480-11f0-87db-54a95b9ec813,student,5,434,0.3692445456981659,0.0,2601.0,0.3898003399372101,111,1
SLIM*SIG1,5715dcc7-1480-11f0-87db-54a95b9ec813,student,5,435,0.3692445456981659,0.015571832656860352,2614.0,0.3898003399372101,111,1
SLIM*SIG1,5715dcc7-1480-11f0-87db-54a95b9ec813,student,5,436,0.3692445456981659,0.0,2499.0,0.3898003399372101,111,1
SLIM*SIG1,5715dcc7-1480-11f0-87db-54a95b9ec813,student,5,437,0.3692445456981659,0.015578031539916992,2326.0,0.3898003399372101,111,1
SLIM*SIG1,5715dcc7-1480-11f0-87db-54a95b9ec813,student,5,438,0.3692445456981659,0.0,2612.0,0.3898003399372101,111,1
SLIM*SIG1,5715dcc7-1480-11f0-87db-54a95b9ec813,student,5,439,0.3692445456981659,0.015636444091796875,2989.0,0.3898003399372101,111,1
SLIM*SIG1,5715dcc7-1480-11f0-87db-54a95b9ec813,student,5,440,0.3692445456981659,0.0,3340.0,0.3898003399372101,111,1
SLIM*SIG1,5715dcc7-1480-11f0-87db-54a95b9ec813,student,5,441,0.3692445456981659,0.01821732521057129,3043.0,0.3898003399372101,111,1
SLIM*SIG1,5715dcc7-1480-11f0-87db-54a95b9ec813,student,5,442,0.3692445456981659,0.0,2859.0,0.3898003399372101,111,1
SLIM*SIG1,5715dcc7-1480-11f0-87db-54a95b9ec813,student,5,443,0.3692445456981659,0.01350545883178711,2560.0,0.3898003399372101,111,1
SLIM*SIG1,5715dcc7-1480-11f0-87db-54a95b9ec813,student,5,444,0.3692445456981659,0.0,2976.0,0.3898003399372101,111,1
SLIM*SIG1,5715dcc7-1480-11f0-87db-54a95b9ec813,student,5,445,0.3692445456981659,0.015633821487426758,2677.0,0.3898003399372101,111,1
SLIM*SIG1,5715dcc7-1480-11f0-87db-54a95b9ec813,student,5,446,0.3692445456981659,0.0,2601.0,0.3898003399372101,111,1
SLIM*SIG1,5715dcc7-1480-11f0-87db-54a95b9ec813,student,5,447,0.3692445456981659,0.0,2898.0,0.3898003399372101,111,1
SLIM*SIG1,5715dcc7-1480-11f0-87db-54a95b9ec813,student,5,448,0.3692445456981659,0.021851539611816406,3041.0,0.3898003399372101,111,1
SLIM*SIG1,5715dcc7-1480-11f0-87db-54a95b9ec813,student,5,449,0.3692445456981659,0.0014712810516357422,3262.0,0.3898003399372101,111,1
SLIM*SIG1,5715dcc7-1480-11f0-87db-54a95b9ec813,student,5,450,0.3692445456981659,0.0,3483.0,0.3898003399372101,111,1
SLIM*SIG1,5715dcc7-1480-11f0-87db-54a95b9ec813,student,5,451,0.3692445456981659,0.01567387580871582,2963.0,0.3898003399372101,111,1
SLIM*SIG1,5715dcc7-1480-11f0-87db-54a95b9ec813,student,5,452,0.3692445456981659,0.0,3002.0,0.3898003399372101,111,1
SLIM*SIG1,5715dcc7-1480-11f0-87db-54a95b9ec813,student,5,453,0.3692445456981659,0.015577316284179688,3366.0,0.3898003399372101,111,1
SLIM*SIG1,5715dcc7-1480-11f0-87db-54a95b9ec813,student,5,454,0.3692445456981659,0.0,3654.0,0.3898003399372101,111,1
SLIM*SIG1,5715dcc7-1480-11f0-87db-54a95b9ec813,student,5,455,0.3692445456981659,0.01613163948059082,3537.0,0.3898003399372101,111,1
SLIM*SIG1,5715dcc7-1480-11f0-87db-54a95b9ec813,student,5,456,0.3692445456981659,0.0,3331.0,0.3898003399372101,111,1
SLIM*SIG1,5715dcc7-1480-11f0-87db-54a95b9ec813,student,5,457,0.3692445456981659,0.0,3184.0,0.3898003399372101,111,1
SLIM*SIG1,5715dcc7-1480-11f0-87db-54a95b9ec813,student,5,458,0.3692445456981659,0.0,2768.0,0.3898003399372101,111,1
SLIM*SIG1,5715dcc7-1480-11f0-87db-54a95b9ec813,student,5,459,0.3692445456981659,0.0,2601.0,0.3898003399372101,111,1
SLIM*SIG1,5715dcc7-1480-11f0-87db-54a95b9ec813,student,5,460,0.3692445456981659,0.015679121017456055,2508.0,0.3898003399372101,111,1
SLIM*SIG1,5715dcc7-1480-11f0-87db-54a95b9ec813,student,5,461,0.3692445456981659,0.0,3225.0,0.3898003399372101,111,1
SLIM*SIG1,5715dcc7-1480-11f0-87db-54a95b9ec813,student,5,462,0.3692445456981659,0.0198976993560791,3394.0,0.3898003399372101,111,1
SLIM*SIG1,5715dcc7-1480-11f0-87db-54a95b9ec813,student,5,463,0.3692445456981659,0.0017681121826171875,3548.0,0.3898003399372101,111,1
SLIM*SIG1,5715dcc7-1480-11f0-87db-54a95b9ec813,student,5,464,0.3692445456981659,0.0,3600.0,0.3898003399372101,111,1
SLIM*SIG1,5715dcc7-1480-11f0-87db-54a95b9ec813,student,5,465,0.3692445456981659,0.015726566314697266,3509.0,0.3898003399372101,111,1
SLIM*SIG1,5715dcc7-1480-11f0-87db-54a95b9ec813,student,5,466,0.3692445456981659,0.0,3145.0,0.3898003399372101,111,1
SLIM*SIG1,5715dcc7-1480-11f0-87db-54a95b9ec813,student,5,467,0.3692445456981659,0.015525341033935547,3015.0,0.3898003399372101,111,1
SLIM*SIG1,5715dcc7-1480-11f0-87db-54a95b9ec813,student,5,468,0.3692445456981659,0.0,3199.0,0.3898003399372101,111,1
SLIM*SIG1,5715dcc7-1480-11f0-87db-54a95b9ec813,student,5,469,0.3692445456981659,0.0,3160.0,0.3898003399372101,111,1
SLIM*SIG1,5715dcc7-1480-11f0-87db-54a95b9ec813,student,5,470,0.3692445456981659,0.016170501708984375,2898.0,0.3898003399372101,111,1
SLIM*SIG1,5715dcc7-1480-11f0-87db-54a95b9ec813,student,5,471,0.3692445456981659,0.0,2664.0,0.3898003399372101,111,1
SLIM*SIG1,5715dcc7-1480-11f0-87db-54a95b9ec813,student,5,472,0.3692445456981659,0.01561737060546875,3106.0,0.3898003399372101,111,1
SLIM*SIG1,5715dcc7-1480-11f0-87db-54a95b9ec813,student,5,473,0.3692445456981659,0.0,3444.0,0.3898003399372101,111,1
SLIM*SIG1,5715dcc7-1480-11f0-87db-54a95b9ec813,student,5,474,0.3692445456981659,0.01563286781311035,3275.0,0.3898003399372101,111,1
SLIM*SIG1,5715dcc7-1480-11f0-87db-54a95b9ec813,student,5,475,0.3692445456981659,0.0,3524.0,0.3898003399372101,111,1
SLIM*SIG1,5715dcc7-1480-11f0-87db-54a95b9ec813,student,5,476,0.3692445456981659,0.0,3576.0,0.3898003399372101,111,1
SLIM*SIG1,5715dcc7-1480-11f0-87db-54a95b9ec813,student,5,477,0.3692445456981659,0.02090311050415039,3348.0,0.3898003399372101,111,1
SLIM*SIG1,5715dcc7-1480-11f0-87db-54a95b9ec813,student,5,478,0.3692445456981659,0.0,3246.0,0.3898003399372101,111,1
SLIM*SIG1,5715dcc7-1480-11f0-87db-54a95b9ec813,student,5,479,0.3692445456981659,0.0,3359.0,0.3898003399372101,111,1
SLIM*SIG1,5715dcc7-1480-11f0-87db-54a95b9ec813,student,5,480,0.3692445456981659,0.015735864639282227,3708.0,0.3898003399372101,111,1
SLIM*SIG1,5715dcc7-1480-11f0-87db-54a95b9ec813,student,5,481,0.3692445456981659,0.0,3487.0,0.3898003399372101,111,1
SLIM*SIG1,5715dcc7-1480-11f0-87db-54a95b9ec813,student,5,482,0.3692445456981659,0.015619039535522461,3418.0,0.3898003399372101,111,1
SLIM*SIG1,5715dcc7-1480-11f0-87db-54a95b9ec813,student,5,483,0.3692445456981659,0.0,3160.0,0.3898003399372101,111,1
SLIM*SIG1,5715dcc7-1480-11f0-87db-54a95b9ec813,student,5,484,0.3692445456981659,0.01555013656616211,2601.0,0.3898003399372101,111,1
SLIM*SIG1,5715dcc7-1480-11f0-87db-54a95b9ec813,student,5,485,0.3692445456981659,0.0,2787.0,0.3898003399372101,111,1
SLIM*SIG1,5715dcc7-1480-11f0-87db-54a95b9ec813,student,5,486,0.3692445456981659,0.015006065368652344,2759.0,0.3898003399372101,111,1
SLIM*SIG1,5715dcc7-1480-11f0-87db-54a95b9ec813,student,5,487,0.3692445456981659,0.0,2746.0,0.3898003399372101,111,1
SLIM*SIG1,5715dcc7-1480-11f0-87db-54a95b9ec813,student,5,488,0.3692445456981659,0.0,2926.0,0.3898003399372101,111,1
SLIM*SIG1,5715dcc7-1480-11f0-87db-54a95b9ec813,student,5,489,0.3692445456981659,0.01563429832458496,2939.0,0.3898003399372101,111,1
SLIM*SIG1,5715dcc7-1480-11f0-87db-54a95b9ec813,student,5,490,0.3692445456981659,0.0,2809.0,0.3898003399372101,111,1
SLIM*SIG1,5715dcc7-1480-11f0-87db-54a95b9ec813,student,5,491,0.3692445456981659,0.015697956085205078,2692.0,0.3898003399372101,111,1
SLIM*SIG1,5715dcc7-1480-11f0-87db-54a95b9ec813,student,5,492,0.3692445456981659,0.0064373016357421875,2835.0,0.3898003399372101,111,1
SLIM*SIG1,5715dcc7-1480-11f0-87db-54a95b9ec813,student,5,493,0.3692445456981659,0.0,2759.0,0.3898003399372101,111,1
SLIM*SIG1,5715dcc7-1480-11f0-87db-54a95b9ec813,student,5,494,0.3692445456981659,0.015625953674316406,3058.0,0.3898003399372101,111,1
SLIM*SIG1,5715dcc7-1480-11f0-87db-54a95b9ec813,student,5,495,0.3692445456981659,0.0,3318.0,0.3898003399372101,111,1
SLIM*SIG1,5715dcc7-1480-11f0-87db-54a95b9ec813,student,5,496,0.368661493062973,0.015625,3292.0,0.39149221777915955,85,1
SLIM*SIG1,5715dcc7-1480-11f0-87db-54a95b9ec813,student,5,497,0.368661493062973,0.0,3164.0,0.39149221777915955,85,1
SLIM*SIG1,5715dcc7-1480-11f0-87db-54a95b9ec813,student,5,498,0.368661493062973,0.0,3010.0,0.39149221777915955,85,1
SLIM*SIG1,5715dcc7-1480-11f0-87db-54a95b9ec813,student,5,499,0.368661493062973,0.016238689422607422,2694.0,0.39149221777915955,85,1
SLIM*SIG1,5715dcc7-1480-11f0-87db-54a95b9ec813,student,5,500,0.368661493062973,0.0,2733.0,0.39149221777915955,85,1
